61,553,514,547,280,431,135,201,32,361,391,545,483,499,405,156,321,498
234,574,79,44,536,326,328,215,515,31,233,229,393,194,119,144,18,389
106,507,484,137,455,94,512,529,170,129,376,47,32,490,408,8,434,430
421,563,171,137,530,389,203,166,310,554,11,6,201,428,172,484,475,380
186,499,10,58,359,300,385,362,504,401,138,6,483,428,485,247,355,113
436,545,337,553,481,2,125,6,396,30,18,485,20,278,461,432,566,32
64,373,539,333,30,171,462,538,483,264,438,113,346,231,137,304,459,138
442,78,383,340,380,268,158,497,51,57,391,545,257,32,485,176,299,161
155,137,187,266,72,300,499,68,400,557,367,455,52,415,525,303,555,358
530,459,484,75,390,194,38,401,166,528,293,283,418,10,295,318,186,347
64,83,301,155,149,228,362,133,259,8,138,194,176,247,278,539,111,447
328,201,76,326,494,32,150,475,344,267,381,555,7,400,525,37,192,485
294,107,306,299,30,161,376,276,364,203,442,525,483,87,503,175,373,485
318,401,550,461,413,228,554,535,326,389,7,345,393,136,433,134,145,109
299,119,146,327,313,378,300,134,10,312,373,390,229,485,171,538,367,195
234,437,538,459,113,326,87,385,76,455,191,64,137,461,66,510,409,229
110,389,51,134,182,285,386,30,326,301,64,161,445,485,163,4,60,566
436,114,312,19,484,399,72,401,168,555,203,10,321,266,128,43,424,31
475,300,110,125,171,338,306,539,86,247,299,435,5,252,545,194,504,95
93,23,112,171,400,309,447,424,375,288,268,24,306,252,134,365,44,373
76,482,79,423,411,361,420,376,40,268,360,16,403,337,409,171,429,272
347,214,161,317,375,337,218,5,435,522,457,30,134,149,231,559,478,138
570,201,157,72,512,219,344,121,490,493,19,32,531,365,270,145,30,513
142,413,314,434,187,371,81,76,12,373,145,61,44,272,539,90,302,279
285,330,137,32,234,537,133,334,411,478,30,263,487,430,309,367,413,38
5,201,191,571,400,83,553,71,548,308,326,68,309,448,378,268,4,51
432,76,364,519,278,153,203,471,553,213,280,99,528,483,326,5,411,46
558,32,499,556,164,228,426,161,68,389,55,163,59,429,321,308,488,282
402,538,299,183,32,401,566,324,485,528,555,234,537,563,137,25,513,252
357,130,537,343,489,396,376,449,163,545,484,299,553,259,76,58,175,30
76,194,37,270,443,405,66,529,254,542,5,528,436,145,26,330,191,80
307,352,475,268,437,345,251,340,389,83,558,247,554,231,443,44,261,293
54,137,552,417,547,42,239,191,542,455,483,336,554,283,435,129,494,545
190,461,267,508,313,494,4,10,144,309,76,152,175,484,357,58,28,318
140,233,17,30,534,287,549,137,551,413,363,432,133,213,403,418,99,410
503,113,293,218,161,106,315,494,32,304,76,461,387,389,58,403,38,260
90,115,403,235,528,161,271,145,501,473,214,485,317,49,537,133,10,480
80,247,7,12,213,496,532,171,343,299,255,461,234,547,518,254,257,57
5,326,552,330,528,508,482,436,36,269,535,411,32,314,68,461,62,319
408,537,174,171,558,142,135,485,71,66,390,76,79,317,264,58,47,39
435,90,256,436,58,488,514,75,32,115,228,409,66,484,2,485,532,308
40,375,133,337,300,32,54,44,376,429,547,512,8,386,488,90,387,278
525,516,386,521,517,68,408,255,433,468,30,109,258,402,16,405,277,444
494,386,488,133,9,90,89,254,6,389,68,385,203,555,301,233,79,104
482,148,104,199,547,555,566,137,403,538,494,166,50,30,126,354,68,224
435,483,213,177,122,300,175,292,321,421,123,159,571,229,59,114,119,480
224,547,252,26,129,128,87,6,86,527,229,380,157,496,239,466,10,138
485,135,23,562,494,428,79,432,475,272,36,89,318,295,396,159,515,113
476,330,161,213,137,263,357,431,564,475,566,553,175,18,430,217,66,514
530,190,44,32,563,234,268,436,565,97,374,256,363,421,10,254,414,457
564,336,32,68,375,568,142,484,442,263,511,521,436,318,113,371,457,363
436,113,425,485,340,365,310,214,234,348,213,66,186,403,433,363,164,283
10,276,430,396,373,251,475,461,28,488,401,32,29,457,283,260,460,514
403,175,436,558,56,555,256,485,512,427,6,417,507,326,161,11,182,304
168,417,330,476,256,324,74,64,329,515,328,400,79,386,38,18,554,36
18,442,207,485,50,522,403,239,285,119,361,396,263,444,326,138,133,365
448,145,207,30,250,65,137,295,380,457,87,508,545,224,267,240,355,538
282,287,503,78,113,313,38,263,534,512,151,222,513,558,510,32,90,330
485,531,533,363,418,542,416,501,228,268,537,128,182,113,225,300,403,483
419,10,213,241,119,402,264,431,231,497,33,411,458,138,405,485,509,304
457,310,488,94,160,215,123,483,359,564,119,475,435,553,396,484,122,458
565,512,233,97,499,161,485,32,459,134,300,386,62,569,304,338,175,307
503,564,396,119,433,8,488,537,129,120,2,166,548,306,485,20,554,144
113,436,379,17,318,427,5,564,517,459,537,234,281,348,525,92,290,293
307,132,526,211,357,525,488,50,521,229,30,278,308,363,347,38,113,268
509,534,201,268,361,52,461,430,28,175,227,558,412,532,314,289,409,519
417,21,171,225,318,76,514,488,363,421,210,527,31,345,314,164,10,18
301,385,9,10,490,272,66,129,472,532,361,498,105,485,528,94,203,260
441,161,300,113,386,399,151,37,77,134,534,75,288,436,347,363,378,514
492,142,272,75,555,32,365,234,409,2,386,175,225,435,412,306,168,519
497,563,346,224,322,461,471,363,234,259,564,87,326,574,443,113,5,504
367,206,488,531,299,110,214,219,566,363,508,330,439,475,76,171,380,133
554,346,18,435,213,573,571,134,6,528,122,421,8,427,225,498,525,282
30,572,192,165,241,109,269,386,319,277,16,482,308,64,413,355,287,156
483,68,74,76,126,5,448,396,234,349,10,333,537,528,401,485,268,551
488,313,30,483,309,146,402,548,269,64,290,18,90,201,171,174,470,29
326,551,175,376,494,20,86,201,403,313,285,147,460,32,318,134,566,72
574,5,519,348,8,573,475,231,386,259,363,317,501,201,58,206,545,525
537,378,318,93,68,403,192,218,457,455,212,301,10,498,341,359,462,465
337,276,87,171,46,301,455,566,528,231,241,405,161,308,494,551,376,409
524,30,175,38,499,403,545,443,128,307,448,552,191,59,182,67,246,389
483,534,571,421,279,157,355,375,237,137,551,459,132,568,262,284,58,198
459,436,524,57,159,285,552,530,4,410,10,270,529,301,160,14,171,448
444,72,386,76,300,553,466,182,542,168,442,204,92,483,525,155,296,473
283,488,8,36,14,485,484,515,234,137,413,44,365,90,246,542,458,161
485,195,255,566,247,440,9,295,409,257,239,11,156,172,405,475,2,373
344,117,417,537,529,367,470,532,170,488,457,281,413,440,192,385,109,460
307,79,417,142,343,175,457,497,151,111,447,551,228,246,547,515,194,540
473,163,389,413,249,6,304,198,334,129,300,288,313,38,391,10,176,113
235,220,330,457,408,171,2,424,156,519,94,498,545,508,411,455,558,20
566,119,306,555,142,553,134,252,312,435,30,394,537,401,170,182,37,356
258,61,386,40,95,56,144,424,423,525,123,432,380,60,32,446,75,405
488,395,525,403,387,75,307,447,43,8,453,295,515,134,126,389,396,285
462,257,259,408,5,326,485,190,186,253,573,175,47,490,168,539,386,247
534,564,346,174,353,114,30,355,413,252,201,37,122,260,326,115,425,137
8,234,229,157,389,390,5,51,272,396,403,361,71,7,336,402,324,56
288,435,379,367,538,389,431,71,460,504,519,401,151,386,330,566,234,175
411,545,482,219,330,498,461,6,326,7,277,68,367,334,572,10,524,192
113,234,564,367,535,518,519,310,210,190,306,313,396,403,445,436,344,336
376,135,47,267,344,38,234,254,198,145,455,485,529,210,545,483,133,300
461,239,142,382,330,134,387,361,32,0,310,401,231,566,442,299,92,14
306,254,553,527,436,30,52,324,475,229,76,175,488,134,137,519,123,4
564,139,32,285,308,549,288,330,152,390,515,568,396,317,343,137,346,293
533,116,2,177,21,548,454,10,339,330,484,32,6,254,437,342,452,203
119,396,213,40,553,32,301,43,68,308,31,176,80,287,10,461,394,65
330,30,405,562,39,363,260,371,235,519,401,90,68,292,18,361,60,142
455,16,396,375,121,330,457,142,220,18,92,247,484,38,403,488,485,537
191,485,562,326,345,64,119,386,134,195,151,525,513,101,490,8,238,94
540,30,171,424,545,566,277,270,76,61,156,534,66,300,528,37,20,359
87,568,357,299,367,4,68,288,529,42,133,300,301,142,365,508,10,171
549,263,132,134,26,270,30,367,68,385,192,301,564,558,396,413,10,79
240,56,548,194,201,361,137,132,389,351,260,363,272,472,380,259,138,156
515,486,411,401,545,257,171,137,364,163,300,438,480,484,119,448,343,5
549,511,267,555,39,225,499,379,171,203,554,301,330,481,564,517,239,235
113,435,387,485,120,510,205,128,325,122,318,445,44,299,137,88,170,309
461,323,95,488,519,94,509,113,37,116,239,33,171,18,258,389,218,368
396,226,375,344,533,346,494,517,551,267,66,30,381,177,306,99,564,142
494,129,182,171,227,87,537,512,485,380,156,97,412,401,435,151,326,62
64,32,336,417,0,330,483,450,161,4,133,498,28,321,143,480,456,378
515,328,4,96,234,377,519,213,503,432,68,168,119,535,461,113,228,175
461,295,334,156,443,355,62,483,386,109,380,525,430,87,499,182,284,497
15,175,400,363,367,310,161,66,470,263,32,404,431,558,115,455,420,68
306,18,330,7,68,308,194,301,403,40,234,553,358,503,459,424,36,128
525,332,531,326,553,213,396,161,66,36,320,470,408,551,5,12,95,20
31,425,58,545,528,483,353,66,282,64,57,438,224,485,565,400,474,464
295,159,545,156,229,324,235,337,301,312,231,388,436,161,519,66,116,142
475,278,539,268,142,112,45,553,467,330,48,87,282,312,6,76,382,482
524,385,429,203,498,10,134,119,332,307,330,509,38,566,401,417,373,323
272,442,400,461,279,171,68,526,334,392,553,39,344,365,152,57,260,532
358,314,527,163,252,528,380,474,554,64,89,300,203,525,263,338,377,161
418,170,459,555,512,538,247,10,569,355,508,283,517,421,326,214,347,32
10,485,114,558,539,68,503,300,547,32,4,341,468,175,135,191,206,494
412,401,260,457,195,59,161,566,415,355,328,72,462,289,40,532,241,455
177,32,224,468,152,462,386,554,363,137,475,312,134,330,7,50,142,343
129,61,295,241,485,20,396,479,266,123,32,386,2,521,476,323,558,37
564,10,327,68,119,396,137,63,377,225,18,229,355,548,152,65,274,246
144,300,456,417,368,355,5,465,483,95,543,159,574,219,126,307,330,23
115,521,128,557,48,432,355,368,328,74,507,72,268,30,482,18,9,203
551,270,562,361,468,255,399,336,431,113,156,164,21,564,537,337,515,554
549,533,57,289,328,295,391,89,267,191,137,457,334,503,435,548,476,400
290,68,433,431,133,482,247,301,363,318,96,553,525,5,213,252,361,75
10,401,64,32,20,344,99,559,312,46,338,86,483,76,455,304,461,74
142,119,524,483,447,61,9,413,470,132,135,537,32,165,101,363,124,58
524,488,321,130,4,246,542,267,255,161,171,485,129,342,229,230,113,22
68,211,536,401,337,314,200,254,101,135,431,547,64,519,476,305,49,386
512,365,519,159,161,134,436,485,302,171,403,367,256,459,267,287,201,424
119,5,168,503,2,351,344,203,485,347,404,204,386,64,231,545,361,483
299,30,58,137,113,300,268,310,521,104,337,192,129,76,538,572,554,16
274,175,129,461,144,545,257,287,355,302,475,396,389,23,498,403,64,526
269,442,564,10,64,171,475,519,180,324,300,159,90,241,532,16,396,17
326,163,363,538,525,287,64,355,268,573,564,58,418,9,6,293,442,412
338,59,341,285,119,61,168,509,554,319,373,480,37,172,531,318,403,134
9,538,66,32,342,279,220,389,7,269,301,185,171,468,318,174,203,326
137,192,382,401,324,300,18,260,450,6,182,75,151,108,386,239,314,8
308,330,33,558,485,64,457,447,475,483,113,288,545,380,551,445,133,390
313,48,267,194,377,133,418,295,213,536,171,9,318,7,285,476,259,485
30,9,417,36,16,201,90,437,468,473,416,2,144,135,161,119,182,566
403,228,301,524,365,383,525,443,528,337,216,134,539,114,533,537,277,5
528,121,161,267,291,135,288,488,333,345,64,10,435,38,442,495,347,87
537,215,175,46,330,183,120,338,222,484,363,2,457,558,171,514,8,308
113,7,285,220,225,254,122,527,152,229,483,171,213,201,22,191,519,58
434,375,494,373,228,430,403,487,191,5,417,119,285,213,203,334,30,167
283,396,260,318,514,354,380,386,341,150,204,33,301,66,159,568,208,553
133,436,212,5,299,304,203,461,6,168,64,92,114,87,418,134,517,390
490,339,501,203,330,435,395,464,257,266,309,69,528,258,113,263,389,213
566,511,545,282,258,224,367,171,403,390,300,501,64,485,5,57,278,512
326,314,409,436,442,74,37,435,30,136,159,185,306,61,537,247,315,503
61,324,378,76,318,128,359,112,347,473,514,175,343,4,63,60,30,330
234,287,403,343,472,359,431,400,537,2,553,10,515,467,510,137,492,313
296,345,555,38,64,191,225,80,231,451,183,507,235,415,293,95,484,332
564,419,182,84,211,23,225,171,120,476,166,401,214,413,32,77,463,68
77,234,279,325,313,194,40,525,373,171,415,485,13,114,549,68,11,550
524,64,135,256,131,371,365,386,239,30,364,190,519,252,75,87,38,176
321,545,231,161,221,318,442,402,39,134,6,512,431,109,195,457,60,428
560,104,86,128,566,94,228,260,182,315,33,129,487,174,437,231,313,257
231,207,525,396,308,508,498,318,4,272,161,501,176,144,345,361,357,326
268,442,389,19,2,135,298,460,564,171,528,247,359,74,346,315,440,556
361,363,572,529,44,566,457,299,225,78,401,330,234,421,488,424,341,157
241,306,389,330,378,194,231,363,529,504,31,447,299,201,419,300,519,334
30,287,558,146,9,28,389,485,313,401,171,318,32,461,39,396,537,433
436,237,392,318,326,401,376,507,31,5,545,363,146,327,498,389,222,186
129,441,87,61,536,32,521,254,525,171,480,330,381,489,434,64,263,568
308,486,181,442,300,18,30,76,374,396,313,194,282,24,503,499,164,225
141,32,312,247,442,8,436,20,537,155,126,135,289,68,270,368,134,444
537,31,459,545,247,525,436,386,151,122,573,166,78,86,452,532,16,284
36,9,218,215,336,519,37,160,501,107,461,176,436,130,144,223,161,388
87,10,571,171,134,343,538,2,167,424,66,550,119,62,224,534,359,68
426,222,246,156,35,453,5,492,342,4,313,317,171,430,428,207,396,154
214,432,558,79,412,333,443,524,338,390,485,564,87,323,495,105,161,134
199,315,207,87,460,76,512,68,342,553,195,222,468,558,10,365,525,508
545,386,430,164,171,103,547,283,527,15,115,290,186,379,461,394,58,482
259,363,185,46,247,553,49,567,389,326,403,386,268,536,387,234,150,95
252,168,75,485,334,347,258,2,246,234,38,175,142,547,268,191,162,549
508,76,499,38,392,246,117,483,548,142,66,175,457,51,389,497,396,5
134,38,139,311,532,137,459,389,555,315,133,203,75,307,285,442,3,405
326,488,64,266,396,204,272,529,119,214,475,58,409,20,295,46,0,310
386,87,557,64,119,113,10,76,75,171,411,20,436,537,161,354,38,396
5,330,203,335,161,279,473,530,408,171,344,30,219,263,191,199,78,137
529,15,128,441,336,537,151,485,225,6,448,382,389,431,525,228,430,161
330,171,42,71,483,247,51,480,145,288,391,323,301,568,44,457,191,477
64,4,321,432,108,345,294,441,550,234,461,473,155,138,137,482,124,132
10,1,337,550,334,485,62,330,401,203,265,66,64,373,442,564,175,190
74,59,542,300,8,432,361,304,7,114,135,400,504,121,301,564,426,365
195,363,300,272,382,64,68,514,175,396,174,537,519,553,306,555,254,229
200,521,342,287,388,249,277,556,566,399,527,485,90,497,318,301,234,236
359,58,503,195,549,146,33,555,442,537,5,534,337,283,165,163,348,459
247,142,509,401,96,475,564,291,134,78,427,572,480,39,489,239,436,435
380,113,254,328,171,276,87,142,374,572,503,313,68,524,390,203,455,387
537,234,570,126,134,299,137,330,394,119,486,396,100,255,538,283,389,473
564,488,300,191,71,214,87,16,166,336,386,377,448,396,559,203,68,405
479,247,300,287,237,8,511,167,421,545,137,373,6,534,529,337,195,228
3,5,30,168,396,568,267,400,508,470,435,368,129,190,138,485,133,214
328,514,215,44,429,50,386,28,461,264,64,213,89,154,256,312,485,530
548,12,553,564,228,10,119,15,363,529,54,442,436,129,355,532,125,238
532,525,168,397,412,432,171,11,301,93,32,527,39,459,493,151,330,261
278,35,529,189,488,260,225,150,66,459,129,4,2,142,359,64,207,290
288,504,77,409,401,411,485,296,564,239,531,300,484,11,170,87,550,182
382,9,191,389,528,358,411,142,199,30,44,486,246,380,431,482,90,83
266,509,87,238,111,431,342,114,279,246,255,247,574,215,16,296,457,419
503,396,304,206,457,257,134,313,268,30,289,31,319,358,263,65,171,464
247,39,134,485,355,301,97,306,279,468,364,442,75,269,281,527,192,390
142,281,31,336,321,300,301,386,253,247,394,254,514,260,482,12,347,483
156,134,403,435,494,284,488,90,182,10,433,5,20,461,277,107,532,109
307,558,62,87,5,475,483,448,228,203,555,92,375,355,364,224,417,101
79,383,521,418,10,525,417,524,485,488,451,323,43,123,482,271,256,115
572,33,171,161,301,64,126,313,419,192,74,159,156,316,272,409,435,261
401,417,396,39,122,146,25,368,330,328,436,213,152,537,166,548,68,59
334,58,191,336,201,371,206,234,380,537,36,312,363,288,442,301,494,313
475,461,497,105,5,300,58,32,76,247,59,386,476,430,323,224,30,471
282,117,79,485,435,470,136,501,390,475,313,376,16,496,276,412,66,525
266,135,401,405,552,386,10,485,435,400,301,78,6,137,361,104,341,409
299,76,460,32,388,498,287,54,347,4,263,386,49,6,504,424,241,20
75,203,330,448,137,204,418,289,86,555,363,524,175,283,44,447,316,359
545,566,137,373,142,564,96,437,175,116,268,252,288,198,113,86,168,299
545,301,485,536,64,8,555,256,123,386,30,60,395,400,254,411,461,225
573,191,290,568,512,31,547,66,477,485,530,18,68,424,174,134,299,203
57,302,545,246,437,386,281,482,347,137,146,483,554,160,457,318,534,448
34,365,436,201,532,324,566,277,239,573,455,519,203,2,95,341,408,396
90,365,32,259,24,537,144,483,300,562,470,18,515,301,436,47,545,5
10,300,559,214,401,231,470,87,408,534,547,376,298,304,123,330,389,133
459,411,156,415,519,122,361,116,413,235,99,379,346,551,566,225,76,525
161,528,66,493,471,171,234,552,68,113,79,436,38,43,76,307,359,564
30,278,399,11,107,482,485,134,67,336,15,108,24,161,459,229,413,412
524,533,470,282,288,515,302,547,16,201,564,435,488,328,6,307,528,409
261,54,345,137,371,401,264,485,122,77,68,430,247,330,128,503,123,269
228,76,40,255,295,171,475,116,300,401,389,247,98,385,556,24,335,313
8,553,37,133,301,62,142,247,470,229,268,428,427,545,307,527,405,59
368,403,168,409,475,39,497,316,254,364,356,268,247,417,23,134,459,44
293,386,222,164,68,538,76,356,79,67,357,287,195,512,2,47,558,10
2,354,257,224,459,356,357,458,159,527,203,545,480,38,413,517,525,134
66,38,568,10,4,551,503,135,268,475,129,260,145,171,233,50,386,363
9,307,89,171,293,386,452,39,545,361,430,499,79,538,328,300,534,137
485,514,427,138,62,152,113,120,234,438,403,470,457,532,66,389,47,291
459,201,501,163,156,545,161,493,322,229,45,178,224,58,79,330,514,490
30,401,427,137,313,268,437,512,28,484,65,195,345,8,344,98,203,573
498,417,429,412,135,119,254,142,519,76,328,347,382,421,403,515,391,400
211,344,119,238,337,399,442,354,300,537,396,115,82,400,164,413,301,461
295,357,484,135,380,401,284,355,58,566,96,48,129,10,44,341,314,86
313,111,485,119,64,129,551,24,528,74,330,234,300,61,87,182,456,357
63,411,137,150,213,321,562,145,483,409,318,132,373,362,64,50,485,161
146,142,295,161,263,5,9,139,201,304,351,314,315,171,476,301,92,485
163,436,142,268,58,460,538,279,201,417,413,403,498,66,6,288,299,367
459,228,225,320,119,434,411,346,6,129,355,26,334,489,336,183,113,468
315,548,229,231,554,363,201,459,37,75,105,266,126,79,213,391,247,501
261,143,420,470,168,219,311,268,5,379,51,269,312,195,363,299,342,455
498,455,501,465,395,432,483,287,120,504,134,492,365,272,229,161,187,224
318,295,65,28,308,191,473,453,203,164,277,565,510,386,300,359,564,64
537,484,364,415,28,321,76,263,505,295,418,56,482,234,225,268,485,430
563,396,113,348,564,203,394,134,431,473,391,64,137,425,301,271,368,150
365,142,300,401,299,32,1,268,229,113,66,364,483,393,234,509,504,171
347,18,459,329,430,172,318,550,525,113,391,355,129,283,238,16,517,334
471,363,6,547,554,295,389,252,293,354,488,525,519,307,371,386,503,566
92,401,499,461,343,365,174,19,239,260,514,332,68,121,183,519,319,405
87,258,307,412,515,138,473,5,485,203,280,30,287,551,540,436,115,421
319,161,387,403,166,231,137,485,134,417,229,101,300,525,494,483,246,113
355,447,409,203,365,128,411,243,555,247,296,415,459,376,558,213,301,278
281,507,328,337,504,46,64,436,447,340,142,334,325,545,443,343,90,15
16,234,314,508,218,222,528,488,529,524,175,474,321,410,328,419,553,118
512,391,60,457,272,401,181,415,87,528,20,524,503,436,5,534,394,235
72,37,295,253,171,342,194,509,566,359,6,324,376,276,433,182,75,508
248,502,6,321,337,228,534,255,493,488,290,482,26,203,573,30,550,147
424,367,238,141,403,301,438,150,241,558,10,431,493,173,222,510,545,64
475,224,571,119,33,134,229,59,371,285,534,386,6,537,39,267,64,461
119,79,569,216,529,494,401,442,301,191,357,271,503,501,367,287,306,539
475,132,545,175,523,391,419,295,288,368,10,508,525,306,68,553,210,97
6,385,54,547,138,267,229,204,134,391,113,482,142,269,564,81,555,318
234,263,396,365,524,301,504,231,210,290,482,201,285,291,20,348,559,300
134,475,327,10,137,542,485,139,394,338,105,364,451,254,488,5,180,420
519,421,536,349,134,550,194,484,246,288,37,5,46,10,307,524,436,323
129,119,534,462,572,268,79,222,15,266,231,134,239,320,403,137,386,540
193,20,475,386,519,545,157,548,296,452,234,254,208,346,319,515,330,175
442,120,458,435,355,429,529,119,44,135,436,433,18,263,177,146,574,30
104,101,134,380,524,238,137,376,468,327,312,98,6,373,460,32,400,504
468,386,234,537,283,254,301,399,326,141,409,512,58,401,491,313,325,48
133,510,134,339,263,273,300,277,105,195,408,537,250,547,503,436,211,287
345,508,418,276,425,555,436,334,326,390,268,225,279,310,442,432,386,58
204,31,18,558,465,323,313,13,263,214,8,335,222,363,433,7,5,4
176,245,475,280,464,295,248,488,363,498,482,558,121,553,321,113,10,386
41,151,380,436,504,225,137,7,509,80,64,498,461,288,434,344,90,10
394,30,60,68,431,459,175,537,525,323,515,180,302,87,536,161,252,564
301,142,313,507,489,503,128,174,509,403,433,436,552,300,9,134,276,30
295,512,533,373,396,9,175,545,233,156,59,39,470,344,219,133,76,266
135,113,53,39,109,485,326,163,215,156,225,128,312,323,379,86,363,464
114,555,521,281,417,501,178,257,459,46,403,483,76,58,549,386,6,443
312,562,121,187,2,460,281,473,231,76,6,113,161,137,498,99,105,419
246,301,32,4,431,459,161,139,515,98,145,171,256,574,267,10,272,6
161,43,318,339,78,519,138,373,427,181,92,301,156,483,566,501,168,258
276,84,234,291,287,373,36,471,246,113,116,247,495,192,252,225,174,151
66,98,325,270,430,194,532,488,485,387,255,334,109,521,213,32,402,436
441,293,421,474,295,113,44,78,514,225,434,214,498,234,175,155,413,184
79,39,437,168,385,161,472,314,95,113,526,438,24,328,547,59,313,475
496,57,498,182,380,488,328,237,23,287,213,9,525,92,442,503,301,447
252,566,186,225,299,314,171,401,319,363,461,276,554,183,5,257,263,308
229,10,74,485,133,488,455,459,317,307,553,293,21,204,330,339,442,219
396,201,412,459,483,537,550,564,507,203,144,65,267,104,159,356,108,68
161,485,68,465,470,76,488,64,386,519,229,502,525,4,241,400,21,5
206,406,557,405,537,214,91,438,300,344,517,37,87,485,241,299,2,436
75,401,512,304,144,552,412,455,394,363,24,534,128,417,266,269,268,358
488,252,457,401,301,241,161,225,299,181,203,257,447,370,114,68,251,475
545,191,401,524,215,142,302,233,555,137,91,38,336,386,134,74,76,482
532,361,94,386,252,220,241,527,119,485,498,362,197,341,307,190,263,509
145,323,483,47,113,320,161,71,410,231,31,10,344,213,386,310,134,568
421,145,31,302,54,330,47,318,198,113,81,363,266,11,50,32,387,393
81,189,264,362,325,12,251,564,203,485,442,504,248,396,268,496,163,336
138,450,172,171,90,396,330,242,44,235,553,268,380,5,485,64,334,67
75,176,328,96,319,498,396,192,263,341,113,276,2,418,377,49,226,9
58,187,482,330,555,288,525,8,231,87,67,386,375,215,306,334,396,66
548,459,483,442,326,482,428,138,514,222,555,80,6,99,330,574,137,234
300,545,385,145,307,262,553,76,475,420,539,32,436,155,206,90,514,234
259,324,234,7,485,203,253,279,300,338,56,92,459,365,258,116,385,367
459,174,313,367,265,155,76,10,509,495,519,165,33,126,442,47,418,326
48,314,389,549,290,199,16,545,414,145,278,489,486,280,474,462,433,204
435,9,378,379,2,553,501,253,460,365,142,330,182,452,94,313,71,527
442,300,293,224,277,443,260,513,231,405,408,99,461,64,161,18,68,396
155,201,482,175,342,349,401,76,365,252,134,403,129,300,441,307,472,188
411,508,499,231,6,171,354,427,104,527,441,62,459,328,58,167,21,545
452,390,549,90,161,361,475,142,228,5,59,76,543,398,28,174,539,447
282,267,266,134,195,336,171,300,182,484,431,295,346,6,90,553,229,566
15,214,409,301,483,66,306,37,285,111,475,548,10,283,425,208,443,108
405,156,355,321,73,224,2,537,239,13,524,265,11,299,6,485,300,182
219,337,539,87,227,436,214,264,2,278,224,358,225,137,181,509,434,166
32,545,510,436,391,336,134,128,171,176,142,452,519,551,145,143,33,524
206,276,10,214,363,159,260,66,386,7,428,549,25,18,427,119,224,203
430,401,59,161,7,213,265,547,411,40,319,445,284,370,435,175,417,263
155,214,377,355,225,289,267,86,498,524,495,574,113,409,129,396,532,525
58,75,477,109,355,312,470,295,132,509,258,445,467,508,301,396,448,72
355,300,312,547,252,401,30,421,449,5,195,265,385,213,231,64,256,459
355,146,288,336,268,334,4,542,485,419,277,401,121,10,287,524,403,143
90,99,130,9,376,181,191,433,436,363,161,4,380,365,338,314,405,343
175,362,313,113,397,16,287,433,364,247,321,301,285,403,332,265,4,373
363,159,76,368,182,222,355,299,86,403,90,356,476,488,358,364,99,545
396,225,318,402,84,241,20,78,166,374,488,231,79,319,278,57,4,58
18,380,30,475,64,190,77,56,394,58,161,71,393,0,362,435,498,330
64,8,66,558,442,304,59,524,461,312,300,18,528,212,432,224,161,549
32,55,111,38,537,39,137,10,238,327,6,525,34,239,66,379,478,483
48,231,373,514,247,295,134,505,565,330,145,234,128,79,248,187,25,203
389,165,142,312,420,378,290,403,300,133,119,87,355,472,393,118,214,474
137,44,100,540,403,355,300,510,379,162,447,187,418,524,142,161,50,430
252,328,66,386,247,56,138,421,519,255,476,534,2,272,403,566,11,135
504,277,371,386,7,113,75,6,231,191,317,447,485,392,8,252,539,550
254,213,473,134,252,120,6,300,137,398,175,32,485,10,49,64,403,459
485,480,157,76,539,50,553,175,257,261,514,134,137,532,378,99,260,38
385,38,436,396,10,72,530,6,551,8,272,4,192,263,564,522,485,386
396,401,289,515,201,87,57,504,558,225,38,412,208,0,422,328,419,380
96,461,37,182,499,345,402,339,134,306,401,161,435,484,191,119,573,125
140,171,361,38,121,268,510,452,247,330,133,41,442,564,336,116,537,470
389,365,333,151,568,123,38,16,94,113,371,8,111,512,153,163,413,547
299,18,142,191,405,61,133,361,538,448,436,315,19,468,348,137,129,87
390,361,436,182,6,472,252,327,519,386,194,4,113,163,31,104,387,238
308,442,250,129,547,279,409,415,30,558,278,483,224,213,217,527,376,553
554,132,339,225,435,399,211,371,185,218,214,553,10,243,175,454,473,5
564,258,295,108,187,164,504,76,432,436,48,339,191,351,262,16,536,161
355,442,386,39,128,201,448,304,38,241,222,195,457,213,283,225,137,527
344,314,436,10,534,386,528,135,345,498,51,336,119,251,530,408,415,7
503,265,459,301,504,18,371,354,181,30,64,468,76,373,477,172,532,380
235,564,436,37,432,473,542,447,103,20,417,514,171,321,101,485,66,475
30,83,424,128,317,288,435,566,355,258,462,12,521,359,79,38,136,104
512,101,288,385,452,68,161,307,295,484,320,342,24,125,21,402,566,248
343,547,299,483,181,503,142,201,567,337,129,572,456,33,401,203,253,166
138,483,30,537,39,379,160,10,567,175,403,551,515,318,328,368,355,146
355,288,517,323,174,90,503,246,287,76,30,551,254,31,364,126,475,461
409,447,564,371,324,263,378,142,293,2,86,10,264,161,201,509,8,401
67,548,413,128,156,362,135,267,532,571,6,442,365,386,0,250,75,119
171,6,7,484,268,138,106,28,489,490,485,470,361,142,447,376,62,324
553,521,405,143,137,465,483,530,419,70,260,542,525,12,268,192,295,514
166,484,229,400,18,225,354,10,133,24,137,551,59,32,464,145,417,120
229,6,485,134,62,247,166,442,104,54,355,144,367,514,363,391,459,50
136,182,67,137,430,195,418,525,417,485,284,90,461,436,30,265,272,455
133,300,229,307,388,241,452,278,171,178,431,204,137,119,163,403,192,551
32,324,99,87,443,126,157,534,6,272,566,567,318,507,276,290,92,155
252,355,203,310,327,436,213,478,430,465,326,415,307,171,377,300,110,161
215,68,39,512,432,539,76,435,346,258,457,32,129,5,411,119,9,378
485,108,190,494,306,529,430,299,247,5,418,399,386,254,402,391,257,114
126,119,354,27,142,233,504,159,391,5,146,201,38,256,300,386,408,204
129,564,316,457,318,436,225,10,213,33,144,56,309,382,300,417,160,503
204,246,436,380,417,391,266,550,355,30,134,8,228,433,66,301,293,363
8,371,318,396,442,32,161,483,574,267,330,537,201,39,429,186,137,475
151,330,119,251,447,210,560,59,468,341,79,413,554,463,64,231,87,484
206,125,18,341,455,365,410,203,66,58,573,76,315,30,519,182,326,194
161,363,346,436,563,345,54,315,257,396,485,78,475,203,7,22,133,112
278,545,430,371,525,112,330,334,279,306,213,368,48,355,308,134,537,347
159,455,46,137,20,574,380,15,485,136,498,367,547,483,484,77,321,80
224,405,137,277,551,31,134,220,545,56,568,146,537,76,484,356,40,30
38,145,30,168,67,494,459,86,347,485,400,514,379,306,51,266,81,153
379,461,455,32,536,61,553,326,344,276,408,166,521,59,137,252,490,2
63,435,259,37,13,377,428,0,113,333,9,87,34,532,183,317,559,553
21,4,436,16,361,5,424,156,504,228,521,418,461,6,168,396,7,542
295,545,355,373,436,488,302,485,342,161,526,301,224,115,317,16,490,551
312,9,76,194,72,224,545,389,562,514,71,239,179,129,263,51,284,540
499,61,10,225,288,326,142,32,321,75,555,327,457,246,123,239,506,92
155,52,225,142,339,421,161,123,71,175,57,247,441,137,368,431,355,539
573,554,10,453,83,552,30,514,277,300,164,304,394,38,126,318,401,391
470,134,234,342,163,119,40,137,189,336,378,254,417,222,424,209,287,18
276,58,343,536,66,111,219,483,299,281,64,187,51,181,485,289,545,263
413,224,549,32,190,195,319,137,534,331,5,267,459,277,113,387,66,289
573,182,355,260,12,89,334,418,88,532,137,545,319,527,534,263,201,360
213,341,333,346,2,76,457,159,300,137,51,536,68,488,58,475,402,418
308,15,429,8,66,475,5,401,122,345,218,519,11,521,241,573,391,79
64,492,135,10,210,218,525,553,545,566,272,137,402,312,547,386,346,357
355,142,435,32,30,172,77,99,5,90,20,526,293,498,23,110,123,133
356,180,129,161,449,312,58,519,564,5,386,235,363,483,18,388,181,304
198,558,13,507,4,63,255,536,28,32,68,348,288,485,450,545,386,553
251,214,573,409,115,30,438,151,368,475,344,359,119,9,386,484,39,0
143,525,86,401,313,544,254,39,272,301,380,537,396,308,566,315,134,424
111,549,161,45,6,10,76,482,470,288,5,401,468,515,58,464,225,304
58,321,5,333,288,483,2,192,537,376,213,361,89,401,20,484,175,8
203,61,337,247,492,341,190,569,93,18,15,509,393,266,76,319,314,257
293,382,278,418,397,111,334,534,176,20,119,565,547,140,475,203,532,461
336,295,231,553,515,76,528,10,461,16,32,568,405,125,449,148,259,318
355,483,28,26,56,548,411,417,40,313,255,17,473,330,485,345,205,371
57,225,555,201,171,359,517,2,175,457,40,170,144,25,551,64,47,482
129,57,549,314,68,390,302,405,364,44,455,282,501,355,146,498,417,363
20,38,90,252,300,104,254,171,547,467,461,157,330,186,203,175,194,417
356,72,307,424,470,514,488,396,38,331,382,16,515,183,61,330,225,313
95,485,515,328,538,359,74,300,206,68,510,182,111,348,432,314,175,10
182,559,528,376,458,261,87,490,343,187,510,436,171,231,330,319,134,11
483,93,537,180,540,302,128,348,299,246,408,473,20,355,485,143,287,241
380,114,447,402,246,548,497,206,321,214,377,277,558,0,436,179,26,320
409,10,365,355,361,66,16,327,341,47,494,566,279,396,529,267,336,212
527,227,119,18,554,402,334,484,547,136,301,93,248,430,536,343,317,241
213,58,488,504,573,132,339,268,151,145,198,281,277,417,367,171,313,378
470,328,459,268,318,434,299,235,68,175,9,119,203,307,320,90,407,8
524,11,421,199,168,32,386,437,528,313,37,132,501,247,268,194,31,61
217,524,235,436,547,119,4,433,90,332,128,545,435,155,81,403,461,28
263,129,459,259,266,514,171,4,325,91,281,457,525,573,181,0,134,515
254,498,363,330,442,123,68,229,488,574,484,129,183,87,307,131,490,529
45,219,568,16,508,528,5,174,104,300,549,509,269,485,306,39,175,56
68,8,379,94,321,355,126,504,302,146,361,567,408,330,401,276,517,508
129,524,525,30,269,10,308,365,12,386,549,396,75,79,332,475,64,355
171,425,449,323,347,30,58,91,45,111,490,419,62,342,380,288,229,485
483,291,16,380,318,8,342,401,59,137,113,7,442,482,300,306,163,336
77,130,168,40,2,227,218,543,455,271,101,361,15,555,554,45,403,38
113,528,362,510,485,537,99,6,393,7,201,246,334,540,475,356,539,512
246,503,110,7,18,418,555,294,6,282,492,209,545,413,191,440,156,403
213,10,279,524,504,403,457,553,448,485,475,433,68,314,401,57,207,386
288,57,181,357,301,343,485,368,482,260,247,488,241,494,76,261,483,474
168,436,87,187,529,40,142,363,431,459,77,64,528,499,382,545,435,121
494,178,565,267,113,139,30,564,137,401,519,246,545,300,257,59,436,279
165,301,355,537,459,79,196,101,479,18,199,564,255,198,247,299,387,526
278,66,355,436,301,549,217,328,214,506,377,171,59,175,161,312,361,300
325,378,9,263,64,34,484,201,341,548,95,255,445,79,451,529,461,75
50,417,138,379,355,288,156,347,509,142,545,64,330,527,2,36,359,16
525,419,431,54,206,405,310,64,530,337,5,321,161,171,537,461,201,229
493,93,306,545,442,509,420,38,87,323,32,528,326,224,465,457,4,537
93,401,433,98,389,10,201,525,307,529,64,17,175,37,40,109,526,330
418,538,259,151,307,409,282,408,90,304,182,160,189,419,390,204,188,514
26,213,533,64,13,165,405,301,403,396,4,553,431,536,280,504,51,48
442,443,30,99,66,361,386,447,285,537,394,393,46,436,480,8,299,532
306,308,475,140,395,195,225,436,137,424,430,142,171,300,6,432,420,163
435,348,353,247,20,219,485,570,424,475,16,113,503,229,566,161,355,2
201,285,203,50,113,386,473,175,239,76,126,260,315,300,238,361,398,62
147,227,542,524,534,18,115,564,170,137,284,229,161,300,279,484,299,494
430,528,328,256,259,119,86,431,534,134,213,163,401,548,569,537,363,436
263,203,44,432,355,564,30,135,545,555,363,401,10,61,325,1,287,137
5,295,436,468,2,525,504,494,207,247,285,279,10,199,535,442,396,142
472,389,440,319,408,277,551,412,402,129,137,386,344,480,133,288,258,357
10,554,345,519,203,326,574,213,171,334,436,457,134,485,18,390,16,557
58,515,387,16,554,37,343,378,519,497,306,355,79,152,145,95,171,347
190,437,256,231,186,2,284,137,486,355,436,470,171,303,94,281,32,558
168,94,309,121,267,324,138,295,548,447,430,135,301,436,434,337,511,307
342,334,367,171,426,134,109,431,133,187,310,337,30,525,444,485,79,475
182,276,64,137,378,191,32,514,256,59,447,430,564,565,20,239,18,171
161,78,559,347,553,268,75,112,418,136,367,133,343,8,36,449,134,227
32,224,110,126,68,201,343,135,355,30,379,486,18,363,10,142,66,76
448,70,419,166,51,358,565,382,554,504,40,58,233,154,52,364,239,488
310,146,29,410,424,5,4,240,403,234,282,524,364,292,396,441,345,33
313,430,475,485,529,324,224,68,64,436,231,459,65,76,5,183,564,20
230,501,113,92,347,512,38,201,402,488,373,264,61,191,309,1,524,66
386,540,142,363,449,489,490,271,362,450,30,378,128,175,554,411,539,312
538,474,318,247,467,560,6,475,10,476,417,44,171,550,37,497,427,38
419,555,161,564,6,482,525,464,252,195,259,503,485,247,295,459,430,301
302,299,266,113,528,133,545,92,114,6,134,38,268,208,55,459,57,201
379,113,263,499,267,8,529,285,198,295,330,362,69,229,171,461,129,394
287,52,441,564,463,499,365,288,302,565,476,539,299,525,465,424,417,146
488,336,485,263,281,501,508,161,164,539,409,39,135,278,234,538,283,433
270,475,113,68,466,39,307,126,38,389,455,542,20,462,519,562,295,442
145,38,528,323,123,74,537,64,115,344,566,293,5,382,485,220,306,142
562,536,412,361,285,476,38,547,58,115,255,488,318,376,44,152,70,273
135,443,510,296,508,435,410,436,567,347,330,299,136,382,183,454,501,573
429,66,133,264,86,164,79,483,347,32,386,64,241,354,375,33,132,268
534,375,514,113,234,479,417,122,125,537,137,233,48,475,33,307,256,485
555,199,549,461,92,389,371,238,138,197,132,485,429,300,432,6,86,459
519,347,268,432,464,524,379,300,39,455,10,162,417,4,97,30,483,9
553,224,234,17,565,4,566,115,457,326,401,515,268,436,166,281,128,497
355,92,87,420,357,392,564,538,431,483,231,213,168,287,484,477,175,203
413,137,152,247,357,553,11,444,321,120,94,154,436,485,266,239,6,289
16,137,65,396,409,56,432,46,497,537,499,379,283,512,299,378,484,214
556,461,270,348,385,507,330,479,538,386,482,427,213,161,24,30,300,515
344,87,257,67,470,98,371,460,367,485,552,513,343,175,282,377,545,191
493,475,107,362,496,498,325,419,330,222,90,2,387,367,119,527,537,396
380,265,355,99,61,356,494,114,427,54,545,279,330,166,171,38,488,240
353,10,400,264,284,315,484,161,92,417,62,72,155,295,134,300,68,257
330,449,2,170,475,75,231,6,375,64,312,94,556,136,259,57,365,256
287,161,501,227,321,31,457,441,278,66,339,365,528,326,438,252,307,565
380,66,442,504,15,187,278,416,296,402,30,111,529,409,132,300,503,458
90,330,485,68,371,79,28,447,234,280,379,247,114,532,239,337,483,155
9,473,51,2,39,126,77,485,75,483,484,432,417,5,137,153,234,65
119,389,10,403,134,241,90,113,386,535,281,137,330,32,318,485,49,367
268,111,64,46,420,542,78,39,161,66,427,233,135,347,76,411,359,79
574,457,260,474,276,18,542,129,4,214,494,201,435,134,151,431,247,61
411,389,301,449,7,239,342,399,483,161,488,176,391,443,5,459,532,489
307,74,204,449,64,484,436,87,213,219,284,534,302,527,225,38,342,113
194,357,485,537,285,515,454,6,87,332,447,113,10,257,330,22,12,115
401,256,30,540,524,459,283,461,74,448,271,344,246,399,436,339,213,135
19,64,330,142,20,52,509,371,68,309,122,5,455,475,380,137,76,553
383,513,68,285,134,267,452,46,150,78,413,424,483,315,79,115,160,485
25,474,502,304,1,257,72,186,10,399,574,175,138,355,540,396,529,133
36,145,138,553,378,562,135,566,120,537,231,254,558,137,92,213,166,407
161,170,498,282,361,503,537,49,247,164,502,338,564,386,508,215,229,301
433,545,4,423,247,175,572,268,92,371,153,225,417,58,132,528,237,113
7,280,288,436,247,564,39,32,485,509,136,241,47,10,534,448,422,504
528,564,222,61,64,324,267,137,318,461,113,519,134,213,266,94,234,92
361,539,514,175,239,284,325,537,155,519,485,50,120,512,321,324,11,304
247,401,239,203,396,23,182,499,554,433,287,389,145,538,368,76,475,175
330,186,431,203,287,436,507,437,59,538,326,385,454,552,79,269,68,75
482,1,256,259,122,321,171,330,247,485,257,389,76,373,168,227,564,160
58,301,294,560,164,485,555,213,111,109,553,324,378,515,313,401,57,403
485,475,171,170,16,195,307,155,68,345,135,536,545,346,527,470,2,66
119,417,6,347,204,318,413,24,224,442,284,527,231,226,405,32,168,171
400,65,299,174,528,16,313,345,307,434,234,288,258,138,362,334,247,30
503,203,72,145,386,218,279,137,64,2,194,436,98,480,334,328,295,213
68,235,485,337,401,313,291,527,7,483,390,76,209,386,499,488,537,317
508,131,493,553,267,475,6,49,216,371,485,474,134,524,378,247,225,75
246,78,359,485,4,484,9,325,253,171,66,224,231,64,247,380,409,134
254,234,288,485,67,113,435,248,276,386,279,20,210,545,39,444,75,217
295,558,503,64,214,408,59,411,210,168,71,323,532,457,537,236,492,267
5,270,263,182,285,175,241,282,326,283,8,534,402,389,156,16,457,524
165,113,403,377,161,246,133,448,411,425,116,553,137,300,16,64,270,461
328,94,267,218,488,76,308,225,87,113,401,483,434,539,548,144,314,319
359,50,88,484,164,228,18,307,92,310,326,122,278,448,272,436,435,447
171,309,512,367,175,457,24,388,128,504,70,32,503,450,475,142,177,315
239,267,76,528,344,131,555,375,189,442,7,63,5,68,574,547,99,58
137,394,490,271,8,30,330,403,93,406,367,328,313,527,75,229,53,378
549,300,540,527,187,38,156,448,354,485,182,161,539,113,405,252,18,30
545,190,128,309,122,28,94,344,170,141,4,324,361,431,528,79,417,9
220,195,472,334,362,133,16,287,178,91,32,427,553,268,138,304,390,122
553,180,566,396,269,23,543,304,436,58,207,21,485,386,532,36,68,46
171,67,459,300,265,555,475,435,457,267,113,134,336,515,284,266,229,510
30,171,417,137,392,128,152,237,66,436,396,527,22,10,150,344,330,435
568,59,166,291,47,134,308,112,32,380,514,485,349,90,401,551,354,278
568,8,485,11,156,137,300,386,269,168,484,151,6,464,2,355,58,72
538,355,90,64,528,377,306,494,137,548,566,449,457,386,190,347,512,468
300,334,64,30,485,387,386,352,259,442,1,328,130,510,266,364,155,410
415,452,436,66,47,374,213,247,573,313,10,51,357,519,134,501,203,371
194,526,442,199,61,445,503,9,553,68,156,10,128,287,537,87,301,519
485,568,318,540,421,267,119,574,355,450,452,482,32,486,415,457,401,16
263,134,547,338,403,380,318,135,485,386,269,373,468,497,20,152,545,284
246,345,540,61,50,373,408,573,168,272,64,66,247,409,399,526,225,203
2,182,139,554,162,38,481,68,304,233,128,573,513,266,485,213,330,49
441,32,270,8,234,337,112,540,175,177,468,168,526,457,499,347,475,105
424,488,295,224,152,299,521,253,294,498,519,10,367,394,119,288,373,514
113,125,434,164,199,459,318,435,182,8,87,433,316,111,47,119,293,363
135,380,175,455,432,551,449,315,396,409,344,255,506,428,324,504,259,224
293,488,137,319,566,501,398,529,328,5,539,436,62,146,315,431,326,134
60,373,146,330,461,371,548,142,175,218,87,264,299,92,94,538,553,455
224,234,156,300,39,256,293,213,497,514,113,566,417,252,68,51,160,150
235,415,224,134,454,336,31,156,5,328,401,321,278,442,405,380,115,551
396,337,79,484,301,38,16,48,267,512,168,89,314,457,333,246,133,328
79,386,318,136,401,109,431,447,225,483,129,25,144,452,530,519,501,475
6,94,8,277,525,137,552,411,239,222,163,314,472,64,527,161,529,265
411,181,415,433,307,328,143,30,73,428,442,10,134,228,431,39,459,385
427,187,361,314,101,330,168,195,62,77,323,142,537,10,119,485,68,30
527,553,488,268,211,164,363,507,306,71,336,337,379,42,315,334,109,138
238,401,475,229,48,363,545,433,9,460,457,44,300,503,319,203,328,81
134,374,189,301,255,514,439,214,20,430,564,260,343,475,461,551,191,145
123,187,534,396,145,328,300,165,178,183,175,23,213,457,302,330,245,320
20,413,432,239,254,113,412,436,76,116,151,553,61,380,376,119,385,224
367,299,0,198,171,432,555,529,312,62,389,137,191,79,405,392,187,517
11,538,400,132,39,534,537,412,113,436,23,552,51,259,287,254,507,68
137,176,38,281,75,393,182,175,475,207,442,225,10,485,483,44,449,161
446,338,566,139,485,441,475,448,104,300,135,321,68,56,308,330,137,489
304,213,17,504,264,157,268,241,545,564,384,355,341,333,237,551,558,393
358,282,10,152,572,376,387,401,290,430,525,344,281,191,512,229,345,390
155,279,66,510,557,403,5,151,267,517,442,475,524,537,72,285,411,385
40,356,231,102,309,284,307,44,330,138,363,319,260,315,497,68,156,573
386,339,459,520,554,318,175,295,421,187,321,39,427,256,112,13,300,337
300,239,319,7,539,218,485,380,378,5,235,10,413,261,161,389,64,517
131,94,265,550,114,80,4,263,87,220,38,308,347,201,32,537,269,49
328,376,159,175,402,308,133,245,47,428,564,144,528,433,401,145,269,115
457,50,132,256,129,442,552,235,283,485,241,308,59,321,43,263,570,98
386,8,68,561,328,219,268,287,519,4,266,10,401,400,198,30,319,278
411,39,119,309,287,247,482,37,89,545,295,159,25,528,308,550,519,193
128,534,307,28,485,326,37,467,204,301,424,6,266,345,525,228,171,418
513,321,46,125,10,175,52,403,508,76,277,489,549,287,519,359,435,229
396,30,307,114,339,564,293,190,549,301,152,525,386,8,367,417,59,553
536,161,5,206,315,187,325,535,40,225,203,442,4,364,378,355,558,436
90,89,371,38,300,564,266,498,364,538,29,483,543,133,166,20,548,145
133,20,334,359,451,120,2,485,553,51,79,39,435,386,340,87,140,431
201,276,464,172,76,438,508,46,340,475,247,31,396,119,213,376,512,300
25,447,269,403,517,347,119,436,133,319,92,377,163,231,424,307,573,304
56,94,38,191,418,134,555,250,72,78,457,495,231,461,4,263,475,95
484,30,558,86,380,301,241,5,379,483,90,175,342,8,344,7,403,396
435,18,418,421,455,182,537,247,321,59,524,29,545,361,214,269,483,330
175,136,378,145,485,229,138,134,357,307,76,387,254,459,54,6,247,363
423,265,30,306,229,95,425,459,475,2,285,450,137,376,484,499,28,503
213,555,38,93,153,475,183,123,566,104,37,129,145,64,436,262,510,396
92,319,524,408,318,539,134,148,175,142,330,425,201,161,514,5,512,37
470,87,277,171,263,485,357,111,436,539,283,551,114,458,334,295,488,468
375,556,436,66,262,86,181,547,75,280,337,175,506,231,43,72,90,122
362,300,483,337,57,566,386,324,457,433,418,524,33,68,515,320,420,379
560,525,46,25,484,513,501,268,233,168,326,201,267,135,288,0,376,40
341,64,468,142,283,257,5,38,139,488,104,436,461,300,361,161,46,386
156,412,83,142,482,168,64,37,57,407,46,128,137,279,119,430,136,362
16,61,142,269,391,37,0,4,30,57,119,136,380,548,399,498,175,318
545,62,84,39,442,115,259,367,495,430,457,554,150,503,542,483,51,389
134,448,281,245,403,313,376,203,508,51,441,231,488,401,5,37,65,300
76,299,218,177,301,527,98,488,68,38,121,367,490,137,473,99,455,399
322,566,31,5,554,539,534,507,550,374,330,334,59,259,247,485,68,380
431,254,396,514,389,175,534,39,287,411,71,247,547,171,344,403,47,91
409,483,32,161,427,145,10,199,396,364,405,152,454,311,490,58,442,94
549,555,433,337,10,133,436,409,195,19,508,355,213,69,427,533,272,32
134,344,485,402,553,484,77,367,498,6,296,247,20,386,145,300,2,401
201,25,394,339,4,347,279,227,59,134,334,361,389,527,503,365,537,197
468,570,502,457,503,386,212,267,77,74,122,16,68,18,301,51,64,418
459,6,347,25,156,330,137,345,195,175,504,246,468,229,104,367,133,300
175,355,134,484,431,347,10,548,171,545,415,30,74,234,524,3,306,50
549,476,24,159,557,213,115,436,465,386,528,30,70,259,514,401,537,459
443,51,129,537,112,383,279,49,385,332,318,548,551,473,132,485,64,146
140,115,196,270,330,555,68,560,482,55,38,113,301,276,525,483,183,299
389,119,268,116,111,572,234,203,266,89,514,474,272,79,450,527,80,473
84,132,509,119,483,139,7,363,231,386,558,112,224,387,193,37,279,409
343,301,501,503,261,321,66,475,512,287,201,102,545,377,269,238,197,32
116,497,113,74,45,55,510,66,470,201,346,375,530,9,314,328,359,489
485,177,146,334,229,62,461,65,363,204,51,328,175,519,61,510,6,462
385,272,215,490,320,187,15,536,317,377,341,554,512,339,380,38,171,373
270,263,328,64,553,425,319,473,156,300,428,161,95,307,76,454,197,396
48,229,355,346,574,358,166,514,59,428,380,415,90,342,488,142,337,11
330,137,239,411,104,337,267,539,129,399,268,64,512,525,119,536,448,382
133,64,468,213,171,320,33,239,403,288,319,413,163,554,534,99,377,537
393,363,524,523,483,545,497,257,443,553,490,10,529,562,258,159,177,347
307,521,475,182,426,318,287,10,247,564,435,441,137,301,279,534,386,145
190,201,325,301,574,257,181,30,337,225,281,420,58,203,247,114,10,344
565,134,149,442,301,161,229,4,448,462,539,563,225,386,65,171,485,175
569,483,10,182,241,193,299,442,501,8,63,325,448,456,321,215,37,435
171,324,201,493,260,459,231,58,403,401,116,287,187,213,38,553,503,252
503,80,61,356,313,488,32,285,123,75,462,374,337,564,476,334,189,435
1,254,459,325,421,417,7,234,99,547,408,77,558,553,534,264,235,525
164,486,375,466,64,390,539,225,168,213,555,406,145,564,552,10,247,300
482,380,342,436,58,171,435,485,536,528,68,306,5,283,151,254,192,548
9,212,560,459,437,534,224,369,213,30,512,394,241,442,225,142,233,475
434,234,430,175,300,247,475,389,123,463,0,562,114,96,75,37,53,347
59,501,86,355,485,161,356,409,89,137,455,363,536,58,57,175,483,554
361,147,328,488,301,380,547,512,330,55,447,525,30,435,555,253,539,485
415,301,402,113,461,58,564,222,313,133,509,134,65,137,342,534,181,252
2,74,405,528,314,457,441,119,545,171,261,574,341,5,133,114,475,288
461,342,225,5,330,144,87,145,485,32,175,380,545,356,548,401,8,128
32,137,424,191,5,195,180,301,163,334,564,341,536,175,390,417,129,479
292,524,247,321,484,134,183,551,229,137,58,277,175,504,442,203,498,391
406,300,387,521,7,534,5,564,186,506,486,460,270,295,553,349,271,64
247,361,564,10,108,7,228,20,421,18,114,528,464,539,246,409,31,215
527,122,87,241,338,386,344,229,201,525,71,123,371,232,504,163,145,178
385,558,300,418,470,231,368,347,515,485,545,325,87,488,262,10,32,308
201,449,509,228,109,266,488,175,99,76,2,312,566,234,401,231,363,46
390,10,457,68,8,6,103,512,566,234,379,277,187,76,281,426,20,64
461,278,133,418,328,485,201,234,484,142,157,110,517,263,483,473,566,552
343,342,442,507,109,490,292,471,403,287,1,486,540,187,213,355,485,310
66,2,80,247,330,459,265,134,138,483,545,295,135,204,405,219,553,68
25,120,165,278,418,181,250,377,517,268,38,2,412,87,272,144,287,386
432,313,508,551,190,166,573,94,351,373,397,498,244,390,430,300,235,152
30,330,300,485,525,295,387,75,459,527,555,150,2,377,155,566,36,37
519,133,285,455,566,469,501,38,39,48,126,431,417,396,504,87,231,326
315,355,537,328,287,47,511,222,242,485,134,66,56,357,33,413,68,427
553,231,213,436,93,156,283,318,483,313,326,279,288,434,30,300,301,473
564,30,31,313,50,321,272,417,553,213,498,342,75,348,288,515,423,32
92,272,448,443,134,5,375,526,306,537,87,151,483,403,66,201,119,413
508,328,431,459,66,156,547,119,549,346,68,192,413,276,161,138,555,133
64,327,45,161,321,391,424,396,389,418,166,394,461,285,413,30,430,512
268,145,241,300,142,555,59,301,554,540,30,10,401,334,431,529,488,257
326,137,222,413,472,89,18,163,532,534,315,358,346,324,309,442,485,308
72,231,175,527,430,44,79,68,435,5,203,328,337,553,137,373,219,555
87,524,489,344,268,161,459,542,394,528,508,156,133,445,295,387,486,301
462,203,464,455,292,328,58,201,259,191,239,337,528,312,340,551,231,135
553,527,225,483,385,190,191,419,299,94,355,145,279,175,316,521,19,529
343,23,436,24,355,268,449,538,111,574,530,8,403,390,358,271,376,30
89,412,536,183,365,355,45,318,312,490,175,159,504,553,137,462,91,539
470,379,109,8,185,524,436,87,401,538,404,44,519,148,145,553,304,556
59,300,554,124,235,403,458,219,5,113,263,358,459,248,355,4,62,307
283,26,485,101,287,536,465,267,436,191,401,167,62,365,87,443,470,557
156,484,159,171,64,119,536,499,19,459,136,519,308,44,168,264,161,430
62,76,16,79,182,101,277,287,291,295,363,59,235,558,379,499,174,470
435,225,498,86,371,20,495,151,280,330,272,389,475,145,382,168,436,318
321,233,490,574,362,488,60,259,457,18,306,409,214,479,330,144,234,137
64,306,401,547,16,220,415,38,514,568,80,191,188,178,68,168,310,497
386,300,315,396,459,417,6,483,171,336,191,295,234,380,394,378,510,119
457,47,428,104,421,119,355,468,389,483,285,569,485,488,94,6,403,484
132,104,435,359,438,213,16,554,150,468,263,78,401,391,0,437,161,386
435,201,536,564,68,514,135,228,64,513,142,313,389,521,338,486,350,246
549,155,137,537,359,90,278,483,328,12,171,408,475,197,347,323,403,528
495,17,37,413,573,485,457,363,386,296,436,328,73,411,225,271,191,524
30,409,146,318,398,391,171,300,513,301,115,126,172,498,56,341,566,10
37,189,431,44,547,558,515,568,454,435,475,129,301,151,18,527,247,202
419,386,291,540,164,448,247,393,122,324,368,443,190,272,161,228,242,301
68,168,10,133,388,288,326,554,335,514,271,497,352,5,569,436,254,19
551,159,186,321,435,389,564,376,301,253,34,515,195,330,175,443,368,413
558,161,87,246,412,30,553,521,68,417,285,400,151,547,461,279,502,175
138,233,161,391,409,485,74,182,181,191,573,416,77,50,234,163,334,59
5,498,485,187,234,247,528,132,436,307,133,180,482,347,155,241,246,488
293,247,213,270,142,177,33,19,536,354,318,379,542,68,261,433,246,137
488,386,129,122,420,527,396,166,308,203,234,270,278,483,436,309,551,330
36,171,301,137,461,229,87,475,176,111,435,5,30,44,138,345,129,86
435,498,519,134,514,87,337,68,436,373,56,538,235,79,321,289,558,566
270,327,145,363,146,31,330,206,409,334,235,204,400,386,567,10,556,47
358,268,479,65,389,68,246,61,483,51,175,401,409,258,174,436,449,330
301,323,160,436,542,120,159,10,361,8,375,6,503,191,256,213,459,365
168,566,502,323,330,96,434,534,135,7,165,545,525,510,155,475,287,19
371,435,457,334,554,393,426,429,276,199,269,533,338,410,228,475,37,92
252,233,72,554,482,79,4,318,374,421,564,306,94,448,99,181,256,342
293,171,441,61,194,408,187,191,18,30,128,457,136,74,75,87,482,4
558,287,161,0,386,317,209,90,134,437,306,145,54,396,137,465,30,231
328,334,530,386,189,74,8,136,554,295,68,318,321,481,258,203,503,514
485,431,379,570,330,259,373,307,421,518,345,252,558,2,376,363,201,163
285,432,326,260,84,409,252,537,25,56,195,483,424,380,301,322,564,410
134,312,564,92,517,95,171,0,176,375,508,386,227,562,483,57,139,474
553,150,519,300,430,288,225,133,203,521,368,566,178,170,68,129,427,436
307,137,552,9,175,545,529,553,503,126,6,417,96,555,104,234,330,64
564,529,326,430,548,431,120,404,433,325,172,537,247,421,214,390,321,393
362,545,448,314,532,64,131,144,572,327,284,386,528,254,59,306,566,6
442,401,386,113,134,503,318,551,278,313,396,171,321,175,24,94,163,291
556,168,16,342,137,234,443,258,288,558,124,388,461,113,537,92,7,304
15,565,93,441,503,141,128,137,256,194,389,103,79,68,53,11,228,527
549,355,246,18,421,532,420,483,394,416,435,378,139,171,367,86,324,148
525,241,359,484,549,437,111,190,396,9,47,452,182,266,473,79,555,191
40,137,323,156,126,37,92,171,422,408,230,200,182,497,459,30,198,547
490,60,365,325,562,129,312,443,537,87,68,261,403,130,9,396,97,233
396,498,401,453,525,278,16,86,485,76,15,283,175,9,61,5,272,386
503,485,134,166,389,261,94,74,417,217,175,299,172,216,225,40,183,7
447,18,193,200,25,534,116,113,214,554,436,129,354,87,201,187,30,146
159,476,301,457,345,558,210,429,138,326,64,175,330,296,547,483,157,568
167,64,295,146,459,300,42,126,132,545,171,447,510,287,336,482,284,488
231,564,500,142,538,47,551,156,435,363,355,137,361,545,554,278,501,386
256,490,185,343,450,551,119,538,43,254,68,6,301,519,278,201,138,431
68,325,267,265,247,126,154,137,396,253,498,64,319,299,334,66,191,433
330,453,318,119,550,0,488,444,94,18,58,394,307,408,46,475,87,553
363,37,186,371,459,460,383,346,142,1,380,485,396,231,222,239,379,9
268,134,280,304,433,46,161,555,122,281,564,460,488,79,247,361,401,365
65,306,190,6,548,447,335,436,361,161,137,260,94,417,167,81,58,448
449,97,405,299,32,373,473,133,314,447,312,64,111,448,128,485,432,476
260,547,132,164,47,485,461,435,186,42,64,58,488,337,515,171,137,554
318,145,355,306,558,267,367,425,25,93,566,131,459,538,279,266,299,113
145,182,269,2,424,225,255,386,485,494,156,1,45,256,412,461,56,483
386,566,421,115,203,528,371,524,412,113,308,156,387,401,134,171,79,544
203,336,357,156,307,225,306,165,485,434,399,147,40,435,484,97,163,301
10,503,142,459,301,429,507,378,122,229,411,252,45,485,149,47,235,68
113,304,485,252,6,332,92,129,157,532,482,447,34,334,321,539,562,68
403,228,190,259,534,6,76,326,544,37,64,323,196,394,434,87,402,566
321,20,334,455,4,380,554,457,121,66,270,471,485,461,510,308,157,44
435,485,363,137,307,76,306,436,44,344,339,449,533,203,338,288,259,503
525,139,371,328,548,62,403,418,386,365,389,281,51,417,272,196,201,228
252,411,553,254,176,190,47,179,448,92,301,540,532,156,515,247,464,56
60,312,368,485,139,378,315,356,336,326,301,247,263,222,299,306,163,536
357,448,231,499,295,325,497,486,524,76,555,30,574,36,10,183,101,457
489,324,171,352,5,299,129,442,21,328,66,6,341,76,152,193,39,178
399,547,475,508,113,447,342,103,201,367,515,485,231,300,413,527,449,555
191,403,123,32,229,545,107,310,219,324,456,66,565,192,313,554,151,26
119,353,6,289,134,438,150,435,306,413,171,300,182,76,137,263,64,527
318,20,337,109,430,259,324,409,363,410,473,316,401,90,396,58,60,168
258,199,405,168,368,485,137,313,289,464,252,377,334,8,546,287,225,475
213,68,553,163,487,30,341,10,379,18,525,234,316,171,343,246,405,396
529,564,562,98,125,161,396,141,182,483,93,112,377,358,484,410,343,12
386,134,157,89,301,364,33,279,10,187,347,420,514,247,114,390,228,31
355,224,32,163,545,17,134,233,528,447,396,312,201,566,412,351,300,234
488,56,320,196,16,68,39,347,539,224,79,99,175,269,391,364,170,511
182,396,394,524,239,76,28,401,457,58,364,355,262,485,295,113,525,87
443,276,403,33,183,442,319,18,554,330,375,455,284,263,436,318,321,9
58,339,480,213,435,2,330,215,461,355,186,253,161,455,443,326,386,437
268,365,313,79,75,214,133,472,427,64,378,300,152,450,488,357,18,8
213,475,501,324,478,547,228,222,361,7,281,201,436,300,373,5,328,326
253,282,260,514,455,334,88,134,304,485,120,79,508,354,187,161,6,326
58,241,413,30,499,281,436,268,8,485,378,471,92,161,551,301,330,222
374,485,195,303,558,109,175,201,156,475,510,514,550,203,293,228,263,412
430,306,359,319,524,525,142,413,486,146,330,318,152,300,367,409,281,361
563,457,32,214,402,156,282,436,357,510,304,472,532,385,554,328,161,520
358,521,302,67,555,70,482,306,530,72,494,483,59,141,485,326,405,475
501,38,525,64,241,535,175,163,362,162,537,377,436,363,485,10,421,171
403,251,30,499,151,195,430,363,247,257,204,259,66,225,537,549,357,138
8,505,175,2,70,145,501,64,192,355,87,403,84,420,436,58,231,344
16,394,485,457,39,315,254,299,300,29,293,137,551,224,379,548,260,391
219,66,529,206,171,545,526,337,458,225,355,134,231,115,156,97,10,32
552,136,72,229,347,268,492,165,300,276,277,424,334,429,451,121,174,16
544,434,32,119,37,38,401,379,161,318,68,386,436,430,358,521,390,199
525,50,47,259,562,551,502,16,5,367,213,564,66,307,43,170,308,325
443,172,337,201,386,156,225,301,137,365,1,461,483,228,281,315,403,5
361,549,87,483,436,445,168,430,39,164,194,11,60,145,435,115,58,306
247,115,431,466,428,486,61,90,545,551,462,409,337,161,134,238,447,529
145,60,455,503,342,37,459,201,105,203,109,501,417,564,10,134,309,337
462,161,261,142,320,373,204,457,151,321,93,65,348,137,548,8,231,13
306,484,459,301,321,189,475,537,433,62,5,164,142,485,161,504,59,483
213,373,337,108,159,192,485,256,282,419,495,334,329,193,389,475,301,525
264,113,364,70,352,535,267,79,122,431,318,342,375,336,135,301,214,417
272,571,501,483,328,413,18,59,431,151,252,247,51,191,183,488,194,388
233,326,143,31,238,288,427,455,365,89,475,190,47,447,364,43,488,194
337,235,396,444,492,189,373,352,99,175,441,490,115,475,355,76,64,14
519,63,20,427,338,48,241,233,444,539,166,295,16,267,341,562,25,425
221,521,293,342,137,569,277,538,462,190,142,355,313,545,38,330,30,386
311,10,412,488,299,554,229,547,0,365,389,164,330,9,66,347,185,231
534,268,472,190,555,203,113,267,87,371,97,32,250,367,281,213,342,231
362,436,459,376,437,401,403,363,485,500,558,40,72,285,263,33,175,24
76,393,23,490,208,264,532,225,298,244,387,396,26,536,151,445,474,498
468,2,24,115,7,460,214,364,279,485,203,399,160,58,503,66,49,525
272,361,56,396,74,129,7,133,5,189,138,24,227,455,68,97,355,510
482,538,194,98,488,555,457,553,279,119,30,485,51,68,238,321,365,458
72,68,228,538,337,140,281,413,270,421,312,442,497,246,94,554,375,119
443,135,93,257,225,527,46,252,468,52,204,497,154,534,401,142,379,436
278,129,189,501,37,342,334,553,363,412,301,485,497,10,332,86,18,484
295,4,363,250,442,203,378,99,234,400,537,268,235,528,403,71,330,272
488,565,122,54,344,8,10,365,503,316,76,436,354,418,30,32,300,309
525,10,145,50,318,373,247,206,191,367,368,449,387,555,122,5,386,264
134,527,129,288,537,246,176,165,213,566,256,572,457,228,494,472,517,510
142,376,484,203,206,532,453,330,386,32,409,68,270,403,401,461,198,36
355,134,306,380,233,6,457,552,50,171,300,315,485,537,170,128,168,473
461,138,476,515,161,175,553,309,8,473,449,421,233,303,256,243,201,24
373,114,379,138,304,212,418,63,263,386,539,281,434,142,163,347,330,186
509,493,68,33,8,328,39,336,278,171,156,483,191,114,18,195,365,413
519,96,33,355,229,289,19,121,258,212,256,204,307,5,128,201,182,145
574,180,63,509,284,483,548,339,98,461,228,488,157,51,37,368,143,485
368,146,128,428,484,436,341,191,142,549,50,229,5,440,399,123,291,548
157,201,363,123,115,134,313,560,554,225,191,401,213,409,33,545,461,52
475,411,97,359,92,558,300,391,198,225,218,8,323,293,306,267,555,405
282,502,459,214,509,231,7,485,375,126,563,559,358,58,367,168,78,418
144,68,140,210,354,44,363,313,345,329,562,545,547,564,89,511,139,79
348,431,521,558,203,30,385,129,171,402,328,155,300,134,483,144,490,299
355,113,338,115,76,532,386,218,161,447,253,220,365,319,547,28,495,171
159,250,105,84,468,337,340,229,66,386,377,115,341,442,231,330,144,319
415,24,164,271,483,444,441,235,330,379,94,252,220,281,46,11,213,66
568,20,38,68,281,168,18,274,372,528,136,254,418,420,436,133,287,171
86,10,20,225,315,325,227,284,215,351,92,16,529,449,312,361,175,542
526,20,505,263,508,205,171,483,156,19,76,254,410,545,554,10,509,367
191,512,153,278,326,7,545,38,380,485,2,558,266,248,161,256,187,120
457,339,554,553,413,483,135,365,448,156,485,16,72,488,318,168,300,206
368,345,194,302,360,470,64,328,342,133,318,525,159,380,403,225,115,376
24,545,459,278,416,363,255,201,386,156,403,197,45,246,256,279,154,59
524,256,554,400,199,62,484,459,107,268,227,509,26,175,485,408,547,441
229,475,357,388,483,319,545,68,387,295,260,76,267,171,564,182,161,436
133,66,283,58,347,390,287,293,359,57,76,75,113,182,72,231,300,480
344,72,5,252,247,361,89,168,449,203,513,152,510,121,191,58,528,270
119,514,137,224,18,166,231,475,59,296,573,68,304,363,330,462,436,79
376,220,314,528,401,545,251,483,364,342,51,137,431,215,461,186,145,259
283,519,342,301,415,231,156,553,47,307,76,434,386,504,9,132,485,472
87,545,364,247,50,10,564,477,122,2,355,59,391,16,133,120,231,306
86,5,448,419,524,313,247,378,307,403,68,30,328,126,239,317,530,24
430,287,437,337,151,325,555,328,562,164,326,268,158,241,1,239,418,319
485,418,420,573,272,465,532,171,76,175,448,267,228,436,330,296,134,176
357,529,435,64,258,234,175,501,512,16,201,76,321,48,30,386,171,402
441,336,436,73,304,545,206,278,494,137,327,475,10,194,113,390,30,431
496,387,488,411,281,26,276,75,256,201,287,38,175,32,521,138,10,475
33,272,483,452,32,138,373,239,299,190,551,8,247,295,405,261,231,245
482,231,263,379,171,415,10,247,114,161,191,524,21,320,396,301,432,190
168,299,425,459,175,16,137,32,58,380,269,396,461,558,417,475,485,563
313,409,435,442,460,533,276,573,47,401,413,307,531,175,23,78,443,436
153,285,58,246,334,247,132,435,203,307,282,306,535,492,308,355,330,553
135,436,301,452,314,321,451,64,182,318,9,229,234,5,153,39,457,30
509,2,263,146,64,312,564,138,565,68,443,524,74,247,6,485,302,32
55,324,341,537,98,213,515,175,189,54,318,313,203,342,31,93,161,94
386,485,337,561,342,461,259,330,6,194,341,212,326,524,31,488,184,256
175,480,409,521,430,401,483,482,341,213,166,317,113,122,37,365,87,126
278,445,16,254,247,508,531,39,550,122,511,411,532,234,544,252,558,363
296,322,30,145,259,301,462,363,54,114,6,442,187,330,51,562,299,337
485,246,247,401,90,347,553,163,539,355,403,38,58,224,263,525,479,527
452,180,374,227,272,138,394,136,539,137,69,405,257,448,215,466,295,304
549,430,281,122,112,555,401,279,389,261,355,379,218,321,402,475,537,204
555,418,554,345,545,510,380,530,168,74,344,75,11,293,64,537,10,60
417,355,238,134,119,368,129,138,430,459,5,0,268,525,234,385,176,300
396,231,284,355,447,30,510,497,357,37,347,236,237,106,572,56,548,307
124,230,207,113,386,139,161,337,318,163,521,545,403,171,234,321,547,142
285,502,269,558,115,328,134,301,484,323,222,393,459,32,68,519,7,449
514,537,47,21,482,222,268,171,435,66,290,418,448,354,355,545,387,282
491,484,566,396,436,92,284,510,56,389,515,386,79,97,301,232,553,525
403,240,549,157,175,365,87,224,394,485,79,280,70,363,4,306,388,277
276,123,419,64,111,402,566,142,99,246,283,377,138,380,535,214,9,51
161,484,283,156,136,448,89,445,137,341,276,240,10,403,266,207,50,79
47,116,388,315,266,26,64,92,555,401,95,225,171,268,30,38,564,58
179,482,6,261,31,187,87,455,330,420,201,300,386,503,10,39,194,488
193,134,234,205,448,509,461,173,485,562,432,113,241,447,324,529,395,514
30,538,144,487,570,283,300,328,355,359,548,254,16,279,76,268,405,155
224,532,64,405,239,553,357,174,206,389,225,445,114,452,134,387,263,181
137,377,171,68,402,128,412,6,549,72,254,203,151,432,442,161,58,241
525,544,343,562,225,529,281,96,545,295,4,301,368,355,247,430,213,519
155,386,431,470,449,235,182,403,161,538,134,284,290,10,519,113,213,35
318,48,567,521,9,266,504,457,172,401,483,175,459,7,300,106,440,387
99,28,475,19,355,288,542,455,424,246,47,129,134,266,389,400,525,241
220,204,477,510,508,105,519,59,452,337,494,138,212,325,50,99,145,161
233,545,171,362,145,178,138,309,76,345,534,68,467,355,307,301,86,330
486,477,558,527,231,145,260,279,378,539,386,69,259,36,267,123,8,376
485,68,16,361,99,74,182,424,385,113,79,10,121,442,341,399,465,295
433,67,386,256,293,408,318,319,400,536,193,12,423,337,247,501,371,113
386,72,400,438,151,284,261,51,328,308,192,401,363,325,334,201,68,432
71,91,530,393,396,467,7,311,373,389,313,246,268,524,254,171,161,152
122,313,119,234,11,514,2,4,525,295,8,544,114,315,312,68,175,436
308,32,128,371,29,50,342,143,386,307,538,447,76,418,319,465,403,133
488,76,418,379,9,267,417,396,309,5,339,300,343,6,46,368,90,227
409,168,363,92,4,375,240,26,549,105,310,16,501,311,330,269,461,318
15,278,510,306,405,225,309,191,24,285,120,240,260,488,571,396,136,485
301,334,134,206,459,558,168,161,238,376,555,530,287,58,137,300,171,483
15,564,394,203,247,302,380,171,234,359,113,267,521,218,318,401,301,391
483,134,328,475,527,300,256,553,295,536,247,379,161,137,304,365,5,554
60,434,19,4,190,484,151,554,59,435,228,557,363,223,475,551,498,566
330,447,64,555,549,236,509,116,307,90,375,161,321,564,94,8,267,548
389,186,224,259,537,397,172,421,287,470,304,532,473,66,396,181,386,494
6,83,295,16,133,15,547,129,536,528,396,539,161,20,323,261,545,174
279,422,129,466,504,440,573,562,451,333,566,537,326,433,322,287,131,151
72,513,502,512,545,61,203,157,263,261,175,10,537,483,547,58,86,386
483,312,152,161,489,321,6,5,59,113,2,276,119,359,272,213,283,225
400,142,481,339,121,545,367,409,401,510,408,51,10,277,20,76,551,93
371,435,304,451,224,268,527,390,566,79,216,10,213,300,134,558,378,461
457,255,533,132,355,299,145,204,553,287,367,433,266,526,475,130,76,532
330,436,365,175,529,46,535,488,435,267,147,19,40,49,97,294,386,161
368,379,330,111,508,252,161,436,491,403,359,46,503,326,401,160,386,301
553,537,401,321,204,124,514,194,218,271,565,274,16,203,283,308,534,134
391,551,72,390,413,190,68,431,86,436,326,106,135,161,234,532,417,58
299,92,515,334,76,300,285,540,362,365,241,182,89,417,430,485,501,337
459,122,134,330,306,319,283,201,191,145,465,288,413,485,49,529,233,364
241,537,485,58,137,120,147,443,166,145,476,152,442,554,51,536,194,401
380,191,224,299,110,128,519,68,170,171,365,10,235,482,228,308,333,391
182,284,260,10,542,276,482,553,86,401,288,390,295,134,442,433,540,68
191,251,386,66,289,359,61,152,382,475,357,75,134,557,542,213,520,224
431,260,199,279,285,300,281,150,309,58,134,292,266,287,498,315,342,494
530,119,97,40,473,126,247,129,521,568,476,410,483,429,421,409,99,277
113,545,483,313,299,300,161,475,326,488,387,22,342,574,213,98,430,465
483,60,485,139,2,268,203,468,32,30,319,129,66,442,539,157,174,347
527,401,318,363,91,156,453,545,377,540,213,171,152,183,138,37,485,391
6,287,361,392,234,554,132,59,209,7,304,272,382,328,175,380,152,568
389,483,386,532,549,152,568,156,267,378,307,310,542,213,337,225,133,97
171,0,156,510,357,68,191,64,306,409,553,256,254,527,155,148,49,401
11,163,30,355,272,66,345,498,155,488,377,411,364,486,545,405,357,203
386,483,161,447,134,272,519,477,401,494,114,417,413,442,156,358,292,112
282,24,325,476,405,74,113,283,339,287,450,357,76,272,485,396,455,336
137,142,134,10,30,256,172,556,28,282,551,300,148,514,485,403,138,431
514,293,300,68,358,564,420,403,490,373,547,359,461,204,361,433,128,308
133,264,231,418,224,145,442,241,246,292,525,307,436,361,532,291,155,447
128,276,137,75,135,507,119,545,166,6,330,74,186,312,229,67,155,404
423,504,7,5,574,259,336,6,318,486,59,402,437,475,447,138,183,126
347,444,300,17,499,142,341,434,451,504,495,151,442,359,490,318,386,342
330,302,363,441,68,307,365,233,189,8,9,87,108,435,564,321,519,182
247,116,233,394,68,175,529,256,290,426,58,408,86,488,484,443,339,345
307,312,86,436,66,190,267,537,132,554,241,515,574,174,293,386,68,501
282,176,266,462,175,470,161,134,287,295,255,68,461,565,76,64,427,570
399,336,321,252,524,288,337,550,525,301,300,497,247,201,20,156,326,66
528,301,122,405,31,256,436,537,308,30,60,54,379,401,562,231,171,529
170,497,467,568,100,53,138,6,528,517,545,142,332,366,290,279,126,266
94,361,60,430,112,506,113,267,404,528,498,228,433,330,145,504,9,10
503,461,396,58,528,61,555,171,494,394,181,187,326,309,64,411,442,448
554,50,20,482,212,145,283,314,171,31,324,556,113,257,389,521,16,457
528,8,66,412,206,68,344,15,24,246,46,562,301,435,340,332,170,163
238,391,30,488,411,246,300,408,2,38,182,132,142,58,163,282,37,512
318,370,484,185,330,385,426,333,270,40,259,475,235,89,176,137,74,364
475,233,460,293,309,412,119,525,206,551,163,553,326,473,324,182,128,268
483,8,299,457,135,317,161,413,113,473,132,68,214,424,225,207,231,436
75,378,239,161,10,138,373,134,483,25,112,168,201,548,259,308,124,15
318,347,353,139,185,475,30,330,323,288,225,283,268,461,510,342,259,33
396,459,79,285,64,122,264,485,68,137,515,343,484,336,510,294,207,19
404,329,7,397,431,400,133,201,337,488,1,379,554,164,434,288,549,171
68,259,548,161,485,345,139,318,308,137,145,307,97,330,556,231,10,373
50,138,401,396,182,371,547,87,12,526,470,64,285,175,198,498,300,213
66,6,229,203,564,32,405,504,365,485,441,346,417,386,525,293,58,171
381,16,134,5,391,37,30,300,383,210,288,163,24,361,265,113,436,58
444,545,363,513,186,436,156,485,119,413,497,573,32,69,1,18,401,16
175,556,103,138,196,68,247,387,547,142,190,18,134,374,300,194,381,145
547,231,133,485,330,30,259,304,143,285,220,549,524,574,417,311,300,554
90,182,436,470,445,32,483,224,66,363,430,93,392,129,344,87,68,161
175,386,137,231,288,391,115,374,283,299,312,475,502,254,213,470,300,306
83,485,424,10,514,436,483,295,435,0,76,151,134,339,499,119,18,549
537,175,525,166,380,493,224,50,132,277,113,488,255,447,547,528,143,300
341,279,61,363,554,321,47,225,121,20,257,367,386,396,23,75,408,116
442,6,4,269,170,472,87,485,399,282,10,380,5,402,367,37,440,171
263,349,138,183,337,461,260,266,247,498,219,164,412,203,132,304,2,12
507,32,30,58,89,379,343,5,1,304,121,431,295,61,301,94,485,529
407,34,565,58,330,302,190,5,566,485,342,213,359,379,385,276,241,396
539,502,507,68,435,403,326,65,8,301,475,92,2,109,231,558,247,485
484,551,409,111,288,171,8,503,247,436,159,119,137,387,224,519,565,538
380,209,10,266,115,69,231,300,472,121,246,459,201,396,375,152,51,401
40,403,442,18,389,566,139,7,119,445,363,497,109,300,152,508,321,324
137,79,321,403,114,203,389,76,413,94,32,30,1,126,115,307,363,18
533,564,386,348,363,401,399,436,191,536,142,519,189,515,213,461,345,150
231,255,189,213,514,149,4,68,483,545,225,173,206,430,376,326,122,98
218,30,309,252,136,375,483,239,560,401,238,437,166,231,319,287,530,155
18,328,459,362,74,137,160,171,490,68,46,321,256,104,109,241,224,334
386,355,429,293,66,203,225,99,164,385,268,375,145,459,146,436,387,30
276,436,148,113,485,126,187,308,414,552,403,408,483,368,287,499,32,537
134,299,386,533,137,241,325,435,355,5,337,295,548,404,363,503,432,32
329,58,396,123,234,81,145,552,175,341,547,473,498,288,386,225,283,362
