347,525,20,554,475,78,460,363,373,317,270,399,442,330,540
254,351,39,510,79,119,181,493,359,307,396,7,442,161,234
427,402,389,346,365,76,168,345,92,529,319,415,94,175,400
314,6,515,545,442,421,233,417,530,109,187,519,566,7,461
296,545,442,75,2,111,488,92,175,542,475,291,313,50,423
553,278,64,519,234,547,260,431,545,480,352,17,4,142,250
409,386,78,503,191,472,454,181,553,475,461,521,299,95,357
145,565,526,355,270,171,386,214,315,418,61,134,302,300,475
338,355,484,54,242,155,161,151,566,501,170,316,447,334,336
490,52,441,460,447,172,161,246,307,299,485,266,213,277,455
94,6,59,447,402,285,562,367,385,171,152,308,164,539,455
346,519,276,5,129,164,547,239,461,241,156,355,455,182,431
156,58,388,214,234,359,382,296,519,483,553,168,74,221,447
2,33,253,129,300,386,568,430,45,30,537,87,436,4,6
481,302,508,436,346,291,440,514,260,475,301,220,256,494,287
396,287,455,474,483,299,290,566,0,526,456,421,475,361,137
537,182,181,475,461,380,149,438,502,511,10,96,32,529,403
330,553,399,20,431,261,527,461,538,525,483,31,171,536,283
457,301,341,483,123,562,175,222,510,421,391,201,248,498,6
430,387,20,488,113,45,156,483,553,436,386,231,418,411,99
129,385,451,111,38,534,64,213,224,270,498,101,300,396,266
328,320,277,231,207,59,134,542,387,519,529,330,284,488,156
97,538,58,166,412,497,187,237,480,363,142,44,257,212,259
461,519,252,113,548,114,5,168,171,392,280,435,558,134,529
95,337,320,294,55,113,459,468,98,391,213,266,415,293,417
497,152,317,64,325,87,332,419,229,59,180,76,30,137,245
4,279,342,263,285,301,68,135,299,139,10,442,498,225,373
295,203,134,32,485,475,512,299,4,187,442,309,349,71,87
374,514,301,10,44,485,76,555,529,564,129,20,128,346,231
300,373,66,92,33,529,231,8,333,61,64,412,362,59,136
438,119,101,293,488,538,508,457,341,301,509,377,36,90,494
267,268,531,433,325,538,206,248,124,301,11,303,547,475,529
39,479,283,409,288,496,182,493,94,386,203,420,5,161,559
107,10,537,76,187,142,365,206,490,115,564,96,203,449,399
247,2,461,361,475,172,378,535,224,419,30,354,308,74,452
387,321,430,415,336,12,457,339,326,401,252,436,171,498,156
12,321,382,287,529,460,403,250,54,134,436,341,492,137,502
558,344,134,330,327,300,199,536,498,190,44,270,231,418,364
536,20,562,433,247,483,144,7,358,380,250,436,431,413,233
324,328,234,387,553,171,38,301,535,490,80,268,396,455,295
413,267,49,36,256,330,379,201,307,547,72,211,6,281,58
334,145,137,300,282,328,241,411,171,94,104,386,573,452,144
10,20,483,205,79,405,37,424,229,555,228,534,545,182,478
108,71,506,132,273,292,401,558,415,549,258,300,271,70,32
433,355,295,365,161,483,307,555,507,363,545,61,6,19,503
75,299,66,525,260,514,161,543,431,90,396,519,105,574,377
483,510,115,175,386,457,378,475,336,171,412,529,536,391,254
201,161,396,376,442,484,306,431,483,515,417,527,281,239,318
215,51,537,485,364,323,68,10,553,296,64,555,373,401,365
436,175,63,126,196,137,201,5,470,545,525,431,306,31,380
333,411,247,142,462,146,363,213,272,270,225,239,528,475,437
74,568,76,95,157,417,385,228,64,466,277,494,389,479,134
159,457,279,351,130,365,18,171,537,386,54,304,94,20,512
436,538,164,301,66,385,412,62,228,273,264,36,539,461,83
271,396,214,5,252,389,455,89,190,482,461,537,6,225,30
180,337,401,270,67,492,255,76,312,319,206,387,46,114,555
458,299,138,534,86,525,32,8,548,6,330,213,82,318,387
95,403,258,324,380,196,187,363,503,528,551,134,281,337,466
514,135,396,364,289,132,376,527,237,449,343,400,277,144,380
259,20,558,564,46,512,69,199,554,257,362,337,413,359,312
366,189,473,95,510,75,7,545,317,46,168,267,238,171,136
58,490,564,9,248,571,146,281,64,111,266,528,68,521,168
171,566,113,357,198,105,254,231,443,161,396,288,68,224,468
256,181,171,147,483,232,266,432,562,50,431,536,279,1,95
171,514,24,246,462,430,525,277,224,318,210,209,457,380,181
553,325,318,512,271,341,502,492,293,161,64,225,348,74,425
256,491,92,213,105,201,517,238,145,555,503,365,64,389,113
386,152,501,258,58,321,272,161,174,76,413,410,375,51,566
247,380,201,457,257,288,573,431,442,224,318,231,386,512,459
564,135,554,225,529,288,519,192,276,528,111,464,362,409,483
9,347,16,530,90,64,129,411,320,300,134,314,388,210,92
59,64,47,191,566,30,266,430,164,138,415,150,325,539,175
10,483,461,20,30,8,553,76,391,201,137,119,475,516,306
569,346,462,30,239,279,296,351,502,159,488,75,300,412,525
524,75,457,436,547,564,43,321,18,387,368,539,525,234,247
396,268,483,321,320,92,182,5,37,218,514,76,445,455,323
71,347,7,562,246,5,112,359,403,398,228,519,374,229,513
171,163,227,528,525,175,64,8,92,268,71,499,79,484,386
435,489,6,501,285,266,319,201,212,26,280,10,168,400,309
64,563,557,134,485,308,7,59,166,39,78,324,432,10,171
58,564,164,355,300,68,480,38,458,389,111,109,430,105,498
424,547,336,222,247,166,234,195,12,574,129,321,324,258,485
276,60,338,123,291,475,179,61,412,343,10,363,18,143,268
76,342,482,241,113,434,197,387,501,66,401,558,562,25,550
552,246,386,348,285,181,234,354,364,278,19,70,111,58,379
138,203,79,378,537,414,288,436,229,304,142,150,309,312,359
11,528,411,519,299,19,26,47,421,134,375,145,359,343,472
455,436,234,413,4,427,120,512,318,278,356,68,94,457,87
306,409,556,288,564,58,133,137,313,278,284,180,367,129,220
445,189,336,252,484,568,114,326,555,424,268,513,246,74,559
443,448,464,38,536,330,556,534,355,566,193,415,363,235,397
485,285,330,128,460,182,10,364,122,161,376,314,208,475,437
113,417,121,171,558,238,279,16,326,534,322,68,12,276,503
389,460,488,64,424,549,97,119,396,516,265,421,545,32,213
328,347,442,504,499,246,31,532,204,268,488,133,403,166,161
211,452,165,142,391,534,6,328,39,140,475,28,306,10,314
0,441,30,475,84,389,164,268,75,329,191,436,417,485,119
380,345,442,403,461,430,361,435,309,545,272,386,255,159,73
413,484,266,408,68,478,419,514,235,155,206,264,77,483,151
72,420,8,367,497,203,380,337,171,219,364,315,457,299,268
503,247,306,30,234,171,318,182,519,361,92,156,6,525,483
300,368,534,359,503,56,539,319,564,386,299,372,278,54,104
403,448,468,256,6,386,77,435,461,213,532,87,484,270,497
293,341,58,564,556,175,483,317,485,448,66,537,10,193,9
519,259,287,11,154,527,235,300,545,387,465,81,61,239,401
535,524,401,87,186,476,290,143,137,181,194,355,338,410,30
462,5,10,415,528,136,436,403,336,445,558,300,79,228,482
161,410,134,99,174,534,484,301,355,375,412,203,308,498,492
296,59,532,134,488,459,343,90,2,393,288,0,68,121,299
545,258,224,453,140,273,324,123,161,554,30,110,281,387,288
498,283,418,300,532,266,368,385,66,330,47,59,258,228,198
549,256,279,396,443,517,403,564,318,120,468,137,58,534,225
234,138,434,299,10,564,525,490,554,492,284,511,512,485,431
136,328,206,548,219,250,31,135,193,420,24,483,457,254,160
310,145,387,476,512,75,527,318,16,142,378,255,182,403,252
398,248,378,99,537,247,403,483,67,449,89,558,492,396,525
433,527,264,79,459,341,537,224,398,146,328,573,164,157,6
519,26,338,144,87,94,51,268,22,566,283,179,254,336,367
7,436,183,289,362,521,204,361,564,144,336,480,75,67,508
54,503,146,0,444,319,133,58,2,99,32,266,544,151,550
413,475,562,386,7,109,270,387,2,135,161,435,461,32,155
287,204,449,254,401,527,380,31,213,87,38,484,327,28,302
325,125,18,246,5,562,436,0,70,393,171,344,2,201,376
459,30,485,277,527,338,321,363,514,461,398,463,37,75,545
288,87,255,301,385,342,397,19,555,5,138,238,525,551,378
539,554,247,396,424,528,558,285,151,301,490,255,248,306,271
488,142,558,246,214,304,409,485,375,137,283,396,64,37,447
132,234,498,142,86,165,431,203,134,379,122,94,284,325,201
449,210,483,529,457,2,470,4,151,439,171,562,537,216,355
110,400,199,566,324,159,113,258,334,4,138,23,382,211,7
379,545,254,574,153,306,524,362,151,443,244,33,532,145,90
359,214,225,268,171,175,545,458,2,503,341,391,475,509,433
549,181,76,361,113,64,401,558,66,58,525,461,556,503,574
6,528,545,87,401,98,525,538,539,133,274,386,421,364,417
68,355,346,24,161,299,156,270,488,455,186,223,201,306,498
532,395,317,32,396,295,145,113,547,461,462,449,301,490,431
530,488,512,12,485,288,263,214,76,156,398,313,386,257,114
318,171,288,51,564,539,105,87,436,37,10,510,373,459,554
300,386,488,62,246,435,68,548,355,220,161,330,450,323,558
524,9,220,293,307,139,318,64,534,537,39,24,6,419,231
111,2,514,376,300,61,345,7,455,386,437,165,435,459,391
410,236,247,79,482,389,94,245,476,435,376,537,337,436,519
465,368,104,539,247,555,470,256,403,246,198,268,287,9,485
355,301,32,424,498,235,5,304,538,79,131,502,455,36,380
58,134,114,461,485,401,16,573,568,368,359,532,301,545,338
514,133,50,75,32,142,44,413,300,73,501,529,94,119,113
320,539,9,488,161,10,285,485,11,371,399,168,532,284,564
417,182,26,295,225,502,309,33,6,341,187,151,267,485,318
68,119,268,10,256,134,105,218,498,375,534,201,420,490,318
161,79,434,494,239,285,508,278,432,6,64,175,10,37,357
508,457,332,485,239,327,519,405,387,480,453,300,119,461,18
182,225,534,54,411,50,10,470,396,431,152,475,290,457,498
475,5,156,508,272,386,318,362,269,396,525,283,112,133,512
396,60,256,321,64,259,145,142,181,355,351,435,431,418,87
274,261,224,291,4,129,32,452,65,272,57,159,63,539,301
247,487,538,545,123,197,45,552,28,401,574,206,37,191,330
475,306,191,330,313,496,336,344,79,489,380,556,269,5,80
9,312,119,378,203,415,435,75,504,105,260,272,343,44,539
260,46,499,137,525,457,162,128,469,549,278,354,444,322,213
134,142,238,378,466,488,76,485,170,52,396,137,263,330,517
239,266,109,548,30,431,191,6,462,47,287,499,553,115,403
39,448,111,519,213,126,38,79,430,231,494,234,549,74,428
32,470,435,402,308,143,311,417,430,224,68,413,518,488,5
62,484,156,488,447,114,356,285,459,327,235,362,448,128,10
16,19,415,475,483,529,94,164,278,209,410,301,527,163,389
279,326,323,234,344,32,301,479,379,401,191,190,213,74,38
401,255,126,306,16,288,156,447,119,317,65,321,71,525,2
410,403,356,449,401,243,0,258,66,74,457,130,222,300,2
321,24,308,556,457,307,76,453,454,197,161,545,300,566,109
368,554,155,573,92,68,551,129,572,76,337,311,64,521,308
279,380,346,553,376,564,8,326,396,363,187,68,432,76,300
491,171,438,395,328,138,365,284,480,137,510,38,564,203,201
113,455,411,528,16,400,326,545,308,508,456,484,29,436,109
313,257,363,375,4,128,247,483,137,30,521,171,499,109,468
90,357,113,285,401,387,115,171,269,37,537,309,524,267,504
137,483,185,247,54,268,330,364,76,430,8,119,37,475,435
506,252,447,483,363,168,48,68,145,537,267,485,494,545,10
490,312,525,156,457,367,365,18,19,268,234,233,228,504,180
68,234,220,475,203,426,250,293,485,396,301,361,134,480,375
2,427,519,157,568,551,403,230,391,549,562,402,111,268,462
333,212,365,400,394,490,261,161,514,315,317,243,485,142,453
504,353,229,184,62,442,265,513,113,498,156,545,288,36,475
119,341,177,308,400,225,325,321,501,126,8,318,430,113,503
87,287,15,554,442,436,386,37,484,226,431,519,215,259,318
98,485,168,287,489,306,239,134,402,551,65,28,281,328,174
266,364,326,86,361,402,503,58,175,564,121,430,182,380,122
312,180,46,129,113,137,453,461,379,418,503,564,239,436,459
5,475,112,461,56,413,421,129,204,361,38,95,519,290,295
79,197,553,64,5,15,10,161,300,525,362,9,490,301,285
490,79,374,445,161,217,409,293,504,236,378,436,438,568,213
475,424,465,164,263,330,363,367,300,246,252,9,308,270,337
403,14,133,241,433,431,266,390,401,58,485,234,479,453,229
401,7,6,293,422,558,171,10,30,182,37,498,225,141,396
470,377,30,60,25,363,485,76,341,442,270,329,532,146,66
76,279,171,495,201,5,213,386,455,565,137,365,426,289,288
258,47,284,172,239,231,445,465,134,181,367,365,474,555,24
421,57,337,139,525,155,461,391,112,334,234,21,224,28,344
133,243,263,326,525,161,300,163,220,254,387,528,479,168,10
159,545,315,301,190,161,160,122,508,401,368,41,264,267,59
389,444,201,264,304,554,113,379,266,431,464,538,311,251,361
219,248,71,221,60,367,431,308,241,150,142,436,483,461,33
373,558,396,386,30,521,503,175,187,225,263,255,403,78,488
493,135,502,547,51,364,196,450,53,347,566,475,421,518,396
386,537,253,0,151,493,405,455,413,565,208,50,209,63,568
368,299,315,187,175,64,78,357,18,436,113,386,325,543,403
314,401,201,60,62,318,143,502,363,509,354,521,564,330,296
220,287,109,318,123,120,485,225,386,330,323,300,246,403,295
254,164,161,87,457,51,548,401,313,291,491,465,453,320,150
230,210,293,214,252,483,300,234,161,136,436,427,142,415,499
230,66,564,137,459,269,54,247,337,75,509,231,22,33,213
399,253,39,15,412,554,564,246,90,30,276,266,488,119,483
480,475,94,259,66,545,137,493,130,86,483,435,119,494,432
39,313,391,448,524,470,29,293,301,182,433,418,485,264,252
460,354,224,270,67,196,314,307,51,265,220,560,313,133,43
554,293,225,68,562,385,552,417,234,66,355,542,214,238,266
134,435,338,66,92,401,94,295,342,57,458,355,455,459,313
161,343,301,401,269,126,157,231,441,284,365,56,171,461,121
418,259,486,564,257,488,391,113,265,177,161,521,484,388,380
486,442,245,157,336,161,235,113,476,109,447,307,185,519,238
58,488,278,163,525,54,330,460,378,534,156,264,168,300,301
545,213,252,488,301,417,58,283,139,6,276,324,295,79,171
475,259,553,483,123,201,171,213,337,161,104,497,504,472,58
495,379,33,374,538,123,207,34,433,239,306,386,278,528,392
268,247,306,328,488,224,337,151,484,555,365,527,475,323,378
227,431,38,482,89,417,304,476,365,433,246,165,178,537,234
455,324,525,304,306,10,485,453,263,484,161,8,516,554,241
525,300,301,203,483,58,417,175,14,163,133,411,71,429,470
113,515,257,448,490,564,129,318,8,166,332,442,431,72,228
420,14,300,306,59,411,8,504,386,239,355,268,247,24,25
300,190,231,418,104,301,82,176,482,341,545,9,324,378,504
94,104,436,156,389,504,159,142,6,119,415,485,143,278,510
524,87,393,66,436,171,64,337,447,519,435,421,168,31,145
266,198,46,141,10,80,79,108,81,301,483,419,121,170,64
547,334,161,536,277,448,525,542,79,20,551,218,204,94,357
83,133,484,436,142,75,483,287,449,517,425,318,510,288,545
522,62,499,279,2,256,79,556,58,295,239,176,213,485,480
304,528,545,299,361,514,362,301,501,132,276,191,6,313,539
436,396,427,325,182,386,270,428,171,545,355,247,187,458,12
436,497,266,28,485,248,461,442,224,0,161,32,476,2,58
215,386,19,357,68,122,241,318,129,535,398,161,401,90,5
86,213,547,75,2,171,483,566,30,361,429,322,295,231,10
436,246,307,76,164,359,174,566,554,10,32,55,213,210,272
566,485,30,229,355,76,354,401,334,182,409,17,501,318,542
300,548,263,191,79,433,459,137,214,488,321,401,201,457,435
439,30,412,64,537,395,258,503,113,490,268,96,534,190,58
415,225,154,62,564,68,136,307,304,461,501,45,509,164,380
539,280,63,75,252,328,257,30,152,267,484,175,501,139,525
251,299,488,555,216,137,442,38,66,6,219,86,162,258,300
377,156,493,300,206,134,549,435,247,457,227,532,545,41,365
515,293,90,396,554,37,389,58,4,553,47,119,142,484,528
71,553,65,280,189,386,112,307,137,295,114,306,515,68,260
161,538,461,401,213,506,10,355,153,359,475,403,93,256,134
283,510,367,301,259,355,151,318,32,357,447,233,468,396,459
450,475,266,545,150,171,490,307,443,337,482,405,268,113,201
76,276,11,515,5,554,401,258,403,501,364,405,235,0,292
25,302,519,4,76,507,378,412,334,529,234,485,97,405,461
412,448,58,482,30,389,436,300,246,266,119,379,39,111,524
114,133,475,137,233,318,3,214,285,68,39,130,301,181,281
225,161,125,312,386,377,36,375,442,343,436,64,68,396,483
25,558,421,10,224,442,436,497,538,273,239,135,420,302,258
475,435,386,528,59,247,213,309,361,433,413,543,156,92,234
2,68,253,120,306,564,137,333,168,363,355,29,65,424,11
527,396,135,119,449,334,5,64,401,6,408,175,74,0,319
135,134,430,252,265,113,145,484,38,163,537,527,475,534,347
231,37,351,259,28,532,300,174,447,284,401,515,258,424,445
246,363,386,318,281,161,18,504,465,307,134,210,545,234,397
452,457,485,441,400,342,413,268,28,155,79,343,487,309,529
492,464,284,532,487,482,309,549,175,473,79,8,59,488,62
12,159,538,455,300,225,264,171,356,201,386,485,133,20,504
470,270,269,359,72,527,111,68,198,315,452,123,104,51,151
119,266,142,443,222,465,66,284,129,181,404,492,278,11,28
267,213,393,527,396,278,483,514,161,308,498,257,551,202,465
134,20,490,30,267,314,385,37,482,170,389,378,525,419,64
72,258,161,2,411,309,206,443,201,1,436,470,175,379,342
503,276,425,299,313,209,442,526,64,401,87,188,215,363,548
554,239,137,536,259,92,361,244,434,5,525,485,321,138,391
99,252,404,434,278,520,76,229,355,358,436,549,91,6,30
432,512,240,554,66,256,20,115,187,142,146,503,132,365,170
541,424,403,458,498,264,365,56,545,524,161,485,38,504,363
269,555,92,409,498,551,171,253,459,10,393,563,133,314,315
9,435,94,40,175,295,391,538,102,429,524,31,300,475,554
566,278,10,30,335,448,554,205,401,31,137,258,154,300,241
292,553,66,437,451,228,191,75,136,300,60,374,301,251,363
16,206,54,180,545,442,443,161,514,386,36,35,7,79,300
138,457,104,328,38,432,386,488,62,203,55,79,540,266,217
554,401,32,299,300,119,460,263,70,334,295,225,354,537,192
76,211,55,137,341,6,386,171,365,142,380,201,263,254,336
171,485,32,545,327,508,307,318,562,574,128,401,323,380,364
521,98,224,10,386,519,345,264,337,363,429,89,494,307,565
483,18,363,51,365,521,443,547,503,488,236,276,79,538,285
161,31,68,468,457,155,483,39,363,442,122,171,402,568,213
390,535,234,308,359,33,258,129,415,330,326,434,534,9,6
239,227,231,448,6,279,409,33,113,538,201,58,483,490,129
148,376,145,448,480,7,134,510,488,171,16,214,396,500,50
39,534,538,272,92,31,361,18,503,337,532,201,301,175,247
336,527,270,263,32,16,68,404,254,161,428,412,545,122,556
343,436,180,539,218,7,573,166,399,566,488,161,171,182,134
558,113,514,468,266,337,54,231,7,336,112,123,412,357,427
320,514,2,263,145,58,528,272,509,18,417,538,355,411,260
14,496,482,93,551,113,104,99,380,300,9,312,37,76,529
10,401,386,138,40,504,270,92,553,214,132,137,190,314,485
307,361,549,264,465,233,504,258,374,412,498,483,512,134,552
555,260,79,174,247,59,300,175,293,203,551,146,328,554,351
343,443,66,10,299,214,282,380,276,296,215,424,485,50,342
483,124,497,447,504,68,538,295,161,329,488,97,26,431,537
412,161,301,307,333,436,424,492,123,536,396,527,386,311,549
278,347,31,423,400,477,146,61,566,29,247,263,326,549,519
142,234,10,268,175,54,551,341,371,115,6,532,279,542,137
361,259,283,488,61,79,300,194,313,484,254,161,470,7,55
459,79,10,486,376,484,25,430,307,351,448,539,70,308,540
396,284,187,454,389,201,485,48,361,573,547,554,519,329,32
279,436,247,550,16,394,572,263,501,343,521,231,320,498,254
284,213,558,231,344,150,171,198,501,459,181,483,420,76,306
367,203,436,468,64,204,47,224,155,190,300,263,457,475,32
77,361,63,484,76,171,299,405,17,387,359,64,461,548,355
133,483,3,330,366,112,181,550,401,46,285,356,459,461,319
59,241,386,387,442,231,4,390,190,389,356,483,300,559,72
122,327,386,312,485,123,26,299,550,300,318,104,512,76,510
365,363,420,489,432,50,545,324,401,2,39,247,89,321,11
171,142,129,435,76,6,222,126,529,445,159,306,420,254,119
389,266,307,324,461,129,421,534,64,485,119,401,161,138,513
554,76,175,313,270,326,64,92,385,44,418,18,336,558,396
457,157,233,32,181,132,483,462,18,382,547,545,524,503,425
460,210,134,433,160,379,16,279,308,514,8,355,551,409,212
112,386,318,89,161,396,564,204,464,258,413,459,436,301,300
330,281,10,439,293,175,231,69,134,547,403,13,483,336,312
532,461,438,318,132,452,524,30,227,11,279,38,309,239,284
168,494,548,59,263,82,436,367,435,165,265,264,539,525,387
301,326,483,490,241,413,389,195,373,36,338,281,340,435,142
449,258,260,485,134,351,519,5,537,253,386,547,182,137,524
399,6,277,553,512,436,536,137,475,498,2,325,218,433,507
164,280,64,436,229,343,10,295,334,18,177,328,472,129,492
515,257,145,427,8,401,345,301,164,521,58,283,68,485,365
276,283,573,537,196,408,482,553,344,137,301,229,485,554,519
408,175,490,277,269,300,265,386,485,379,116,424,475,8,65
503,187,474,56,475,37,438,450,483,161,300,136,459,287,151
417,389,514,304,58,385,10,459,571,301,113,30,175,267,483
6,33,485,64,475,79,538,47,218,472,252,416,142,376,489
2,50,462,367,512,254,337,74,129,396,146,264,389,479,507
459,99,319,342,214,187,475,461,95,272,330,145,448,277,66
435,476,197,346,133,301,268,387,79,336,396,43,234,214,128
451,571,168,314,322,386,412,175,37,401,228,304,328,30,182
488,31,401,431,526,213,5,361,486,336,411,218,75,126,156
113,313,268,409,278,455,485,430,84,321,9,291,25,405,539
460,161,252,367,538,113,354,389,137,307,552,84,455,504,182
413,94,555,321,442,50,192,161,86,137,545,396,177,4,532
150,51,504,344,532,203,558,332,485,254,181,522,328,401,219
572,175,66,134,264,534,137,161,558,423,430,16,182,455,287
248,443,87,175,554,363,326,143,306,133,320,122,132,483,134
263,94,201,423,6,525,401,255,278,168,10,357,32,78,492
519,56,68,566,173,252,228,385,246,412,8,326,567,399,365
525,562,361,334,459,375,194,424,471,300,378,104,270,323,401
259,213,519,87,276,116,564,380,123,278,445,355,35,545,468
99,76,417,371,485,123,386,419,512,31,191,392,258,18,442
424,312,89,401,325,39,475,133,483,2,436,79,225,356,135
442,519,189,58,555,558,330,401,16,301,421,573,30,228,514
407,510,229,146,400,235,247,337,525,275,134,389,482,345,485
529,430,32,432,38,525,553,166,9,171,436,94,344,218,58
537,564,283,285,350,485,76,391,436,499,527,525,261,473,14
401,332,284,64,66,61,519,502,306,258,122,247,300,285,201
8,167,427,247,10,132,344,142,558,66,473,16,415,64,547
119,170,376,368,66,546,252,171,488,288,517,277,417,302,20
30,550,168,459,318,247,5,337,161,234,396,214,443,4,119
38,288,228,34,336,412,282,361,31,484,9,39,277,121,440
183,46,266,308,25,528,134,213,32,0,459,538,526,476,412
126,313,129,253,288,460,134,509,547,308,33,435,39,213,357
380,166,235,24,362,488,134,203,228,292,391,336,176,308,441
94,62,191,558,58,377,527,318,307,537,59,379,63,344,408
485,255,337,135,112,484,355,95,201,159,66,266,229,228,268
267,281,234,6,300,424,359,16,488,233,321,38,491,529,196
93,556,109,540,268,538,442,403,383,342,10,254,341,76,142
265,189,484,132,373,215,137,330,151,138,129,187,480,134,92
30,163,357,519,334,465,161,191,122,361,16,129,503,508,316
161,391,299,146,342,114,229,264,10,214,266,568,213,554,306
558,483,400,113,430,191,252,393,525,401,133,196,260,231,413
193,342,566,359,300,0,390,141,8,119,92,260,554,144,386
364,197,323,309,465,326,468,315,365,277,23,126,450,46,455
534,529,266,267,235,472,554,258,434,509,175,355,113,216,234
119,161,234,312,442,213,301,103,364,174,76,196,163,452,252
386,219,519,56,171,459,485,166,518,162,134,189,315,564,278
248,300,374,540,72,112,228,32,475,347,213,288,209,187,473
64,59,447,403,181,330,401,573,337,570,365,168,293,430,553
391,143,482,512,443,558,315,129,144,205,488,87,120,424,351
330,389,290,328,129,247,548,517,435,326,51,168,137,59,238
6,529,365,278,515,430,9,133,163,73,381,498,164,58,135
402,530,534,268,182,448,420,447,183,414,201,442,299,92,524
254,79,509,431,87,343,213,341,33,2,39,302,252,519,452
229,171,435,28,136,155,283,382,134,389,10,214,248,488,90
405,432,0,194,137,539,337,159,475,215,175,55,386,314,99
553,132,71,554,455,268,386,267,252,540,514,337,164,530,436
171,47,10,289,403,261,519,101,551,377,342,180,17,161,194
484,247,379,266,257,483,430,211,252,417,271,206,359,67,119
429,241,144,220,214,172,65,75,483,24,9,537,318,37,558
203,92,60,512,266,459,32,519,37,20,161,107,429,365,263
312,46,482,113,537,183,299,389,168,465,330,92,483,6,259
308,256,401,151,228,459,10,15,181,321,4,400,554,105,453
475,93,134,269,10,412,355,11,293,254,74,38,501,328,553
293,355,488,554,145,376,480,551,330,346,161,300,534,421,475
32,172,213,182,266,307,462,261,68,528,532,420,300,325,301
157,174,400,380,293,401,418,115,252,113,374,239,5,38,69
553,565,30,86,11,483,386,413,64,495,409,344,287,92,401
59,137,134,266,214,435,229,498,533,182,106,386,334,524,87
542,64,257,136,308,295,359,448,528,68,547,266,203,170,341
431,363,75,228,545,520,313,427,485,346,287,513,334,194,278
546,415,244,436,194,298,482,104,312,321,355,219,324,484,336
57,334,509,30,403,246,67,52,336,187,566,470,421,182,47
109,447,64,367,132,0,562,381,201,461,37,519,234,71,550
5,300,38,16,525,206,332,537,418,306,302,122,413,315,159
87,552,504,128,534,564,90,403,448,401,393,554,436,40,6
344,133,483,422,163,396,20,64,413,104,341,355,122,225,461
257,435,380,7,18,436,175,21,421,527,321,344,114,260,413
363,402,137,390,328,204,551,538,5,574,433,460,448,512,291
322,265,413,299,373,422,482,421,170,321,64,15,201,10,191
68,444,206,58,183,357,355,113,268,30,272,488,32,265,194
479,212,380,51,443,10,268,373,494,68,475,76,354,71,461
457,282,12,52,401,116,113,68,277,30,133,436,540,538,37
334,534,64,488,309,119,519,313,58,219,545,181,535,281,175
539,505,389,572,530,323,309,154,115,189,44,197,396,19,119
234,175,455,412,521,545,548,537,519,266,421,203,64,257,288
321,203,434,326,410,109,564,4,433,134,227,547,267,457,220
10,204,4,224,231,476,569,514,247,301,444,377,537,161,265
550,511,16,282,386,4,134,38,281,142,21,225,378,529,400
436,524,417,137,435,16,359,268,35,301,131,231,306,514,61
330,333,5,132,371,539,307,378,62,302,31,301,113,87,7
254,381,528,549,307,355,514,269,66,114,504,419,186,138,534
423,313,365,171,417,201,214,340,495,266,31,119,84,485,92
32,300,386,99,76,152,410,488,284,248,246,562,171,499,285
437,351,222,330,415,281,62,79,400,33,51,172,182,413,558
342,6,568,166,134,335,436,135,119,368,30,5,431,57,405
38,281,92,203,435,64,201,538,2,391,8,284,200,432,519
317,345,134,396,129,475,32,367,483,515,442,168,301,391,364
262,287,431,16,485,214,125,191,137,225,557,547,328,537,455
533,300,359,521,272,401,430,460,182,38,59,32,12,409,258
436,280,314,519,276,137,470,411,401,79,171,191,307,442,175
558,68,319,44,403,90,59,514,58,461,547,301,175,138,436
521,269,343,87,396,32,287,519,455,421,175,264,228,159,266
133,304,455,490,267,357,171,341,225,224,74,509,344,534,560
537,386,391,461,354,156,355,12,90,564,547,282,427,47,519
355,321,401,549,527,451,51,315,334,224,564,524,483,225,457
363,175,313,79,132,337,361,252,459,455,346,267,285,145,364
10,501,514,192,314,6,285,431,398,534,32,354,154,4,259
504,375,517,564,415,142,432,30,301,116,189,175,105,90,553
381,287,357,461,342,362,261,6,455,417,164,408,391,334,171
494,114,304,412,101,529,355,122,187,24,490,503,566,203,513
113,279,108,563,459,163,138,394,121,428,443,562,197,171,435
371,40,526,234,309,300,79,403,483,430,431,457,386,190,299
470,399,70,483,553,364,211,328,195,143,229,442,252,272,151
436,201,545,0,194,312,396,528,326,346,156,164,556,337,515
313,355,256,406,319,408,57,279,498,524,160,161,545,33,58
50,415,86,324,109,528,300,403,10,483,303,287,134,365,430
86,359,306,525,364,91,135,480,553,435,291,288,479,67,467
18,483,556,84,8,442,373,126,509,252,154,530,466,433,488
215,31,166,539,276,12,448,50,525,86,401,74,206,32,509
519,363,2,203,485,113,401,328,280,198,30,47,235,442,224
224,545,347,418,483,119,300,267,6,524,492,334,191,491,371
335,346,353,37,76,288,403,447,427,152,222,192,475,48,435
300,6,137,9,58,10,38,152,299,524,168,26,60,186,386
55,114,171,208,342,363,266,355,436,537,442,163,58,518,484
198,105,270,401,203,361,252,254,330,368,306,554,201,485,391
389,171,288,272,320,553,168,547,224,75,68,482,308,445,268
300,98,38,443,260,564,206,509,525,92,259,441,519,401,386
272,498,178,257,201,429,87,407,167,231,324,328,545,64,161
364,79,475,281,134,565,373,235,468,239,402,56,254,491,498
321,255,385,30,317,476,470,443,225,234,382,411,191,152,566
485,38,380,175,330,412,475,365,472,401,551,396,219,318,430
187,215,225,345,86,183,494,399,53,246,318,207,241,330,18
299,527,182,292,497,525,30,565,75,285,156,396,64,5,94
483,379,386,210,389,234,562,145,380,105,175,195,0,299,431
417,247,268,527,564,171,161,39,2,9,143,128,79,30,113
9,344,171,427,307,566,3,524,285,317,76,373,136,62,537
76,442,31,521,488,302,403,337,263,312,151,380,368,228,5
2,396,157,94,435,254,113,163,514,362,461,482,285,300,76
517,31,483,403,267,258,426,278,462,218,574,355,247,160,509
76,7,231,528,436,411,247,401,87,363,133,531,134,330,299
465,227,529,258,501,41,532,545,267,300,352,136,66,310,444
340,164,309,479,436,32,56,467,538,475,229,388,263,485,18
542,519,316,50,365,187,231,475,315,10,128,409,413,556,58
119,495,389,300,395,343,246,66,283,199,459,268,276,44,378
51,507,128,551,115,295,133,30,68,12,503,75,288,448,479
263,260,318,146,218,548,156,80,247,323,494,204,5,49,351
113,176,115,18,555,150,485,536,386,345,364,278,175,355,458
494,317,438,425,531,236,66,562,536,374,485,64,387,13,475
314,74,337,403,484,436,574,300,260,263,355,448,552,390,161
235,7,389,50,459,430,527,266,300,319,4,134,6,123,510
418,246,113,403,549,30,171,465,301,382,98,201,430,128,409
435,204,341,376,300,536,480,231,390,387,457,411,109,175,301
109,4,7,514,199,50,191,142,119,68,38,373,126,36,156
293,306,571,283,487,300,10,30,133,8,246,308,156,152,317
488,74,90,299,93,565,545,490,204,462,400,461,272,2,295
330,268,405,254,30,448,161,38,415,417,510,335,214,442,497
173,574,163,345,538,547,185,32,20,379,364,428,363,333,231
301,573,563,137,114,551,433,75,417,44,170,134,385,317,152
182,133,436,119,545,431,318,551,515,78,407,459,295,413,448
536,531,379,152,564,215,545,485,377,265,519,76,300,549,363
267,6,564,113,94,282,444,242,556,543,128,548,365,204,39
258,243,272,540,113,475,567,343,252,225,377,480,308,183,524
68,213,170,327,534,222,187,301,430,548,538,457,58,355,171
436,442,464,138,417,51,503,141,137,304,241,130,545,512,485
343,389,258,371,32,99,400,15,161,201,14,287,57,51,10
301,547,476,155,498,317,86,20,328,136,33,485,289,565,449
564,163,556,330,64,164,59,260,75,572,364,417,39,488,548
166,109,347,334,564,307,203,30,122,137,453,2,119,363,549
92,68,330,571,225,336,470,64,424,361,84,527,187,328,11
430,538,441,133,222,137,47,554,256,6,313,443,488,7,341
219,386,545,525,66,113,266,499,64,56,318,30,213,365,300
301,32,300,175,408,573,357,313,89,295,479,398,475,419,368
164,101,536,418,30,268,247,326,131,530,537,203,38,4,68
267,551,161,508,386,380,313,413,321,179,201,553,119,337,485
529,135,99,530,307,435,92,10,134,379,557,222,568,128,225
285,306,76,308,386,558,29,6,361,246,68,334,545,364,488
566,219,307,278,363,519,482,256,239,271,113,281,134,547,133
57,192,254,213,308,396,507,389,537,545,16,295,8,488,104
113,401,334,266,537,556,137,510,108,454,545,64,417,488,123
156,523,134,285,30,122,511,401,421,109,307,379,171,472,345
229,396,376,427,120,61,82,228,291,97,484,330,538,387,328
2,528,161,279,391,145,97,337,39,128,386,363,66,104,454
566,49,276,379,178,326,266,254,205,10,522,515,405,171,443
416,465,94,457,115,525,182,396,252,444,386,56,524,308,512
475,39,524,182,389,247,359,436,485,521,277,102,555,345,108
427,133,479,228,344,37,431,213,193,299,533,10,2,19,459
138,485,276,537,64,10,396,504,58,95,87,31,482,271,288
203,538,294,233,281,75,318,201,524,290,256,16,313,460,540
409,314,137,115,252,355,436,234,358,555,407,64,204,161,508
307,51,260,87,531,137,427,508,459,89,341,92,538,30,55
191,177,76,438,170,32,62,207,538,203,92,58,485,223,343
142,123,5,503,400,420,537,76,379,545,268,94,250,182,213
475,46,138,6,10,342,560,30,525,190,346,128,379,277,555
257,396,536,133,214,125,566,247,190,378,307,199,263,168,498
346,259,301,90,179,76,420,545,288,37,224,213,152,472,225
447,485,304,435,246,363,574,553,89,140,301,351,324,79,386
5,527,435,300,442,50,461,330,306,483,241,417,60,231,233
376,473,300,485,201,6,418,267,233,16,30,540,525,345,310
113,451,170,68,67,545,181,418,514,61,380,231,376,552,412
94,203,205,79,532,32,435,64,428,336,263,137,442,201,567
130,401,264,457,68,494,458,485,2,539,171,58,549,229,447
234,485,361,401,301,168,368,194,366,161,300,59,191,58,119
386,171,9,534,268,109,218,343,536,313,393,159,96,239,527
430,316,519,371,415,455,508,327,54,461,175,201,320,115,507
119,214,159,398,550,288,390,457,342,401,246,299,185,485,480
266,272,461,513,39,547,276,92,328,488,28,68,285,417,514
522,564,365,396,231,551,519,300,442,488,38,134,308,112,58
248,436,545,59,5,532,443,401,430,10,228,319,483,219,68
4,145,291,113,161,10,142,278,129,513,566,376,191,514,355
241,151,470,336,16,386,481,229,394,380,213,299,133,115,6
175,30,225,385,156,16,63,119,64,50,441,154,130,247,319
431,76,323,545,33,250,5,332,325,16,344,241,203,396,455
558,300,354,343,123,278,417,408,109,151,47,530,272,511,358
434,465,406,54,475,229,304,435,436,32,332,30,5,380,264
62,478,260,341,514,175,197,200,532,494,70,302,472,164,564
76,514,6,435,434,168,267,564,201,164,508,61,38,486,8
119,171,377,433,558,537,121,457,138,246,137,368,50,155,519
312,429,431,18,247,420,403,6,166,442,0,421,269,296,2
542,545,134,449,426,219,182,411,231,367,268,18,280,171,549
119,304,461,129,251,287,442,16,20,406,289,428,247,361,79
494,357,301,471,40,18,407,488,228,485,10,555,515,38,93
291,457,120,76,313,490,396,264,367,256,214,278,494,229,377
460,394,554,312,499,234,377,338,183,133,379,257,291,267,373
66,158,290,435,326,134,359,443,268,30,421,263,75,357,241
219,171,308,159,374,281,377,480,489,483,8,398,524,247,321
247,485,488,134,225,386,391,79,461,256,514,39,156,30,14
133,56,475,263,264,319,552,539,457,386,159,228,134,296,361
427,168,515,58,139,545,32,424,380,175,378,506,64,260,435
128,503,470,237,7,30,436,391,84,241,549,562,224,212,461
121,201,403,26,420,572,231,37,389,441,475,530,58,462,328
488,545,343,99,36,145,319,125,549,252,475,499,551,386,315
363,4,163,33,22,461,135,482,272,39,295,214,175,554,489
214,86,497,562,498,171,304,276,134,76,491,380,24,318,113
308,20,389,462,436,376,485,281,367,409,254,461,494,295,171
386,474,501,460,137,225,365,10,246,483,355,436,68,92,32
89,204,411,102,488,64,32,284,508,225,67,18,363,14,318
10,229,537,67,146,559,5,363,142,344,442,203,287,239,558
436,338,524,435,30,476,137,488,113,528,155,498,234,10,525
386,176,203,363,56,161,554,255,49,440,29,266,167,137,442
568,112,480,300,137,258,24,58,87,272,413,436,25,483,128
572,545,318,18,514,475,26,175,241,396,308,573,386,443,229
151,313,137,457,7,300,365,138,475,78,396,568,519,318,239
501,220,363,137,417,38,347,385,257,203,32,8,30,475,343
337,147,137,382,58,483,50,355,537,317,159,469,488,171,10
1,252,175,483,105,254,4,238,354,513,137,329,545,405,156
240,484,401,389,134,550,461,319,12,562,231,68,301,86,102
348,411,386,517,287,283,300,32,64,396,122,330,313,8,554
171,156,436,306,1,435,32,10,229,485,35,394,504,164,77
39,55,468,509,443,95,30,365,450,203,344,122,87,10,64
455,137,201,150,447,330,507,174,435,388,341,523,301,323,246
213,195,330,76,75,44,300,32,483,144,420,59,276,448,50
239,213,498,171,28,476,225,482,512,115,68,37,201,231,460
528,483,365,290,165,252,190,64,488,83,573,128,145,300,330
386,459,168,30,198,163,10,194,206,476,528,175,533,242,81
207,134,547,480,201,447,442,213,229,268,326,224,8,564,365
285,537,400,194,216,175,132,77,431,498,394,113,302,304,39
436,284,361,403,476,110,43,161,195,134,428,554,524,259,383
301,252,337,113,300,323,276,442,389,526,229,174,330,313,347
268,155,99,503,507,58,539,50,26,449,529,161,450,475,152
172,411,86,459,152,461,396,16,574,25,94,314,87,239,483
190,159,300,296,175,509,430,79,508,330,425,530,10,363,401
218,475,540,9,8,330,489,473,373,470,165,510,420,549,39
11,214,182,333,554,565,191,485,357,252,201,524,343,267,203
175,401,278,355,547,475,228,362,479,238,346,359,318,171,109
1,142,365,442,514,486,403,182,432,528,231,7,90,152,216
12,545,37,549,439,295,504,259,569,300,459,399,174,310,394
380,440,233,389,145,256,231,449,2,475,120,310,501,16,161
138,161,539,156,47,386,36,269,553,268,306,363,484,488,355
182,201,278,198,340,529,10,459,180,390,485,234,431,549,387
30,64,168,374,386,355,452,6,532,252,461,214,339,138,307
182,5,92,527,133,56,462,396,486,415,413,6,58,428,547
193,133,376,96,435,523,201,424,325,462,160,171,515,90,304
212,139,5,457,136,87,470,415,137,475,326,435,247,134,10
134,111,361,386,100,235,175,137,161,268,426,460,35,456,473
0,299,6,389,365,285,213,203,90,283,457,324,405,48,269
133,138,247,512,386,362,554,142,119,533,476,235,229,185,558
503,338,427,443,71,396,376,37,272,499,47,299,304,64,378
573,281,327,282,66,168,78,550,459,421,215,361,156,213,485
290,164,343,482,424,257,87,300,302,338,430,376,392,68,32
509,553,401,405,135,527,431,429,66,79,142,287,436,183,245
10,155,529,74,533,263,409,423,535,289,246,386,299,485,447
137,321,50,553,175,527,311,165,68,201,272,475,434,64,108
263,455,521,483,156,152,201,512,316,211,435,182,418,258,5
40,292,203,79,396,442,488,233,285,521,156,255,480,525,447
456,6,525,134,386,436,485,528,565,401,537,64,92,409,508
216,135,94,534,380,246,134,488,68,376,90,483,288,436,413
459,401,268,354,234,394,11,365,131,2,282,144,436,285,442
134,30,285,415,442,367,136,573,503,264,475,258,241,488,554
549,257,473,269,276,239,551,133,447,564,534,20,555,247,141
318,72,545,2,287,319,499,87,474,75,361,341,475,69,164
386,183,532,61,171,529,551,501,396,195,370,161,549,292,291
291,137,76,330,268,233,312,161,295,246,525,448,313,566,30
58,504,10,473,99,288,566,68,498,241,435,5,95,540,549
210,203,33,278,282,430,307,161,10,142,486,156,568,270,391
280,389,68,163,233,64,266,524,224,324,521,230,485,12,495
474,6,135,482,348,68,190,152,256,548,129,59,64,9,540
396,218,485,142,434,156,380,36,276,151,568,346,341,62,424
485,402,266,6,354,13,112,120,213,31,501,290,288,571,375
486,30,138,455,171,462,261,9,519,494,65,134,282,552,249
66,525,435,12,524,30,76,19,352,310,323,425,6,62,510
259,290,328,497,485,307,240,386,86,554,59,10,438,75,64
125,476,276,65,524,66,355,208,321,549,442,299,441,288,424
564,405,566,545,427,356,503,54,246,573,457,527,87,529,257
442,344,68,180,256,484,396,363,453,341,299,545,175,203,399
484,300,213,562,362,33,529,525,282,566,32,395,255,134,37
401,225,263,247,13,231,562,299,94,307,519,301,224,66,93
128,566,428,524,296,553,164,9,525,156,57,301,497,306,370
351,385,300,401,457,30,37,87,229,290,545,483,430,378,166
36,58,64,287,510,276,239,401,413,210,485,24,403,168,447
440,10,300,564,312,174,76,378,103,441,182,247,161,380,461
64,224,30,260,78,310,366,246,171,461,68,45,109,513,59
193,371,268,278,293,405,415,50,364,435,514,31,213,114,537
514,93,432,483,464,355,307,247,387,75,539,455,179,389,324
409,280,475,296,263,334,201,247,276,8,538,142,291,463,514
137,224,564,485,411,5,473,61,436,145,266,549,133,56,33
389,418,364,321,45,562,282,524,527,343,96,287,378,23,266
436,401,367,337,498,431,527,281,174,134,504,317,455,444,2
480,300,526,415,513,268,59,483,31,68,391,281,147,285,308
134,400,475,6,433,5,361,225,447,558,231,554,84,137,319
291,256,183,243,387,343,201,371,293,20,382,403,139,420,109
313,241,207,547,86,235,490,573,190,343,46,68,367,25,191
514,389,203,290,469,476,378,525,137,435,190,436,246,485,229
538,64,452,403,290,473,411,386,99,62,451,409,31,5,499
277,334,137,54,511,468,218,310,301,94,71,553,435,530,76
345,301,7,222,233,137,182,196,32,551,514,102,315,134,119
436,502,128,33,134,391,328,341,144,412,301,61,5,367,346
191,137,525,75,92,323,289,300,129,161,247,514,206,389,8
413,2,161,32,501,211,365,381,145,18,504,51,79,516,233
143,53,168,386,292,58,516,537,79,10,293,11,389,457,346
415,467,525,87,553,113,2,502,180,288,70,108,161,278,244
540,564,514,519,60,58,524,132,367,411,534,412,137,171,119
191,450,119,561,436,551,413,137,300,129,37,120,10,342,379
109,323,568,517,250,156,31,436,540,33,475,18,134,304,504
529,413,68,553,424,307,234,512,222,17,442,120,376,115,18
551,59,161,122,413,87,534,288,156,345,86,461,183,171,119
171,20,248,87,437,528,547,483,475,515,281,504,360,2,175
159,119,380,449,18,463,483,564,75,137,195,233,214,555,5
327,203,301,266,525,129,376,181,288,283,66,389,231,501,8
218,365,528,39,503,76,307,306,168,171,328,2,408,20,400
129,392,313,475,113,515,220,331,1,12,309,483,203,190,382
156,66,330,436,568,2,201,528,213,364,90,268,161,554,62
201,155,321,87,306,537,347,135,166,113,483,465,326,261,234
205,213,382,133,282,121,388,519,84,435,135,75,268,442,137
258,470,113,320,475,318,436,6,165,109,229,238,225,301,545
10,307,65,296,114,142,515,341,343,38,234,161,475,9,340
10,411,464,421,448,308,284,324,287,418,252,366,28,288,63
134,435,336,161,459,254,194,190,497,38,279,203,321,558,408
361,7,564,484,512,485,317,228,151,386,204,401,443,526,563
9,55,60,269,525,365,503,418,182,473,373,6,337,215,211
485,424,129,30,204,209,290,32,354,76,115,132,131,495,550
246,9,307,504,457,330,261,503,146,30,194,564,521,263,281
5,515,418,214,460,478,396,403,540,373,307,150,549,442,277
356,6,237,490,537,100,459,475,10,201,503,278,420,119,347
330,338,68,386,229,534,32,30,413,194,475,94,89,272,459
2,48,386,133,330,161,411,9,408,288,563,443,229,367,437
555,412,488,346,528,291,537,508,553,393,336,213,480,48,479
308,64,146,476,421,1,573,485,151,119,258,114,367,506,273
171,161,411,279,300,511,145,172,525,452,535,5,65,401,156
534,488,337,182,18,366,250,137,524,37,76,183,568,533,115
401,314,310,61,31,528,270,163,161,234,134,403,480,355,119
235,306,7,524,272,122,334,332,58,16,403,412,18,512,545
111,267,1,287,299,521,370,483,155,355,16,161,97,247,446
555,31,269,432,89,513,545,124,300,260,76,6,283,77,355
293,31,482,61,2,548,170,58,418,201,66,564,367,519,160
532,182,174,231,214,485,498,304,203,428,470,255,229,32,20
361,159,488,175,532,47,489,415,566,246,380,30,142,140,424
403,433,436,537,362,254,132,417,18,529,355,572,342,549,412
168,401,113,455,5,2,493,374,142,133,87,330,363,225,187
87,42,16,380,496,279,137,234,448,458,295,449,288,182,553
199,401,483,2,125,132,548,20,0,267,50,289,435,26,318
396,341,157,435,430,134,488,566,497,235,79,195,182,342,231
307,201,26,30,40,300,519,457,338,66,488,137,318,413,110
46,486,175,278,28,299,495,39,291,23,73,203,432,103,79
405,50,327,142,325,355,450,436,532,536,448,293,265,415,306
524,482,367,83,231,525,547,234,279,415,574,137,156,321,203
155,108,181,201,30,488,66,277,434,485,156,119,498,401,521
475,87,300,405,10,268,125,494,499,283,554,401,8,254,564
138,156,301,234,106,396,119,321,537,171,515,9,191,432,529
135,564,436,413,68,90,91,403,204,161,172,415,240,269,475
17,299,402,26,109,515,252,213,76,483,341,79,287,307,60
262,484,408,99,291,168,246,498,315,159,397,475,126,387,534
545,299,565,501,434,144,400,401,532,425,267,276,457,403,519
11,537,363,330,545,468,288,111,430,58,282,137,401,325,272
53,177,357,425,244,90,66,321,549,537,389,16,314,33,461
514,20,227,435,408,448,166,551,323,528,175,515,308,68,61
119,165,42,163,247,438,255,540,459,66,104,261,181,363,379
538,66,231,468,36,266,254,132,255,213,304,4,195,241,483
557,483,288,171,396,129,64,558,493,377,254,145,241,273,475
299,195,43,386,346,515,64,268,59,318,527,2,155,63,401
161,84,134,268,79,182,92,424,38,171,347,574,280,435,234
133,371,484,119,66,64,5,213,560,39,40,68,62,212,252
142,461,549,324,182,376,307,564,504,228,482,247,30,436,442
218,122,216,369,387,56,334,354,457,225,323,524,33,485,548
552,288,337,246,484,342,306,171,97,1,361,488,278,137,326
65,175,341,299,260,485,170,402,132,98,458,348,52,171,427
504,87,508,66,527,30,259,567,112,123,276,485,9,109,243
6,248,79,313,386,121,108,411,405,201,319,30,38,277,299
144,387,561,90,228,179,270,58,566,497,182,66,263,510,432
418,386,389,455,271,261,10,238,92,532,64,513,537,133,146
571,145,482,93,285,51,171,5,318,157,449,76,503,87,168
15,201,137,412,553,483,528,490,64,161,408,182,119,58,37
9,537,433,322,403,137,34,566,359,279,64,574,269,290,549
476,309,396,2,330,359,403,227,461,75,171,67,539,443,488
433,197,2,536,299,196,254,339,328,161,545,137,379,396,470
532,254,33,119,410,354,24,399,472,524,5,402,49,527,300
394,401,225,258,268,483,65,391,234,351,272,417,465,484,119
126,342,462,210,325,142,486,161,38,508,300,502,476,201,517
574,410,30,227,87,536,92,62,484,260,318,572,319,547,247
170,181,509,357,308,89,64,314,9,445,534,386,330,282,105
161,488,201,182,105,225,130,320,378,528,485,152,386,310,314
228,386,278,66,204,137,501,16,308,538,51,387,35,10,76
87,24,386,373,307,547,413,159,10,68,89,421,234,30,539
318,300,132,252,163,295,10,256,76,51,396,161,415,389,257
79,272,445,365,317,314,171,367,448,436,376,462,7,191,361
424,79,300,261,304,386,122,517,514,212,525,30,203,225,65
254,137,484,344,390,272,0,566,161,543,71,549,330,534,87
171,300,299,59,419,330,268,30,218,285,201,140,113,429,231
330,480,263,420,281,209,268,436,412,475,524,367,161,326,314
194,268,111,483,334,314,503,76,26,216,285,509,190,204,453
151,154,285,97,343,137,540,189,155,10,482,195,150,294,25
554,418,307,475,430,527,404,346,304,488,421,225,519,10,313
400,76,488,313,111,30,450,139,362,436,64,146,241,574,533
328,458,161,151,93,573,260,269,189,337,475,10,553,401,166
48,458,68,140,76,548,365,18,376,106,266,138,167,410,403
112,134,363,307,409,345,403,10,534,461,419,329,195,234,401
268,252,4,354,336,343,513,201,503,483,553,66,301,10,539
109,339,198,510,30,386,209,220,485,55,545,299,120,293,309
365,413,161,501,485,198,300,68,187,468,111,94,50,337,118
558,58,268,5,396,439,256,171,13,409,257,529,10,415,285
303,64,291,443,137,299,253,26,255,426,503,498,30,318,101
515,10,225,20,155,89,164,430,337,413,323,367,77,266,436
503,20,8,191,159,64,485,247,433,532,171,134,210,67,287
113,258,296,443,411,265,367,431,224,524,171,457,247,386,163
391,543,4,455,234,300,476,512,436,20,393,267,299,171,473
341,4,272,389,401,361,46,532,279,447,475,31,519,548,496
228,49,330,402,9,58,155,529,175,367,256,539,494,52,561
301,204,458,371,266,8,6,203,303,129,484,120,341,377,5
116,415,504,198,547,313,293,295,161,58,213,475,436,220,263
104,14,386,5,547,436,330,182,319,68,318,344,153,123,509
434,413,308,547,485,182,304,100,252,529,72,247,295,550,483
380,435,525,30,359,171,312,480,76,247,386,548,538,409,485
490,488,343,348,431,545,573,483,65,524,387,50,300,268,256
230,510,436,345,313,328,489,76,143,387,527,484,4,555,34
10,241,547,337,64,87,252,5,409,386,4,524,359,288,201
488,301,265,321,299,318,290,86,266,47,283,498,96,7,413
234,59,441,420,288,152,190,6,229,402,524,68,266,396,321
152,225,473,442,361,401,557,222,171,235,517,386,76,462,565
192,66,489,313,113,373,138,299,251,488,50,134,327,521,267
143,235,551,373,459,214,492,161,152,330,1,76,267,532,485
20,301,157,219,64,325,93,16,498,465,288,289,461,485,527
338,272,10,445,330,291,566,370,535,266,449,510,514,401,553
288,386,318,64,457,18,534,143,10,330,266,39,58,161,326
186,99,278,341,382,529,524,231,134,151,343,247,133,432,566
470,26,436,87,113,409,281,300,18,222,4,220,396,224,330
234,110,128,134,442,396,50,270,66,218,187,159,301,508,197
64,534,134,32,356,396,76,142,326,269,214,295,50,175,540
63,247,231,393,401,475,76,204,459,345,396,339,532,326,152
161,544,178,10,12,284,571,68,18,430,532,182,417,368,231
308,417,485,324,537,347,410,376,233,137,554,519,4,119,398
436,67,488,197,301,405,133,307,402,428,430,485,268,68,119
301,538,30,39,59,401,455,166,560,431,564,163,436,87,279
527,142,455,24,374,290,119,436,133,175,174,545,57,503,468
234,339,285,218,172,137,379,380,485,341,79,389,455,537,205
272,97,171,342,337,9,482,268,413,504,164,379,348,58,376
155,66,306,213,559,458,93,564,134,537,538,122,172,457,483
191,161,553,401,330,213,255,458,204,359,268,17,134,336,16
74,21,92,4,5,246,512,387,567,377,138,334,20,403,133
542,113,431,75,292,267,246,355,283,201,159,435,241,208,547
555,504,558,488,379,5,486,145,155,321,393,357,300,128,30
510,300,161,534,264,494,39,150,259,389,301,155,307,164,48
525,133,537,409,283,257,75,191,17,24,436,485,86,461,484
29,4,503,324,457,313,154,279,241,159,161,528,231,58,318
114,418,488,535,538,6,79,246,2,424,471,87,436,155,328
232,430,344,307,2,436,474,485,554,64,428,345,484,59,266
227,252,433,558,279,164,418,220,307,564,325,529,355,457,296
318,87,364,252,105,171,529,58,379,7,137,365,61,113,247
386,324,363,99,325,37,166,514,452,113,316,459,180,66,18
553,365,441,341,213,571,308,134,376,537,386,231,171,254,459
385,195,239,58,380,435,386,304,324,6,534,213,539,395,215
281,530,264,483,490,532,234,534,26,318,268,6,348,341,227
424,468,436,403,171,457,566,299,201,213,389,260,228,51,38
421,401,239,566,347,76,532,363,549,330,224,201,6,396,30
464,192,462,521,299,504,281,427,31,448,527,475,123,65,468
301,8,438,135,69,231,292,503,134,313,359,417,386,175,288
488,73,138,508,300,181,409,178,480,452,470,386,355,375,231
442,219,53,48,6,296,76,122,16,367,451,129,344,32,9
389,171,312,129,301,519,504,174,122,276,337,490,203,525,480
74,37,68,123,396,309,102,337,138,447,285,514,134,113,119
182,465,564,378,261,30,535,295,459,442,403,171,557,501,40
134,115,555,171,501,436,71,338,527,110,252,213,307,308,319
565,94,254,367,203,428,37,399,354,51,64,271,68,153,138
457,64,545,435,8,221,497,521,306,386,301,534,461,241,10
347,375,133,8,283,112,306,225,13,460,129,221,16,468,564
459,562,94,199,74,448,396,308,475,31,336,534,453,357,328
432,367,129,30,178,572,113,409,485,473,503,386,327,145,289
77,529,324,483,521,540,76,554,401,94,25,497,292,114,288
521,457,66,98,119,525,214,171,429,46,6,472,547,41,459
59,483,484,64,403,75,266,260,330,180,538,86,321,164,485
292,166,52,401,357,4,515,528,507,430,306,365,248,182,213
325,205,503,412,255,175,290,301,330,337,203,345,545,474,336
266,161,30,32,198,133,195,131,344,494,20,87,342,326,246
20,171,547,161,539,364,470,563,24,501,430,152,558,328,120
9,459,51,347,396,363,376,159,550,381,494,508,247,447,483
300,52,373,307,268,213,461,18,564,60,485,386,225,330,137
336,475,274,34,119,436,301,156,2,33,411,485,437,295,203
161,119,357,135,444,99,328,234,567,403,139,503,183,462,111
182,288,291,8,120,31,537,543,90,138,70,268,332,68,63
171,564,336,119,523,49,488,9,76,227,403,301,367,37,375
119,485,235,377,515,33,289,475,10,145,528,343,24,550,245
165,147,436,301,300,317,175,64,168,135,320,532,299,129,45
164,92,530,304,96,382,137,361,572,208,148,32,34,470,494
485,137,190,175,8,336,477,386,161,239,430,31,7,103,456
408,161,399,171,191,134,457,538,468,337,6,283,172,138,483
4,284,10,332,566,267,285,76,66,92,462,321,409,470,115
156,64,145,299,76,421,269,553,317,171,62,431,524,521,203
553,287,519,482,373,391,300,513,554,401,81,123,323,116,247
176,299,448,18,362,288,300,394,126,521,287,535,58,365,113
260,409,475,338,178,485,412,59,548,328,545,225,292,300,555
13,183,402,254,472,565,368,113,367,363,142,572,326,207,421
285,525,300,227,4,60,485,128,552,75,529,306,326,545,171
548,294,380,214,483,304,565,452,403,473,248,268,9,361,53
460,299,214,547,76,126,532,564,454,480,174,171,206,308,334
346,363,267,330,318,5,48,161,409,119,387,547,213,503,483
549,182,20,488,424,239,386,307,398,277,515,81,121,90,99
525,153,418,84,300,288,50,555,138,321,58,436,409,161,342
56,241,470,141,224,424,485,145,473,436,279,343,396,52,324
283,175,270,51,277,323,442,420,134,234,70,566,266,32,133
175,391,485,315,5,362,111,247,423,194,1,467,553,461,508
522,528,568,213,535,134,241,31,120,436,483,62,68,180,449
18,339,464,405,86,435,114,325,459,409,137,183,519,403,181
92,363,562,137,389,430,180,509,504,11,515,530,300,243,40
357,342,113,484,510,336,545,514,524,99,401,435,247,496,76
380,425,300,292,285,20,30,485,137,143,109,419,432,427,175
355,464,68,433,354,521,24,203,215,94,514,2,229,195,378
128,76,321,287,55,79,59,75,220,152,402,12,294,435,555
371,485,9,396,344,519,142,246,134,259,317,374,555,253,296
498,113,475,418,490,69,199,403,529,299,379,301,509,375,551
30,145,2,234,168,1,152,323,81,401,93,556,315,400,324
10,309,71,455,198,109,6,161,164,558,512,285,484,373,473
10,268,325,16,509,276,517,217,303,131,171,355,164,545,306
436,314,39,396,364,260,473,40,255,547,126,174,171,276,234
525,435,338,307,386,241,280,537,308,312,68,389,485,306,332
231,332,252,16,370,531,206,367,114,386,30,537,412,498,259
142,171,8,534,68,161,158,134,519,483,549,565,96,347,61
545,231,254,475,485,75,229,111,175,185,530,339,553,281,30
79,573,462,354,300,389,10,323,334,252,473,424,301,391,214
562,186,126,321,71,507,534,325,32,528,10,538,58,556,373
64,300,95,278,534,355,396,68,401,87,433,5,139,437,156
182,376,257,498,484,325,436,413,309,468,234,282,79,76,379
10,553,42,268,318,134,443,66,396,170,231,563,378,133,37
459,309,301,266,341,276,534,408,171,486,424,236,293,365,268
99,65,161,94,259,58,564,389,503,114,540,315,176,46,355
415,397,545,106,441,321,168,515,203,213,534,261,300,161,317
161,36,301,380,303,221,418,485,214,547,94,459,287,57,64
411,144,2,413,547,386,259,273,448,321,525,247,204,261,355
373,292,361,343,25,279,434,175,339,134,460,120,203,377,4
488,565,3,129,544,421,86,430,337,324,475,539,182,411,317
92,113,133,377,380,389,225,30,558,398,137,5,402,318,450
6,330,537,376,285,2,538,26,213,206,130,225,58,50,291
299,279,234,413,313,435,572,501,33,5,225,300,396,527,101
285,515,483,321,241,175,233,421,215,113,246,283,155,37,434
203,277,373,260,144,485,90,256,435,367,539,134,551,530,264
8,436,207,406,455,92,58,87,282,520,254,4,132,39,203
368,182,229,336,539,361,137,214,525,542,334,6,548,385,10
130,377,370,163,513,386,457,241,326,299,499,356,32,413,565
8,75,498,502,133,305,283,474,32,564,368,247,488,130,234
87,363,307,142,159,151,74,482,518,355,328,309,423,215,318
359,378,319,66,214,31,488,269,58,40,235,379,542,133,8
259,564,260,99,432,512,485,20,2,333,387,367,242,567,427
551,321,23,288,361,171,457,396,401,339,341,547,119,334,40
121,538,443,32,210,213,551,294,268,263,301,229,336,483,214
399,77,155,119,436,318,401,356,459,376,521,264,145,485,6
221,334,479,24,473,418,442,272,276,401,260,567,396,222,300
552,341,435,410,8,524,503,368,386,31,458,545,48,40,161
32,138,201,299,385,203,330,227,288,367,303,461,530,389,537
379,75,475,229,566,76,318,356,45,393,337,473,445,234,107
144,36,192,135,509,156,30,573,175,534,470,343,420,218,9
64,359,30,503,145,386,284,137,321,258,296,299,214,213,66
447,535,539,182,385,347,443,426,560,386,11,32,421,413,241
280,326,258,270,475,343,175,31,374,390,485,6,152,4,10
355,177,30,529,545,553,504,558,328,532,387,420,114,133,300
457,475,38,424,530,105,493,488,485,18,403,155,164,417,246
301,128,161,252,131,86,313,337,399,283,287,482,501,203,68
545,379,87,59,259,532,8,363,194,485,424,161,475,289,191
568,263,266,488,247,409,535,430,87,68,301,420,547,485,164
435,234,159,468,566,503,327,91,334,76,136,319,413,293,558
203,295,525,545,300,433,175,345,367,155,529,38,6,501,9
179,188,388,161,394,155,409,285,435,306,436,213,171,300,156
499,137,449,33,393,404,261,325,330,510,318,313,8,161,10
288,431,287,573,529,99,455,400,201,44,231,266,135,378,146
403,300,203,554,552,483,139,257,161,271,330,266,229,497,344
264,227,443,485,92,450,122,389,301,163,460,527,328,462,213
66,18,58,13,359,78,48,70,30,468,155,425,361,557,159
503,182,344,319,412,302,409,10,44,330,377,150,447,2,365
413,30,217,535,18,401,396,300,485,454,164,255,247,78,136
554,515,485,386,307,87,203,455,266,134,410,430,321,213,84
236,30,68,501,483,66,6,201,358,417,313,437,94,283,420
247,312,399,485,553,231,459,358,529,15,32,203,75,51,163
525,168,468,166,490,293,548,119,421,386,268,380,408,133,138
525,524,225,89,161,64,10,145,252,19,177,137,239,68,48
484,566,171,99,114,515,318,192,112,129,461,485,301,538,296
525,76,316,16,424,556,318,547,146,396,301,326,534,330,2
146,113,203,453,172,537,155,330,419,92,15,376,409,222,508
396,485,529,168,100,221,571,190,562,247,281,254,122,61,402
228,389,296,152,86,462,229,192,125,565,390,161,32,435,328
295,148,134,171,129,474,334,19,485,252,94,442,194,30,461
306,268,534,448,279,138,100,32,488,152,380,81,547,266,287
265,195,138,128,150,359,357,525,513,145,508,188,175,488,321
458,11,355,246,2,346,18,403,435,503,260,221,450,137,524
417,488,566,564,2,473,79,137,75,25,367,380,87,343,288
362,438,330,337,10,142,319,371,296,5,545,539,323,437,58
332,177,238,553,147,386,91,5,328,4,524,535,409,474,116
542,30,315,335,445,319,201,138,301,351,501,564,265,330,187
76,146,58,351,379,68,243,403,515,171,468,442,38,432,527
66,528,433,18,325,317,484,442,534,328,553,430,459,198,270
343,128,551,16,75,171,436,540,150,247,89,49,268,347,177
280,415,216,540,448,327,324,254,201,412,231,39,550,234,123
295,405,380,442,287,460,389,459,409,276,246,19,566,373,70
536,537,4,508,191,99,400,409,340,142,145,334,119,201,485
401,225,129,566,66,185,355,234,514,190,160,9,19,555,139
289,154,337,214,92,142,386,194,287,102,530,401,41,60,376
484,62,30,436,346,76,179,537,420,432,254,290,470,235,114
427,225,76,319,104,351,401,307,67,442,137,115,111,198,222
222,412,538,87,473,5,484,435,30,203,415,165,300,378,326
209,279,358,433,332,503,48,519,229,485,483,182,463,455,206
553,145,31,402,192,373,15,380,409,549,133,386,498,328,293
6,238,4,488,507,573,401,10,265,454,436,485,515,361,341
396,328,490,318,307,96,155,421,239,113,117,278,171,528,115
396,248,10,405,260,3,436,461,484,133,299,403,288,539,377
488,5,266,113,515,355,49,436,292,549,288,300,171,10,241
156,54,499,213,529,337,436,343,442,58,6,482,64,30,301
341,380,485,287,7,540,87,342,18,524,137,431,30,386,68
121,336,430,92,394,137,68,306,431,175,31,403,398,375,51
191,295,138,535,252,203,306,287,308,247,435,66,0,457,480
236,432,307,360,74,376,300,163,458,295,87,115,61,534,276
348,483,428,330,551,142,272,233,342,567,498,56,300,264,49
528,396,368,549,291,539,132,190,9,359,171,308,233,355,564
204,214,396,58,308,564,175,10,66,30,120,532,334,433,390
146,234,68,32,190,460,527,345,401,5,20,521,532,29,265
96,553,328,4,341,445,168,365,187,220,533,79,104,283,409
6,319,302,362,71,268,5,225,136,361,147,435,306,415,125
10,86,461,330,448,263,525,337,312,216,502,334,412,291,555
343,514,32,217,19,452,81,401,146,165,436,403,68,400,215
442,554,537,318,139,228,525,114,269,87,307,566,485,204,30
313,30,171,484,498,134,20,461,566,386,2,529,196,396,515
306,503,175,475,2,37,564,163,363,252,283,38,345,436,120
6,524,123,318,503,383,301,225,485,571,363,268,156,111,171
380,297,525,519,195,278,403,24,538,386,236,175,457,218,94
356,378,66,417,134,74,68,525,228,132,32,454,168,451,222
254,412,326,310,338,503,386,458,220,213,17,348,256,31,285
94,229,320,64,401,134,137,436,10,430,244,104,534,45,343
327,201,501,260,328,261,37,442,134,417,278,136,171,387,133
161,524,38,34,203,491,458,373,485,355,49,278,455,499,512
166,247,5,307,140,78,132,363,145,573,36,525,386,128,475
5,400,419,8,442,94,259,4,175,408,170,134,503,266,224
79,332,171,116,377,347,438,213,12,195,363,37,435,38,235
234,280,483,157,129,556,343,313,270,156,145,201,30,161,177
390,312,488,309,413,126,554,135,549,485,38,306,257,171,313
568,504,187,569,411,234,137,116,284,354,447,532,519,461,209
321,135,433,94,253,187,301,73,249,37,39,289,276,482,168
470,175,424,6,363,57,401,564,532,74,252,545,8,345,359
164,32,363,30,313,136,534,377,300,134,124,10,380,535,68
368,352,201,164,66,29,317,31,161,435,60,203,386,308,140
268,4,564,408,137,191,252,459,402,443,534,490,545,129,537
457,461,90,551,256,261,128,401,132,246,521,536,68,55,389
94,519,263,5,163,201,40,151,312,24,455,18,418,326,378
