373,272,326,565,151,220,137,442,514,1,498,459,66,554,55,307
558,268,10,66,438,6,65,385,64,514,545,113,272,234,76,485
503,485,343,427,54,2,64,401,57,225,391,140,216,231,498,76
182,302,192,380,419,556,511,257,119,554,134,408,228,488,26,184
231,398,521,522,312,198,386,301,330,8,134,337,342,537,433,229
547,176,177,254,525,175,54,292,171,32,521,152,228,318,346,295
552,204,234,475,171,488,343,18,330,113,572,530,267,512,355,364
558,66,424,160,247,4,529,99,435,65,325,233,459,174,307,268
448,428,310,313,318,68,379,547,1,195,11,201,524,18,44,537
396,463,342,412,409,24,436,367,488,468,278,165,161,76,285,450
309,165,146,24,135,306,32,138,45,546,474,371,295,241,400,537
346,229,277,317,475,117,157,485,175,488,75,525,351,435,508,56
37,10,193,230,419,495,181,114,47,400,417,300,18,134,122,337
545,134,483,519,365,510,311,488,509,326,321,568,515,361,354,135
547,10,155,234,428,545,339,187,285,379,488,386,214,112,156,447
5,462,9,556,335,530,431,485,10,558,557,532,531,76,464,225
401,125,525,354,332,301,77,422,313,108,428,235,113,330,144,8
6,267,278,304,164,449,8,367,145,201,529,254,26,115,142,309
68,368,26,428,484,58,2,361,461,28,380,24,37,92,483,287
440,24,475,176,215,175,539,163,241,170,72,321,86,568,318,432
516,431,222,386,161,214,549,213,254,182,553,379,454,175,288,447
301,319,356,534,157,113,145,475,315,8,242,324,201,109,393,485
183,265,261,190,140,385,435,87,328,161,511,409,476,334,532,134
351,571,34,358,528,247,233,296,363,105,225,365,328,457,65,347
7,269,386,66,279,341,75,30,171,532,294,287,551,504,12,489
171,207,279,521,365,231,300,553,168,347,475,534,180,442,528,380
142,451,123,555,319,362,87,498,8,276,152,171,393,562,537,114
282,435,55,174,525,267,300,485,129,566,361,363,400,171,310,394
59,312,301,465,503,96,521,151,566,6,488,68,254,548,425,475
229,550,509,161,40,376,545,4,461,443,341,79,247,538,45,307
61,252,87,326,473,402,233,324,396,320,134,553,151,566,344,4
66,220,354,224,241,231,403,113,301,424,553,421,547,485,142,159
396,566,431,361,34,247,568,401,229,30,319,28,119,58,3,483
503,9,238,18,391,25,6,549,229,5,301,30,380,300,272,457
135,396,46,75,58,545,175,324,539,64,558,309,313,192,409,525
318,420,239,367,473,94,488,573,96,75,482,277,7,385,134,306
14,521,307,26,224,175,142,170,134,382,300,484,514,90,160,76
122,396,30,411,432,327,348,417,8,401,356,328,306,413,361,429
142,64,483,129,4,334,10,241,342,481,203,515,277,234,442,336
190,161,281,39,104,551,11,68,491,474,318,355,388,146,10,4
163,299,485,364,368,267,554,430,380,5,247,537,513,279,231,126
28,113,399,203,528,125,170,306,155,545,197,509,104,445,517,418
30,551,472,306,137,10,556,112,528,109,527,538,265,303,364,247
434,58,408,506,9,355,448,475,514,435,564,19,175,24,227,348
488,12,134,515,138,279,90,388,427,94,72,379,157,461,10,168
494,2,291,435,519,267,161,156,134,30,401,566,364,323,99,457
413,524,213,528,341,10,461,488,152,389,203,433,313,483,460,229
485,501,524,374,288,484,457,259,314,393,299,247,525,483,364,442
306,151,234,550,56,389,498,485,287,163,229,538,256,245,76,483
545,283,503,418,421,337,204,330,225,300,126,495,442,345,485,266
386,38,519,324,64,524,113,280,115,459,168,361,396,145,119,33
59,269,252,201,436,376,525,482,266,132,30,8,222,461,119,213
558,494,553,68,62,92,361,554,153,359,386,301,5,268,503,476
187,483,70,279,574,532,428,473,92,104,409,536,512,26,403,119
355,356,566,313,386,473,532,75,134,168,380,457,237,498,321,336
278,435,251,151,90,300,355,36,334,74,241,281,396,514,499,285
461,56,466,285,268,224,489,2,318,201,391,44,299,138,64,313
426,195,265,312,291,304,386,133,87,4,64,548,86,292,279,545
436,504,44,501,271,58,119,343,29,411,476,183,512,525,337,63
315,64,344,435,276,191,134,475,304,403,133,572,26,330,483,38
136,528,547,133,119,509,295,87,432,341,545,314,537,204,281,472
281,361,268,252,12,109,355,411,69,524,521,128,517,279,138,8
187,371,49,135,420,313,171,214,328,68,269,87,8,279,168,389
24,323,293,292,210,201,453,380,51,386,46,355,189,379,138,524
30,288,386,314,307,87,351,537,49,64,90,215,241,393,16,539
64,203,234,525,485,5,51,499,432,436,461,449,396,52,214,400
461,299,498,442,213,123,337,385,365,2,30,32,525,10,420,380
337,564,304,32,178,230,251,431,7,58,76,484,247,554,293,161
171,413,448,567,119,488,396,389,18,376,551,328,194,182,299,90
186,419,485,229,179,330,336,54,76,104,403,317,413,365,262,501
483,389,19,312,400,134,361,161,131,129,5,38,168,326,357,253
279,367,508,156,18,231,90,175,163,537,5,214,529,525,396,10
172,228,126,113,461,301,89,58,125,519,430,394,38,475,260,233
155,56,485,363,307,289,343,60,178,380,449,409,499,566,6,389
63,64,529,401,287,334,276,252,111,171,39,391,231,119,37,460
393,98,373,175,166,5,306,545,435,276,157,442,380,214,153,389
468,142,393,538,330,287,134,432,75,17,306,512,31,504,304,20
430,564,171,78,151,363,189,119,66,7,507,68,394,76,16,37
261,306,494,485,558,134,243,146,482,415,295,227,308,455,488,135
171,433,234,497,391,358,134,248,426,32,192,37,92,355,268,470
526,109,452,359,363,403,524,485,327,134,221,514,328,264,7,67
475,6,508,545,68,483,235,192,5,562,431,295,403,175,172,151
320,315,45,134,321,361,528,7,10,449,411,330,156,457,197,300
44,452,545,424,356,161,201,326,134,7,156,133,363,11,228,59
68,79,430,31,552,234,357,429,301,303,475,300,557,96,64,266
234,399,281,175,272,484,492,87,64,488,396,213,288,566,113,228
306,276,122,254,247,164,30,142,436,5,300,114,1,475,113,267
266,344,278,276,7,362,171,361,373,539,386,391,471,435,156,547
334,135,47,548,295,514,496,281,545,396,301,40,201,417,489,175
267,51,300,434,185,396,94,58,122,494,295,462,175,488,66,542
473,113,309,221,296,455,401,268,437,462,448,443,58,272,459,485
401,494,307,497,475,396,413,133,386,545,198,171,314,367,276,234
54,334,213,504,389,443,276,372,25,524,279,566,170,355,171,195
235,213,515,79,484,17,424,537,226,151,367,268,234,485,553,475
302,6,461,34,330,442,134,50,378,64,389,552,545,150,192,23
195,234,171,110,436,403,363,323,432,503,87,524,10,373,419,515
277,307,9,527,306,171,257,300,519,398,313,540,445,33,386,488
175,120,19,243,16,279,334,488,70,48,256,515,171,75,68,436
498,374,271,279,32,247,348,355,461,321,203,55,430,433,401,487
409,280,203,114,514,30,58,111,447,324,142,308,428,448,87,387
76,308,40,5,337,514,145,277,367,488,94,476,387,394,409,485
137,551,343,542,201,260,539,321,281,161,30,204,300,569,564,485
409,392,99,97,321,10,144,142,267,84,307,488,330,485,300,134
485,532,429,357,252,114,270,8,405,77,304,161,418,164,98,166
408,6,20,363,89,398,287,92,301,321,241,442,191,348,430,364
159,103,98,410,341,293,300,260,382,218,342,299,355,219,346,334
461,499,247,90,401,379,71,258,564,201,64,106,133,351,9,92
247,256,60,225,114,484,524,241,552,458,197,431,105,144,337,182
336,109,66,68,122,498,33,501,503,569,30,76,548,521,0,459
94,501,151,519,341,272,330,525,389,201,485,380,141,329,104,488
155,475,535,315,563,355,119,12,449,417,497,16,260,201,28,80
461,4,466,401,485,385,572,40,129,134,551,493,389,424,113,20
389,528,111,203,564,10,376,175,400,530,396,8,436,492,150,553
475,479,391,321,376,31,401,10,485,236,48,113,547,564,64,284
554,183,203,30,344,421,396,247,568,507,126,38,252,484,449,105
66,545,396,241,447,129,30,247,145,268,299,551,10,136,386,113
107,175,134,91,157,459,261,145,2,489,412,508,396,540,225,213
214,436,571,524,241,386,308,175,151,161,239,231,66,403,300,210
313,311,80,418,245,76,110,485,379,10,58,367,287,68,296,424
140,537,388,401,51,76,257,58,371,39,339,142,212,448,413,396
68,161,285,277,271,301,556,485,187,313,58,419,508,452,10,129
413,156,38,299,269,194,303,367,268,32,250,108,234,525,387,240
80,380,347,194,134,258,485,449,185,524,235,9,409,330,32,564
93,229,218,134,50,488,379,68,510,57,150,554,94,65,485,455
324,475,554,18,435,503,301,234,401,76,498,530,386,308,493,246
272,468,538,189,287,224,18,222,208,436,534,455,133,405,161,460
386,330,378,573,358,501,537,264,247,498,485,328,340,250,163,241
396,408,412,467,444,442,547,405,471,335,68,76,392,75,156,385
137,31,171,401,364,0,528,501,87,155,538,476,318,157,555,499
324,299,431,66,301,403,295,158,199,155,442,527,113,376,171,536
301,472,183,19,161,269,263,182,266,476,403,427,137,211,525,484
512,37,159,540,378,68,337,298,4,564,248,435,317,238,227,2
267,24,97,39,278,310,337,58,418,485,79,183,361,341,4,386
402,181,396,574,91,134,303,475,390,429,10,251,485,257,377,191
122,344,313,91,412,202,92,411,517,255,389,417,6,246,399,66
380,288,38,213,562,47,545,276,4,311,452,519,564,63,379,134
30,355,488,380,198,343,28,526,461,277,239,295,126,2,119,428
137,161,402,413,194,222,403,529,40,5,375,171,49,10,231,259
566,133,545,504,87,483,330,486,318,364,401,214,46,367,6,137
170,4,457,13,257,5,345,260,564,18,66,120,7,390,191,436
101,357,190,203,182,363,134,386,318,473,475,7,204,139,485,436
294,377,545,171,554,272,332,341,25,396,135,301,430,288,398,266
281,5,351,152,566,16,386,279,303,573,265,540,215,396,537,36
224,479,51,411,430,386,110,321,90,544,18,233,436,380,10,365
504,14,295,138,367,10,362,377,276,361,514,65,483,128,134,183
475,357,39,122,409,572,525,524,562,84,28,307,133,264,279,6
231,5,10,206,347,171,119,401,482,296,175,485,330,376,389,28
403,32,115,62,58,547,15,203,356,306,246,401,213,81,79,480
64,99,334,225,285,312,532,504,347,247,278,65,281,51,326,554
470,555,318,367,401,396,267,545,83,457,49,507,380,299,498,142
135,68,161,486,300,171,477,521,142,536,459,391,134,268,527,556
163,98,554,277,16,66,483,300,525,6,295,405,485,110,403,8
65,400,534,161,524,155,354,289,30,22,383,405,512,150,566,175
64,44,399,9,268,157,556,6,488,386,171,436,66,228,413,138
488,120,461,95,503,529,549,473,38,234,530,399,187,40,528,301
365,213,521,451,318,6,389,109,435,66,514,308,97,195,274,278
391,76,190,488,204,145,527,38,75,96,392,485,12,514,475,386
203,485,494,312,299,182,46,355,515,504,17,90,233,14,459,525
539,452,566,194,397,386,324,263,144,442,517,68,396,39,475,497
478,357,524,458,483,401,367,403,306,457,460,558,515,396,113,347
386,175,94,229,0,320,283,461,76,546,504,301,281,510,161,402
164,134,403,537,528,313,46,218,488,201,515,547,304,378,295,246
538,520,9,113,348,564,554,521,38,135,547,412,432,449,461,122
436,135,564,435,552,353,38,252,175,539,528,338,485,308,56,231
266,38,318,201,519,295,403,196,156,284,520,303,299,146,9,552
396,573,8,503,244,405,299,161,307,267,551,164,319,545,564,295
521,175,280,485,135,159,394,355,145,345,194,66,443,76,312,387
545,413,442,425,137,548,156,363,325,317,142,51,494,483,380,250
201,488,32,489,367,345,291,363,58,36,448,537,483,8,301,565
432,58,295,449,254,214,483,558,386,475,81,391,436,367,435,545
344,508,247,566,129,572,400,401,457,87,462,38,395,363,143,10
304,92,435,75,285,401,30,239,5,315,64,545,553,74,386,268
113,152,501,304,68,436,295,91,145,473,519,276,455,225,313,376
299,79,537,255,19,312,57,77,281,114,483,210,539,488,287,379
61,288,380,502,337,352,261,493,475,387,9,328,494,500,409,132
175,401,306,79,504,287,483,566,564,8,300,111,524,30,471,33
299,177,114,325,436,515,321,367,46,373,59,326,485,547,225,545
287,390,222,59,231,4,363,507,38,134,509,137,64,553,130,421
545,67,288,209,182,214,33,76,400,401,347,378,524,159,484,562
112,144,187,214,485,387,319,436,259,68,333,508,102,483,472,126
137,58,360,436,10,265,113,479,503,47,182,330,175,32,301,155
284,465,99,182,94,301,363,485,18,321,263,221,60,391,444,558
247,488,363,198,263,171,388,62,529,396,26,386,497,58,75,10
403,30,137,548,515,328,234,278,170,247,396,534,485,252,363,248
119,214,277,9,16,32,341,146,409,418,444,405,94,427,363,132
299,433,74,343,492,46,264,268,99,378,20,514,134,203,254,37
171,348,78,81,168,182,113,17,424,465,413,336,161,401,80,545
10,457,322,93,482,555,537,278,30,25,64,51,234,558,551,239
19,433,28,30,87,139,481,201,484,554,31,483,166,3,485,2
300,464,418,281,151,268,484,537,405,401,375,17,182,566,259,527
498,161,412,164,524,6,365,564,447,134,139,318,258,448,288,459
123,307,483,401,485,87,545,325,136,12,557,62,131,532,390,55
334,330,137,447,474,418,87,359,510,300,365,288,239,247,301,304
527,10,114,264,550,553,281,337,136,488,180,330,128,234,401,419
51,30,92,485,287,58,155,483,299,547,151,161,488,190,361,300
504,488,554,373,436,190,248,473,521,416,494,324,461,379,272,9
386,132,300,428,282,51,199,185,361,30,16,203,396,122,564,547
336,201,502,58,526,490,394,483,5,142,324,316,461,265,312,466
247,260,137,483,414,10,475,461,501,142,300,413,409,213,86,267
247,386,374,18,539,355,533,133,16,6,2,318,146,564,345,430
248,222,413,228,521,161,455,330,449,134,370,566,554,405,146,461
56,151,435,461,547,355,276,514,419,161,532,239,300,347,25,183
229,430,72,436,283,525,321,252,145,334,119,472,330,287,539,128
75,300,363,6,489,58,255,282,134,396,66,218,465,8,553,386
512,558,38,287,308,487,402,254,171,4,37,312,535,462,547,64
77,278,272,520,267,90,129,295,50,361,137,341,7,165,276,325
171,455,342,166,315,6,553,134,573,30,10,445,92,300,325,434
435,498,411,301,104,460,571,299,556,470,16,58,439,2,568,142
525,229,315,418,503,218,272,129,75,2,287,488,323,261,368,396
295,161,233,50,183,283,547,457,552,253,489,145,79,213,285,49
308,435,536,540,2,310,283,554,386,134,55,485,504,545,142,151
120,448,168,104,36,318,351,424,396,98,129,268,376,10,453,134
266,58,455,145,79,308,325,276,488,485,39,72,368,187,540,224
564,225,474,419,449,488,321,256,143,285,306,171,50,18,553,485
171,8,234,391,485,201,87,405,307,334,134,484,54,420,126,435
346,256,9,64,116,459,129,538,402,292,519,191,289,215,533,558
60,234,289,457,528,308,330,290,476,181,129,98,32,114,218,545
527,76,435,171,488,65,293,450,203,239,114,87,175,519,389,185
144,393,260,146,171,550,396,133,402,334,268,32,122,301,254,532
176,413,373,462,390,564,568,396,203,221,554,482,139,300,103,330
326,257,64,562,435,250,18,129,375,30,225,572,75,502,364,494
115,483,114,448,8,187,301,439,396,386,113,17,524,231,116,277
313,558,209,304,234,504,482,300,58,566,233,87,2,134,57,113
436,396,421,137,312,355,547,488,213,498,10,87,88,252,78,485
197,514,87,190,287,485,484,97,545,315,68,401,171,31,511,391
138,529,288,539,365,38,233,525,573,5,225,220,137,494,549,490
534,461,26,219,143,52,436,525,314,475,9,268,10,432,128,485
473,54,442,483,386,382,475,527,437,553,224,510,519,210,389,514
437,37,512,259,113,444,46,179,301,208,355,318,478,239,48,6
113,448,66,247,307,203,47,142,120,16,507,485,258,60,432,403
119,201,182,31,6,401,206,57,488,544,138,455,550,44,504,80
133,330,247,363,553,301,386,434,48,545,403,391,510,459,213,307
557,67,170,553,183,87,504,180,318,281,473,168,391,549,431,267
89,564,560,310,485,203,120,457,45,521,440,537,403,6,225,115
367,514,157,38,386,401,113,6,24,247,493,465,228,483,475,155
285,318,79,428,160,355,119,104,547,191,403,14,437,229,290,461
554,29,277,467,455,299,300,130,301,123,517,485,536,30,145,211
412,31,138,122,485,540,376,396,363,484,228,54,470,300,225,137
306,437,156,519,435,300,20,137,134,483,475,368,548,7,177,276
259,74,554,160,435,389,355,214,79,539,361,8,550,414,58,411
161,189,488,10,114,524,475,378,288,156,218,391,40,87,92,442
508,72,195,336,191,10,391,211,257,101,485,525,94,323,573,317
525,404,6,183,224,110,201,511,66,252,401,32,551,566,549,396
434,307,527,280,435,55,549,181,386,5,461,38,137,99,544,105
348,447,330,528,430,295,509,245,570,168,357,266,294,440,326,549
260,482,430,535,268,328,291,47,161,225,448,330,282,434,142,364
24,37,300,109,120,495,10,183,76,519,308,182,72,528,386,58
564,302,20,415,134,425,2,503,545,430,55,260,145,389,246,459
536,64,175,247,268,37,360,183,421,217,554,224,197,138,330,543
229,485,307,572,342,266,475,283,386,535,8,31,315,32,483,288
135,475,362,341,45,146,488,109,307,567,300,51,8,386,508,291
488,272,348,10,447,163,524,337,407,114,53,129,386,319,253,115
568,424,267,124,288,396,191,329,278,401,386,8,538,376,255,274
515,488,129,565,171,386,502,475,145,8,214,514,373,354,323,401
234,424,548,501,271,247,503,279,11,330,55,488,132,527,436,355
295,330,229,515,10,347,195,254,315,359,300,525,35,259,5,171
512,134,429,66,460,325,435,202,142,383,510,187,574,483,448,339
251,326,488,396,386,433,566,308,427,442,30,123,150,92,417,229
374,326,497,475,313,87,220,137,231,454,75,90,113,109,182,401
58,313,37,134,183,386,6,566,562,53,545,442,420,267,470,327
509,343,555,147,483,318,269,538,533,7,171,64,337,65,488,142
20,386,220,18,207,38,94,203,448,355,327,10,58,269,443,295
228,187,142,387,133,289,491,308,435,132,122,363,198,64,485,111
260,119,321,213,554,10,68,448,489,488,30,201,452,66,267,234
120,256,137,385,203,225,488,296,538,337,317,161,244,132,355,559
70,385,347,342,206,476,114,528,307,142,175,179,499,420,321,225
6,239,143,175,10,225,135,312,389,532,488,475,324,493,76,390
293,354,403,321,361,380,62,475,190,239,341,129,564,328,5,94
524,12,288,137,252,213,37,114,355,145,168,544,396,547,389,476
40,485,486,82,566,278,301,316,161,411,134,403,488,497,308,334
396,174,540,142,327,190,564,455,558,31,519,319,239,5,386,494
264,545,182,233,564,191,409,23,386,402,40,10,295,76,272,461
138,545,256,485,266,537,86,267,442,170,483,56,76,30,213,206
25,431,323,72,156,343,483,545,146,240,475,386,389,313,461,31
334,195,475,539,300,115,89,564,338,389,484,171,342,191,430,48
321,161,361,182,190,430,203,157,213,519,74,363,68,37,402,111
386,412,399,192,166,183,35,461,24,99,90,524,20,307,517,181
145,96,171,25,48,10,313,403,260,192,401,511,2,545,430,64
231,482,213,326,39,64,347,259,33,554,436,330,204,182,525,534
8,224,66,125,175,128,258,444,241,238,336,24,390,4,134,396
146,264,142,433,315,478,458,362,258,522,521,396,171,241,308,300
224,137,32,241,525,38,12,517,334,408,31,375,385,519,307,389
30,304,342,403,309,176,72,229,301,468,389,257,540,396,564,446
24,5,361,514,448,119,271,434,386,83,109,267,412,435,490,373
246,175,524,4,30,299,40,368,568,252,272,418,146,452,537,482
300,400,2,403,563,299,129,66,245,413,59,137,276,431,433,301
311,389,413,272,321,558,49,396,2,256,163,512,553,528,155,454
279,40,24,6,220,540,430,436,278,524,201,530,521,434,68,442
229,134,387,458,300,221,501,342,187,119,328,339,182,33,8,447
503,225,7,113,447,488,455,15,337,289,239,234,460,175,161,528
525,386,287,161,261,329,146,435,465,234,432,457,389,30,313,532
62,367,9,528,300,31,128,358,265,337,171,495,507,307,90,277
24,186,545,5,30,362,419,231,363,458,113,199,87,234,355,318
554,222,461,344,434,470,356,340,307,9,278,64,525,231,326,24
354,68,312,247,6,408,133,425,515,234,304,501,191,553,461,300
515,137,365,105,338,566,148,545,70,181,142,145,20,299,400,428
333,473,402,345,300,229,547,10,522,145,87,313,208,276,129,359
113,94,157,175,553,325,326,174,259,213,60,50,288,161,436,258
41,339,137,11,218,125,282,225,363,436,111,256,551,64,513,119
312,515,39,10,517,259,203,2,547,373,136,485,260,526,533,18
128,241,490,528,539,137,553,497,307,455,527,136,405,411,401,5
47,37,285,1,558,4,5,485,68,453,10,137,301,459,548,261
145,64,231,247,451,438,371,126,301,389,288,76,401,393,326,507
105,524,181,269,306,351,32,300,68,287,323,318,123,56,462,386
133,459,161,9,10,361,530,146,403,367,215,534,457,119,128,6
326,171,458,365,57,226,36,488,420,247,228,355,266,386,7,524
503,265,418,485,534,66,219,75,38,514,373,551,110,161,189,8
548,355,175,396,9,367,68,30,455,479,386,213,39,387,191,129
371,287,295,285,403,560,427,11,539,301,77,520,163,370,517,76
161,525,201,2,517,328,380,355,464,402,488,213,175,153,434,253
382,76,59,32,510,0,341,531,104,301,287,457,363,485,134,137
119,550,231,319,436,228,30,143,238,367,549,78,386,156,357,555
373,30,558,300,537,532,32,111,190,92,161,386,58,115,76,80
189,142,6,545,330,527,344,33,459,174,300,412,361,319,435,529
99,173,343,357,442,250,368,272,38,182,326,164,301,171,334,529
324,99,512,211,175,434,364,409,259,137,171,554,129,251,354,485
146,206,484,229,251,368,138,92,436,545,485,79,441,524,161,39
5,330,37,161,490,389,142,16,301,68,313,403,493,300,485,26
51,352,515,228,361,554,461,225,510,472,337,109,401,219,9,527
182,470,225,68,268,271,553,65,550,334,309,247,241,391,113,56
142,39,68,134,213,301,405,175,409,177,524,389,157,171,137,62
74,436,537,263,545,300,437,108,169,304,9,87,427,231,512,220
26,10,485,376,318,32,231,28,443,555,449,396,472,112,457,359
181,367,74,321,532,371,168,415,122,129,403,510,10,330,228,483
308,554,134,10,459,300,483,222,270,216,347,367,76,337,514,151
386,263,70,90,234,201,380,9,301,134,270,355,515,182,536,138
325,32,284,355,330,152,436,75,529,364,213,291,247,369,373,391
114,495,11,307,508,206,485,277,144,241,260,301,234,537,376,195
16,285,439,224,288,483,472,379,417,62,260,300,235,549,165,134
293,396,306,17,553,59,345,61,71,373,490,30,380,26,55,137
542,182,401,186,529,51,83,461,38,306,380,299,284,146,58,337
187,328,8,537,389,320,137,553,458,379,403,517,369,246,435,414
408,398,478,540,361,134,413,365,502,161,195,380,10,507,457,228
295,114,36,438,280,58,548,6,115,68,422,40,291,79,269,300
279,509,391,58,231,295,341,334,87,519,155,537,146,37,137,114
440,508,15,267,55,58,360,380,176,8,113,555,459,554,215,354
4,312,309,424,465,551,564,2,519,485,31,538,528,46,251,295
134,234,562,353,68,365,235,133,190,525,76,135,504,420,161,536
337,145,558,330,295,324,309,547,234,9,32,517,455,79,258,413
171,452,293,153,553,529,84,187,432,285,483,564,524,189,190,386
2,548,355,324,379,185,330,413,137,436,300,457,412,337,444,187
8,299,5,363,175,161,220,269,558,87,235,424,475,168,10,100
351,161,213,259,18,503,129,424,467,133,334,499,300,363,510,264
219,539,434,32,386,553,443,175,254,2,318,301,213,420,385,266
482,141,134,299,292,514,483,374,268,306,179,512,140,58,403,326
114,10,573,218,354,558,333,409,436,427,182,60,326,528,282,254
450,225,227,507,441,485,142,213,534,267,145,89,317,554,401,313
247,386,484,269,488,109,77,276,143,494,186,553,64,312,363,330
50,30,485,171,115,161,373,112,231,465,10,75,525,137,461,270
205,457,545,21,101,320,444,76,30,189,420,257,300,0,306,68
292,60,183,30,64,44,314,0,534,16,435,119,166,455,92,50
30,74,413,239,234,31,337,228,485,125,436,199,24,87,429,98
282,547,337,133,314,50,75,306,267,234,535,494,457,259,168,330
442,71,10,405,417,306,79,466,485,156,509,373,281,472,151,231
228,114,386,241,330,299,6,268,361,62,288,231,301,90,32,380
316,5,103,203,503,442,564,545,548,484,37,123,343,299,471,304
508,282,558,40,339,409,317,389,321,328,252,260,248,238,31,488
266,386,458,279,38,566,363,482,309,2,189,462,421,537,486,436
64,545,396,172,560,314,203,182,401,392,299,519,341,227,412,161
301,553,96,418,550,58,461,539,68,126,76,260,540,355,210,133
26,194,534,183,254,20,171,47,515,137,101,281,517,201,436,475
252,171,81,115,109,38,293,201,43,328,17,498,228,74,469,68
386,234,515,539,255,161,181,32,254,448,16,436,531,33,279,344
537,234,175,201,128,457,224,156,303,268,279,96,66,548,145,314
157,67,137,132,76,380,421,17,379,247,341,134,378,405,537,548
168,137,371,203,86,485,46,526,300,5,553,9,295,380,519,175
343,455,355,98,203,364,265,507,30,537,287,459,498,403,7,389
9,472,566,574,389,44,18,431,443,436,401,545,171,134,537,145
498,175,300,556,431,367,321,267,138,360,246,488,113,336,424,133
361,119,10,171,4,304,542,204,225,30,421,545,76,195,32,19
555,367,527,129,58,115,300,201,70,473,214,435,394,90,180,76
247,551,324,239,121,396,155,18,459,326,2,283,231,33,32,207
129,8,77,301,174,270,168,136,40,317,534,304,535,68,86,351
66,515,144,545,532,276,94,529,266,332,128,32,519,24,30,348
32,389,144,31,409,568,524,306,566,340,291,363,6,263,562,218
435,220,203,301,529,196,66,201,522,319,161,307,531,387,549,485
113,302,87,436,553,525,389,134,259,457,442,161,490,100,380,79
304,134,10,529,12,234,270,565,547,510,9,455,394,558,390,415
76,119,10,37,268,301,448,401,199,290,485,300,87,161,28,525
537,7,175,373,498,234,457,30,231,87,318,224,550,458,571,203
59,190,566,252,545,68,213,254,537,267,373,483,129,362,413,300
484,475,5,432,386,90,396,554,403,346,418,234,253,537,324,142
247,386,64,535,359,537,139,190,380,79,20,401,92,503,514,122
252,571,32,485,514,129,448,30,242,399,247,525,86,163,534,171
300,185,137,436,315,359,295,145,4,307,93,161,284,499,386,448
520,94,17,134,485,300,62,552,231,113,483,547,281,10,295,39
355,554,168,5,221,354,318,255,495,291,23,345,553,67,21,443
10,413,161,452,333,174,258,123,106,187,319,330,37,8,113,476
20,521,436,231,129,171,134,380,32,488,24,152,430,330,7,39
182,247,574,224,508,362,521,503,402,119,115,544,268,555,8,35
336,119,239,168,355,122,275,89,256,111,259,165,87,462,482,475
267,265,510,475,215,299,278,44,79,73,503,534,191,266,490,328
307,517,64,247,402,68,164,508,396,488,448,12,57,405,161,525
252,233,475,553,136,379,225,191,204,392,540,183,525,421,391,24
279,537,408,92,572,549,565,215,519,391,76,51,547,300,509,66
93,308,170,427,168,204,394,39,285,359,288,345,158,241,38,318
51,507,24,412,161,565,142,213,400,413,281,301,312,492,296,36
509,137,140,452,189,574,539,459,171,553,367,391,64,386,220,374
463,330,498,340,207,5,64,375,123,14,213,485,4,475,171,234
394,330,277,7,198,161,246,341,229,512,403,334,68,72,337,483
101,332,325,317,137,495,485,469,435,497,62,428,532,337,488,455
380,228,48,359,314,330,318,435,95,306,515,409,295,213,145,388
386,74,137,410,258,263,134,385,175,33,512,432,485,171,402,64
208,441,181,574,436,295,289,365,120,159,524,234,49,116,175,558
524,288,66,220,252,427,379,170,548,141,544,187,330,176,420,386
413,30,201,282,151,430,266,485,278,536,497,281,373,4,498,142
508,424,114,191,119,300,16,295,345,321,304,54,559,473,400,5
203,175,148,386,194,389,488,555,352,396,54,368,295,10,377,462
524,256,420,309,78,2,187,525,6,340,122,313,214,171,431,229
171,547,536,57,532,140,20,290,556,200,338,509,133,517,405,555
36,79,132,515,445,155,231,64,134,436,365,498,263,247,442,99
363,57,7,548,16,114,413,61,461,115,90,345,507,354,475,361
10,534,486,30,64,95,385,537,457,337,92,359,485,86,436,181
18,12,130,403,170,428,285,246,391,301,8,502,387,30,368,364
373,137,554,58,191,442,386,380,348,37,528,123,7,448,113,391
328,515,566,301,176,355,344,558,175,296,97,137,318,61,472,325
166,347,76,346,266,74,409,553,413,367,387,402,113,559,99,399
564,442,87,551,279,408,247,465,168,563,301,389,161,64,545,182
299,234,457,556,558,64,550,517,52,113,266,547,440,485,138,430
87,482,151,405,295,38,201,234,452,553,564,356,64,499,135,239
554,347,66,551,227,272,390,334,514,401,403,412,214,517,283,475
549,517,447,382,90,519,459,312,280,514,68,70,234,38,74,120
127,515,300,155,201,363,9,461,135,326,417,5,138,285,222,224
203,300,325,239,345,410,29,185,16,235,551,554,403,428,365,386
524,367,457,316,485,137,361,323,341,483,403,385,171,538,134,168
168,31,558,492,66,239,92,116,566,4,252,272,355,325,161,341
568,415,6,50,97,72,58,266,430,191,539,478,299,337,5,482
45,555,308,240,145,80,285,272,248,301,525,401,389,458,393,553
87,493,442,16,20,348,234,37,116,528,540,398,344,265,4,386
64,189,267,203,421,111,377,545,483,194,121,461,357,419,343,532
547,538,143,341,61,201,113,75,260,489,315,534,221,361,30,59
18,300,139,537,252,461,457,564,68,401,428,91,70,142,79,19
30,418,187,115,8,258,288,445,134,213,120,483,364,472,566,228
331,552,483,524,279,141,557,403,161,413,308,171,334,380,386,554
133,555,424,252,177,137,312,266,386,475,396,123,512,517,129,423
60,485,152,355,181,68,295,119,527,1,5,345,156,64,330,4
299,60,328,186,276,191,490,163,5,307,525,44,430,161,538,21
483,119,113,64,65,219,394,334,198,403,300,213,159,15,330,239
301,47,266,434,401,37,67,62,111,402,119,334,20,479,214,420
401,234,483,37,558,549,171,494,59,389,528,300,39,535,415,58
547,301,544,95,365,241,485,268,270,137,288,171,231,536,519,172
37,479,218,340,339,10,558,155,317,391,386,261,550,6,363,421
134,300,308,202,220,267,171,415,359,401,559,252,86,302,405,433
391,68,137,357,436,246,20,537,529,6,310,87,297,437,337,363
8,549,367,16,524,171,431,272,225,436,159,137,386,161,530,389
116,44,328,5,138,499,263,227,195,527,191,92,494,30,213,460
447,529,337,450,426,379,175,436,18,206,558,103,519,51,308,33
32,150,229,182,222,295,285,171,386,468,547,5,142,38,8,279
119,442,355,421,459,460,68,299,129,153,6,135,378,247,133,138
365,98,475,407,401,296,293,77,468,5,435,38,92,436,282,137
90,224,386,291,231,283,220,488,288,59,161,409,301,128,76,324
401,566,323,10,138,247,521,30,457,72,337,32,465,9,278,435
355,38,473,409,326,213,564,235,492,394,509,20,501,225,134,330
373,417,306,115,247,504,455,291,257,64,171,272,159,483,133,403
135,161,248,123,529,504,6,396,254,3,337,475,137,18,525,461
0,283,536,281,389,528,307,204,346,292,99,396,191,393,289,488
293,483,231,309,258,60,433,172,565,457,528,548,300,564,447,155
455,214,485,225,112,486,121,515,525,206,512,66,182,393,218,422
21,408,26,94,558,373,503,532,276,435,398,412,379,553,319,485
380,104,457,484,431,362,39,355,256,111,80,295,390,137,494,485
250,300,201,399,325,191,203,302,318,403,161,38,405,401,307,2
7,485,39,86,134,363,113,444,499,161,337,438,315,64,231,48
396,557,545,142,333,38,307,95,318,475,156,257,87,488,219,174
336,433,264,312,322,396,293,457,287,277,40,25,231,189,56,355
277,307,334,263,201,0,74,10,225,524,455,94,564,213,405,79
318,129,134,344,401,64,398,419,234,462,177,494,498,10,146,565
444,527,145,490,323,51,485,488,203,448,299,547,367,120,295,2
137,483,403,430,449,527,486,421,364,455,168,442,470,256,464,39
272,225,268,218,264,405,38,555,413,355,411,494,475,556,112,61
555,430,506,503,201,122,126,74,320,318,38,136,417,304,528,537
38,551,475,295,112,336,94,263,281,389,534,201,156,457,277,37
143,308,497,433,239,312,345,134,36,303,337,457,344,300,23,225
386,434,342,287,456,464,535,114,537,565,213,337,437,201,529,161
565,494,249,38,316,435,413,330,568,191,87,388,405,133,74,300
203,534,213,473,191,346,401,71,231,547,307,503,302,259,6,90
190,129,122,61,485,246,330,430,272,498,437,143,503,452,32,525
68,424,83,307,145,191,324,330,574,313,498,547,488,376,267,269
10,483,113,330,512,514,461,302,517,447,357,229,161,326,301,343
457,129,76,565,549,121,58,525,104,504,5,175,517,498,380,218
396,4,170,549,527,259,135,10,385,485,108,486,554,573,134,66
197,354,57,171,412,417,347,423,134,20,138,239,271,72,308,206
247,461,355,79,171,260,213,201,30,323,470,76,554,20,161,432
343,204,354,119,277,113,156,201,374,137,225,142,77,436,511,248
268,408,382,75,186,291,559,394,428,424,115,380,70,473,234,483
417,7,460,488,6,380,394,114,64,524,274,237,164,371,21,554
171,547,32,457,260,571,161,112,30,122,182,485,268,409,378,401
306,529,431,285,228,574,8,194,215,32,471,238,452,30,459,26
435,536,182,37,521,503,59,269,483,485,324,105,400,501,191,300
201,435,548,458,171,128,51,18,61,339,300,8,145,7,574,553
365,266,0,534,10,525,122,133,498,66,9,165,400,213,96,331
488,483,64,529,545,330,519,155,187,503,568,175,32,334,138,361
9,276,443,299,5,386,62,175,545,38,321,389,324,182,451,448
112,66,113,347,355,154,263,87,204,480,485,525,92,455,255,64
282,164,341,519,412,296,258,224,257,483,441,547,417,175,191,231
373,324,321,10,547,78,485,204,260,543,442,171,558,402,468,51
436,304,531,401,68,281,538,432,132,379,64,220,39,364,532,133
201,324,435,409,457,306,548,525,142,386,182,157,260,368,403,64
550,66,29,160,301,461,306,24,143,191,90,293,209,254,418,161
231,375,485,389,396,263,144,218,499,181,176,67,238,568,222,229
555,418,549,225,270,363,152,75,341,260,470,104,277,35,435,137
250,281,457,265,308,38,278,321,570,159,359,482,133,453,153,190
312,330,233,18,177,75,45,333,315,268,282,145,64,470,445,433
453,330,320,49,6,86,258,564,461,457,378,144,418,389,90,562
166,164,338,6,519,402,225,111,497,363,431,377,405,114,259,64
373,10,573,337,227,483,345,399,387,257,104,328,24,213,453,499
58,514,380,33,287,501,254,231,168,228,220,393,427,300,38,235
288,409,23,374,195,509,60,239,295,565,6,17,12,89,262,367
76,318,389,182,403,171,364,135,534,89,365,378,285,138,344,9
246,257,164,474,550,421,287,349,527,299,386,195,503,52,285,161
396,525,5,378,527,409,413,386,152,365,222,403,373,10,120,288
343,399,59,278,161,246,10,519,37,90,56,296,227,468,391,295
386,490,318,255,418,288,66,247,382,234,126,485,272,554,558,295
203,262,58,421,51,447,30,256,281,564,468,380,10,151,26,558
529,300,490,346,164,354,319,535,368,321,409,195,554,385,508,400
517,413,502,10,182,319,289,213,291,93,175,52,191,475,472,146
312,256,519,545,540,485,92,102,94,151,181,362,442,400,25,396
175,150,379,459,545,532,267,6,305,501,206,277,365,47,300,436
519,175,66,403,26,10,371,330,435,512,494,405,182,104,442,408
11,380,564,396,337,58,558,512,263,417,436,228,457,252,190,261
293,519,28,197,342,229,277,356,151,328,58,8,6,510,39,195
282,363,175,109,190,449,287,52,4,482,536,480,5,545,210,119
151,10,470,79,457,66,113,177,186,365,37,337,175,443,568,138
343,538,301,545,424,72,426,344,336,501,507,262,411,483,201,113
5,545,534,514,155,485,15,161,254,6,30,45,269,66,10,555
17,356,424,129,201,386,492,50,393,207,122,20,10,547,246,6
6,10,498,307,338,68,201,213,33,312,310,330,115,234,150,378
58,334,155,161,365,324,355,432,501,108,545,24,459,484,503,430
10,509,66,476,558,457,134,415,389,365,514,183,555,430,301,318
371,548,66,10,129,484,304,545,533,151,247,347,355,133,215,494
361,537,180,48,300,514,313,93,66,418,81,5,447,68,266,122
528,466,504,57,403,485,572,60,34,418,217,68,196,213,292,6
152,26,259,470,343,66,86,396,32,76,99,155,536,417,457,222
64,364,459,223,201,58,488,362,528,409,30,485,250,65,379,18
51,41,239,368,145,485,151,87,90,351,330,68,555,40,379,268
134,425,424,559,161,235,457,113,72,501,47,548,348,248,485,562
562,386,66,91,390,330,515,503,79,387,367,6,276,545,519,119
295,279,386,203,32,547,61,225,165,525,281,247,20,199,158,382
270,421,396,259,5,535,483,100,201,318,189,285,225,558,485,527
345,79,213,482,25,175,281,356,106,11,58,129,393,566,107,26
361,171,251,450,438,380,65,68,488,220,247,436,344,231,67,135
171,219,545,392,363,10,514,5,24,175,254,301,51,142,113,37
132,247,550,76,86,279,295,379,461,306,64,80,20,330,38,277
152,204,303,549,344,300,231,483,292,498,161,298,134,359,225,340
228,564,94,204,11,119,517,428,563,10,276,501,300,365,212,30
371,66,300,455,514,321,536,55,376,403,396,49,142,20,356,363
455,388,6,382,528,484,69,448,358,411,259,490,355,470,402,368
76,50,330,114,49,139,319,119,475,498,417,182,161,79,137,301
191,418,514,386,417,104,508,255,459,443,485,488,227,7,285,131
208,94,525,306,16,203,376,390,322,3,379,135,556,504,20,357
386,415,309,396,247,145,30,571,391,258,483,364,498,367,224,302
51,288,222,458,315,10,64,545,187,499,356,334,90,557,134,121
111,403,300,73,90,246,435,213,56,55,397,234,537,395,68,396
33,435,295,4,361,136,421,264,90,59,178,375,299,38,30,66
553,201,134,145,475,564,295,405,10,168,210,558,163,510,30,461
330,508,76,566,119,133,56,408,201,435,62,161,515,45,175,334
409,527,401,485,333,77,525,191,440,175,348,530,229,137,161,363
427,535,234,296,33,324,418,568,22,536,301,244,138,396,252,424
46,539,545,330,137,449,114,556,480,34,306,174,318,386,460,334
186,2,198,365,442,311,566,6,304,182,318,58,521,461,68,47
413,436,137,411,380,134,401,6,361,111,318,225,525,252,403,375
386,330,392,515,375,112,222,538,497,483,565,401,343,166,461,126
411,330,525,504,515,485,564,327,246,385,2,313,450,508,454,435
519,108,32,499,282,572,75,15,386,408,476,381,104,430,246,449
402,330,6,418,321,537,438,10,151,8,539,116,566,134,260,319
288,362,574,449,278,152,485,9,111,119,64,269,18,343,299,358
139,1,304,61,320,231,142,234,6,341,156,258,490,313,256,212
345,139,38,483,190,2,196,10,234,119,380,536,64,398,432,409
445,126,554,161,300,140,521,10,255,363,362,52,537,432,87,289
86,545,527,5,238,497,562,182,288,313,564,195,537,156,161,139
137,475,547,488,386,556,329,32,306,30,504,470,473,307,319,337
488,470,433,368,387,87,266,142,50,377,3,328,421,398,550,2
6,471,373,572,532,315,62,109,386,18,300,347,483,228,278,308
284,351,113,363,377,420,300,32,111,135,10,235,386,442,136,89
499,318,494,217,512,545,172,343,161,23,1,5,412,252,214,182
430,239,498,400,190,427,307,330,153,367,344,113,266,36,296,267
163,139,389,270,403,129,301,355,258,239,68,54,155,351,278,513
485,79,87,553,400,10,75,430,123,396,336,537,386,125,364,306
555,300,129,432,267,89,190,573,143,485,313,268,168,8,5,86
315,5,9,64,30,377,431,308,175,270,113,68,300,98,321,237
299,462,123,6,182,295,519,361,119,327,246,23,503,131,222,265
442,314,318,6,386,337,409,497,510,64,347,436,233,537,365,448
547,468,341,336,395,343,281,113,475,161,269,76,68,171,190,376
24,504,472,56,562,71,4,403,48,99,5,368,30,156,289,442
64,270,376,461,530,57,537,267,363,318,104,564,66,276,442,231
402,10,499,115,132,527,507,401,254,171,533,109,303,409,548,52
5,6,254,468,450,38,129,380,483,36,438,408,364,442,225,291
442,525,165,472,225,344,457,246,354,353,194,341,239,399,554,182
386,529,260,338,545,511,164,330,462,76,521,486,171,566,399,58
318,40,92,1,402,386,33,482,328,545,229,537,224,293,344,67
164,233,79,203,6,355,459,238,435,225,300,436,198,323,247,464
307,400,32,386,563,10,2,482,66,564,188,300,475,156,347,190
68,214,241,555,538,525,504,66,344,16,161,324,376,137,113,90
137,114,396,38,547,408,568,135,241,401,104,213,234,504,142,75
321,50,387,139,513,301,358,170,87,574,228,307,234,467,92,295
213,361,33,468,301,535,9,555,447,239,368,30,355,475,452,8
74,431,367,129,393,16,415,473,485,403,264,300,388,224,396,483
265,161,191,213,401,268,538,281,175,64,488,361,529,276,76,137
38,524,221,490,330,60,210,30,380,122,48,435,376,76,455,16
131,461,287,292,534,168,174,32,267,79,459,413,201,16,373,191
344,321,161,553,47,87,408,449,155,326,539,119,301,558,204,46
389,408,113,403,336,79,236,443,225,195,524,229,419,307,490,4
436,537,488,225,10,93,156,44,144,459,267,390,204,548,186,301
257,387,483,524,566,330,254,224,534,234,326,278,60,461,269,228
537,514,40,62,531,503,272,218,37,330,87,241,527,378,386,264
161,37,218,425,132,300,35,59,4,325,247,461,30,498,479,152
461,107,380,64,330,321,378,170,379,447,116,401,464,355,300,563
475,465,116,64,90,326,386,403,270,410,97,185,392,138,423,441
428,504,325,30,40,421,161,145,113,527,444,79,164,378,267,525
355,44,247,411,388,398,201,504,192,121,537,324,482,402,178,89
279,142,255,163,363,401,268,206,497,301,30,485,116,554,364,225
482,542,363,175,390,250,437,307,113,484,187,12,457,459,68,386
525,177,190,484,233,216,460,109,537,290,214,18,336,443,479,75
99,94,524,396,519,246,495,8,15,424,134,361,566,114,267,556
358,201,415,461,295,274,24,138,299,4,231,19,228,239,436,306
164,5,514,553,412,549,429,492,170,133,143,300,65,538,512,442
182,79,386,355,47,428,68,32,403,59,60,191,211,562,165,171
201,532,192,555,171,175,339,276,132,47,512,538,487,550,129,293
87,75,279,301,119,37,529,245,304,485,539,475,182,6,112,428
161,396,545,138,142,553,411,8,95,86,524,377,400,225,206,4
299,502,182,393,467,86,437,487,38,151,306,262,484,551,498,436
58,447,64,386,555,403,5,261,68,536,524,376,266,488,225,338
32,539,368,175,503,475,279,210,537,139,152,263,2,121,134,299
287,524,328,134,171,483,18,318,30,92,460,475,476,484,346,241
64,313,485,43,213,553,483,72,306,246,37,330,526,155,282,318
382,91,172,355,238,10,386,393,321,336,168,308,191,64,403,224
66,525,150,485,9,483,400,389,365,470,171,5,545,553,267,371
30,553,142,315,6,442,301,189,132,361,134,534,155,308,227,64
533,488,201,247,494,72,30,161,68,436,16,32,38,62,135,222
191,547,163,490,401,361,175,123,114,430,194,503,260,20,413,182
386,483,10,201,488,485,204,133,376,393,97,544,264,461,355,568
355,204,521,66,337,386,323,430,534,347,16,482,8,132,285,537
330,137,128,112,324,34,321,519,44,182,341,74,2,168,234,133
74,171,191,164,113,574,326,562,519,229,330,165,389,400,391,43
229,109,418,470,405,94,519,435,290,239,129,241,30,231,203,311
503,279,376,214,545,258,389,326,89,573,220,282,142,4,367,565
484,402,6,38,413,386,171,409,488,560,389,20,139,134,68,224
251,68,356,483,401,543,321,368,137,234,549,363,30,487,330,460
32,300,79,509,301,195,155,482,125,6,572,56,547,57,109,437
79,189,527,168,33,241,300,159,566,91,412,574,536,373,402,519
30,401,408,295,98,512,6,151,363,58,178,443,409,10,171,476
475,4,24,564,51,161,99,529,323,517,5,326,168,362,201,324
343,291,301,429,512,430,413,401,554,10,292,52,109,137,488,296
79,543,18,92,288,555,320,313,361,534,157,113,421,368,330,252
545,301,447,79,176,403,486,287,436,196,318,366,30,295,418,565
116,137,435,123,35,30,330,336,37,64,134,76,475,385,413,7
475,528,301,153,276,267,147,203,512,137,281,485,488,524,300,214
401,312,94,76,195,67,246,66,40,58,316,161,174,482,142,20
181,300,549,199,10,26,490,415,302,517,62,320,283,166,254,119
401,86,2,550,452,284,10,8,525,30,373,471,60,341,15,367
301,87,532,334,56,206,356,304,272,58,396,7,161,525,363,412
76,234,83,568,514,66,30,379,96,468,538,558,306,44,59,499
75,503,109,30,246,376,67,90,64,16,92,137,344,519,38,386
326,529,228,513,63,28,175,405,504,306,365,381,359,234,115,494
161,142,224,304,254,259,300,144,356,389,10,402,565,376,277,328
4,364,137,233,485,386,37,462,438,95,527,396,415,409,355,269
129,120,161,564,538,484,128,300,459,222,281,293,485,545,119,224
330,393,243,271,389,385,356,61,518,307,299,99,568,272,225,475
161,284,113,459,162,299,483,87,532,308,72,542,380,285,255,514
62,20,330,401,547,443,504,145,485,16,367,539,113,315,142,72
104,373,283,418,403,47,545,385,307,39,268,483,363,471,547,93
409,66,307,457,16,157,326,58,403,488,175,545,183,538,517,181
417,461,122,306,485,428,7,564,119,515,400,330,163,285,235,519
254,529,84,367,238,138,246,64,504,342,257,143,301,279,9,545
475,137,234,386,346,62,247,322,254,415,74,485,443,459,303,338
564,568,359,447,224,401,114,6,548,321,86,547,372,30,272,538
20,190,187,317,433,279,7,483,263,225,417,171,344,203,246,307
37,457,166,525,378,433,380,257,485,328,537,20,32,52,503,507
265,194,92,96,108,268,451,482,571,262,281,345,354,54,343,145
181,449,355,407,341,264,133,177,18,93,161,20,267,111,373,498
214,78,457,75,483,525,386,300,442,335,162,538,540,231,356,10
30,272,187,300,566,308,396,66,288,182,306,9,380,68,334,456
135,109,460,313,488,104,221,68,10,61,157,482,318,168,379,32
251,492,215,442,16,113,62,482,137,213,36,530,379,432,30,18
203,321,146,552,413,134,293,171,38,330,386,442,59,403,133,452
380,72,540,514,48,321,357,203,527,549,330,134,565,138,418,65
253,475,337,411,198,538,417,504,20,321,99,525,552,18,490,76
377,313,170,142,57,564,494,18,166,571,69,338,391,386,183,306
295,220,5,129,65,15,9,171,2,536,72,268,175,483,57,417
160,238,550,92,134,5,424,442,430,386,175,25,443,461,566,180
328,82,380,378,76,437,228,436,433,365,532,7,16,431,23,485
209,20,263,122,279,361,201,386,199,485,558,337,536,213,359,498
299,137,391,254,510,234,26,178,259,276,324,58,359,277,537,213
402,386,156,128,543,403,284,119,355,11,88,451,182,562,109,321
280,142,321,133,529,487,484,376,129,89,503,389,466,326,148,365
134,141,328,290,475,128,32,389,386,229,471,263,76,554,411,175
308,132,525,168,59,175,210,555,38,91,412,39,278,296,194,76
137,266,231,133,114,38,268,507,526,79,39,330,299,438,284,363
91,171,272,363,391,519,564,399,448,306,198,170,234,558,501,5
409,354,76,279,359,87,498,51,529,442,427,417,376,254,228,122
192,319,171,68,433,119,334,163,161,9,59,337,262,503,380,396
135,341,537,306,417,488,408,268,545,390,448,201,318,129,224,24
354,47,475,92,43,227,166,525,246,498,519,548,94,266,380,537
403,300,233,432,172,519,30,308,59,355,278,98,234,299,288,375
264,138,180,542,324,309,254,2,76,155,521,330,129,249,259,175
266,433,171,300,58,421,551,239,7,436,278,332,564,47,376,312
431,20,318,4,545,521,175,445,17,287,391,18,378,538,436,537
74,108,455,192,572,171,129,213,529,436,365,525,300,519,8,68
58,291,364,320,354,234,66,371,7,307,380,301,418,293,485,51
58,113,229,556,146,457,5,2,56,73,386,26,6,443,555,37
120,321,330,525,423,379,328,461,280,119,56,284,67,537,76,276
432,91,336,549,403,473,461,418,534,306,68,310,525,165,300,87
491,371,254,64,301,553,307,351,113,166,90,528,221,134,72,334
245,418,257,125,161,326,558,313,462,334,534,330,401,337,437,485
527,64,498,359,66,442,252,225,193,163,301,28,365,195,385,554
390,201,282,417,424,65,175,187,6,214,344,7,268,62,241,509
299,161,436,545,367,574,135,291,438,514,8,342,137,515,287,146
10,396,525,309,68,475,343,135,437,66,310,214,133,391,431,355
168,56,537,224,485,299,494,426,234,308,171,134,340,92,208,527
122,396,241,11,187,137,436,299,66,151,32,367,182,401,562,391
490,129,512,421,455,551,484,461,10,403,528,373,420,9,554,134
32,457,547,494,483,562,529,455,33,66,224,72,386,210,25,119
283,330,233,228,12,32,326,321,39,203,509,111,300,403,84,324
135,5,390,301,213,483,436,201,16,562,186,553,396,424,266,386
256,287,514,433,527,257,159,474,457,76,134,71,72,455,552,150
344,359,465,64,405,170,258,92,137,241,272,398,432,512,539,113
20,377,10,272,534,175,400,66,251,412,164,135,471,539,343,166
5,386,270,533,373,405,440,479,497,489,430,377,268,231,133,336
309,129,552,40,435,394,155,272,225,76,314,72,524,301,30,470
142,66,261,330,386,376,415,326,408,137,64,338,191,448,440,337
433,409,224,225,18,515,229,359,61,539,72,380,201,89,187,519
30,296,20,246,386,240,326,300,527,457,142,553,455,465,542,549
152,134,483,501,454,213,68,4,116,64,519,123,30,572,435,168
296,307,330,482,318,4,137,356,412,442,258,7,133,254,488,403
187,495,553,282,64,318,324,343,302,547,40,213,234,536,515,488
203,486,155,35,415,355,109,21,253,49,112,68,142,8,19,171
38,9,123,10,435,247,8,532,551,11,345,346,312,203,37,307
175,24,367,525,177,342,156,143,201,30,387,482,545,64,314,9
76,299,14,443,236,92,345,343,397,231,317,421,483,527,4,563
134,192,10,175,337,485,142,457,30,494,358,542,76,83,68,70
216,39,344,447,449,389,380,285,138,10,355,333,435,382,64,48
365,461,528,443,20,385,5,355,553,54,156,30,389,334,388,134
39,485,342,133,401,301,10,68,355,58,519,37,399,66,555,346
265,548,146,68,396,58,321,4,549,171,288,434,151,524,437,340
387,457,556,6,355,498,558,171,461,448,87,549,401,76,565,343
168,137,113,175,90,485,8,547,59,228,537,73,497,163,401,389
519,68,4,141,175,337,568,260,183,378,119,132,450,26,308,510
89,213,442,90,164,554,66,460,39,295,392,558,301,386,156,56
183,545,67,537,287,553,498,196,64,565,355,20,37,151,185,299
517,68,16,386,5,268,267,460,550,500,380,418,326,48,131,545
483,443,2,260,564,421,271,246,113,234,380,171,519,490,119,434
74,403,269,258,549,441,525,213,203,25,0,18,436,134,30,494
392,362,203,133,566,163,32,254,558,168,363,344,256,389,106,72
558,380,554,562,37,408,46,150,367,386,301,76,6,212,156,545
304,4,403,430,321,534,419,402,5,461,288,355,56,536,161,32
166,503,139,145,452,307,92,156,410,357,527,525,484,134,64,477
415,206,204,228,203,86,36,260,361,99,245,172,431,386,432,394
486,549,346,448,551,420,386,537,338,573,134,554,167,515,6,240
68,231,190,442,463,31,58,175,20,114,300,423,24,39,281,508
470,32,168,170,421,537,269,364,323,64,399,45,158,301,230,314
66,10,558,524,278,551,503,484,310,389,62,24,122,323,76,20
347,79,276,171,363,159,386,5,119,231,459,258,203,214,48,300
537,120,364,38,455,234,554,475,300,431,494,134,92,412,168,548
300,574,118,389,78,325,30,503,37,326,427,9,357,279,490,301
421,403,323,234,267,253,66,197,258,490,532,38,68,330,168,317
378,519,39,475,548,134,318,268,553,295,301,313,47,489,355,262
255,16,163,246,256,145,228,558,322,111,290,521,6,461,343,545
76,380,431,532,177,134,485,272,330,13,271,129,517,525,363,307
240,564,235,456,373,87,162,161,466,424,59,231,67,528,455,75
343,247,201,376,527,51,509,485,330,48,279,268,564,163,81,419
564,553,114,396,420,234,517,328,455,410,267,479,141,183,362,24
421,98,389,72,32,30,437,508,417,285,528,481,386,525,215,519
300,296,191,457,376,545,316,320,171,161,396,475,190,433,157,129
168,182,385,377,0,288,37,80,171,60,145,100,317,380,459,39
393,417,300,396,478,123,403,4,64,389,424,79,203,281,499,213
545,75,537,240,377,461,532,252,291,128,479,171,18,428,133,401
455,12,551,109,225,266,434,90,312,161,342,287,317,135,258,518
380,558,544,33,181,61,10,24,313,318,75,39,80,507,399,554
545,488,10,161,339,537,504,248,506,336,379,457,63,355,239,368
222,252,56,445,105,239,155,206,65,9,38,300,537,156,16,295
295,115,459,432,292,483,427,553,5,529,361,90,96,142,62,133
401,568,5,175,490,402,355,545,74,363,30,157,182,450,488,225
114,16,266,98,284,413,58,425,271,175,412,89,364,527,258,490
203,129,40,417,553,450,424,26,201,308,137,188,52,283,498,145
157,137,72,478,507,187,341,415,61,203,470,278,307,65,505,279
102,368,363,301,133,4,540,47,229,300,461,165,98,498,191,50
71,461,2,406,566,514,324,519,139,267,282,315,26,534,38,363
386,321,134,267,465,68,566,484,401,573,238,301,252,75,266,351
52,66,32,87,119,321,249,483,140,20,494,435,37,300,171,136
417,302,59,64,145,447,0,198,401,545,171,528,493,432,285,252
377,423,301,548,475,6,413,488,9,436,483,537,313,283,182,307
287,38,234,79,537,498,259,521,391,171,272,359,483,468,394,10
267,285,400,113,317,195,537,122,459,328,527,312,485,550,61,161
254,44,380,270,391,415,396,424,349,352,434,402,571,80,307,4
19,389,485,565,239,487,155,187,517,123,263,377,238,343,4,364
376,76,213,156,31,279,58,172,161,111,290,81,79,411,321,247
300,267,30,361,325,234,328,76,282,515,160,171,8,376,475,133
564,324,2,73,483,6,199,18,537,459,138,241,38,139,162,64
499,161,519,220,539,288,319,455,403,355,485,489,312,441,90,4
36,190,89,396,145,288,255,415,291,168,328,361,400,461,48,66
142,161,503,321,386,485,545,428,295,32,138,30,293,566,66,377
348,349,97,76,40,204,396,307,484,75,363,134,113,340,532,9
171,137,11,231,421,40,564,536,64,77,68,156,79,161,113,213
309,289,329,61,160,16,555,484,145,458,436,442,47,114,190,166
338,547,14,508,537,20,365,434,373,430,476,64,70,267,101,391
291,348,91,430,241,213,119,529,482,279,404,7,344,161,434,258
389,517,224,142,38,234,320,76,58,300,485,501,155,278,464,321
528,91,24,227,256,565,386,517,553,363,510,313,321,306,248,10
318,412,6,376,562,41,68,288,101,239,51,508,144,542,396,327
104,372,181,507,272,239,19,499,58,341,100,403,412,257,10,260
547,277,483,56,417,498,551,430,532,120,301,181,495,419,58,262
266,139,324,64,382,222,509,129,574,442,33,301,484,470,356,321
411,165,5,65,412,347,76,225,315,543,556,436,562,15,159,318
299,448,270,18,93,229,355,409,137,253,280,314,32,201,324,246
74,276,8,390,363,99,31,553,33,537,171,346,133,87,365,287
555,2,138,92,389,380,508,247,492,66,119,43,368,175,234,107
203,553,326,295,290,301,276,324,29,304,335,489,461,115,413,402
330,47,304,67,438,72,50,163,119,484,281,455,76,171,210,207
434,76,222,129,203,545,401,354,355,389,11,365,347,357,300,38
458,263,59,328,66,485,137,417,568,525,214,346,573,334,344,330
113,389,10,241,380,551,429,281,386,427,495,28,529,548,564,337
277,252,76,363,461,515,150,288,225,213,519,436,123,300,176,528
247,405,337,306,13,547,272,389,427,312,234,79,86,483,136,265
535,171,267,229,76,436,448,389,440,508,161,396,276,412,554,176
145,64,2,408,396,39,482,252,460,358,129,427,38,405,483,287
300,142,10,485,475,394,452,403,18,79,488,436,241,129,295,460
234,357,110,527,413,295,574,203,459,238,254,529,299,270,201,137
222,125,152,363,481,194,218,10,419,485,59,365,411,133,70,396
168,564,231,247,306,566,319,537,66,386,325,380,545,295,281,128
78,100,411,9,397,356,6,76,68,430,389,330,540,285,386,191
100,137,258,521,485,345,460,390,373,409,63,386,215,315,278,537
369,387,308,328,72,95,447,499,191,6,557,551,560,366,79,31
30,46,155,38,284,288,28,525,272,10,358,304,417,16,436,494
115,51,334,294,123,538,396,201,38,510,357,514,66,109,161,363
71,361,140,111,129,326,285,267,142,461,435,276,10,323,21,300
514,497,46,337,532,458,212,549,554,519,171,389,239,114,563,534
101,229,234,137,380,328,346,255,164,38,213,355,161,99,98,37
161,264,272,378,90,442,525,230,68,113,121,351,76,321,5,501
504,572,413,460,548,191,330,435,145,153,203,261,573,231,4,440
285,485,268,266,40,219,220,6,38,321,503,9,201,43,554,483
420,67,494,218,466,483,231,268,194,234,172,470,160,386,246,157
300,186,460,551,403,38,32,64,87,282,466,123,391,225,293,431
150,156,76,123,30,361,448,146,31,507,483,299,509,153,145,300
411,37,142,355,64,345,123,457,442,459,540,10,252,386,504,336
18,65,338,412,161,480,142,189,336,214,337,30,138,1,10,396
363,168,502,174,175,60,470,252,442,211,4,441,0,313,68,495
299,365,479,145,549,403,9,163,564,247,136,387,246,319,68,512
234,438,57,515,156,137,225,151,330,79,293,457,373,337,483,70
480,123,142,299,143,234,330,29,288,413,459,504,536,485,494,220
106,572,18,0,76,228,488,484,389,386,285,276,396,123,547,307
482,168,355,330,79,558,220,475,335,456,504,431,86,503,239,428
545,306,484,186,212,171,137,527,87,285,6,279,9,443,295,494
47,548,443,483,399,321,90,380,86,306,564,96,460,334,537,52
203,387,104,328,142,403,476,473,504,260,15,75,219,5,485,449
364,66,485,377,131,137,537,494,206,386,84,317,503,0,229,175
161,551,483,76,510,61,9,537,295,431,181,24,556,435,336,51
217,363,319,343,199,568,272,435,515,301,112,161,2,464,171,470
401,285,146,49,93,554,485,495,87,549,532,501,265,161,6,20
300,391,474,129,148,327,215,498,334,411,483,548,450,527,460,484
96,503,466,128,303,408,58,498,394,538,566,445,137,341,535,330
376,396,460,129,75,32,365,553,524,488,2,6,255,31,195,66
403,154,98,344,411,430,408,126,545,372,266,515,142,247,401,488
287,403,68,10,560,57,300,28,97,182,36,564,427,543,254,104
171,175,76,488,534,555,234,307,166,39,396,300,340,159,12,355
33,30,436,300,537,45,301,217,5,134,15,203,330,264,385,461
318,344,476,91,554,485,418,275,94,309,371,260,266,431,488,30
430,224,192,68,544,396,564,307,247,219,504,164,210,299,363,485
442,253,235,354,359,171,113,528,39,30,6,394,491,301,109,539
503,525,268,134,64,556,486,247,419,357,484,361,455,38,442,110
213,39,434,6,321,431,498,201,156,32,409,515,10,94,318,426
113,175,76,527,334,346,128,38,225,137,279,300,482,90,233,389
171,68,386,411,457,537,396,379,288,545,491,134,116,7,521,460
464,362,182,269,427,285,343,145,537,161,431,142,234,566,231,363
553,361,507,367,30,540,7,433,295,266,566,521,32,395,413,39
67,564,347,386,161,448,362,345,418,272,387,290,436,28,268,569
412,59,44,64,161,68,301,281,341,171,93,278,408,201,380,396
450,255,157,140,485,260,161,87,377,254,13,115,426,151,308,483
111,525,10,334,515,498,306,355,387,488,377,512,166,291,503,113
373,396,119,30,497,385,203,379,420,171,386,342,489,548,529,318
272,330,455,145,158,109,268,378,299,358,562,558,432,50,328,346
337,363,247,482,427,268,436,231,5,74,450,171,175,68,539,113
510,201,125,547,128,64,47,281,161,233,388,145,417,343,129,300
301,542,390,325,5,346,444,137,336,330,511,142,0,363,333,90
461,24,10,442,256,300,484,171,62,175,136,9,277,553,281,528
455,156,428,37,4,175,246,438,379,285,326,180,564,502,442,519
519,39,389,215,377,175,565,53,387,320,400,247,433,476,413,430
55,564,386,490,299,220,191,403,503,525,336,387,201,161,519,276
361,204,401,6,164,562,399,168,574,400,564,191,182,524,213,87
171,436,10,263,462,470,26,161,424,279,276,124,247,323,301,330
229,58,482,299,2,513,72,549,558,443,538,142,364,545,5,503
279,105,233,12,554,10,122,86,131,142,177,300,498,460,195,253
475,521,307,537,80,126,534,31,174,50,553,330,306,343,227,341
161,527,68,525,146,377,9,461,229,257,137,483,365,266,574,521
227,32,304,564,525,317,119,120,403,355,529,58,566,111,175,9
80,367,4,453,396,181,149,268,38,295,528,460,128,261,64,8
23,403,312,66,306,317,68,38,442,433,549,5,386,564,326,521
409,195,481,531,436,424,483,119,411,442,401,545,460,4,488,17
393,391,415,139,265,539,354,423,307,213,142,494,68,571,10,483
114,0,301,225,420,520,342,66,293,269,508,553,203,519,333,222
441,35,326,268,195,152,554,171,24,47,483,528,537,10,64,540
312,133,375,111,122,30,254,558,36,295,346,113,457,547,58,494
144,260,483,565,475,435,453,570,51,265,39,515,415,32,533,259
347,106,222,435,165,231,396,415,501,556,525,346,129,119,183,135
363,521,508,175,368,247,436,424,299,313,76,488,16,376,171,389
97,175,344,563,148,238,137,214,348,495,58,119,511,515,161,403
68,510,182,417,287,163,79,508,270,503,307,380,181,168,58,458
137,161,528,234,542,508,134,436,86,150,376,224,189,519,2,214
307,58,300,448,376,164,455,171,303,447,160,389,377,436,159,218
485,514,330,59,312,365,427,119,408,288,138,58,521,499,409,276
15,281,62,19,204,76,328,524,389,37,6,535,539,199,213,355
219,254,252,365,544,49,555,519,317,56,413,251,473,444,320,551
459,485,355,30,508,396,91,551,527,440,308,362,282,320,565,8
486,213,312,114,558,123,431,192,376,293,282,7,501,300,321,161
364,401,564,336,435,119,386,84,263,321,238,432,66,264,143,191
521,436,99,75,531,93,186,355,134,30,529,317,123,386,224,414
509,355,474,4,412,10,295,571,310,424,404,401,5,230,94,171
488,475,430,544,37,486,461,363,135,457,485,285,509,452,109,387
330,380,291,430,99,185,276,524,549,62,413,68,40,247,403,365
264,170,553,66,483,475,146,362,269,155,182,401,58,299,159,306
213,465,183,355,176,268,346,279,545,26,234,80,108,367,171,431
528,508,189,87,68,16,361,545,442,566,133,104,175,461,263,521
145,317,134,201,461,363,399,10,538,327,564,380,246,32,524,5
247,564,7,76,302,97,17,90,485,213,260,291,328,401,58,365
441,399,229,299,558,436,545,265,285,497,99,484,521,361,323,388
397,545,550,34,156,390,330,119,228,229,291,134,363,336,364,186
386,287,175,564,364,75,510,45,8,427,525,252,449,473,11,310
337,356,168,325,9,39,79,283,268,7,58,277,488,6,315,538
260,8,15,120,359,300,203,429,462,377,483,79,555,252,247,168
128,490,309,301,280,28,488,126,92,225,571,233,475,381,247,201
337,541,300,175,376,68,163,225,30,485,266,492,438,310,72,494
257,485,21,354,246,483,468,328,9,306,318,514,525,320,76,463
337,38,409,64,367,246,94,142,76,222,68,159,336,10,314,300
246,111,341,537,385,554,231,439,270,301,528,30,128,525,285,550
72,318,281,565,119,8,508,132,61,504,134,234,18,547,300,386
18,171,510,539,279,330,461,260,247,16,270,409,50,443,138,532
295,161,308,187,6,301,448,234,137,501,436,368,136,239,524,171
427,38,558,300,330,459,549,424,455,133,431,545,451,461,168,266
485,393,334,401,535,25,29,32,345,344,548,81,9,337,253,92
537,136,30,2,351,396,43,524,473,313,4,436,231,339,229,452
194,257,315,425,186,571,551,554,113,431,239,135,129,432,295,151
185,116,413,58,396,22,400,326,563,46,134,166,133,168,10,301
120,355,431,301,378,64,553,300,218,386,203,6,547,517,76,44
191,334,121,182,8,57,396,156,137,174,368,10,421,413,231,278
122,485,363,334,55,268,111,70,528,15,327,32,265,129,134,43
166,336,225,161,260,380,30,361,39,231,281,313,2,401,137,482
186,238,356,498,113,276,107,517,32,371,436,91,403,260,271,525
144,252,76,99,213,498,165,31,254,363,515,299,197,18,412,79
64,255,76,413,509,162,2,564,142,545,87,74,145,301,483,61
214,318,391,495,68,307,300,285,330,249,465,513,556,10,61,554
293,566,554,175,435,484,299,458,64,401,483,509,326,514,189,321
334,285,171,485,168,165,151,238,365,325,120,399,228,463,355,197
191,564,461,204,386,119,498,10,503,302,9,491,409,234,548,283
461,64,204,390,111,9,171,77,54,457,142,156,6,5,161,476
137,534,39,484,241,121,341,396,401,483,355,551,528,525,254,144
9,417,515,574,436,554,553,187,181,336,248,270,386,564,419,396
87,564,171,161,235,367,268,396,215,307,95,495,83,403,238,68
475,435,333,442,328,90,119,187,283,524,16,344,171,300,363,192
21,61,524,234,401,485,314,534,301,276,300,537,264,158,171,68
504,521,387,319,485,157,295,298,205,87,203,307,239,126,133,436
9,171,535,402,431,401,389,213,122,51,461,568,313,72,205,367
19,243,378,84,524,300,51,32,537,343,475,132,60,310,190,30
218,301,536,452,515,344,354,145,189,38,123,330,387,199,191,213
483,234,551,263,301,225,64,461,548,363,401,290,530,428,201,357
61,436,268,164,340,443,314,145,391,260,514,475,386,58,175,133
120,343,224,549,461,326,83,573,225,447,166,161,435,16,321,475
255,403,4,488,278,508,267,363,343,563,347,183,457,344,320,291
9,213,201,472,534,166,515,490,529,558,295,76,33,109,300,361
409,31,15,37,161,119,87,355,509,519,208,269,164,157,300,490
10,168,528,475,135,278,277,133,46,64,138,436,296,24,285,173
290,428,527,334,151,161,199,515,475,195,137,29,547,432,10,51
192,61,234,386,453,79,113,139,123,488,514,389,307,283,111,224
284,389,142,504,258,293,507,9,475,151,528,68,212,363,343,542
306,326,503,417,214,201,288,161,219,368,246,46,113,149,83,6
24,345,488,113,134,435,16,448,538,334,386,531,79,307,310,424
25,23,295,528,358,386,70,64,380,285,347,3,440,363,87,431
260,37,442,134,145,272,558,0,87,137,220,438,396,485,470,252
400,134,511,228,68,330,524,403,95,190,256,485,206,337,547,334
535,146,524,80,429,171,241,313,299,359,498,134,295,319,485,19
549,326,66,171,278,57,246,151,504,361,465,248,573,288,195,15
8,564,536,447,364,431,326,386,492,26,7,509,401,113,10,281
443,512,247,114,402,475,129,465,401,145,343,213,10,555,492,201
564,163,273,213,421,344,212,553,74,512,357,61,413,379,20,367
155,74,97,475,112,232,351,490,545,499,410,513,222,339,537,461
268,210,16,402,214,277,2,231,4,307,254,10,545,295,448,155
15,174,403,6,68,229,166,187,430,54,509,201,357,161,30,134
424,229,411,283,300,206,174,525,455,386,24,65,38,483,375,175
119,82,380,457,300,276,363,239,545,388,161,203,44,51,39,100
525,313,8,499,30,6,329,43,10,161,32,488,528,334,271,268
475,453,137,89,510,442,257,461,499,430,301,408,276,266,417,433
435,355,5,70,330,401,201,132,537,321,367,472,519,264,562,371
538,465,542,68,113,554,355,549,503,191,234,363,174,175,20,279
299,485,443,58,402,114,318,355,134,537,50,68,436,276,478,304
385,525,391,563,247,534,546,453,455,371,66,308,105,304,346,386
386,68,168,57,525,442,130,1,214,6,457,235,485,228,326,10
278,528,562,10,301,355,548,222,260,325,137,409,195,166,367,445
386,312,321,435,537,68,241,449,163,326,412,506,92,251,133,290
175,122,137,498,386,534,4,307,285,186,233,321,291,11,78,60
430,87,307,33,142,322,133,318,24,378,548,5,57,468,4,484
545,488,263,6,385,64,16,330,214,507,227,192,320,548,73,424
418,459,172,64,32,468,66,447,566,213,134,504,263,427,379,488
304,272,99,517,32,182,501,355,521,163,135,39,336,5,90,267
355,483,51,133,470,499,527,524,207,519,119,417,224,38,461,203
10,285,36,391,190,287,75,300,48,554,148,519,452,204,302,368
411,71,377,444,260,133,376,134,4,431,528,300,150,330,367,572
300,307,509,5,459,545,228,528,174,58,77,270,525,267,171,225
142,68,453,206,79,363,15,432,66,201,32,466,182,89,405,138
58,371,485,383,145,68,445,10,25,488,137,412,138,100,6,324
137,147,318,389,134,283,161,301,4,343,339,408,461,455,201,166
568,56,493,32,238,130,263,363,159,336,300,550,525,135,409,436
383,145,301,285,151,214,501,225,332,566,488,276,386,529,134,537
203,153,134,117,304,459,293,355,30,347,354,431,515,161,488,74
