537,337,0,396,214,32,143,295,20,70,547,464,134,117,281,152,30
142,545,300,137,499,32,6,66,186,314,76,551,239,161,113,253,353
134,371,508,572,537,272,54,443,436,365,485,75,396,288,239,515,548
259,84,515,399,87,32,535,355,528,539,412,573,433,192,427,186,524
401,308,79,231,485,12,66,562,201,324,181,454,155,182,507,115,376
357,203,92,547,68,386,195,403,247,477,254,145,527,161,296,59,434
390,146,401,301,55,483,295,484,11,155,514,86,450,459,168,267,304
306,214,337,145,506,175,142,174,572,247,386,514,551,258,194,30,251
356,164,231,521,318,476,484,68,181,458,281,470,254,503,413,201,394
495,549,241,203,387,129,485,112,279,546,521,566,50,306,438,90,6
313,308,119,565,503,482,64,554,21,301,130,436,306,330,67,419,396
485,163,295,330,364,363,534,97,142,4,166,50,342,76,213,498,90
145,168,129,113,276,472,8,163,392,254,526,58,504,153,535,278,547
161,301,6,33,401,213,418,278,536,203,50,444,229,117,310,84,182
267,485,483,71,134,409,91,344,401,424,553,206,302,234,396,20,524
84,465,325,293,230,145,482,10,434,495,396,239,528,457,58,427,336
122,181,315,227,10,18,30,483,204,498,256,330,247,400,324,508,417
504,171,330,424,556,530,410,285,397,318,229,573,161,108,389,319,524
467,9,160,137,176,299,343,279,5,163,468,64,476,524,18,171,540
203,521,145,317,133,87,459,494,49,66,386,266,299,432,336,344,371
435,386,411,269,428,327,436,66,490,288,525,145,315,192,502,58,134
150,503,483,547,510,413,224,436,306,476,375,391,328,494,308,439,447
388,60,129,354,313,64,104,175,363,403,247,137,214,355,231,138,436
532,484,344,485,549,196,66,122,379,165,482,435,60,553,247,302,509
457,461,10,187,447,564,287,409,288,171,252,138,229,450,190,277,204
5,175,242,547,568,460,435,432,263,389,396,146,390,391,187,4,512
501,80,170,516,340,254,525,304,335,239,547,486,488,68,483,224,431
354,447,271,62,259,401,68,313,31,171,525,224,459,301,21,161,133
337,145,72,475,224,510,301,564,318,137,279,534,133,500,305,499,421
264,293,18,336,379,380,51,376,26,386,239,557,191,363,125,448,427
342,187,201,509,195,152,464,38,540,313,247,308,448,59,132,47,174
142,566,113,504,257,403,234,436,112,343,474,455,558,79,129,424,281
519,38,231,312,555,299,276,412,304,18,532,475,30,161,488,473,478
450,201,403,107,228,462,461,301,114,320,408,457,564,30,58,411,559
171,268,447,556,551,538,363,212,408,323,108,300,448,289,309,386,401
551,93,363,537,46,108,519,16,550,435,337,319,75,266,461,280,213
201,377,203,328,142,73,59,32,241,530,355,403,58,368,413,30,287
554,64,68,175,142,105,566,345,327,415,161,355,47,20,342,301,413
307,161,386,138,562,574,133,413,377,234,347,400,64,40,76,261,269
401,191,357,511,361,319,276,558,194,531,554,134,527,171,234,265,532
498,567,47,87,252,425,483,177,119,108,30,551,258,484,537,32,337
174,194,515,38,455,271,134,267,37,483,482,234,242,545,260,351,355
307,457,475,442,129,525,92,418,103,373,330,549,240,25,76,501,150
233,33,37,532,269,30,58,320,359,268,421,461,539,457,389,390,413
269,532,246,156,356,475,553,513,401,15,295,76,234,395,489,283,129
269,190,436,152,553,448,536,229,552,75,285,337,267,424,129,388,334
342,181,525,545,72,30,539,418,301,558,233,355,178,10,409,174,186
461,94,218,503,417,390,111,485,554,9,318,134,537,434,119,2,168
58,176,90,161,483,411,515,314,59,94,346,418,524,76,107,402,410
76,0,32,308,573,268,389,396,485,537,497,504,9,475,403,293,123
511,171,515,307,485,278,253,363,299,498,499,490,89,448,18,87,509
412,164,364,355,113,483,268,390,341,468,552,470,376,105,485,228,229
87,174,32,66,459,462,465,508,545,334,154,480,408,382,312,156,64
115,483,300,574,252,521,201,455,38,405,175,225,504,72,386,50,278
95,374,20,186,503,161,144,233,324,499,25,32,7,222,19,400,330
412,247,249,225,30,32,163,521,79,134,430,375,201,181,291,529,239
99,277,55,225,308,90,59,485,220,361,537,396,246,65,364,279,447
257,10,254,430,361,145,234,476,94,213,66,389,6,424,475,30,334
5,300,452,247,268,542,32,554,62,516,486,156,66,136,68,428,547
318,38,20,231,307,484,15,445,278,267,432,246,166,32,68,507,225
417,54,488,403,475,144,182,68,525,303,87,415,436,509,515,293,32
354,547,441,210,422,93,84,501,43,134,24,214,111,142,171,562,30
453,427,299,114,457,480,146,278,529,302,375,129,93,213,328,8,175
276,176,6,334,510,373,210,269,182,313,11,396,131,15,484,9,337
481,250,260,468,324,112,325,268,209,129,300,479,515,426,72,453,133
515,435,485,528,301,302,389,278,304,452,114,32,189,483,282,222,31
161,137,90,233,306,16,363,475,300,142,65,115,372,409,540,201,413
33,10,527,252,203,336,30,323,151,129,234,175,547,537,385,247,32
555,283,564,556,224,58,201,145,272,200,402,483,368,300,94,437,413
246,248,441,10,64,137,412,216,386,486,68,278,422,272,517,276,65
175,146,401,400,410,300,378,533,157,440,284,436,393,386,76,225,234
328,252,424,506,301,138,337,345,134,564,152,403,272,484,318,44,38
137,330,135,204,519,151,112,539,186,161,337,390,291,213,430,564,313
105,10,116,26,342,224,330,79,380,524,152,426,306,519,301,472,263
39,442,483,354,380,506,404,309,161,174,484,459,507,50,428,446,490
134,109,239,30,315,91,540,115,328,94,175,314,275,424,119,181,163
30,194,16,426,513,54,385,313,538,347,244,281,79,76,413,285,357
492,401,160,46,435,206,4,142,138,421,485,45,115,129,267,330,201
87,405,403,428,330,124,166,206,395,336,300,396,26,120,267,256,64
271,93,318,321,2,460,231,129,300,347,142,378,405,514,524,355,31
156,554,292,344,436,60,186,285,386,483,256,572,345,434,562,488,38
432,156,492,419,122,436,58,344,361,386,268,343,9,221,452,220,115
185,38,215,104,396,521,125,56,137,76,532,68,268,535,308,28,431
475,164,448,130,92,158,396,442,289,279,248,142,261,145,176,527,37
409,458,503,467,443,389,485,559,434,344,79,436,540,553,337,239,534
403,20,484,72,130,452,107,442,359,247,9,537,551,276,443,55,444
254,101,9,300,443,163,228,135,368,473,231,410,537,389,20,255,267
521,376,361,486,527,161,38,461,37,72,145,295,241,182,29,300,220
86,333,133,346,504,415,292,283,376,227,66,301,409,137,402,359,5
171,64,136,534,254,175,512,435,431,363,47,293,571,66,191,87,159
524,551,554,565,190,254,168,379,75,532,408,542,351,107,498,475,448
61,283,472,99,247,325,229,67,485,480,449,525,171,272,403,32,295
548,343,32,536,318,327,301,551,86,156,300,292,415,424,6,84,145
58,529,419,119,417,201,339,336,470,228,145,385,401,359,51,101,229
400,380,69,365,10,386,225,128,119,123,566,573,401,436,8,524,135
263,417,574,142,307,346,519,457,376,301,424,239,361,182,78,68,32
168,553,2,139,379,87,527,181,335,18,16,68,560,323,19,76,182
405,327,400,432,4,56,528,8,272,430,90,52,413,170,465,393,156
455,90,64,538,517,306,212,266,6,24,359,396,361,68,76,365,224
339,362,234,435,304,401,409,281,514,165,133,386,430,373,323,321,6
94,401,515,283,447,76,488,68,368,81,482,46,359,60,135,270,326
247,344,175,155,396,161,420,89,433,386,226,455,337,300,514,134,485
58,90,435,545,488,68,512,307,504,225,218,428,448,148,511,126,199
58,563,3,527,300,171,455,114,530,325,336,386,457,380,388,462,241
152,28,344,453,411,203,10,488,112,444,252,396,483,459,347,549,499
412,137,545,374,364,175,155,92,299,474,44,318,452,10,205,9,401
6,92,418,283,86,171,454,301,149,16,191,476,389,475,552,234,58
339,432,20,483,224,475,517,412,313,336,553,214,66,90,182,10,300
29,247,99,295,545,234,20,261,503,425,119,396,66,142,239,368,164
523,113,548,66,68,163,319,411,408,402,288,229,134,161,524,334,295
288,252,176,455,387,139,137,342,420,30,306,435,268,138,58,442,163
403,191,272,547,510,534,64,483,266,113,66,129,341,452,337,363,98
9,113,401,166,448,229,435,382,315,378,161,336,175,485,366,151,375
37,529,564,473,79,31,50,314,51,60,432,394,136,488,0,493,293
534,483,112,246,171,574,168,532,485,68,529,487,567,201,355,568,519
436,15,461,534,98,475,215,115,391,341,111,313,485,252,75,191,367
423,134,346,145,363,515,301,470,403,231,6,179,84,376,198,564,86
367,201,548,507,114,234,36,378,529,228,233,524,473,231,497,171,306
252,376,145,475,125,278,531,72,562,307,268,201,542,363,121,38,161
534,263,558,551,494,485,58,356,381,191,336,300,119,258,547,345,324
222,250,386,488,134,548,156,285,161,512,504,259,319,551,31,142,437
537,386,119,417,261,289,337,548,238,191,74,161,92,276,411,285,5
10,56,306,396,438,60,338,38,436,285,225,8,500,347,68,24,247
269,68,176,6,405,171,47,304,313,203,138,31,58,288,503,64,341
87,487,387,222,293,8,509,86,140,161,330,28,379,145,175,287,261
475,72,285,508,405,365,293,301,28,171,330,126,149,412,279,367,534
99,90,23,170,403,36,328,282,401,252,321,161,175,18,168,484,213
5,182,401,295,344,380,161,539,438,114,436,153,566,224,411,546,287
233,545,299,393,108,401,276,287,418,171,129,514,525,408,442,255,306
39,105,461,241,294,328,301,411,66,334,122,318,309,288,299,260,177
462,317,170,484,435,253,319,171,52,128,566,461,539,441,206,162,475
92,321,502,342,68,470,508,225,235,436,455,30,15,134,66,156,192
473,498,337,435,524,79,268,508,557,161,318,171,359,137,238,241,39
396,553,545,461,445,519,386,334,287,229,301,299,203,266,510,110,201
163,213,491,461,396,550,175,11,132,510,485,32,160,367,240,262,488
512,134,442,118,109,10,115,514,396,203,171,276,190,475,213,473,308
201,539,295,485,386,1,174,87,418,507,192,10,32,119,6,287,499
475,252,57,171,361,380,104,30,417,409,564,354,68,483,389,101,517
308,386,68,431,468,39,354,213,300,359,304,307,457,66,201,246,214
529,119,161,396,413,343,234,247,484,33,301,304,282,371,572,136,259
330,403,490,198,109,260,48,355,336,310,171,344,32,146,534,21,485
483,297,175,114,300,403,203,129,272,64,293,161,302,401,331,553,253
234,319,78,482,330,537,363,164,503,59,300,161,156,509,252,94,399
278,288,195,396,318,413,365,551,70,68,282,71,194,403,441,5,545
161,495,15,287,137,307,212,8,10,6,566,414,224,28,308,527,86
90,139,393,9,330,272,417,137,377,197,248,191,4,134,301,409,203
75,543,402,71,2,87,393,413,213,70,62,18,229,5,409,403,93
554,367,485,508,532,260,113,168,132,334,308,215,440,381,16,20,342
247,272,396,199,547,191,185,387,436,52,368,309,318,385,503,566,266
110,39,435,337,239,66,436,427,497,255,508,534,333,123,343,161,43
137,364,76,555,213,164,176,452,79,510,247,457,152,545,367,266,461
134,344,79,537,536,182,309,133,320,241,250,336,413,461,129,357,547
119,213,66,71,540,262,457,534,485,94,266,401,337,553,474,64,295
331,4,364,386,64,346,513,462,267,241,419,301,461,491,488,133,415
331,528,301,287,348,300,109,267,260,295,23,281,64,132,337,539,398
427,24,287,399,113,458,9,484,175,449,420,355,300,485,337,574,499
5,9,171,348,129,247,163,484,61,134,23,16,379,175,521,434,301
378,548,553,161,528,556,514,307,423,87,28,403,201,386,301,513,442
101,168,362,269,351,490,68,204,57,307,37,137,346,113,190,36,475
443,264,190,386,30,534,285,374,171,389,376,447,572,94,155,551,539
346,247,400,313,403,437,435,401,319,461,293,450,38,359,110,475,465
342,325,435,87,75,66,106,161,287,544,328,340,300,307,121,81,472
108,483,284,365,201,113,382,530,314,228,32,192,299,89,423,455,6
5,307,455,510,330,145,32,160,283,151,255,119,60,126,10,266,184
324,374,191,32,285,514,137,109,166,545,47,430,7,459,146,198,483
386,436,417,86,485,565,448,455,281,144,154,401,95,398,345,7,427
137,277,499,70,527,400,79,402,328,32,126,0,321,252,565,532,129
120,254,171,201,435,549,367,262,391,300,407,553,485,46,244,256,363
499,146,266,38,300,402,260,241,134,568,375,553,203,324,537,321,25
288,313,138,31,564,76,155,420,194,412,246,201,379,536,357,18,485
376,431,86,490,312,87,156,566,559,145,386,282,396,379,484,224,5
344,40,213,545,421,138,287,113,129,87,460,187,499,228,386,447,104
68,304,8,203,451,346,247,471,158,564,32,38,330,295,491,285,142
213,473,538,455,199,318,64,203,113,92,116,460,186,283,142,89,459
344,488,512,9,161,550,59,413,145,4,20,90,256,28,135,300,411
380,442,10,40,551,160,147,276,99,126,175,8,268,107,459,299,215
306,399,281,459,68,564,272,436,330,254,94,33,161,47,386,201,291
550,373,434,161,459,94,36,531,50,306,66,480,370,524,482,254,293
32,345,30,328,10,247,318,135,413,8,6,351,554,548,291,535,448
33,168,295,201,346,489,459,142,475,373,521,10,405,483,114,241,76
64,363,40,396,486,409,284,482,345,18,343,12,442,261,525,87,214
30,554,119,473,308,398,378,300,171,373,152,5,508,482,537,3,109
46,239,307,449,160,82,283,258,276,394,483,525,459,10,319,6,175
558,525,59,306,307,300,536,130,571,294,464,203,254,566,228,214,58
168,191,514,396,94,163,345,342,58,252,454,548,283,156,507,4,134
76,566,87,201,488,364,279,336,309,553,525,475,136,323,423,554,166
448,145,355,529,183,261,279,269,399,60,90,68,427,482,134,238,447
475,64,68,549,120,343,537,151,433,9,272,94,503,203,540,261,393
20,356,32,562,457,430,497,450,545,355,375,542,341,58,46,133,229
363,367,389,58,301,139,76,445,476,285,210,5,128,288,539,12,553
484,287,7,28,380,146,231,464,94,64,66,373,490,321,347,442,405
283,246,328,371,308,436,95,455,229,182,272,131,330,396,306,67,5
530,161,315,304,462,326,287,238,471,321,461,478,204,18,337,409,313
408,551,488,326,58,142,403,98,228,503,472,319,201,296,511,10,64
483,39,247,403,120,12,475,227,330,9,389,428,256,321,413,38,363
396,93,425,151,493,104,475,345,288,9,564,171,346,550,306,265,225
539,330,554,418,334,64,182,461,151,253,229,278,300,56,9,442,432
401,413,365,369,554,537,443,91,194,330,164,153,75,364,525,86,445
545,304,74,184,206,300,488,166,367,431,391,68,553,94,252,27,231
266,68,267,386,254,113,64,433,555,133,344,380,257,413,132,308,59
163,529,142,309,485,357,365,271,285,390,60,526,505,69,191,475,295
171,450,201,255,539,6,420,386,365,18,137,400,442,318,115,5,564
119,301,138,258,300,539,279,134,532,334,247,538,281,4,272,386,529
76,111,524,281,319,300,92,525,116,475,87,35,133,252,386,10,495
161,257,330,6,503,314,488,413,32,68,529,558,549,144,89,448,94
259,175,312,39,301,356,72,111,408,159,79,16,403,135,459,113,475
441,59,8,63,276,213,344,539,186,171,175,168,18,128,10,299,547
67,296,9,378,94,470,75,430,271,111,471,267,449,161,565,475,324
76,120,163,475,182,234,545,343,134,264,482,458,50,30,553,80,6
295,321,524,12,175,337,112,564,129,161,421,465,330,120,84,490,272
213,450,468,481,378,312,211,291,175,135,201,226,5,151,424,164,252
396,537,346,313,536,247,475,555,385,58,10,125,299,156,373,114,5
108,488,377,287,259,380,113,90,470,373,537,299,119,161,263,64,437
385,301,30,346,411,122,425,172,86,179,553,64,109,112,547,508,81
554,324,321,142,190,213,427,524,185,527,330,565,64,555,71,380,189
113,109,570,534,300,432,30,441,102,392,172,553,58,488,306,435,514
336,129,112,277,145,515,126,400,396,212,122,386,295,228,401,548,272
293,447,413,267,272,136,393,358,259,299,573,313,430,133,312,234,470
38,430,90,394,403,99,391,137,4,81,145,520,341,267,483,135,338
30,549,449,372,448,74,343,403,521,94,261,191,7,76,291,18,58
476,2,556,572,525,254,285,386,32,428,300,104,266,502,143,52,518
272,488,375,295,547,189,229,199,403,138,66,386,8,345,373,468,256
218,113,129,161,289,343,279,190,328,50,39,241,59,49,474,459,164
5,488,425,38,301,414,362,306,393,59,30,28,79,457,485,68,128
504,355,431,553,386,149,135,421,315,30,538,549,547,243,364,509,340
170,119,312,122,2,470,92,9,550,5,145,403,365,574,525,463,38
44,504,409,387,418,485,247,113,452,386,161,355,182,365,380,391,548
503,564,528,355,264,234,475,255,33,343,483,533,120,263,295,427,389
247,2,484,10,426,168,22,61,8,7,215,133,102,461,136,137,225
400,272,347,15,381,367,319,503,8,306,563,421,58,515,479,510,227
556,161,55,64,168,5,462,525,108,137,410,128,470,447,499,252,113
301,386,564,111,554,136,218,462,248,485,253,436,418,47,137,555,346
248,288,269,201,247,260,436,152,238,480,458,76,468,181,172,410,563
485,326,475,32,415,128,5,545,26,495,524,113,336,64,283,39,514
161,355,558,51,68,168,468,475,551,201,66,327,25,32,228,553,6
68,30,519,71,75,59,94,309,166,156,554,182,34,279,571,534,104
504,171,508,198,40,134,285,389,225,306,68,317,8,267,378,71,307
548,151,300,424,475,330,367,225,142,218,363,296,326,17,234,401,386
281,504,554,551,528,453,484,319,241,10,295,373,278,466,315,574,307
330,525,39,134,133,504,175,10,343,389,398,225,214,92,461,432,436
15,28,132,140,411,161,524,344,471,400,171,473,449,292,281,386,566
40,485,268,314,313,330,321,144,378,527,10,161,301,499,401,141,171
525,334,405,390,25,345,180,64,58,161,485,544,39,365,355,9,337
218,485,545,320,364,113,241,52,574,210,461,391,259,447,228,357,276
482,564,13,60,38,313,31,545,319,566,266,150,334,155,230,20,213
517,142,336,156,514,137,287,389,492,434,409,92,205,93,90,565,61
549,464,268,455,473,389,422,304,325,430,235,485,247,99,218,459,300
287,132,138,9,39,214,68,539,328,402,59,386,30,268,142,545,397
89,508,334,459,436,264,482,396,115,410,171,95,126,318,168,534,163
447,164,472,58,461,315,367,277,128,64,301,485,68,71,380,191,401
168,325,254,232,401,378,108,528,63,425,121,385,467,547,25,475,163
534,365,190,550,313,475,171,389,459,48,495,410,26,504,424,156,417
340,498,300,278,152,304,5,74,517,426,330,113,161,81,461,342,234
121,143,203,93,436,309,281,201,376,399,401,538,191,265,10,214,514
394,58,214,519,135,510,268,435,10,225,238,247,483,458,133,62,182
376,524,306,6,319,183,28,190,115,485,564,341,265,304,539,403,218
459,537,390,479,239,525,425,435,113,67,7,49,531,6,509,247,207
313,346,330,532,254,142,300,86,442,483,454,11,457,39,214,164,493
295,439,76,341,8,79,195,548,314,363,528,459,501,470,283,115,337
375,573,425,488,523,442,330,355,566,283,514,137,183,552,145,300,268
257,195,135,504,296,174,547,290,201,568,470,457,403,63,64,287,421
225,229,524,483,318,558,119,519,537,342,10,396,330,476,283,553,339
309,482,123,431,66,379,178,396,247,151,440,163,109,434,345,519,233
134,563,5,470,201,91,141,266,483,16,403,337,66,553,488,97,532
192,427,76,234,287,526,161,56,194,20,257,94,574,483,233,551,184
68,458,10,56,256,499,64,66,421,418,231,485,301,112,161,266,411
291,434,288,158,387,401,30,239,476,319,539,161,330,111,483,545,308
190,389,317,515,512,66,181,10,160,435,539,455,261,119,51,498,366
5,427,355,438,229,457,156,268,389,307,470,191,121,479,157,528,420
422,488,462,137,416,17,5,145,150,336,259,485,9,30,44,378,129
8,6,171,287,455,20,244,324,32,545,76,129,406,151,449,373,213
161,159,312,30,386,365,191,306,263,507,283,71,120,31,307,403,257
334,175,137,557,248,68,283,386,504,133,381,69,79,190,111,488,309
447,494,320,79,5,112,105,331,377,95,306,201,30,508,555,537,261
376,133,161,448,272,285,380,345,267,23,177,312,391,97,204,496,564
359,306,405,533,90,16,420,129,483,79,266,519,457,476,144,33,539
281,552,119,65,465,344,402,229,538,448,498,554,259,146,48,403,234
38,485,564,509,122,170,30,337,332,139,435,134,119,233,445,553,542
318,415,534,10,396,304,436,480,341,532,175,38,111,524,413,574,418
328,573,552,137,532,545,376,90,62,307,94,400,484,471,550,361,49
79,267,532,487,461,547,426,326,413,343,195,497,539,386,231,90,119
231,382,133,280,417,485,418,90,10,385,64,573,75,330,160,320,266
472,33,191,419,337,70,488,436,64,492,499,71,347,524,355,69,519
426,171,499,134,346,564,246,396,191,58,532,459,513,420,48,175,386
566,402,123,145,137,555,459,554,46,300,483,475,390,514,7,572,316
31,18,183,401,552,386,364,337,290,411,537,249,175,76,562,330,242
68,417,359,367,360,400,75,5,307,455,489,279,143,281,521,177,380
475,134,257,363,137,192,508,68,337,166,125,214,330,396,436,128,8
300,161,363,399,385,287,113,67,231,436,269,386,404,288,93,389,574
475,492,304,378,403,111,545,129,182,553,401,4,386,7,483,121,137
32,351,125,288,210,10,30,228,164,40,511,363,296,256,38,79,540
155,436,403,41,438,252,37,490,430,64,401,525,32,309,289,31,5
392,64,436,5,142,525,231,92,190,376,409,551,387,566,341,553,175
138,79,359,76,213,330,128,12,308,247,431,206,396,288,545,101,214
417,171,296,106,488,71,156,14,66,145,220,263,499,175,215,385,355
551,574,464,64,203,461,515,512,396,143,313,401,430,457,363,465,558
326,190,5,503,170,269,485,20,86,129,359,260,113,156,88,206,175
38,191,259,480,565,248,4,386,62,201,457,354,514,294,220,425,156
20,161,288,213,281,225,490,537,201,301,457,268,390,10,470,137,44
475,435,215,104,525,64,447,66,30,224,313,304,32,417,460,536,358
452,386,363,301,534,393,39,79,499,129,281,252,550,403,476,299,258
551,334,66,534,277,553,201,365,443,254,181,501,138,462,345,525,396
351,272,348,465,562,224,10,333,401,137,241,412,233,281,361,547,431
175,488,142,497,314,266,363,317,259,525,364,521,6,374,379,38,304
431,48,328,549,573,326,391,337,465,380,519,262,225,7,183,547,499
18,195,39,403,537,203,341,136,479,61,518,345,30,10,420,566,6
340,403,341,75,176,65,123,551,525,298,418,39,534,527,415,461,323
64,171,432,539,99,142,168,417,291,334,79,380,185,399,62,134,421
137,535,287,70,528,232,64,217,16,124,135,89,155,534,10,92,32
142,396,558,318,231,382,218,247,195,529,33,263,16,488,51,503,10
203,403,161,6,287,219,390,328,318,355,38,279,373,71,30,537,10
402,73,278,319,246,513,220,485,206,60,170,504,427,212,99,363,20
161,234,484,181,30,536,40,76,364,424,557,266,450,572,175,510,134
214,484,142,228,436,259,52,39,234,445,354,367,50,409,327,16,229
5,396,342,532,484,312,44,32,418,16,6,485,521,509,457,75,4
324,527,248,359,30,435,515,337,336,5,172,449,260,326,463,524,361
494,72,104,346,485,435,254,483,386,362,33,8,135,448,285,4,295
508,161,47,527,7,10,478,377,76,483,517,553,475,501,337,442,319
432,168,191,447,304,537,499,401,435,431,39,49,263,247,328,485,371
8,389,301,430,62,135,517,191,201,168,343,134,196,528,133,521,44
313,198,277,87,488,454,115,2,247,328,542,187,9,356,260,186,347
378,312,281,264,20,405,337,364,334,211,164,452,176,490,68,181,354
38,228,87,18,113,203,344,529,318,373,231,420,308,267,325,152,300
203,33,510,439,10,387,342,361,490,483,61,54,379,30,555,106,6
183,119,20,483,328,318,484,175,99,566,129,232,8,271,301,224,94
257,437,171,46,417,438,452,370,234,6,501,401,515,334,396,170,225
558,515,401,58,87,551,221,191,175,357,403,545,475,304,133,37,483
289,2,34,396,161,279,229,183,6,204,197,134,228,441,555,493,175
209,260,467,532,413,550,300,163,68,515,120,457,468,403,564,380,259
123,47,488,68,314,504,1,50,566,192,213,435,436,302,393,121,412
468,443,192,277,114,257,492,10,134,224,19,377,157,66,524,300,514
355,211,423,389,171,38,166,213,529,361,142,161,157,16,288,403,51
231,195,203,163,524,290,355,486,368,525,141,72,537,254,405,321,109
90,182,37,468,190,307,128,180,358,299,120,132,5,175,484,259,204
562,409,321,241,70,266,537,355,288,299,10,37,213,39,156,390,389
510,156,8,457,361,76,483,325,300,288,330,113,553,39,30,448,529
201,204,376,74,288,555,395,228,470,462,525,152,483,63,341,517,141
137,10,139,293,4,512,133,442,266,385,223,357,75,246,408,415,525
44,545,512,564,215,170,330,16,436,402,181,175,195,301,6,449,203
435,555,64,18,411,432,403,525,475,60,536,574,138,57,499,304,527
537,267,381,300,113,482,12,30,326,145,133,306,138,442,337,312,134
574,276,336,255,76,64,447,483,392,86,468,119,267,430,113,75,457
342,2,411,514,51,190,219,252,231,267,357,32,79,431,392,507,224
515,531,379,46,545,228,386,76,412,66,299,549,494,373,38,11,254
128,435,145,119,20,475,66,377,81,410,483,64,164,355,405,7,114
42,473,195,318,300,62,229,214,504,565,267,406,334,436,421,409,355
255,145,5,498,137,455,268,347,261,138,222,485,403,300,396,104,4
534,263,474,68,571,220,321,142,317,308,503,247,545,301,181,389,492
499,309,347,231,277,115,254,284,177,343,306,163,233,48,288,458,47
387,380,485,373,482,363,285,547,256,484,64,465,529,0,497,75,321
327,123,234,201,321,344,524,268,509,532,459,31,171,319,435,287,146
386,442,379,401,485,247,568,133,537,459,566,132,536,39,498,408,436
282,409,359,504,476,417,94,219,152,380,44,238,457,431,114,172,116
234,4,548,337,307,485,284,10,312,16,417,517,412,15,484,328,145
553,417,195,134,503,58,545,281,113,355,442,19,542,239,475,295,486
338,418,201,58,300,227,380,378,119,525,213,276,135,536,287,2,484
418,32,79,101,143,468,92,272,504,277,14,159,498,137,234,438,119
129,532,239,44,359,267,426,59,321,241,29,411,58,375,132,10,549
427,459,442,0,66,213,101,260,529,361,382,111,128,508,486,488,270
501,330,299,156,16,401,123,307,547,203,394,373,542,365,343,145,58
26,234,229,413,122,139,64,48,433,157,174,281,553,20,562,10,76
253,475,389,504,238,138,340,231,434,174,86,8,485,173,524,247,294
264,448,344,509,435,412,168,288,46,321,104,418,80,405,409,171,574
13,134,296,344,461,488,545,529,306,431,181,113,163,307,527,64,396
498,119,306,32,361,573,138,308,300,51,171,321,47,532,28,535,234
181,10,64,540,145,148,288,53,168,87,164,485,111,58,475,172,330
519,373,415,562,163,302,38,501,485,553,51,256,409,134,476,431,515
190,4,361,233,401,438,164,485,121,390,279,5,37,280,43,215,528
24,206,5,342,192,519,354,256,536,182,562,564,71,243,453,555,307
191,356,313,485,417,92,407,278,25,300,287,434,270,443,172,475,216
168,64,334,377,281,28,270,417,239,5,10,259,513,171,142,434,325
484,266,503,389,421,377,435,355,163,485,129,149,489,283,330,263,174
68,336,405,30,485,355,225,387,320,301,69,377,175,390,70,50,64
436,364,301,300,539,255,401,485,457,137,498,318,262,292,396,460,187
543,241,431,165,133,94,68,146,58,222,364,434,549,258,504,475,564
537,137,535,348,8,161,229,283,475,485,436,479,87,380,92,246,20
238,35,336,514,9,435,408,201,142,566,537,6,213,113,370,306,539
234,293,276,549,554,566,268,555,129,31,409,542,330,201,475,38,512
414,168,129,134,377,307,262,502,135,68,544,59,556,552,6,409,267
355,306,488,334,95,250,479,156,187,134,151,181,412,161,201,198,74
234,383,363,32,24,483,506,177,120,325,555,524,367,38,239,287,133
461,411,525,361,299,10,139,550,266,94,459,25,443,32,63,252,521
462,508,260,379,498,187,299,355,1,448,302,214,170,544,464,442,324
536,215,213,137,40,436,379,250,483,293,5,299,525,229,534,234,300
229,564,442,328,268,301,315,313,517,461,430,109,300,196,417,125,374
504,7,364,485,483,58,191,19,401,31,30,284,213,386,495,391,254
218,255,10,248,291,253,293,510,246,272,553,532,6,464,301,137,537
74,123,87,325,390,519,111,330,323,76,525,404,380,90,377,554,357
18,213,307,565,65,139,171,295,214,343,2,222,246,326,574,87,570
391,129,425,4,566,301,66,18,150,93,539,354,122,201,60,557,574
386,268,279,76,225,328,64,8,389,363,371,4,554,189,122,423,5
104,573,62,527,365,68,528,32,472,171,545,380,332,436,451,225,554
70,431,475,18,532,367,551,301,134,411,421,182,20,510,168,288,516
279,528,8,545,234,126,336,319,301,254,6,171,516,203,138,271,404
108,525,267,201,532,517,167,300,56,485,94,321,346,24,64,285,161
555,171,367,307,525,437,537,326,191,558,152,168,324,292,492,570,134
283,540,129,213,195,233,389,37,113,503,423,330,75,485,387,400,9
134,524,192,234,272,300,454,519,64,157,48,534,483,512,263,396,529
313,533,408,55,333,9,229,255,320,213,466,247,76,231,299,514,15
112,30,125,476,215,380,68,31,113,4,455,14,461,358,92,168,301
284,341,528,475,76,377,283,233,519,524,368,472,547,32,152,231,256
551,483,461,116,161,373,365,308,134,450,156,257,328,396,488,380,435
525,259,574,400,10,2,361,30,435,538,18,5,547,342,524,161,15
182,151,247,553,356,228,554,18,97,386,542,367,270,415,403,201,532
222,503,435,114,324,301,373,380,485,43,39,30,357,468,181,318,498
228,137,278,526,241,79,403,299,436,348,475,391,203,86,225,4,161
517,411,254,461,307,285,525,530,253,247,386,476,30,55,267,146,93
373,30,334,537,365,470,282,294,362,572,93,44,503,383,499,79,337
254,191,401,8,555,225,501,256,49,228,44,99,461,17,40,400,38
59,343,224,248,338,244,545,315,268,10,558,287,126,74,515,58,280
403,337,475,91,60,153,300,11,266,68,548,152,521,229,277,263,74
24,87,159,88,50,412,484,336,540,138,332,142,459,182,421,268,259
425,10,448,301,318,261,195,111,508,171,377,30,484,219,225,121,267
472,51,536,11,386,484,396,436,263,429,172,134,54,66,8,368,403
266,334,519,317,503,357,247,214,246,48,431,7,491,518,138,553,142
289,301,519,57,138,396,365,507,513,435,517,234,455,96,368,342,423
171,317,62,161,436,300,219,555,432,121,529,247,333,396,391,571,461
394,68,326,60,509,217,1,56,5,532,503,300,133,371,484,403,166
328,199,203,76,171,69,146,113,5,529,555,137,421,72,483,545,142
525,113,432,538,293,509,133,248,318,58,314,396,153,263,251,10,352
161,363,307,373,138,555,564,459,6,483,199,485,258,554,203,30,156
201,60,497,66,374,476,566,234,32,306,152,166,6,484,548,122,78
238,300,282,137,26,355,254,457,410,341,74,10,62,231,343,161,187
19,348,365,59,64,465,300,267,134,439,39,301,246,37,46,116,390
5,291,239,276,241,532,337,132,8,555,504,72,166,416,259,300,153
534,171,68,123,300,224,306,363,326,142,168,145,554,8,448,79,370
309,68,282,30,403,190,258,328,379,191,410,459,534,60,326,9,553
493,135,264,301,71,538,453,300,411,306,421,231,307,39,488,151,203
228,528,347,193,437,151,109,468,267,517,159,552,461,529,252,418,525
401,337,133,7,564,475,413,213,214,488,55,283,447,128,468,346,68
43,87,119,266,295,49,361,168,387,459,490,304,203,525,475,65,539
564,529,510,285,442,306,74,64,282,348,436,512,257,48,7,403,4
363,485,321,229,455,171,213,423,203,552,134,260,164,309,267,421,100
157,411,488,470,24,340,247,86,413,553,62,155,6,81,409,195,508
325,386,387,26,44,552,512,87,201,67,304,483,396,355,341,171,498
63,10,431,539,483,257,457,115,359,385,473,400,75,197,472,136,285
226,430,340,256,524,424,156,224,355,367,299,76,442,232,484,330,545
389,548,442,355,76,90,321,31,137,262,30,386,45,402,224,163,538
5,396,498,110,455,573,470,364,213,527,307,62,75,507,534,435,194
308,113,479,396,268,405,172,355,255,345,472,301,137,401,411,171,134
525,229,377,250,283,155,120,536,368,413,156,392,288,512,213,266,436
121,260,361,39,323,417,344,545,367,386,389,525,524,483,537,293,300
269,76,278,485,68,553,483,33,251,201,536,15,355,133,231,18,163
7,264,171,136,554,551,457,252,145,483,396,288,494,324,214,468,113
142,380,545,161,421,386,521,330,182,16,5,269,455,276,459,316,403
538,32,283,58,68,300,231,266,225,537,345,330,66,512,435,401,281
16,401,69,25,512,68,194,224,503,386,288,284,134,30,504,51,220
524,437,32,204,30,442,68,256,436,90,140,488,104,138,552,18,504
99,212,12,213,64,339,497,515,380,519,166,396,175,29,318,123,78
323,485,542,295,503,400,134,396,480,133,428,327,8,300,567,225,498
448,190,424,527,161,436,129,171,201,175,341,529,224,247,504,503,268
300,47,380,39,367,119,278,324,79,237,482,142,359,551,504,252,490
87,555,484,438,113,482,19,7,182,290,330,412,510,57,267,287,409
402,363,549,326,144,190,334,152,161,8,390,231,224,26,74,114,558
532,363,114,203,213,525,461,436,119,356,351,524,441,20,509,555,293
8,213,132,288,95,33,301,96,355,175,171,488,462,23,400,231,135
380,287,455,396,519,58,151,389,489,549,411,231,386,308,125,61,461
233,386,142,483,119,441,66,399,293,285,364,300,94,267,514,411,164
10,319,386,28,512,279,363,52,113,234,436,18,336,145,355,96,312
92,37,40,75,461,101,119,325,552,436,214,90,447,435,32,444,336
512,498,39,321,345,30,123,146,113,509,494,87,167,472,359,436,38
175,319,5,268,194,140,239,195,494,109,320,510,214,403,206,511,574
376,293,123,300,488,94,419,187,325,314,441,403,547,318,175,355,562
475,246,386,445,468,102,341,6,163,33,18,355,300,465,525,488,564
293,64,175,436,306,66,543,8,203,364,411,266,300,278,389,50,401
512,140,128,236,37,283,450,483,132,307,113,229,418,515,18,462,328
302,282,551,142,537,252,485,180,528,206,545,334,475,569,361,276,474
267,287,272,214,146,56,145,192,413,408,306,545,109,296,46,160,467
421,326,515,132,134,461,345,553,542,537,307,325,389,300,510,558,299
272,68,475,133,343,504,231,289,537,300,514,527,171,435,175,497,201
376,336,87,2,113,309,386,0,213,364,431,332,453,112,58,396,409
272,330,403,185,386,187,449,410,113,133,408,565,201,485,553,228,247
354,562,194,234,260,442,16,111,110,121,30,459,443,508,558,181,433
99,485,386,34,171,203,6,76,35,521,299,257,545,460,30,260,455
300,203,417,278,436,61,137,68,133,75,64,7,508,40,435,15,227
28,355,558,456,318,373,554,79,247,564,213,20,137,301,133,231,91
387,5,43,23,94,0,131,137,46,365,70,192,330,263,485,489,411
93,26,129,50,260,270,330,503,483,504,292,181,354,68,379,203,87
284,4,503,434,5,0,564,553,534,362,330,308,470,413,278,537,490
418,142,307,16,558,504,402,488,300,554,79,156,282,510,436,191,32
66,173,430,323,168,68,501,201,252,304,6,73,107,213,203,140,279
389,132,263,514,277,524,483,94,62,255,548,32,64,6,515,555,78
318,175,5,363,375,161,525,485,336,21,326,454,338,401,361,32,30
90,433,363,285,485,270,137,190,84,10,449,334,295,514,330,534,278
257,540,189,455,64,68,343,166,58,537,268,485,87,462,234,499,300
394,111,438,129,231,557,502,150,318,91,289,113,234,321,405,354,3
128,403,257,214,247,386,5,293,376,300,10,30,9,258,213,567,2
543,234,108,30,306,58,251,120,134,356,66,258,299,161,64,105,233
5,59,357,38,30,104,430,415,328,372,545,17,58,79,336,485,46
409,233,161,328,137,266,341,436,9,157,315,415,32,301,47,175,545
391,436,507,315,233,6,537,161,300,32,268,287,343,29,37,485,10
234,337,119,31,227,545,212,483,347,1,5,9,421,45,434,341,175
234,403,478,494,363,507,455,8,115,244,47,5,343,344,386,368,121
97,154,4,30,357,133,225,299,402,16,293,510,161,64,300,452,168
318,368,243,475,401,300,114,34,145,119,0,247,113,301,16,376,355
178,364,435,427,17,376,168,560,76,94,497,179,215,363,11,484,246
155,290,147,380,490,564,359,1,557,538,281,457,87,321,558,190,328
359,524,10,246,308,4,255,163,64,386,525,517,134,201,291,206,32
365,328,437,64,34,7,411,386,435,300,171,330,440,94,460,99,119
318,302,79,341,136,254,16,351,403,64,436,355,431,306,146,367,301
206,308,306,10,120,40,191,254,51,70,519,355,229,133,475,157,38
302,354,498,161,435,375,566,164,250,66,38,277,190,68,128,401,119
9,461,201,269,315,111,7,380,375,68,428,434,379,6,330,64,75
470,401,436,215,203,416,133,307,425,457,58,301,337,97,276,390,430
54,93,133,323,440,62,510,206,549,87,537,313,180,390,253,79,379
143,539,306,227,300,480,548,266,361,235,155,30,386,39,435,555,415
562,330,189,386,32,120,30,508,317,10,278,374,26,9,76,323,137
6,376,35,442,10,203,181,417,58,97,392,549,87,508,386,99,64
380,389,175,137,6,236,326,565,330,409,532,301,571,519,59,267,516
270,68,478,59,496,98,488,191,509,234,420,433,421,46,485,238,21
440,431,325,10,137,310,359,69,240,133,300,46,74,490,386,268,161
236,68,556,142,325,12,345,32,564,391,473,247,308,2,220,485,134
409,30,8,156,504,471,389,281,448,551,547,302,241,363,553,287,386
266,345,8,548,483,403,123,68,39,64,84,30,436,420,405,295,556
386,436,186,534,424,569,87,183,309,401,503,299,258,488,494,225,33
278,436,382,319,204,342,449,145,324,386,256,525,254,485,564,557,545
139,113,227,168,244,18,171,508,334,473,549,300,269,490,263,142,277
355,309,537,435,268,389,420,287,142,10,24,212,536,247,40,254,137
161,115,336,0,540,240,386,8,64,564,6,288,159,134,300,519,120
529,363,97,409,328,337,260,315,386,161,137,324,234,301,90,300,468
213,402,46,191,567,143,175,346,5,1,408,37,396,401,411,565,368
144,380,153,556,213,163,409,171,229,272,166,555,443,10,545,502,485
391,380,47,482,334,90,360,326,8,545,379,6,568,485,547,281,5
268,300,545,40,271,203,378,225,288,492,79,334,91,409,119,89,497
403,247,224,532,498,558,261,391,380,204,390,207,267,312,396,58,320
195,124,442,177,514,519,363,441,318,348,171,457,168,542,123,246,58
281,301,171,144,64,315,155,20,161,272,38,115,331,66,386,234,32
268,90,163,421,486,213,337,61,336,231,58,295,412,508,137,403,190
33,529,20,413,493,156,272,15,530,79,459,231,40,159,76,380,326
216,260,528,156,280,561,80,272,81,194,558,341,113,47,547,161,77
568,355,466,525,524,203,573,328,278,436,400,54,76,70,334,86,387
386,58,325,92,545,10,330,133,514,408,509,32,79,301,373,128,276
175,156,503,30,386,402,554,87,351,293,171,377,260,412,50,338,123
269,171,147,485,54,257,231,250,411,344,143,133,573,217,123,161,321
30,241,76,556,431,515,536,281,172,361,365,468,137,233,413,79,225
78,442,64,356,264,10,483,495,38,252,263,128,261,401,515,344,386
53,353,259,95,534,488,386,528,13,449,165,399,312,376,47,38,168
163,137,75,566,165,204,315,158,189,512,554,534,64,104,355,485,254
534,137,301,29,386,550,135,485,457,146,558,378,10,246,571,179,344
246,282,68,314,395,84,340,537,457,78,483,389,525,315,337,343,134
247,386,64,461,328,534,412,368,195,352,129,139,391,113,254,252,327
330,377,56,137,487,566,564,272,249,51,386,430,399,279,134,485,64
168,334,397,287,300,525,299,134,401,558,163,160,442,66,430,347,6
306,266,229,134,99,506,386,526,180,66,485,355,421,32,430,514,566
453,175,554,369,156,540,174,386,556,376,470,413,150,529,187,269,90
318,287,373,532,21,199,257,314,459,485,504,246,443,72,32,170,307
334,58,109,328,289,119,564,300,436,308,171,264,461,7,529,548,307
52,5,386,99,547,376,473,529,421,90,340,450,321,459,10,160,425
16,532,12,187,164,306,68,407,313,87,287,531,504,364,300,555,574
342,547,39,422,247,279,431,428,61,448,513,508,72,33,229,564,259
288,119,457,37,114,137,20,547,365,287,429,558,209,254,432,300,391
267,484,272,415,194,321,461,545,86,528,99,396,174,436,123,323,485
504,256,119,136,525,484,524,389,190,132,307,228,195,288,431,123,379
283,140,6,256,448,227,460,182,164,266,514,413,475,411,456,282,296
241,537,268,137,527,161,6,528,512,247,535,307,38,122,475,534,503
459,532,299,573,276,485,527,266,284,234,343,213,163,313,488,229,534
396,123,508,31,447,166,133,62,432,563,519,450,320,343,268,373,300
159,264,455,565,295,314,204,111,367,134,101,410,436,272,149,233,156
254,457,552,228,195,528,465,72,300,113,144,18,435,403,386,4,6
64,256,512,254,362,269,565,2,330,11,396,16,292,459,50,175,355
30,191,300,115,564,10,24,365,549,161,282,367,499,79,361,225,182
301,401,307,485,267,161,163,421,247,365,417,17,205,459,201,380,455
438,484,361,134,430,141,39,342,355,119,334,494,380,472,488,171,95
524,328,413,203,514,266,380,32,553,145,134,58,15,457,9,429,513
507,459,562,386,403,318,461,496,87,514,75,96,196,228,450,86,32
64,355,574,9,301,46,548,401,50,485,483,430,473,400,238,551,566
532,233,427,195,525,79,203,175,435,485,192,276,229,36,496,231,224
268,378,534,287,234,129,122,313,375,104,218,49,170,76,289,143,257
485,403,452,504,508,68,134,229,461,442,225,498,398,377,113,76,328
513,551,443,355,76,564,175,475,480,247,514,300,527,545,79,519,473
160,409,504,549,389,210,225,388,488,447,272,106,58,452,5,539,459
389,529,391,484,533,64,276,401,535,99,499,30,527,480,301,175,225
248,201,448,353,247,482,371,213,554,7,431,146,512,508,436,64,270
26,192,264,554,121,248,18,27,301,269,79,125,564,326,6,290,436
539,59,334,434,475,485,344,538,551,7,259,168,16,547,472,449,532
401,272,183,485,365,519,55,475,530,545,10,175,144,161,123,568,76
161,113,389,4,529,10,58,409,302,263,170,328,155,239,296,213,330
68,5,510,314,306,390,537,302,321,337,483,233,403,436,219,20,191
551,482,110,359,137,308,10,409,260,319,483,6,32,300,231,534,341
404,44,316,386,554,161,403,277,64,457,119,300,381,231,435,337,317
161,231,113,168,389,201,461,122,421,171,417,159,396,517,448,488,408
14,468,342,405,37,30,472,191,284,501,10,564,486,450,152,442,70
436,324,432,475,554,301,87,79,171,234,166,313,300,25,558,125,50
342,77,68,387,196,346,146,8,76,10,326,499,203,343,304,380,440
515,24,368,201,252,268,158,386,39,229,510,549,529,181,432,10,175
498,159,247,252,225,537,164,385,324,260,380,254,488,135,163,505,93
459,37,460,15,142,396,312,164,178,408,267,552,66,512,539,161,10
30,139,401,549,87,182,550,161,380,548,504,494,373,475,159,281,71
14,453,225,136,152,343,558,215,553,459,307,161,137,87,485,241,302
8,116,307,30,123,9,208,529,403,119,54,133,468,419,507,461,538
74,380,16,455,458,203,2,175,137,321,278,30,529,119,99,548,385
138,548,485,431,142,307,533,31,8,389,170,245,175,359,512,483,38
540,55,319,32,170,198,515,261,295,67,410,76,288,119,309,442,218
417,283,418,264,299,300,457,175,76,247,475,239,90,150,380,195,525
44,233,483,64,277,461,181,276,33,534,288,361,337,301,231,405,238
437,527,538,345,442,278,444,321,58,322,330,519,508,134,5,267,175
239,548,125,39,94,538,58,278,73,485,386,329,555,330,415,524,10
284,134,485,255,204,49,76,430,151,266,432,207,111,135,436,137,443
514,122,431,363,38,194,485,385,86,180,58,133,129,138,195,241,113
560,129,459,519,228,539,68,281,440,168,135,413,210,419,163,113,355
432,134,394,539,5,32,573,386,159,160,564,271,203,555,288,256,59
229,301,386,378,155,365,315,6,38,516,137,76,8,121,133,373,233
134,279,442,508,409,389,403,55,30,6,121,206,146,461,26,540,161
405,182,15,138,328,379,524,399,32,267,213,300,401,527,484,272,120
291,401,30,395,554,66,20,58,129,203,183,246,144,363,168,403,536
538,26,485,361,10,324,534,145,176,409,547,191,554,115,572,323,195
403,374,12,519,310,380,529,317,39,75,229,218,247,30,156,9,459
120,488,526,277,508,306,271,349,389,536,572,310,529,90,288,424,287
120,267,538,325,537,482,337,564,396,146,458,356,554,412,114,201,549
6,161,5,545,129,436,355,386,474,539,30,524,346,267,554,229,285
10,288,128,380,475,8,417,2,312,338,403,308,248,137,555,547,341
488,396,416,528,498,228,330,403,553,168,313,483,272,485,206,175,10
38,483,155,161,152,324,431,272,247,151,488,534,504,512,389,436,58
487,192,483,201,498,499,567,10,203,48,524,5,234,9,373,413,535
556,330,434,231,268,574,229,293,191,307,386,119,10,470,436,20,484
548,171,513,137,566,109,54,252,508,401,30,9,300,43,228,29,431
449,330,545,304,68,396,534,64,301,201,402,137,295,528,537,461,175
6,16,437,164,334,299,324,389,34,136,210,278,114,527,525,246,433
54,337,126,300,401,494,432,18,239,11,503,400,566,461,24,20,132
503,488,247,253,30,314,524,72,525,259,386,113,485,470,545,319,205
280,371,448,164,10,266,239,137,18,272,551,91,489,391,277,5,87
45,30,7,266,337,387,476,503,133,557,116,160,102,189,258,167,488
109,470,365,128,110,11,10,572,142,558,234,300,268,376,177,64,498
545,494,548,214,411,145,3,386,299,312,170,38,528,483,359,275,268
190,219,2,73,74,442,137,344,540,545,203,171,111,413,389,431,568
400,459,437,445,558,545,435,526,461,30,420,321,330,166,314,447,213
295,36,417,428,64,375,10,285,231,176,268,485,195,246,256,364,409
385,37,134,171,129,484,18,501,300,64,486,267,155,529,54,568,532
161,409,475,285,291,461,365,528,510,60,301,191,10,171,23,32,165
483,525,260,6,485,66,247,371,499,259,419,0,409,461,206,32,363
483,538,330,180,379,18,485,321,134,247,201,268,161,29,514,137,545
191,529,79,161,307,417,9,355,171,465,214,279,429,71,524,181,23
36,330,501,525,238,484,247,98,32,266,276,58,457,442,86,361,2
133,532,355,396,20,228,545,524,234,508,123,89,434,433,564,485,338
134,450,464,89,163,318,181,555,66,175,64,137,554,136,488,138,170
142,545,125,307,432,291,46,485,276,461,51,246,278,192,483,66,315
8,374,345,296,536,418,113,32,170,64,142,270,355,545,461,365,474
264,142,222,400,484,413,63,396,58,113,133,330,326,20,68,343,438
321,131,276,105,283,60,2,136,287,68,181,99,57,569,398,571,159
390,519,475,79,178,76,551,26,529,411,326,442,231,340,46,16,99
103,298,396,412,134,488,494,263,114,5,10,508,76,171,475,313,448
176,482,7,301,91,413,435,37,278,475,509,10,194,206,420,64,136
324,401,6,376,449,412,181,355,92,138,225,306,334,234,200,233,31
281,30,435,7,135,37,553,519,418,219,524,59,378,361,168,175,234
313,509,214,432,359,188,12,119,434,401,537,10,514,330,111,451,256
412,224,324,524,306,183,328,7,368,241,336,574,308,76,304,182,240
408,378,161,534,465,247,214,215,59,340,56,507,94,400,403,297,309
182,319,24,528,30,266,367,270,389,326,300,259,408,310,20,355,12
217,269,328,537,252,50,315,355,56,180,475,164,496,339,436,248,413
241,421,32,18,30,386,300,230,213,534,194,64,20,343,337,403,69
499,564,168,99,344,524,214,259,161,195,18,483,174,256,537,238,365
357,536,484,281,166,330,228,488,96,9,475,134,16,355,295,233,435
303,38,156,128,175,521,573,45,5,326,16,432,526,157,371,562,415
519,394,68,347,330,239,203,552,448,258,58,224,10,26,403,291,67
39,295,318,455,256,461,341,58,465,574,288,137,11,338,48,475,109
300,15,528,435,18,5,330,485,33,174,171,64,339,75,128,161,6
570,128,454,174,380,435,465,40,359,396,525,530,386,293,401,323,521
114,551,435,448,301,235,386,355,225,308,272,155,133,168,238,306,381
355,171,6,321,417,488,285,155,119,170,545,326,485,484,125,378,307
548,58,18,87,134,225,476,330,181,192,430,254,19,258,194,407,161
6,551,137,58,485,476,247,545,417,529,403,321,267,538,521,10,220
294,37,412,283,138,121,517,12,161,289,87,420,337,313,307,79,183
190,126,16,10,417,390,137,4,330,20,5,214,374,558,115,176,231
264,95,534,401,455,403,502,214,417,113,156,475,79,344,175,326,64
337,459,326,460,301,566,499,363,553,68,524,525,367,238,214,403,536
4,296,558,307,396,5,269,461,134,225,129,321,263,30,521,119,203
8,337,306,4,525,203,418,134,519,20,247,499,30,175,459,170,341
553,171,436,365,562,287,552,39,146,60,401,362,6,161,2,24,475
321,288,534,185,484,481,483,154,58,175,545,436,293,427,379,137,126
389,396,462,259,161,401,553,135,94,10,116,435,349,194,113,355,527
201,485,279,529,387,411,7,363,488,142,3,139,457,364,5,490,87
475,504,10,309,325,134,461,201,151,395,142,4,38,26,79,527,207
197,503,114,295,454,76,525,30,105,283,111,267,268,530,212,171,408
305,203,201,239,114,542,306,302,361,436,558,485,506,277,75,325,435
413,13,157,263,18,547,499,122,504,266,224,324,77,40,151,573,139
161,300,485,547,171,9,481,367,401,430,155,213,519,50,242,459,126
555,367,66,345,420,64,134,339,514,330,344,377,564,168,405,191,68
68,247,175,387,283,133,443,191,436,70,343,185,326,299,373,508,488
387,213,330,192,306,142,300,256,535,238,149,93,266,58,185,461,33
468,155,401,301,225,408,545,161,156,96,549,307,509,119,324,342,68
364,228,436,234,385,38,330,534,278,300,175,268,57,368,475,568,295
545,433,126,68,268,139,96,263,419,6,524,309,481,521,270,247,266
564,472,324,79,213,130,76,171,293,372,128,498,64,373,201,234,194
52,342,553,550,68,461,89,334,222,134,525,380,246,419,413,436,538
547,485,451,300,301,461,466,269,442,72,356,487,9,483,1,93,134
64,382,272,368,162,341,475,556,266,177,60,540,69,459,300,206,119
40,129,390,10,555,137,396,5,167,558,66,72,263,51,252,156,417
287,203,552,201,553,31,409,330,450,503,83,524,66,64,76,267,144
431,271,574,485,436,461,8,135,438,225,303,465,113,555,268,444,239
290,386,460,110,233,401,481,415,16,229,139,545,326,145,134,201,6
310,20,181,133,386,113,68,439,361,330,93,32,123,529,76,452,47
325,483,549,30,548,539,524,341,23,5,136,445,538,122,425,336,256
376,521,558,353,191,168,134,201,92,129,503,393,432,537,282,267,268
119,304,545,432,51,159,247,399,180,382,498,72,288,248,560,222,218
210,485,95,6,92,508,417,33,538,377,134,32,19,86,486,119,64
506,233,437,171,228,365,163,386,157,80,436,339,417,128,2,409,30
69,124,550,225,448,38,436,525,175,10,435,203,5,49,221,134,339
256,225,422,383,92,8,183,119,195,66,287,545,247,573,313,348,263
215,84,485,558,314,514,301,8,18,68,543,559,234,201,156,401,333
10,183,171,365,145,364,558,493,503,203,106,569,472,504,410,2,474
268,257,483,413,62,278,337,93,485,537,142,39,435,375,436,509,403
246,494,292,126,442,113,161,475,299,245,321,90,67,279,204,396,206
400,376,341,475,145,86,454,373,32,314,525,38,435,537,4,420,138
488,540,139,440,573,87,346,176,539,304,483,363,231,70,194,367,58
470,161,281,134,306,485,411,142,373,252,148,228,432,243,140,558,425
377,436,442,26,528,452,363,77,62,359,247,137,344,405,358,252,38
64,228,475,4,435,285,485,66,376,334,229,79,40,222,539,337,389
418,39,483,485,38,182,558,326,62,299,160,30,358,555,70,257,16
116,361,61,256,107,167,355,545,302,357,26,300,436,191,198,529,354
307,254,545,92,354,211,386,78,285,277,5,61,574,59,133,431,166
64,266,161,58,0,545,40,189,528,51,137,318,321,176,10,224,432
281,91,497,161,2,295,68,263,361,51,525,438,307,86,57,175,502
228,545,134,402,87,113,10,401,145,457,6,2,248,135,484,315,56
87,494,287,326,142,330,106,16,401,488,222,367,435,256,281,301,337
138,70,142,156,252,557,292,566,161,354,544,278,483,68,122,300,554
554,443,400,152,68,57,43,272,495,498,146,514,79,175,476,440,123
177,363,66,189,519,304,300,365,234,562,203,385,537,80,409,301,484
566,179,485,76,483,430,442,509,334,282,4,247,162,233,94,475,330
159,258,99,396,513,59,133,343,342,309,330,64,552,235,33,155,512
460,445,299,113,307,14,129,76,400,457,549,32,547,128,361,486,86
203,545,443,364,483,340,532,171,537,128,301,485,30,379,401,256,361
251,301,269,354,177,241,7,304,437,407,264,139,566,545,501,39,212
134,234,92,507,76,261,573,460,171,272,361,193,545,230,557,570,321
199,436,10,337,56,300,496,379,64,386,288,315,99,206,355,515,161
138,293,156,438,134,386,192,308,436,362,321,553,128,302,475,561,432
558,111,545,548,239,72,507,228,482,156,554,484,553,282,133,485,142
183,128,545,51,134,336,485,300,385,475,68,558,497,391,171,287,113
58,137,459,204,426,254,473,431,142,322,519,367,213,123,46,68,307
213,131,257,435,79,8,7,337,239,385,120,293,524,58,485,33,277
260,503,107,296,307,475,241,229,160,343,252,191,24,171,326,182,449
268,342,197,551,115,10,216,161,8,436,419,337,540,421,458,566,461
418,207,93,58,525,376,375,421,171,37,308,113,309,355,328,417,386
132,403,558,228,146,7,195,178,247,488,501,435,166,564,512,483,160
32,144,31,134,485,254,300,447,206,146,113,454,2,137,58,307,224
54,293,137,403,295,534,119,204,515,164,559,472,362,300,370,413,134
6,368,343,300,456,179,433,137,174,268,76,389,113,380,498,532,64
223,201,319,229,32,267,339,495,413,155,272,113,59,484,529,461,175
56,323,171,542,361,238,79,48,234,529,525,276,459,6,389,486,488
528,47,266,365,43,252,307,538,175,371,134,504,178,401,145,146,277
521,134,51,75,40,231,306,229,276,291,222,263,76,558,56,182,442
477,403,501,473,272,457,144,330,363,524,539,239,341,191,2,354,47
326,87,389,112,485,468,355,477,184,409,222,113,68,336,174,189,399
6,87,435,234,461,441,288,386,387,137,488,537,545,411,484,284,198
308,503,267,171,380,2,37,260,129,185,508,476,339,412,535,386,15
145,473,393,185,241,417,151,442,459,288,359,133,30,535,467,430,166
475,276,113,2,415,142,266,33,380,5,431,509,574,386,330,90,146
300,301,396,443,468,0,472,182,134,195,442,401,459,61,501,259,435
572,220,401,376,412,24,459,531,136,408,145,76,69,267,214,530,135
519,263,571,312,201,408,161,368,204,537,239,513,355,504,114,166,492
288,252,119,504,16,115,248,79,461,295,355,399,343,554,157,337,68
309,88,436,386,508,282,390,480,281,62,175,161,234,534,78,248,411
128,425,111,484,273,459,160,572,214,301,283,389,201,300,553,93,345
515,265,562,138,398,98,435,9,115,137,417,433,554,263,336,535,284
73,224,352,258,175,458,288,364,287,358,480,241,431,132,136,301,403
76,5,484,488,91,4,343,401,295,138,476,312,252,394,408,555,403
333,295,68,330,282,375,307,378,104,123,137,368,386,512,87,312,363
32,330,318,341,8,151,284,415,10,79,201,63,411,548,7,323,263
396,74,252,436,161,465,68,512,156,24,224,345,300,76,470,403,90
9,263,47,482,409,171,459,391,377,84,10,132,455,531,402,30,355
168,337,343,219,171,336,113,532,499,186,203,545,398,268,154,347,28
227,134,136,323,326,537,166,233,50,380,261,409,137,211,548,129,181
8,336,112,51,201,497,68,168,283,379,4,450,114,549,529,37,386
531,336,174,494,510,400,573,440,312,90,66,483,485,164,475,75,247
483,436,9,508,330,91,144,537,218,119,10,168,70,219,509,321,75
155,253,125,56,111,454,328,411,396,79,421,552,515,332,95,485,10
529,119,222,247,113,403,438,531,574,39,417,234,58,482,10,229,9
409,203,300,68,396,79,497,461,506,146,135,18,74,151,37,386,87
162,524,565,504,58,137,324,1,8,198,390,344,10,288,545,225,340
267,431,484,10,302,306,84,30,292,338,137,562,133,116,18,326,400
386,389,97,410,93,337,553,304,549,92,537,379,113,64,328,0,528
386,334,396,221,387,247,455,6,153,255,276,483,150,83,528,524,201
386,58,436,361,326,378,517,31,28,201,314,336,138,389,358,137,141
475,365,332,137,363,113,476,501,375,502,142,326,435,104,414,436,300
238,306,401,18,400,512,64,213,90,485,554,436,434,530,566,68,362
396,367,550,267,326,98,389,4,281,168,403,214,87,545,201,483,358
432,182,134,171,221,5,204,346,95,1,318,90,433,87,538,83,137
260,510,231,142,288,64,321,55,285,343,145,133,68,150,519,77,75
465,534,44,538,18,540,340,328,436,234,214,300,549,171,57,3,304
212,508,300,255,9,301,555,363,18,87,114,50,24,79,438,401,68
435,430,190,284,507,351,574,72,380,109,191,312,434,314,220,136,151
19,175,11,475,521,427,516,234,357,315,166,411,236,389,524,488,392
400,67,247,38,272,255,83,564,182,362,573,538,488,544,312,10,367
379,363,421,330,507,442,386,30,181,564,104,530,247,153,6,285,438
532,330,354,401,142,160,199,228,373,424,362,39,5,137,365,181,527
171,403,535,259,59,268,9,282,38,521,391,313,246,143,175,133,472
92,239,341,386,133,267,234,418,532,248,340,475,302,436,503,66,444
276,300,359,252,299,26,570,400,145,134,403,390,558,58,306,488,203
504,411,137,130,313,134,204,524,436,503,558,442,235,391,324,488,485
68,566,156,9,29,334,564,300,436,137,537,380,299,0,321,57,482
379,355,10,18,559,530,300,58,485,555,473,413,330,37,289,292,468
76,413,525,558,182,486,424,213,357,455,517,80,321,473,545,161,346
300,58,171,433,120,28,317,268,16,391,525,564,276,168,115,213,288
347,450,50,432,225,164,7,182,224,554,430,547,205,38,175,220,409
400,155,365,222,281,137,68,201,368,361,545,48,457,291,475,239,386
476,9,206,76,485,475,498,5,412,424,175,30,486,429,15,20,509
8,386,2,56,463,512,187,231,314,379,532,254,528,38,432,122,76
430,90,51,413,30,483,545,406,9,239,300,234,525,412,26,436,175
56,519,436,64,2,18,145,540,77,389,29,201,565,308,137,435,548
328,61,135,89,454,365,161,68,199,104,288,436,378,461,137,159,479
296,519,213,8,485,435,490,556,177,355,139,20,133,231,228,438,456
501,519,334,146,326,161,488,300,70,210,151,247,406,182,122,367,113
153,283,178,5,436,482,263,405,573,434,519,180,49,547,498,359,377
113,253,4,176,20,191,573,258,557,137,58,182,98,401,135,376,545
527,344,57,300,490,509,545,341,482,299,39,485,6,316,40,256,510
20,90,287,79,86,203,401,416,206,527,5,10,58,171,503,343,475
550,417,201,94,113,203,454,459,92,252,514,241,138,566,315,295,564
461,38,68,30,34,161,476,545,330,436,555,504,96,203,450,315,514
66,137,405,112,245,212,56,18,532,435,515,355,475,552,109,364,8
18,482,272,161,445,284,75,475,228,443,351,66,524,386,153,202,346
539,315,411,409,10,503,549,377,54,178,302,545,527,87,161,1,380
401,362,447,134,6,68,166,539,74,555,352,70,10,308,436,485,548
134,330,539,433,87,436,254,478,432,363,438,293,10,72,314,2,534
137,472,554,545,63,47,455,437,231,24,224,391,436,468,247,386,265
119,488,319,365,155,434,133,527,124,197,398,343,201,301,499,564,339
225,483,31,482,4,475,549,138,282,453,201,392,266,214,171,9,376
413,503,475,390,430,562,513,156,30,87,313,47,224,574,260,326,485
545,443,64,485,548,433,191,4,448,328,33,26,133,536,396,92,419
295,38,164,449,476,65,415,53,437,75,276,51,47,278,405,30,396
299,497,359,488,287,61,182,5,229,475,313,450,396,284,455,215,151
278,355,411,119,501,281,59,468,467,431,549,75,485,312,300,310,553
68,339,442,564,421,247,457,545,201,409,525,553,418,203,355,431,330
137,266,300,489,10,480,201,514,289,281,205,39,228,475,24,285,268
198,65,376,309,408,458,484,502,342,556,225,120,234,81,402,386,161
386,432,380,222,11,330,269,145,213,347,485,0,548,525,401,459,504
435,367,219,156,519,559,58,551,300,125,306,363,558,279,417,409,129
212,50,435,209,400,537,32,211,317,512,372,534,5,359,521,436,104
448,94,77,455,75,373,252,401,537,247,309,545,362,98,225,201,132
94,432,498,268,32,549,265,418,0,125,299,137,482,558,7,321,391
564,250,540,87,15,171,134,524,277,386,16,364,295,28,461,549,291
39,555,61,228,497,333,485,166,278,549,154,20,301,424,10,345,38
67,380,181,514,564,412,551,87,259,140,4,161,11,396,231,534,453
549,5,380,171,220,52,26,49,112,231,296,74,152,391,288,402,92
402,485,330,470,181,257,475,427,566,116,536,545,161,413,12,68,535
480,313,90,235,524,336,258,6,326,454,403,176,300,10,68,442,5
277,231,138,137,213,380,459,313,530,345,389,201,509,194,247,545,403
390,361,225,306,488,134,138,485,321,342,532,567,343,553,301,284,64
400,287,554,129,370,307,425,188,161,266,137,253,473,256,485,295,359
553,499,268,24,417,539,7,300,379,181,75,435,326,307,5,478,549
508,566,292,527,457,475,156,171,464,455,163,267,64,344,175,532,87
20,363,362,330,75,129,488,532,30,448,58,159,133,527,417,401,539
5,38,37,363,161,554,330,112,204,385,440,501,461,447,253,9,443
288,355,87,498,168,301,573,565,483,252,161,321,10,386,201,514,58
155,64,448,133,512,301,484,497,396,412,229,386,121,113,137,564,32
222,405,228,257,435,497,411,269,186,171,459,409,536,390,99,123,343
145,29,266,32,343,161,288,267,329,529,554,10,512,164,485,296,58
535,38,347,328,9,87,175,385,136,497,319,289,326,295,161,371,361
456,64,323,452,326,254,527,529,235,501,87,147,282,415,547,403,93
293,417,168,475,510,108,432,285,163,134,268,15,30,225,47,401,10
301,318,123,165,14,211,19,18,532,530,175,139,321,38,134,225,113
512,50,400,483,114,532,5,283,166,129,367,38,79,435,452,555,554
479,436,412,273,485,47,156,328,545,307,536,301,330,537,368,58,247
7,74,519,449,153,268,213,307,216,367,164,171,473,385,222,38,534
10,377,447,84,534,564,473,65,529,401,545,39,309,256,380,488,339
281,485,301,98,351,435,498,194,146,473,345,64,340,549,358,386,525
122,145,137,213,375,276,389,536,442,113,574,133,38,300,114,326,8
248,417,213,532,57,259,459,92,475,519,312,143,214,13,171,78,545
171,252,355,562,436,417,268,231,558,36,532,245,373,312,521,207,47
81,235,438,318,104,129,548,312,303,37,58,239,38,193,554,36,553
171,168,387,32,552,400,377,133,494,555,459,378,234,30,274,163,33
145,10,6,168,551,246,75,524,64,213,159,418,475,241,402,461,254
402,72,204,6,532,225,300,18,33,287,432,104,553,435,401,59,156
293,330,247,448,525,8,408,168,28,442,183,480,302,420,283,64,352
483,430,461,125,161,50,307,300,470,175,338,574,540,58,403,385,214
547,11,214,501,465,161,362,525,191,156,407,557,519,195,417,389,436
457,536,452,539,475,224,201,5,182,105,540,187,459,386,503,497,521
444,138,90,5,300,146,6,558,343,10,388,299,553,329,161,75,213
420,554,386,431,261,161,387,528,263,373,560,511,265,470,519,315,415
128,361,185,396,134,525,122,534,564,488,573,57,306,431,401,201,137
168,145,30,527,277,301,97,525,282,20,444,417,393,7,288,129,392
391,254,300,382,171,460,343,69,461,540,268,543,264,503,104,135,371
137,555,316,503,504,98,484,4,430,535,347,364,276,307,411,475,213
133,76,79,66,436,430,386,354,6,54,519,30,545,361,483,401,300
113,214,264,398,301,317,413,137,134,457,87,293,336,48,545,554,270
547,87,517,246,484,549,30,113,247,380,90,114,545,21,376,302,328
137,514,276,256,254,66,521,419,389,68,224,310,73,10,76,186,550
254,16,160,31,163,455,442,549,330,203,313,198,220,553,320,509,142
434,94,416,113,140,31,175,234,263,353,539,525,319,142,268,503,401
175,137,128,288,30,282,537,246,379,514,161,86,448,558,279,377,10
554,224,20,60,528,47,482,328,573,10,458,544,276,337,203,455,266
567,281,93,149,61,266,171,163,551,498,134,182,137,387,368,168,91
31,265,108,119,216,442,497,549,68,129,411,37,457,171,54,204,483
468,213,413,545,25,76,92,66,365,224,129,283,472,337,146,485,566
125,503,337,346,37,174,197,285,192,497,348,308,213,512,571,344,549
137,166,276,290,403,343,30,128,5,183,406,79,430,94,484,553,37
238,115,215,475,321,214,291,482,452,182,357,509,58,134,17,60,346
86,441,150,76,564,143,364,436,475,483,115,549,87,308,396,92,247
300,259,32,515,461,109,412,373,485,134,313,401,361,457,37,2,94
306,113,123,510,73,524,37,64,334,486,282,380,378,376,20,228,431
527,307,30,79,539,228,437,389,68,213,136,485,16,537,470,565,181
502,302,553,301,5,283,171,229,193,401,152,145,161,159,554,526,470
421,10,324,39,62,2,387,5,268,252,409,267,574,109,74,145,258
51,161,134,553,281,357,40,87,66,320,415,201,171,4,467,30,234
499,44,234,401,498,76,308,288,268,503,131,20,435,254,301,458,104
515,550,113,87,231,290,272,64,58,528,132,6,133,448,344,323,485
389,485,529,276,214,363,68,403,241,138,418,501,328,152,401,437,203
61,276,86,490,386,529,418,401,558,337,203,269,301,5,233,348,257
195,241,60,88,448,453,451,386,99,416,415,435,537,154,9,204,436
412,203,344,378,494,556,122,241,457,545,31,109,290,435,427,488,524
320,229,573,545,470,434,91,120,344,459,443,171,301,281,33,135,60
568,540,18,252,538,30,228,204,76,564,16,321,234,161,503,68,198
183,112,338,318,225,302,94,10,62,66,475,4,50,231,555,476,403
6,32,545,228,4,321,354,233,440,72,279,137,528,430,277,488,368
300,328,515,29,86,549,267,380,468,314,66,10,266,272,133,175,299
6,31,282,32,62,280,38,231,248,247,502,512,428,364,461,134,413
475,420,134,153,137,30,301,494,379,401,74,309,86,78,457,190,417
519,235,114,441,386,417,239,265,40,257,79,512,175,367,24,31,389
544,239,355,182,373,59,299,128,547,513,259,6,562,30,214,270,401
449,87,324,387,98,300,558,214,38,501,68,545,58,504,368,534,327
112,529,371,66,532,146,92,485,349,386,15,106,545,379,2,18,137
225,488,435,213,347,562,326,537,157,39,436,516,328,203,380,168,392
195,448,89,255,29,488,161,171,447,438,292,64,299,138,76,224,167
435,287,499,337,264,574,89,396,436,50,207,389,300,96,355,111,72
326,484,268,377,264,455,161,116,172,536,519,76,49,145,75,214,319
152,547,38,99,20,175,354,128,321,266,369,64,281,389,224,430,196
568,485,93,429,137,133,116,490,420,39,477,431,246,288,182,134,455
390,525,138,532,508,524,545,51,123,512,233,10,238,40,68,553,300
497,488,386,440,308,318,228,204,427,321,190,552,171,266,390,503,537
263,386,449,532,355,224,76,562,62,475,300,267,306,79,498,99,502
120,485,386,333,37,356,55,491,482,508,1,314,565,122,304,183,537
318,89,68,319,10,288,529,485,368,488,550,254,519,225,175,367,547
345,183,164,113,502,272,134,525,276,47,537,149,268,409,24,411,263
409,314,459,368,128,482,148,346,214,355,224,138,252,161,115,76,171
92,364,36,7,403,343,113,134,338,18,115,301,513,488,171,435,566
564,443,1,161,521,79,5,156,556,186,171,462,39,87,43,182,195
380,465,76,277,488,483,137,421,536,478,72,32,68,18,181,515,248
440,386,355,532,276,161,134,94,259,326,246,337,378,334,66,362,301
403,458,122,285,515,386,445,224,525,156,378,267,235,361,266,537,485
171,401,365,247,267,59,450,566,79,357,29,166,180,123,58,430,145
119,15,476,113,441,299,52,166,170,4,265,403,363,137,171,16,168
38,409,564,354,301,373,278,89,16,134,525,421,428,47,411,161,235
431,295,309,203,506,238,480,10,234,134,564,113,315,562,530,365,425
344,268,364,145,386,545,161,93,142,470,444,483,115,362,166,33,146
430,18,418,148,89,215,475,24,175,462,61,306,92,58,485,10,183
39,16,430,468,321,245,281,61,405,528,436,367,182,95,356,130,508
134,300,203,478,29,163,335,10,174,376,268,517,263,468,161,241,308
313,161,153,435,175,189,300,499,9,436,295,6,268,40,75,291,115
4,465,149,389,342,557,396,328,11,22,532,499,225,175,399,261,573
283,59,145,36,201,136,386,32,485,301,482,110,461,213,80,494,564
508,181,145,283,61,58,538,249,156,38,225,87,461,113,134,488,513
293,87,440,95,405,76,255,7,204,276,278,231,485,115,86,389,290
64,513,32,551,454,537,182,347,430,168,473,66,178,310,201,177,342
137,293,228,352,310,142,364,432,87,437,76,4,475,191,564,536,511
424,235,306,282,483,420,4,201,488,174,9,309,387,259,307,300,5
282,483,213,5,554,563,485,164,191,300,76,528,459,172,401,443,92
542,30,564,339,212,132,268,378,2,309,324,171,155,284,119,9,555
259,133,246,171,412,336,437,448,427,415,485,354,64,203,321,475,386
119,166,150,152,15,50,386,368,2,378,485,132,10,488,545,522,218
269,227,16,175,537,5,84,113,401,224,548,7,431,372,60,246,277
442,398,306,93,498,409,212,87,380,396,287,468,461,134,204,547,503
263,364,75,33,398,252,30,457,485,487,220,482,61,348,545,246,279
171,7,119,527,168,267,111,400,371,354,358,181,341,429,100,436,377
436,75,31,5,429,283,16,461,475,128,166,337,319,267,134,401,10
234,357,306,485,386,436,545,457,413,435,444,328,508,380,6,393,191
6,4,559,96,8,455,401,529,485,538,554,16,355,94,573,248,411
321,44,142,301,458,161,376,137,145,8,395,156,457,417,42,442,418
457,436,4,486,91,389,379,326,355,215,67,566,285,247,363,133,147
137,488,386,57,120,406,235,334,318,247,477,241,254,554,310,514,163
308,175,191,234,5,229,67,554,143,8,403,545,142,161,503,210,343
128,417,190,306,488,23,328,411,508,143,462,476,58,20,28,421,47
203,260,403,475,113,380,386,79,142,313,5,136,33,257,538,488,508
413,459,337,51,389,7,386,199,6,81,128,64,258,20,8,405,135
191,529,452,171,290,163,212,459,501,435,396,39,252,409,201,99,485
223,550,267,145,2,66,90,201,322,170,130,417,555,64,461,171,307
68,475,362,547,483,318,84,111,405,146,382,527,295,293,504,234,125
189,151,483,363,5,48,460,10,307,225,58,417,330,300,537,342,326
385,498,254,457,368,172,504,550,268,5,336,485,344,390,137,263,90
448,171,68,10,566,460,247,449,4,135,143,319,547,341,475,364,386
296,290,301,10,386,436,152,213,109,291,7,515,379,479,300,288,161
519,11,129,521,288,119,529,181,361,412,174,306,528,378,82,390,260
387,31,304,554,97,260,4,363,390,282,536,72,485,142,58,409,448
412,216,89,239,86,280,550,68,32,8,24,437,425,182,135,16,144
254,142,76,427,2,415,59,364,196,260,562,234,476,228,158,548,247
175,421,328,401,113,224,28,68,558,263,19,345,18,30,509,376,123
401,125,488,344,528,506,309,279,503,507,113,71,225,191,542,459,259
325,213,134,394,545,334,166,203,145,308,399,287,284,574,224,271,235
490,39,180,5,295,317,144,371,464,405,247,228,6,253,538,58,161
307,87,239,536,129,540,249,32,573,283,342,134,299,122,525,203,207
133,390,4,436,203,282,343,142,288,447,258,201,527,348,58,484,113
564,116,66,304,483,111,363,213,433,90,418,301,247,537,386,403,280
355,89,269,536,66,549,484,19,234,448,10,396,268,152,358,132,564
312,443,32,238,99,475,145,405,269,396,122,57,501,192,386,483,525
515,62,485,267,525,6,39,330,24,171,37,219,247,396,504,175,521
459,34,484,119,161,77,383,191,420,134,8,50,337,409,58,313,295
489,41,428,380,423,201,76,355,171,529,148,15,488,267,485,24,2
443,253,285,461,175,485,106,33,163,137,389,304,365,339,276,337,228
436,534,498,539,206,134,460,354,272,216,377,409,544,47,201,292,363
241,176,339,123,330,385,387,300,68,80,460,564,26,229,409,386,301
268,483,527,389,171,467,537,185,385,459,214,485,539,433,413,30,61
435,5,430,92,60,267,75,555,436,278,139,485,403,271,146,175,186
141,166,18,239,68,105,300,175,233,312,261,461,519,439,504,448,72
133,553,161,386,483,19,389,28,213,269,485,119,412,37,365,134,142
515,552,355,461,68,442,554,534,129,483,134,161,417,485,299,64,343
112,194,315,498,566,564,155,413,433,47,387,379,538,485,444,156,168
501,213,553,10,436,122,6,63,444,17,28,301,341,392,549,399,161
409,403,244,357,155,20,203,510,108,307,301,437,5,572,68,512,241
299,119,16,296,306,145,554,381,58,436,390,171,129,215,401,482,156
222,279,386,431,532,462,565,161,30,355,247,467,237,190,311,267,447
241,32,321,562,234,436,161,213,156,386,295,528,566,345,475,67,537
496,191,445,330,279,270,449,485,545,566,512,558,401,30,64,225,252
459,377,300,64,128,30,9,538,519,68,191,6,364,415,436,367,278
