314,2,256,389,15,382,84,328,457,156,247,301,18,574,396,178,430,192,502,453,385,50,519,498,190
252,564,272,341,287,14,401,259,119,501,291,24,94,513,145,532,241,420,345,105,5,266,131,76,74
307,455,134,241,258,293,93,299,342,122,5,300,555,448,183,503,109,445,126,401,553,301,537,113,566
195,475,101,517,68,483,488,104,562,137,403,485,247,161,228,543,436,166,457,355,76,346,272,373,98
405,365,558,494,342,199,266,172,524,230,126,277,96,5,483,165,60,68,10,324,142,389,102,30,315
427,354,432,554,11,219,436,247,483,435,15,409,144,442,307,129,5,295,225,161,318,380,564,151,74
547,50,548,175,107,6,215,2,554,475,8,12,534,509,233,389,321,344,254,58,474,113,411,355,386
475,268,244,386,359,142,10,461,24,57,498,447,436,109,30,307,355,228,76,224,287,182,455,171,156
13,130,483,405,415,239,411,476,498,436,291,313,443,137,201,403,39,527,528,58,430,317,29,507,536
168,419,61,412,68,385,6,475,161,461,94,380,485,10,175,555,364,414,401,457,413,91,403,166,501
109,90,359,498,396,330,494,172,190,408,403,441,321,554,568,545,9,547,137,168,519,293,268,309,117
2,318,341,136,386,46,295,535,304,487,510,420,321,241,499,10,548,225,376,343,484,410,401,57,5
172,560,377,68,156,203,540,442,161,182,64,545,267,455,213,181,55,535,512,431,5,573,145,142,459
152,159,36,295,2,342,30,175,301,10,284,536,532,468,114,304,132,76,79,278,241,145,174,318,50
270,485,303,30,92,399,266,328,228,24,268,341,416,272,40,483,247,231,44,2,137,547,9,4,560
277,399,113,380,119,300,181,234,479,470,403,532,389,8,172,371,564,303,261,411,527,409,377,510,386
386,61,417,457,59,278,133,314,380,338,319,216,420,355,271,484,363,450,246,318,359,58,330,412,334
137,509,379,468,94,57,321,76,386,265,465,150,485,442,182,4,307,206,25,6,497,540,171,35,417
279,133,436,283,433,278,121,343,256,373,95,442,89,547,247,25,574,325,420,417,387,485,317,554,299
64,311,109,301,6,295,257,220,79,247,293,444,299,31,389,206,92,33,30,119,436,278,273,424,74
46,36,39,59,525,37,187,485,287,190,574,402,303,386,411,448,231,359,90,268,29,6,5,175,128
171,119,6,429,489,113,449,183,164,225,5,50,376,301,363,196,51,501,278,239,302,60,515,325,300
269,231,547,363,170,492,437,18,300,31,361,247,421,479,189,417,270,408,283,389,396,0,424,548,418
76,470,459,6,564,475,461,37,525,31,484,300,396,395,448,367,89,480,357,134,18,312,289,20,87
359,15,376,134,388,256,570,142,253,283,6,504,436,92,490,239,266,5,473,438,168,377,483,517,171
504,436,283,296,8,37,166,485,66,65,2,161,234,145,415,284,140,405,291,137,448,252,514,553,191
203,321,175,99,278,528,37,18,164,412,534,66,307,490,195,104,536,501,79,135,74,277,10,92,235
252,485,303,484,555,344,71,72,206,273,247,89,7,129,326,458,246,334,134,549,185,483,87,386,32
348,571,525,234,332,168,202,461,557,11,4,513,72,5,424,228,488,330,485,256,465,257,299,321,268
38,10,156,168,51,288,111,269,459,161,488,58,431,137,460,87,160,553,268,258,514,389,392,529,6
528,436,451,339,137,113,396,234,252,566,293,3,18,403,405,20,386,529,341,447,485,553,333,269,534
488,136,220,355,545,224,137,168,515,161,79,91,528,443,499,564,80,304,334,475,299,336,183,375,18
545,287,554,16,537,534,219,556,138,328,59,347,307,134,128,313,210,572,246,64,68,299,150,507,51
7,386,247,228,163,391,364,499,309,536,436,204,264,155,409,310,166,175,457,460,355,214,113,525,168
357,126,301,4,120,90,18,145,415,485,31,405,152,203,40,304,235,409,241,156,247,472,355,87,10
573,142,514,234,161,409,385,30,2,175,60,436,220,447,363,324,475,189,134,344,138,201,488,432,317
179,448,569,264,485,386,0,172,401,68,427,442,380,220,76,482,512,431,204,483,2,403,361,545,440
66,386,454,136,404,203,323,37,199,525,281,6,10,76,412,528,497,9,553,20,365,285,462,401,550
319,165,155,266,113,468,48,91,343,553,246,361,256,17,436,424,191,537,134,328,194,527,9,66,551
404,450,550,175,363,421,81,525,58,513,528,386,542,132,527,256,48,442,414,536,201,555,247,20,68
555,326,525,44,461,562,528,18,307,300,213,205,483,113,234,245,435,263,484,509,95,201,347,485,568
548,358,490,486,436,572,347,308,50,57,300,192,20,462,403,231,319,254,58,183,430,156,519,171,128
453,73,338,485,31,396,514,525,368,51,92,519,378,186,359,279,457,386,142,87,214,111,550,236,201
343,258,91,40,547,191,177,80,109,143,30,483,527,4,436,126,171,485,291,380,225,58,49,545,247
84,368,313,362,427,502,400,7,267,300,438,138,119,409,485,515,50,8,459,519,457,176,112,470,81
468,59,246,10,307,30,330,187,234,68,260,171,485,314,259,233,312,177,494,161,470,574,69,459,228
264,213,457,155,164,145,168,222,415,224,59,68,346,5,525,138,47,499,340,28,6,239,473,564,120
425,5,334,301,92,138,432,438,515,206,373,325,76,53,475,8,435,553,135,566,171,486,6,324,51
309,307,553,326,280,484,32,277,301,564,161,393,473,129,435,411,31,386,231,306,247,295,30,225,228
30,330,170,224,472,39,181,58,344,260,247,319,182,347,497,314,215,125,530,12,337,300,161,52,395
267,476,517,307,128,485,4,324,133,436,10,375,401,75,213,571,126,431,32,385,20,330,77,387,134
161,30,519,272,367,201,512,554,330,443,281,81,20,283,503,259,485,442,525,116,235,39,168,308,482
484,301,113,537,93,436,285,447,387,386,168,58,483,70,512,558,142,401,330,343,296,94,278,539,148
475,129,10,553,509,380,271,403,326,355,161,395,2,472,121,265,171,252,260,76,56,168,321,282,6
251,301,58,285,279,224,229,473,18,564,512,431,386,454,509,99,558,328,450,359,321,79,161,223,448
571,503,268,77,488,279,525,98,134,28,387,508,137,265,485,564,527,529,401,394,241,330,482,8,409
293,528,534,43,485,483,133,376,134,497,235,143,501,252,188,436,256,336,498,359,69,445,142,396,51
435,40,324,270,134,212,54,62,8,405,403,220,533,141,87,9,532,225,288,183,456,375,58,95,336
378,62,447,307,556,409,94,76,566,318,331,195,164,141,355,314,24,363,246,171,488,546,417,463,537
386,392,160,388,324,137,438,514,391,334,491,256,389,348,18,28,435,138,79,485,340,12,76,191,436
300,380,246,485,5,527,400,90,20,118,401,144,36,405,537,37,174,30,437,113,455,393,475,525,268
219,301,436,389,508,484,430,119,403,311,565,479,164,295,286,142,123,58,330,485,201,307,315,76,361
31,431,4,72,484,356,194,259,37,566,295,325,134,319,564,232,553,538,76,33,126,515,225,32,110
436,304,295,376,485,40,79,268,113,32,109,314,508,146,234,5,44,161,64,380,259,417,6,110,214
435,483,192,4,213,419,558,10,323,8,300,250,268,137,119,328,436,90,134,19,476,391,336,348,166
113,187,32,213,142,115,164,525,10,379,386,59,354,369,300,78,68,63,532,291,266,430,89,7,567
530,400,252,409,113,115,267,457,256,203,566,429,504,58,190,572,6,38,76,30,499,307,382,468,293
161,324,228,436,16,129,301,558,145,192,485,223,549,79,53,539,328,137,18,113,540,359,203,306,355
483,272,368,252,461,293,301,229,305,161,61,6,86,37,151,321,545,66,120,447,32,547,74,462,332
228,355,257,299,10,54,544,325,209,339,363,525,510,235,564,401,432,109,538,503,18,175,152,59,417
415,145,306,430,318,269,436,190,2,10,69,504,468,113,48,351,182,459,545,109,301,141,549,488,171
10,326,385,491,540,16,374,431,409,87,529,32,185,300,306,84,448,234,396,51,59,11,90,252,537
24,276,168,547,400,119,530,412,6,551,413,224,527,566,544,475,316,461,247,65,294,115,396,295,389
214,521,175,113,478,8,386,137,409,1,15,6,247,556,295,519,510,265,508,485,259,549,415,320,168
159,160,401,6,198,390,365,77,241,521,300,490,402,547,229,545,538,494,247,503,415,1,24,512,551
136,183,161,171,301,134,510,338,178,337,258,56,209,521,376,537,555,92,135,133,87,343,514,119,509
263,65,300,450,166,111,334,192,498,44,74,307,164,485,330,409,308,447,161,411,401,175,32,548,137
510,119,461,321,38,69,308,323,61,90,52,168,474,113,32,364,280,191,94,268,128,513,475,112,64
323,31,488,538,536,475,401,484,300,278,400,532,144,76,145,433,537,379,8,203,462,486,161,288,502
191,22,136,436,475,248,325,234,264,377,38,285,175,372,64,241,116,112,355,434,569,457,170,420,531
68,521,567,74,92,307,331,574,272,103,538,514,302,457,459,235,131,386,453,401,134,263,519,30,308
62,525,58,483,32,347,355,400,501,201,164,484,488,455,440,84,454,142,178,113,171,86,137,254,10
508,405,30,483,390,146,318,122,241,277,378,296,444,61,424,534,345,272,525,254,569,224,20,229,472
58,48,78,10,427,30,573,525,256,87,495,335,6,341,438,390,535,345,32,472,259,355,499,212,424
401,409,375,308,367,459,428,283,19,70,390,421,219,321,137,336,551,288,328,300,6,402,494,161,470
424,90,528,504,418,238,137,193,403,341,410,409,494,295,429,235,59,417,386,457,7,364,74,488,132
368,87,525,508,65,191,300,502,231,387,524,349,511,133,6,363,457,436,424,488,76,93,137,304,307
194,564,18,553,517,282,321,79,337,37,387,461,400,261,551,508,308,315,514,386,182,547,16,288,293
324,7,137,50,299,69,142,323,355,342,514,9,532,402,239,519,59,307,409,377,281,483,330,536,293
213,272,494,386,485,133,119,225,228,186,347,330,319,388,337,287,224,115,260,545,436,385,460,168,543
341,531,393,386,252,66,324,321,400,228,330,223,288,300,283,91,233,470,190,348,213,18,239,184,86
343,300,515,527,293,398,391,76,325,246,363,459,23,281,142,525,394,424,229,433,326,313,362,476,493
301,413,260,330,266,318,455,300,99,391,196,545,44,67,409,344,468,564,204,486,119,361,540,342,16
488,401,545,461,562,30,201,344,138,58,156,70,181,228,389,269,473,485,278,140,524,449,87,295,339
367,43,347,543,514,434,28,387,459,363,527,146,524,68,409,164,525,507,554,442,318,104,186,171,380
66,123,550,514,409,87,224,48,475,349,342,247,386,6,65,488,156,38,448,313,395,76,119,113,551
299,504,68,418,509,317,562,438,531,87,390,499,300,488,429,566,391,389,89,417,46,519,288,37,423
461,210,161,206,555,234,156,452,378,462,119,547,112,165,194,5,293,309,565,390,391,267,361,38,408
472,192,241,5,62,170,386,471,448,227,537,538,68,66,142,231,459,512,267,299,545,181,356,531,547
403,458,534,225,60,11,256,30,531,58,434,134,20,482,386,70,270,553,349,145,527,461,39,542,241
485,290,462,430,253,538,137,157,165,401,424,178,31,94,225,551,314,483,390,562,37,5,408,403,306
228,553,387,16,269,438,312,2,60,28,234,135,229,225,123,90,77,282,119,115,308,131,418,20,64
175,328,40,549,145,276,204,574,400,448,201,288,268,20,161,334,403,326,171,382,498,501,195,303,323
514,52,220,68,537,244,396,534,330,519,463,483,389,129,1,539,137,192,528,430,574,494,20,64,9
182,535,330,59,135,20,145,301,136,170,435,433,238,380,521,51,324,10,321,346,457,239,364,137,171
229,222,31,284,413,389,436,300,459,161,310,325,562,268,483,309,30,5,266,553,512,276,536,168,324
510,483,512,308,266,484,420,171,393,488,146,89,412,345,56,270,558,225,54,263,296,180,238,199,214
234,7,165,87,555,201,177,293,119,68,6,504,515,449,430,442,171,43,20,195,432,527,182,59,246
90,29,306,359,137,70,553,483,555,549,260,280,429,343,170,326,497,510,328,436,320,311,77,401,182
376,163,161,457,20,300,39,266,378,134,389,508,268,517,299,556,452,363,77,455,525,108,145,191,271
537,72,494,247,413,525,564,458,203,279,542,66,281,519,126,285,514,10,338,390,282,540,387,214,307
161,337,417,367,548,229,170,389,20,247,560,206,501,171,547,483,345,246,566,160,137,79,529,326,457
284,546,32,421,565,6,526,333,256,325,506,194,551,467,40,191,220,488,296,483,178,150,161,361,475
475,263,225,120,7,150,265,532,75,330,113,138,218,114,57,448,411,9,5,254,159,189,386,497,145
247,171,450,147,218,486,525,156,64,179,396,161,557,436,39,79,528,127,285,68,555,268,376,355,517
241,402,76,550,409,418,135,66,345,239,412,145,435,279,537,337,74,485,161,9,300,171,363,182,137
436,387,513,142,114,503,105,330,367,308,171,214,259,93,394,396,437,525,475,326,278,355,42,219,343
480,363,121,428,234,383,558,8,455,108,386,50,338,133,18,572,287,163,325,137,24,51,355,278,258
266,346,211,465,386,307,482,66,84,97,204,433,6,191,100,326,328,76,413,357,403,472,300,531,133
534,224,214,268,246,401,357,156,549,178,46,77,76,436,146,58,532,17,219,537,64,234,65,203,564
197,203,357,436,371,92,299,68,142,529,449,191,566,182,555,386,396,435,483,38,40,157,343,419,525
555,15,436,161,87,213,313,30,425,238,521,163,356,99,9,484,554,62,442,18,472,373,330,431,81
300,377,484,392,379,385,68,155,120,263,431,528,21,525,442,479,267,411,365,61,430,229,247,175,424
387,7,300,288,514,76,537,552,145,408,143,355,401,272,64,485,455,536,465,268,347,51,398,377,129
185,148,564,459,201,115,267,198,5,16,142,289,241,259,161,50,485,503,10,345,300,146,32,9,74
89,482,300,10,401,442,99,483,256,409,20,68,428,337,427,137,241,395,74,468,389,380,367,125,509
380,564,44,302,131,134,278,234,171,214,46,5,130,253,76,59,485,314,247,225,33,170,433,284,488
418,483,386,430,485,320,288,385,216,482,509,117,572,229,295,529,401,114,420,519,222,260,475,194,324
359,129,90,180,525,140,37,396,92,367,449,373,214,494,386,455,483,537,134,74,30,475,545,485,111
318,6,373,75,32,461,315,553,92,267,224,387,483,525,87,319,514,288,308,122,510,323,145,102,142
234,334,268,530,267,371,391,133,485,359,24,483,564,278,120,171,2,427,337,326,66,566,190,137,102
396,92,59,80,327,32,247,380,307,86,555,240,105,197,519,278,403,483,79,503,268,10,292,355,175
79,396,119,5,547,413,315,485,50,534,142,247,161,268,287,421,241,330,403,214,528,343,452,182,496
545,340,168,213,62,146,161,271,326,330,485,128,528,97,15,115,361,176,537,380,201,10,490,307,538
8,2,132,112,156,293,247,307,574,193,204,379,89,337,405,40,306,427,434,485,161,140,11,314,182
551,364,494,459,301,461,299,318,534,501,391,201,134,192,555,16,135,257,194,64,133,234,113,436,285
519,0,430,185,89,129,415,254,484,473,336,267,337,388,142,239,499,183,160,504,16,403,344,448,405
343,168,529,483,155,30,231,521,473,58,131,324,300,459,80,239,438,436,137,268,450,4,455,326,391
229,37,392,288,134,551,475,430,330,13,46,79,495,76,409,447,378,38,404,261,403,131,457,553,30
564,137,31,98,214,545,6,417,510,525,468,555,111,454,337,161,126,235,300,145,485,155,171,284,540
545,363,459,259,483,231,146,137,330,129,230,532,346,485,171,157,502,161,420,6,455,295,501,199,344
89,16,38,135,222,156,293,345,234,104,175,525,529,283,459,142,5,161,301,30,568,119,409,76,129
58,485,534,63,70,107,145,389,86,122,345,152,430,112,313,544,503,319,574,529,77,527,410,299,436
334,564,389,386,443,330,483,488,301,361,146,547,113,328,253,514,561,166,539,201,435,455,216,378,227
375,482,52,10,214,266,386,432,488,337,199,87,476,234,494,76,436,401,309,210,119,122,171,156,485
9,538,455,238,562,12,554,564,6,174,48,475,161,30,421,553,134,558,123,189,247,304,51,31,295
38,168,566,259,487,435,31,436,137,385,556,84,503,28,401,391,98,525,364,494,403,455,210,460,61
535,92,336,94,554,324,330,263,326,524,368,195,537,527,30,95,134,403,76,525,74,387,363,132,401
278,133,94,10,269,537,545,92,483,217,390,220,206,560,550,401,491,457,465,235,367,247,252,462,234
485,461,304,252,10,218,537,233,393,13,58,302,403,213,553,306,287,313,307,389,20,309,77,272,137
566,327,429,133,265,380,573,79,300,574,413,27,213,258,498,284,301,525,38,461,474,219,405,572,517
94,37,396,191,315,60,537,7,478,9,524,55,201,134,566,64,181,109,18,288,187,324,409,79,483
539,436,363,373,504,441,547,530,231,378,146,553,186,161,327,72,258,330,364,4,5,39,359,503,33
309,133,312,273,86,568,391,285,300,146,90,574,58,320,396,263,7,64,109,514,288,424,6,512,355
113,535,403,203,5,79,213,485,524,269,378,54,345,39,164,282,459,32,465,312,482,59,447,135,152
143,306,231,431,288,434,405,58,76,483,156,380,330,537,5,409,18,548,56,215,300,89,315,417,459
191,6,94,113,318,165,213,146,514,436,457,403,288,24,528,229,171,168,91,485,313,26,145,175,301
126,486,287,494,119,475,501,545,68,488,408,175,429,75,448,268,171,550,386,413,24,363,256,26,213
337,114,255,488,171,367,417,521,249,134,186,420,300,307,558,58,145,386,59,419,440,241,503,435,228
260,401,182,31,8,339,146,409,204,495,263,90,398,509,555,341,19,357,424,457,359,30,549,160,337
498,517,92,7,181,213,256,436,308,501,6,307,379,514,536,380,425,417,402,330,16,126,171,339,373
32,435,267,363,285,299,302,376,225,431,15,258,5,205,291,175,545,485,92,424,524,262,330,11,326
301,564,512,403,461,321,525,557,28,533,312,498,4,365,421,247,375,307,428,134,39,306,114,58,68
567,536,125,145,396,474,171,229,359,343,325,363,113,269,5,301,270,7,326,525,528,137,401,119,75
365,537,76,278,475,234,187,451,334,68,192,267,485,442,335,307,233,48,120,276,66,113,321,557,488
571,285,300,301,123,475,337,251,161,139,412,79,551,499,527,171,538,206,476,9,296,10,436,328,373
403,485,129,553,16,386,75,572,510,413,265,81,161,345,175,551,330,295,87,5,326,299,524,256,36
175,436,396,18,113,295,30,28,68,10,315,309,114,412,8,528,60,514,290,442,246,387,477,259,345
171,345,455,6,323,503,389,379,47,163,159,239,461,137,10,449,367,197,339,18,483,548,52,504,231
266,529,538,449,455,4,165,330,475,54,234,525,6,386,56,433,10,521,224,300,368,430,551,417,306
326,341,288,545,474,361,307,87,388,133,128,363,300,38,430,568,9,75,134,272,59,247,79,321,367
504,203,276,64,234,225,146,320,475,548,168,417,348,512,337,436,326,15,458,5,554,97,330,28,359
175,225,113,386,425,20,337,487,313,204,485,199,479,555,413,191,182,68,309,5,514,60,501,347,133
276,363,313,55,131,386,18,172,68,484,270,368,10,355,137,299,228,156,319,447,519,113,419,126,545
313,519,376,475,532,359,386,330,192,389,347,547,409,421,296,300,229,135,498,30,267,110,379,225,510
382,30,113,50,363,10,39,137,175,450,386,66,553,24,142,527,247,342,367,357,163,447,308,89,468
191,308,552,459,175,282,501,335,181,341,435,100,64,549,2,293,97,239,40,74,0,213,164,315,321
213,525,134,115,265,136,344,152,216,325,376,215,416,307,461,413,536,228,503,473,436,247,537,573,156
76,343,528,135,494,462,295,525,376,146,545,187,175,110,271,519,268,304,306,574,424,241,299,534,30
194,2,405,182,144,96,113,134,436,435,534,152,247,186,206,30,483,296,90,32,129,18,447,278,558
313,443,422,368,566,64,257,137,7,436,9,33,488,435,387,122,396,285,425,241,400,510,457,163,364
115,337,129,433,380,519,66,459,529,361,143,302,30,234,241,552,99,365,7,145,556,64,247,386,485
537,56,394,365,419,119,330,198,66,295,7,475,429,30,175,539,483,389,315,58,228,401,171,447,90
115,170,452,521,64,537,386,321,356,55,9,288,129,66,373,259,558,113,517,428,409,361,538,238,436
79,419,146,508,334,488,336,132,341,430,163,86,545,509,364,318,301,438,421,32,313,368,554,468,8
483,561,519,485,245,355,412,547,47,300,144,205,356,68,337,252,373,279,574,330,459,508,142,301,137
302,97,58,462,2,379,321,300,573,30,328,38,292,19,241,24,448,6,389,363,409,192,246,338,222
256,137,134,355,194,37,300,530,114,485,135,552,334,566,171,407,266,457,564,166,318,133,364,410,170
346,175,452,159,431,499,196,13,5,317,7,307,282,453,484,122,172,213,201,210,490,444,337,343,521
443,137,328,318,545,409,10,408,380,537,160,480,360,145,386,152,21,16,142,267,378,515,115,406,457
389,30,33,328,545,316,485,125,5,11,483,530,204,551,394,412,300,564,475,442,301,299,18,502,441
71,175,376,155,265,10,337,300,501,156,238,503,488,363,450,461,306,115,12,166,256,79,191,377,225
160,38,233,306,494,435,121,10,213,398,560,71,409,79,547,441,483,101,227,9,59,327,58,190,5
164,299,510,30,387,436,503,558,431,257,76,378,379,396,408,270,451,196,58,529,300,137,290,5,362
113,265,119,395,318,92,400,126,175,94,307,339,562,123,268,338,234,468,504,309,550,267,367,503,171
37,438,330,30,558,405,401,58,442,301,114,537,403,355,486,156,412,391,356,485,547,163,134,21,326
115,309,235,565,260,357,133,566,47,281,266,573,296,144,336,435,58,32,268,229,554,389,277,488,344
266,268,413,503,241,476,474,436,508,90,109,33,226,525,156,122,386,66,403,300,396,306,565,488,537
145,457,235,345,379,488,289,455,253,7,224,519,330,546,113,17,278,39,556,343,537,433,484,367,412
5,218,380,473,113,282,152,166,30,235,299,506,398,175,129,181,190,16,272,236,457,325,435,312,279
15,38,108,488,515,433,254,478,16,459,455,268,306,436,401,75,300,557,483,355,558,113,475,264,104
75,484,233,161,416,548,436,137,357,346,330,376,301,182,4,166,412,10,175,300,43,389,512,16,222
424,138,113,77,485,365,266,5,459,461,94,83,136,562,32,391,44,145,6,2,283,300,498,421,150
573,554,545,436,479,264,66,132,464,292,10,525,142,161,111,204,288,403,430,137,175,5,538,328,482
114,448,431,31,313,376,435,574,480,545,537,182,163,475,180,175,5,401,300,301,72,171,87,113,365
79,9,30,39,572,436,336,550,68,545,78,485,337,151,527,5,56,89,119,17,254,540,228,259,33
411,403,280,485,318,131,451,415,79,62,301,363,537,30,119,413,278,317,122,142,234,449,368,16,56
171,231,528,291,458,447,301,228,252,285,302,25,364,138,540,492,270,48,430,566,326,91,68,427,234
54,31,485,51,68,126,171,75,374,518,301,484,302,300,564,428,32,400,455,58,465,390,504,512,396
545,10,401,514,133,7,550,538,9,556,380,462,30,554,549,553,66,235,293,92,564,396,386,287,389
442,32,408,137,396,66,198,229,311,24,459,109,359,224,161,547,134,321,460,64,485,7,317,418,565
68,126,540,442,250,521,357,300,462,246,267,44,241,182,32,151,450,386,295,501,227,190,444,58,472
573,374,346,145,194,213,488,442,255,178,449,334,510,50,434,203,37,306,42,525,532,444,553,318,304
137,483,285,396,506,401,436,558,192,142,272,187,267,175,459,491,457,301,545,421,139,490,461,409,222
20,363,68,302,364,299,66,304,321,171,267,372,152,395,284,564,76,488,553,55,494,281,464,75,519
532,175,261,230,139,328,465,512,375,177,321,234,59,32,337,113,54,514,553,258,138,183,412,156,357
68,401,428,553,128,537,174,519,151,396,76,409,426,145,227,554,287,137,30,536,58,203,307,445,51
134,555,264,156,300,71,288,119,241,458,545,8,285,20,33,485,295,450,228,519,137,75,93,319,521
340,301,254,465,299,532,224,510,364,227,368,133,461,261,334,229,134,347,507,8,136,344,265,199,115
304,405,33,566,545,148,177,340,101,254,542,20,239,355,373,278,284,484,475,389,357,538,488,38,76
260,535,109,281,485,403,507,402,156,229,343,537,171,181,538,166,420,104,263,137,517,337,248,334,77
341,429,461,146,238,26,566,79,535,64,448,446,403,545,228,475,498,259,411,268,254,261,57,119,485
554,413,295,148,36,459,20,560,138,66,247,119,457,33,538,300,315,175,133,569,268,38,342,376,283
562,555,411,509,2,32,180,430,51,548,405,201,343,528,367,376,540,66,461,72,247,109,229,313,234
285,68,134,198,375,215,171,488,537,300,485,319,291,433,398,123,26,510,20,306,326,355,264,287,6
123,206,68,87,278,515,436,129,284,94,448,58,402,299,566,18,113,231,203,263,75,254,365,558,519
520,300,527,222,344,46,4,400,246,156,276,488,376,418,547,10,68,180,119,441,528,283,54,390,403
314,462,155,472,345,558,537,272,436,475,498,402,44,484,66,122,535,246,300,138,19,389,508,492,574
70,113,137,140,228,430,256,307,25,403,442,231,321,36,484,126,449,556,470,11,90,436,211,5,337
37,231,475,285,512,492,396,300,321,134,30,10,2,409,452,195,436,519,427,138,272,267,119,564,509
277,264,49,252,112,336,528,301,380,113,547,435,317,436,304,557,9,279,276,482,351,123,285,302,24
58,128,484,15,370,54,318,448,251,483,564,400,361,213,39,254,231,32,355,330,48,69,142,224,201
545,174,307,420,264,133,59,9,328,451,58,172,66,372,418,30,164,564,343,224,15,389,146,135,64
436,10,396,565,362,519,330,418,220,509,161,403,549,129,231,355,40,290,53,301,447,56,525,225,252
259,214,271,38,386,171,332,545,455,485,247,392,276,458,379,79,552,391,201,558,417,343,241,363,483
500,161,213,300,94,497,498,330,207,547,309,533,390,69,47,74,301,79,346,113,134,551,389,68,4
436,142,75,37,321,483,126,10,300,16,461,386,266,307,363,1,32,306,545,203,248,415,155,406,31
318,74,96,132,307,340,355,239,363,556,122,128,134,201,261,64,306,435,259,507,380,475,485,413,403
390,6,156,57,509,364,253,96,374,32,566,89,256,266,385,233,340,488,401,455,470,351,270,134,238
556,542,128,510,308,547,278,300,498,152,68,386,336,233,156,175,552,76,442,30,554,51,145,50,197
239,308,380,460,276,135,104,499,151,457,49,428,87,222,519,155,39,553,475,134,101,486,435,450,313
351,456,11,134,137,232,10,24,59,95,287,67,321,175,46,220,413,112,247,295,86,70,224,396,299
379,6,19,68,164,129,330,92,288,215,32,114,161,424,555,18,485,421,99,287,87,514,441,43,461
133,521,427,396,417,213,142,503,75,525,461,8,103,334,452,163,95,319,114,489,33,253,149,38,365
4,342,539,58,429,367,483,491,442,224,405,68,363,504,368,87,435,122,306,370,419,537,281,171,337
247,137,151,558,191,268,302,241,175,482,5,193,285,307,76,361,6,266,486,252,287,30,224,403,181
209,359,389,409,9,476,260,198,182,482,80,535,214,387,201,95,170,386,343,145,337,228,104,401,445
82,64,574,276,134,208,24,433,524,136,365,263,501,257,534,312,201,119,56,279,321,309,77,533,171
330,376,307,132,23,371,174,152,509,299,241,131,386,389,192,47,328,355,270,138,447,175,417,272,525
79,555,498,549,246,6,111,213,434,524,287,166,38,301,512,290,203,525,163,358,231,336,488,280,374
231,58,528,358,278,330,566,134,186,482,35,309,137,304,377,419,434,485,160,8,337,307,185,320,436
525,300,112,222,306,457,343,84,58,137,378,545,558,308,503,363,441,109,473,488,301,79,531,145,461
545,321,480,483,320,442,393,432,387,409,225,421,276,390,161,4,519,30,181,467,32,306,59,529,142
2,10,388,564,128,367,68,142,217,385,30,83,521,567,175,525,519,133,373,442,263,424,168,248,66
145,538,389,62,225,403,287,68,32,161,138,327,450,475,337,386,367,123,396,419,201,476,66,113,89
304,251,547,16,321,166,190,32,347,68,222,408,121,137,191,419,519,241,401,417,430,293,571,38,339
551,262,175,401,304,59,545,379,288,129,30,76,345,484,181,39,201,359,410,64,278,145,389,475,554
503,389,277,158,161,114,213,367,537,485,416,338,373,192,64,468,551,355,231,13,375,549,133,276,67
34,206,361,525,314,6,451,168,293,281,351,386,233,261,97,264,38,90,549,564,332,318,378,558,330
243,413,252,553,566,387,504,231,145,213,31,345,37,407,259,277,483,529,301,222,321,396,417,131,337
515,348,59,71,19,128,113,533,429,29,33,47,142,160,10,64,87,267,345,112,564,105,377,428,514
175,128,512,354,418,58,336,203,4,440,337,241,194,205,560,363,51,314,371,306,87,367,550,425,409
78,306,58,533,483,475,536,566,517,484,99,465,76,255,163,175,57,203,145,51,37,295,392,308,247
18,0,74,138,195,377,572,30,386,94,371,113,545,147,60,217,92,67,424,396,299,266,515,282,133
362,68,134,154,161,467,514,545,67,54,321,390,281,8,459,509,87,373,76,557,100,553,201,144,379
64,373,37,419,475,442,126,508,545,435,234,225,490,386,299,213,87,379,309,367,507,273,571,328,484
436,475,318,301,266,216,373,282,332,276,101,142,225,380,375,574,93,515,295,536,386,471,428,571,565
319,534,324,549,380,164,545,74,113,68,528,224,130,210,396,35,30,225,214,132,461,572,137,483,299
17,528,334,239,566,30,66,450,12,380,483,113,256,390,201,525,112,574,191,5,246,515,318,9,417
436,509,129,435,313,551,155,246,415,179,137,442,413,16,461,278,300,10,1,259,32,306,396,372,163
431,214,213,301,464,395,299,87,94,545,260,470,76,336,306,7,362,161,46,529,323,482,234,368,498
343,485,94,532,293,137,326,373,6,551,291,263,386,300,364,66,165,411,54,218,222,119,175,189,475
525,171,558,264,479,74,333,75,488,408,308,8,508,56,122,499,4,485,421,476,365,256,269,203,418
435,498,123,525,558,94,30,174,10,156,373,443,257,129,545,295,379,67,514,279,300,386,495,449,401
195,538,328,314,282,247,302,171,159,334,79,59,403,114,11,90,246,190,376,168,299,457,482,227,364
199,443,534,15,318,30,537,225,160,432,272,322,125,159,330,260,175,419,23,415,489,386,338,564,229
186,552,97,337,301,531,167,160,499,213,344,223,512,133,326,527,401,388,475,428,359,508,123,254,262
355,515,278,566,206,436,488,24,115,401,281,523,269,172,287,465,396,347,175,219,119,65,276,129,247
20,119,447,10,233,413,295,480,171,134,495,7,368,379,525,234,288,553,133,58,2,126,206,90,11
227,411,545,465,66,18,468,433,190,471,401,408,195,68,5,509,6,341,547,9,483,161,405,326,337
143,119,475,348,6,258,339,387,191,566,550,89,420,400,161,574,20,259,135,343,363,378,151,300,421
337,334,412,555,161,328,471,379,213,364,22,138,129,465,228,533,135,117,552,8,76,281,171,409,468
321,302,471,470,445,133,151,538,477,121,122,145,345,363,334,553,266,285,483,92,417,507,75,336,549
87,326,134,367,40,207,5,417,403,20,258,333,33,413,93,461,198,304,269,493,278,266,235,515,485
433,231,485,532,175,304,76,119,161,337,343,30,206,401,104,36,347,133,246,479,516,301,7,65,264
204,432,174,306,492,134,574,444,542,413,519,507,56,175,10,145,76,434,268,5,508,223,4,110,206
143,99,338,569,558,284,532,68,9,565,164,234,161,8,549,566,18,525,10,462,201,489,181,459,527
109,287,326,151,51,137,465,213,76,485,6,418,547,218,66,371,405,214,156,41,101,247,266,187,60
213,326,543,247,432,545,32,566,328,135,485,63,133,47,10,497,64,386,462,79,444,408,222,5,431
436,475,142,5,299,557,386,460,137,514,68,30,508,470,568,551,534,373,25,231,123,519,405,0,410
170,186,295,517,265,288,65,503,64,212,171,287,135,58,8,475,501,434,326,271,161,330,225,488,300
392,92,380,482,267,553,448,488,386,133,51,213,528,545,402,58,203,409,234,363,119,33,534,426,283
555,504,436,39,64,231,509,430,569,164,330,386,66,525,92,264,540,191,565,300,252,115,382,296,146
412,565,30,222,308,379,551,345,542,279,355,76,95,433,532,266,365,101,145,431,277,411,461,75,492
61,386,365,309,247,494,114,194,454,144,357,195,30,139,225,212,519,213,504,475,425,321,157,254,62
337,357,489,538,68,418,365,548,413,355,396,304,119,295,175,33,76,10,529,524,69,425,346,285,5
156,254,564,263,40,361,462,539,403,501,485,30,64,341,213,355,10,266,203,37,323,5,59,475,507
199,379,514,551,219,528,301,9,447,395,538,304,203,549,159,145,328,37,89,18,317,431,229,272,470
528,365,217,267,199,512,376,68,330,545,272,553,231,8,363,461,432,74,403,566,484,390,504,430,100
15,172,39,547,113,268,187,355,234,219,138,171,494,58,409,129,327,7,380,558,508,459,301,269,26
193,389,512,75,66,276,386,374,511,435,436,447,378,16,301,444,475,65,306,430,390,194,300,545,325
536,556,32,283,241,225,475,166,58,304,528,59,288,517,247,461,485,227,545,565,391,483,355,171,276
54,461,330,300,71,109,343,391,284,59,5,318,146,355,60,247,337,387,301,254,537,134,268,553,459
114,77,436,268,231,342,129,8,109,159,214,564,176,224,321,330,216,119,528,28,343,529,440,16,64
545,246,171,41,518,462,483,421,386,189,409,162,259,164,133,530,228,58,201,119,400,489,328,436,380
385,113,180,256,574,171,403,375,51,412,281,475,300,528,151,123,149,436,122,138,208,396,69,99,566
266,554,183,8,96,138,346,268,538,46,448,79,143,68,337,364,514,359,260,434,470,57,225,485,351
308,394,32,191,66,10,106,396,479,431,485,391,510,488,475,190,201,288,403,145,168,422,337,5,342
431,285,113,92,69,342,435,408,300,521,423,529,311,68,330,535,313,268,247,460,50,109,18,161,225
58,386,252,365,401,461,403,133,266,504,389,159,134,137,545,9,51,122,421,567,555,316,374,304,521
74,221,68,145,266,435,316,181,393,287,512,387,459,144,140,411,359,534,163,566,134,247,392,485,328
214,60,485,195,70,554,129,203,131,431,574,318,288,401,64,300,512,234,56,325,447,534,171,324,471
70,210,254,1,279,385,553,332,380,60,209,313,156,441,504,269,307,231,417,257,558,276,74,171,452
433,350,434,134,313,386,360,412,442,89,431,168,389,418,426,473,515,113,345,128,344,161,109,272,147
266,114,498,512,417,48,293,564,225,134,76,379,229,323,10,120,307,337,485,390,348,92,208,135,38
435,344,401,430,134,138,433,153,389,427,171,386,201,373,514,93,525,343,224,528,285,281,313,409,276
259,365,403,279,9,525,568,87,359,545,459,90,435,269,508,433,396,37,278,494,253,48,218,417,246
435,137,229,20,60,319,515,115,564,355,539,266,326,258,12,277,43,207,161,417,135,485,363,542,304
424,287,525,494,279,229,343,247,351,69,545,43,39,326,442,450,129,330,171,292,37,321,230,363,547
94,260,485,104,519,475,214,306,224,457,66,503,281,507,163,401,362,142,231,2,330,171,54,296,113
229,28,62,293,203,385,447,322,113,38,554,74,401,326,403,537,453,79,539,413,234,6,194,475,532
547,237,340,134,564,439,5,556,122,357,470,175,318,442,92,324,76,457,172,353,380,485,114,558,467
143,98,468,315,25,146,300,376,182,135,330,87,379,564,58,445,550,204,547,490,521,30,525,558,20
108,214,537,480,475,58,417,367,171,365,115,234,527,285,192,6,33,68,122,484,368,190,309,436,136
337,367,30,161,330,508,514,433,537,78,225,113,194,15,421,201,387,556,10,6,434,393,470,448,33
234,278,191,152,568,295,66,39,527,530,356,299,17,49,363,309,524,389,519,564,409,393,457,10,161
68,113,0,488,318,268,425,401,379,165,37,229,64,537,364,475,119,122,47,325,459,378,566,290,304
295,558,302,113,548,380,92,376,465,266,501,90,524,165,421,166,136,478,251,434,29,67,430,324,365
460,11,313,314,549,6,455,483,221,134,517,436,442,326,224,21,225,509,171,206,362,558,156,146,5
448,394,263,33,300,20,278,401,330,49,41,336,443,58,142,550,304,427,171,400,551,437,203,50,146
101,319,8,278,277,171,468,517,58,6,201,363,170,18,137,52,525,461,421,297,529,538,401,294,55
485,574,448,377,418,274,91,233,190,401,279,280,276,288,300,366,224,547,114,355,175,434,483,239,457
328,540,507,472,434,419,40,170,367,16,114,306,555,538,409,191,442,134,526,231,315,484,5,357,371
488,30,75,203,15,120,410,527,566,565,87,213,360,525,161,401,145,10,182,68,67,259,300,558,459
389,51,92,264,203,163,6,514,112,213,283,529,392,358,10,22,125,149,300,191,164,345,59,362,494
355,87,540,203,363,92,336,405,525,403,504,428,235,442,210,220,293,20,545,168,246,113,365,574,488
143,2,341,272,228,359,363,175,409,266,564,436,527,75,299,432,327,301,171,498,343,413,63,124,151
521,553,229,201,499,436,351,181,168,175,225,566,567,203,233,239,503,6,366,156,458,48,411,138,300
503,527,386,107,330,79,480,68,301,176,205,156,135,234,141,201,450,485,547,324,62,510,61,24,529
97,239,113,134,482,252,267,432,568,540,355,132,156,412,111,545,318,10,248,68,122,247,14,120,488
413,134,156,112,553,475,409,520,36,355,171,343,432,224,109,300,182,76,167,276,314,440,365,246,161
213,365,203,102,219,405,171,448,4,87,224,328,68,391,509,302,220,231,134,199,30,92,300,337,247
418,252,263,413,64,527,87,151,459,276,79,92,260,436,485,269,380,363,301,390,320,447,396,453,387
30,336,457,68,421,367,378,324,548,229,16,6,386,443,401,58,154,114,537,570,499,110,268,447,326
410,430,300,304,449,504,60,68,525,181,343,386,251,435,76,133,278,337,203,459,254,290,62,79,545
16,257,459,98,10,417,336,386,20,109,300,167,113,247,524,133,555,401,475,146,134,58,203,44,355
135,295,252,411,171,58,269,37,161,485,192,442,156,525,507,302,460,564,114,198,344,531,190,503,363
409,261,343,555,364,287,113,71,8,246,263,225,96,64,0,373,123,524,143,213,380,58,396,394,492
482,268,68,418,432,409,507,558,97,564,96,417,442,87,474,336,86,459,89,312,318,567,292,295,330
556,396,566,418,319,233,264,308,491,315,346,485,537,56,442,517,290,377,424,229,357,536,182,321,279
76,379,459,24,113,483,419,129,195,455,532,293,545,207,515,276,109,136,270,415,566,213,224,536,71
2,355,460,203,94,337,171,135,12,182,133,436,475,114,58,368,156,115,545,161,32,401,363,266,8
16,530,489,460,71,239,64,396,31,462,218,388,161,115,203,171,127,483,247,229,301,336,378,532,224
234,355,405,16,361,400,498,75,340,330,115,161,436,562,203,376,476,334,558,315,461,76,404,187,568
290,287,161,356,252,6,553,10,310,18,432,441,247,459,168,376,347,442,457,187,514,403,278,37,326
247,74,263,424,457,16,464,553,412,175,418,58,145,545,554,278,483,5,484,288,300,361,303,32,225
389,228,4,330,332,375,32,64,567,409,165,321,156,201,300,175,528,7,54,470,39,282,270,285,248
485,4,411,138,225,300,145,558,389,119,266,429,101,102,337,513,519,475,58,524,525,386,564,213,126
365,62,433,61,39,537,263,25,341,54,225,320,5,218,548,161,37,302,413,295,248,436,136,74,545
170,97,43,448,163,10,321,417,182,545,524,363,466,485,266,386,284,538,527,218,330,442,76,420,16
87,401,142,150,175,263,461,534,330,6,448,216,164,146,574,203,126,436,137,1,386,525,37,111,239
204,508,379,35,239,355,304,330,15,300,306,301,87,396,80,313,566,236,348,547,138,269,570,538,191
13,122,287,47,459,566,527,380,133,66,4,39,323,51,30,318,363,5,14,361,200,313,178,115,40
51,502,476,75,457,542,375,295,150,539,68,269,12,488,538,98,231,549,257,228,448,220,433,259,550
193,137,5,39,8,569,204,558,328,247,357,355,30,17,501,191,9,211,333,364,203,413,133,95,403
260,328,268,386,239,263,306,558,432,60,509,488,300,161,547,494,97,270,485,519,459,433,151,367,152
30,191,481,342,66,156,503,443,36,178,295,476,151,287,292,492,336,468,279,272,401,79,80,74,134
430,435,10,482,529,22,536,87,5,4,123,301,222,311,326,390,475,51,419,257,295,407,39,314,547
75,290,522,386,510,499,365,300,544,224,330,409,92,12,470,101,288,218,60,57,514,72,567,281,30
455,313,554,159,375,538,386,195,542,23,241,509,539,171,6,59,84,72,18,300,137,326,139,287,307
18,266,32,449,241,247,537,482,545,378,161,321,164,285,553,497,68,488,418,485,365,490,536,222,281
304,171,119,47,113,337,8,14,99,361,257,39,356,440,475,4,251,5,138,90,161,260,58,218,234
260,234,498,503,310,132,67,164,182,461,306,390,282,509,554,79,5,388,46,90,449,553,278,268,447
50,574,71,545,115,182,179,490,256,159,58,327,146,453,300,321,89,326,405,18,6,76,134,135,355
391,365,32,321,386,485,181,484,54,256,483,325,99,203,113,171,299,501,10,308,229,241,145,11,470
10,30,153,301,468,129,98,228,76,295,68,484,250,175,488,471,51,166,134,137,430,396,475,535,267
247,76,137,483,443,519,532,10,234,507,365,413,545,303,282,290,509,17,417,37,278,468,225,494,475
401,145,566,254,444,214,6,442,508,109,134,435,385,113,551,485,295,289,538,276,260,492,420,168,494
187,79,291,334,30,168,401,512,181,247,378,301,336,51,203,436,409,517,302,573,550,175,128,137,449
7,295,254,509,452,475,312,376,163,250,355,24,512,283,532,133,455,379,134,87,231,64,5,291,30
459,266,323,93,156,128,527,277,509,153,499,247,359,436,202,2,252,114,123,204,301,470,163,75,138
181,375,364,252,396,488,401,288,246,266,6,400,299,525,471,284,235,403,258,228,68,201,355,225,272
28,281,534,256,371,293,376,268,104,390,504,204,152,424,32,203,171,145,257,76,436,386,334,367,545
438,473,166,479,87,380,413,68,415,528,181,152,227,75,309,161,408,30,213,103,149,328,142,442,373
175,268,396,12,448,528,266,229,30,276,386,555,37,171,192,468,475,137,122,431,364,408,301,319,168
55,225,258,207,304,337,181,462,216,2,285,378,136,92,213,201,485,553,324,389,413,38,484,347,250
165,64,572,408,305,380,403,553,308,137,564,551,373,330,550,134,252,234,9,361,203,421,266,54,207
299,228,363,424,308,60,419,18,430,10,498,203,88,194,365,341,287,555,318,427,332,435,51,415,7
67,306,468,301,299,174,10,545,529,142,288,315,327,337,203,16,564,28,30,133,144,239,554,87,527
385,92,492,12,254,178,498,409,291,122,133,475,68,330,525,117,174,573,448,482,371,150,75,376,45
355,556,182,435,219,510,161,2,259,313,201,121,142,191,507,235,79,525,524,30,284,75,264,403,48
134,75,34,301,58,473,176,386,553,9,336,215,145,221,475,175,337,459,239,517,32,525,201,379,430
76,551,64,247,537,129,30,300,128,390,239,344,535,301,432,483,515,136,391,234,161,187,490,203,509
252,195,157,437,465,514,435,330,42,571,174,376,488,453,77,276,63,362,266,527,381,64,163,519,401
145,436,119,512,344,68,545,556,181,252,334,458,354,247,425,2,547,399,191,267,76,475,485,231,361
309,107,424,18,128,343,342,113,554,292,449,6,157,537,9,284,313,443,124,428,365,404,483,171,263
228,529,307,246,515,90,269,403,87,10,257,190,285,48,337,134,135,203,318,78,287,57,284,229,418
365,32,264,86,76,46,409,156,91,10,246,401,189,92,459,20,204,123,551,545,436,553,403,457,129
483,15,32,52,318,323,156,436,62,135,225,442,30,234,300,275,138,258,306,301,136,247,191,9,132
325,218,380,438,355,317,301,514,431,564,6,100,297,517,494,504,354,54,538,473,170,260,228,391,485
492,551,38,402,62,519,9,33,434,367,555,324,545,411,524,553,401,6,376,418,517,18,199,175,255
277,473,68,52,76,38,129,174,401,537,234,74,485,134,355,337,340,475,255,436,465,455,113,554,201
386,66,5,337,569,229,457,396,2,566,475,429,364,121,301,137,461,68,314,402,277,537,24,39,555
495,39,362,150,401,376,476,247,159,396,490,201,174,402,269,183,412,485,64,152,98,386,18,94,566
182,76,246,412,567,204,484,10,287,0,58,113,455,199,197,163,300,461,564,408,99,361,281,228,137
204,129,272,321,284,128,137,287,64,320,4,72,187,96,213,66,388,283,367,246,403,553,229,448,309
427,265,474,337,247,367,432,177,401,512,31,389,32,296,194,330,92,140,254,525,363,553,408,94,390
539,171,231,323,268,2,519,412,344,476,558,376,123,554,387,340,113,545,464,225,527,170,139,147,409
51,296,346,490,420,271,409,434,483,185,547,301,233,171,240,432,246,559,376,86,524,363,520,110,497
269,400,225,480,363,15,38,328,524,551,68,204,233,51,308,161,5,251,545,10,60,239,17,559,119
325,442,316,286,121,401,328,421,521,190,187,482,324,558,58,120,95,313,114,470,386,537,301,538,52
222,461,156,356,10,485,512,357,473,534,300,233,483,283,76,564,9,391,459,341,267,310,549,142,79
485,268,363,341,489,168,142,517,539,442,499,299,201,459,391,564,503,250,92,376,5,133,307,342,482
66,161,310,538,344,300,282,32,129,429,307,301,272,308,355,113,156,2,222,239,373,160,418,10,134
4,201,113,134,190,268,342,519,461,204,574,405,382,476,401,403,515,385,325,40,440,573,240,27,182
10,231,419,475,161,485,135,307,508,321,476,337,134,92,152,547,558,58,363,19,76,64,258,68,61
119,549,307,134,494,376,420,419,180,266,213,512,527,391,415,528,306,301,244,16,51,455,309,161,146
399,304,285,145,355,386,475,18,10,525,379,7,171,170,234,318,115,508,488,556,58,261,555,161,201
542,247,20,114,4,564,412,545,279,48,436,225,209,567,376,386,151,293,79,67,206,475,485,551,213
484,468,321,441,201,4,10,128,461,166,76,191,119,427,400,374,151,30,294,329,386,365,267,490,1
265,304,133,318,420,296,243,136,153,553,299,149,361,436,514,161,229,113,334,494,365,207,415,547,67
445,361,373,432,31,301,435,519,303,468,220,396,574,233,97,8,66,258,2,308,139,20,357,548,385
382,304,271,473,12,483,191,16,35,429,499,231,76,537,434,235,515,238,177,496,300,535,539,206,317
108,380,80,475,161,247,129,574,276,229,217,182,554,453,483,324,564,76,342,218,253,300,521,499,213
75,415,48,403,136,161,247,382,94,123,139,552,538,76,475,214,134,362,138,498,69,60,216,413,92
435,554,47,574,50,343,168,378,175,293,363,214,134,234,115,9,137,32,459,66,453,64,288,44,348
363,246,475,32,10,567,283,87,435,321,537,201,374,67,228,18,190,170,376,325,461,415,114,547,175
365,68,300,475,347,104,44,524,266,32,272,396,134,301,544,11,424,4,461,119,247,63,326,185,345
39,58,19,171,484,365,548,109,573,424,418,239,137,285,300,32,419,417,488,6,534,51,339,475,291
501,365,564,461,20,532,475,364,543,400,435,418,363,553,201,525,351,472,247,194,386,391,332,499,388
10,254,465,485,313,213,434,476,265,93,412,245,361,175,339,59,20,562,453,482,539,263,527,475,1
539,138,363,58,483,355,132,246,504,462,378,8,234,358,75,403,417,39,87,306,257,521,543,377,61
213,9,567,324,442,66,56,334,257,161,68,87,258,287,443,283,265,160,553,396,440,234,33,248,545
461,359,342,183,341,213,328,268,72,246,466,66,31,92,261,427,137,145,266,136,307,337,168,424,334
434,537,337,401,285,460,462,436,51,346,445,161,293,488,551,431,234,2,64,367,75,157,175,252,515
389,77,304,195,68,401,329,142,504,214,175,39,81,442,455,386,524,187,166,498,364,445,64,26,462
480,246,547,455,128,401,259,307,393,142,386,464,254,485,402,183,449,119,121,133,267,551,524,322,182
39,484,150,238,530,347,550,396,219,336,330,279,401,355,199,485,60,436,168,28,483,160,519,557,18
504,1,335,212,337,300,254,312,380,8,10,375,182,215,436,16,238,190,6,268,106,195,129,184,115
362,431,509,527,115,113,137,112,485,535,457,365,413,64,203,525,402,498,472,560,226,271,430,267,159
413,7,326,488,549,129,1,547,295,100,250,403,269,538,300,475,225,114,345,426,435,171,258,254,59
285,49,300,19,485,201,47,539,558,264,537,451,461,194,171,308,260,135,293,146,102,503,437,312,257
122,387,521,494,9,486,525,447,175,201,93,490,431,282,475,453,552,308,267,59,6,92,58,396,30
234,258,238,555,428,276,403,373,321,189,401,557,213,266,161,75,361,507,300,559,510,7,268,545,2
134,403,547,359,74,318,400,64,279,267,386,455,5,142,344,427,39,377,246,171,572,475,86,484,363
134,461,5,573,300,336,174,344,264,419,38,379,485,247,56,486,410,6,448,468,267,321,214,301,328
494,515,396,76,457,548,365,130,283,194,60,380,8,134,315,537,504,307,268,300,231,459,137,436,126
401,330,214,210,560,519,121,542,123,512,68,126,543,475,498,64,403,203,233,213,11,321,231,194,555
553,330,201,287,372,68,539,488,220,18,40,123,252,460,462,394,485,189,64,436,402,203,307,191,6
337,488,427,175,459,313,566,530,50,137,396,534,572,519,276,480,139,484,304,123,198,336,8,330,45
336,137,535,380,136,148,547,525,181,503,188,220,534,161,272,326,403,30,52,135,483,548,313,230,359
488,94,137,75,166,210,111,409,278,459,267,228,159,143,152,64,347,213,412,250,3,307,30,113,344
151,548,164,111,527,208,150,503,171,485,497,205,58,312,301,483,4,539,39,396,67,156,155,175,428
256,52,31,525,351,171,359,38,555,337,548,459,293,30,571,113,58,562,123,461,428,437,131,252,519
252,487,365,284,552,356,448,554,115,232,187,175,265,484,431,299,257,457,558,468,539,483,502,545,210
525,365,301,161,400,572,339,234,433,142,321,117,94,64,436,62,170,529,246,538,363,91,457,483,241
411,147,539,116,485,361,528,323,501,231,301,408,324,63,32,564,154,260,519,495,476,499,509,113,18
137,399,145,134,408,38,304,174,37,529,161,123,84,405,18,448,376,128,75,504,365,488,220,396,337
145,8,443,260,79,285,558,465,246,543,258,480,174,403,302,306,161,494,313,76,229,259,483,378,182
526,306,295,138,79,87,5,442,376,495,517,427,333,401,529,142,321,367,76,377,545,90,357,208,232
260,405,389,195,393,191,319,435,302,252,246,229,132,150,328,190,9,542,512,201,233,304,87,160,165
548,264,86,321,246,203,418,68,156,64,175,457,10,111,482,171,363,485,66,514,303,56,5,30,319
386,260,145,175,300,299,427,224,201,279,31,528,10,114,38,46,59,515,32,364,436,135,394,519,494
328,339,18,161,300,216,529,62,113,313,37,304,494,171,461,288,142,386,498,7,308,410,292,89,264
547,247,475,436,255,328,295,515,319,485,93,203,241,288,483,282,133,300,566,194,498,6,30,53,287
30,283,214,156,189,549,443,431,175,163,321,94,412,355,72,312,341,326,6,368,295,269,482,357,487
519,401,9,150,267,386,119,380,97,122,133,388,308,564,525,365,524,5,480,139,455,537,134,248,398
300,455,401,136,39,378,115,159,199,326,214,312,370,306,419,431,141,32,109,134,532,299,319,76,94
400,405,532,87,250,9,56,171,483,480,530,129,203,510,409,545,343,229,268,308,362,326,276,485,475
485,389,307,401,142,417,163,486,287,498,441,488,68,555,254,517,387,75,39,119,455,285,483,114,64
308,233,547,234,246,482,16,503,285,283,255,203,30,71,213,404,196,364,485,403,115,389,545,484,37
368,401,367,113,391,537,363,215,524,447,31,238,355,504,542,354,220,451,553,46,396,159,475,386,411
434,519,5,247,163,135,498,483,566,361,131,76,475,87,231,529,20,312,485,432,141,330,171,508,61
87,157,5,435,309,300,8,314,447,380,213,146,542,519,228,355,79,433,473,165,484,565,193,545,420
182,40,547,337,530,435,321,51,122,497,190,66,524,38,548,30,472,334,282,550,5,26,566,279,424
222,218,224,239,287,375,485,122,137,455,403,145,535,483,461,134,278,300,538,290,347,345,359,437,480
411,260,202,156,91,375,39,295,428,272,113,334,99,483,488,134,501,574,537,524,247,191,306,145,283
540,405,20,554,156,485,216,301,413,420,435,357,475,145,142,168,529,545,5,510,86,430,212,292,16
525,459,301,104,483,9,267,225,68,219,272,288,534,367,389,259,133,213,279,264,517,568,553,129,503
386,485,214,168,125,191,137,44,50,512,476,219,515,539,64,63,393,228,360,555,572,361,79,355,306
421,9,328,138,112,547,346,225,363,28,415,468,247,239,18,508,485,263,434,258,99,275,300,94,150
181,132,504,565,545,364,46,287,485,436,536,343,143,301,299,460,550,283,573,472,483,64,344,293,549
137,10,142,548,5,484,135,314,396,572,187,355,458,328,276,498,174,143,129,525,33,513,241,554,145
492,519,175,52,525,355,475,225,389,156,403,4,330,408,346,321,566,161,192,344,264,10,380,142,386
382,380,300,218,191,257,558,389,442,485,329,62,458,573,201,291,256,7,396,30,337,171,433,537,409
307,10,60,288,239,133,566,171,301,145,252,209,300,6,191,524,58,527,121,379,358,253,508,101,94
373,290,171,39,134,532,501,66,219,454,376,328,146,409,334,386,326,281,554,536,442,122,485,213,113
76,347,8,136,506,239,25,210,563,547,146,317,171,43,554,336,365,281,218,450,484,448,68,536,106
157,129,314,133,255,547,32,554,449,291,367,281,409,68,18,190,320,377,137,386,326,270,66,361,300
0,68,279,524,60,396,254,432,182,295,260,564,551,380,490,248,549,39,572,566,135,411,56,5,228
482,67,68,564,403,268,138,164,301,171,443,313,306,123,218,519,386,289,501,119,264,447,287,40,229
71,402,54,76,48,92,532,272,32,120,62,358,337,540,290,283,300,183,38,562,61,77,355,563,89
254,495,483,494,377,6,18,203,499,354,172,256,268,341,418,300,10,285,171,355,5,364,123,330,491
498,420,538,191,201,135,7,37,301,564,514,461,338,494,6,267,300,405,66,268,475,189,161,313,399
247,64,355,67,142,132,58,344,44,156,129,479,504,315,252,318,5,151,409,371,72,485,436,30,46
553,416,272,246,247,66,137,519,189,361,475,401,216,145,198,228,396,254,442,138,161,40,0,485,159
532,68,252,574,64,175,464,18,139,293,282,101,307,482,435,449,229,334,203,219,432,387,210,299,58
137,75,190,312,573,543,321,445,318,545,301,379,542,5,408,396,376,234,80,256,442,550,447,289,66
400,321,326,302,401,6,501,485,430,59,137,48,368,234,79,545,272,543,553,211,364,0,285,462,171
170,436,328,72,130,38,527,163,301,234,228,507,315,64,448,432,50,152,442,145,389,59,434,109,62
399,222,483,386,180,225,367,557,380,519,9,68,442,231,459,413,484,468,532,431,436,247,435,246,125
393,548,427,255,536,72,524,178,545,159,344,175,504,503,553,291,307,246,191,229,355,161,447,402,276
192,30,411,537,175,168,74,512,528,556,54,133,413,68,458,150,368,276,387,75,476,128,51,460,547
549,300,234,531,210,337,193,113,247,99,403,213,10,486,379,66,554,547,77,475,1,18,415,111,359
427,145,263,168,32,177,11,113,265,182,498,247,441,261,501,67,371,538,76,252,171,30,450,203,318
378,224,488,134,20,545,151,304,128,173,346,62,407,534,362,295,464,32,94,494,146,72,341,562,558
215,87,475,203,355,436,401,16,396,482,46,6,134,60,536,387,560,105,306,432,386,343,10,254,225
246,228,501,260,482,462,5,514,386,537,51,361,58,345,40,538,319,508,109,397,424,7,87,396,6
300,334,355,402,130,134,263,214,545,534,56,254,287,537,68,204,525,225,416,47,58,445,137,328,171
299,441,64,396,213,49,171,304,225,301,355,514,10,459,300,285,566,24,432,20,114,37,525,201,287
160,113,532,421,56,203,248,324,273,59,334,288,553,414,400,346,328,554,68,228,485,558,547,229,373
282,488,287,553,89,219,94,551,158,163,403,229,519,355,565,396,144,464,201,401,76,498,392,562,483
66,499,302,343,424,208,461,330,484,409,288,570,389,498,416,32,403,405,260,171,365,547,114,194,129
296,357,455,74,214,279,283,142,191,411,17,218,10,306,424,166,12,234,452,318,550,401,33,526,58
504,566,391,568,161,551,455,90,436,367,318,57,168,435,553,572,87,189,386,545,142,122,534,490,564
189,504,386,194,171,550,213,318,114,29,336,333,347,113,321,412,268,488,279,326,30,312,135,436,263
417,330,138,97,396,33,425,401,119,151,448,98,166,460,95,564,125,540,137,309,443,134,7,444,187
567,204,504,377,365,475,1,413,535,301,11,483,444,2,119,75,10,161,403,58,417,82,439,460,293
396,365,540,509,547,175,506,6,238,90,428,204,527,475,318,380,554,549,431,68,58,259,434,352,194
64,511,432,434,321,265,519,58,42,418,225,343,229,177,334,308,300,50,38,104,436,364,442,191,134
63,380,339,51,528,301,464,566,460,139,121,419,215,483,485,436,156,403,161,475,534,287,269,420,564
287,20,301,403,266,485,542,457,75,519,447,201,525,7,161,94,59,113,194,468,38,220,313,471,564
2,527,155,238,505,474,564,445,266,38,58,376,94,261,436,47,490,367,337,484,574,86,201,5,122
457,401,341,545,564,79,262,75,406,504,355,441,412,363,489,493,170,459,532,62,90,66,555,537,259
488,312,94,431,421,277,218,462,318,67,190,441,361,484,50,279,64,296,330,408,528,389,405,74,545
278,367,459,135,58,152,263,128,398,137,555,272,30,432,503,142,401,266,183,377,380,537,5,4,485
235,342,64,195,119,554,442,525,134,545,568,547,485,549,203,363,46,455,260,543,373,94,428,213,521
134,336,494,44,62,66,483,539,89,137,175,527,235,445,538,461,403,330,355,10,337,574,475,109,420
76,403,191,574,511,67,30,552,161,142,355,171,378,98,363,285,114,396,529,553,146,336,432,227,537
68,318,545,410,234,488,9,494,168,263,400,288,356,89,457,332,180,171,268,84,224,320,330,529,342
214,483,165,428,473,126,354,281,186,484,211,533,267,412,256,236,497,297,269,482,365,545,502,143,229
207,534,498,137,225,277,389,558,21,142,540,119,241,213,488,361,144,175,411,161,401,513,342,301,455
136,514,554,386,498,567,99,119,494,58,326,490,278,40,411,457,300,247,537,517,66,433,453,483,391
413,418,119,569,76,563,436,345,5,387,79,6,181,155,337,247,171,175,536,33,430,323,475,526,90
515,461,307,128,209,485,229,283,528,513,168,507,126,389,362,76,103,146,295,527,314,465,326,301,175
400,538,300,134,138,504,156,30,119,365,32,203,154,508,174,525,486,308,137,386,545,333,475,283,251
401,330,566,36,328,267,192,72,378,571,455,537,337,114,409,563,183,231,527,171,308,189,435,214,334
139,519,114,405,545,525,89,462,39,17,482,320,504,166,194,9,396,61,432,183,6,346,235,291,5
136,573,508,339,507,285,155,532,157,149,203,161,128,48,30,464,71,484,47,328,418,444,330,171,554
386,318,268,417,228,509,38,182,191,131,32,455,77,306,78,203,264,435,9,389,396,260,344,175,459
111,507,535,31,538,425,61,343,199,497,20,514,261,87,133,70,151,12,38,272,395,399,436,517,363
564,436,367,337,484,371,465,568,79,355,314,300,485,6,197,46,380,430,119,412,293,276,137,555,203
482,137,261,485,229,32,403,418,314,214,385,376,430,239,514,268,151,195,473,15,92,150,483,122,554
434,385,161,485,468,538,336,225,71,79,338,201,114,556,304,143,415,555,430,379,524,20,148,224,417
50,5,459,89,411,460,421,389,371,270,266,279,239,133,10,158,427,497,538,256,514,326,92,313,319
4,266,58,151,507,537,109,484,290,482,30,51,336,519,113,6,300,10,489,357,64,544,163,288,16
386,36,146,26,411,142,228,378,545,436,343,302,241,227,300,48,58,379,64,301,537,68,161,412,318
336,395,403,20,247,12,507,545,30,213,60,401,488,133,389,378,137,1,483,276,8,435,436,206,248
488,343,364,300,457,234,436,435,227,258,342,203,401,427,239,58,538,112,386,18,87,408,260,396,558
538,553,30,408,235,485,534,310,231,562,300,8,347,229,213,473,134,321,299,79,324,5,119,156,490
573,485,58,367,185,527,266,313,198,164,125,377,408,123,160,436,537,203,72,28,68,135,348,129,259
421,403,413,248,133,482,180,265,246,448,94,113,530,10,328,486,122,396,38,287,128,234,62,215,53
405,66,112,483,164,367,377,268,86,332,386,241,537,87,201,137,229,233,269,343,566,330,0,287,553
301,435,225,568,87,447,129,92,229,79,15,413,195,556,532,194,70,171,361,321,458,401,363,483,119
413,343,390,313,287,133,122,201,238,301,485,94,68,374,373,2,55,334,330,380,62,131,175,386,436
554,498,163,2,550,548,53,288,277,182,434,246,283,553,272,266,441,133,413,192,104,18,276,501,515
313,133,380,190,565,31,330,514,548,2,119,134,76,115,485,131,401,371,403,427,321,14,234,376,299
545,436,386,337,293,125,547,254,431,443,2,532,457,175,61,252,7,565,30,421,68,90,364,213,560
322,411,82,550,301,171,7,114,256,78,134,33,129,72,246,224,284,266,161,90,86,558,564,264,9
386,137,528,525,30,156,479,509,452,129,379,99,422,337,512,536,396,251,119,504,234,71,51,38,401
19,485,129,408,297,247,547,279,363,16,380,376,101,457,276,343,287,38,429,436,161,192,214,252,229
265,225,308,32,5,199,10,235,521,206,6,472,430,405,409,403,470,33,357,200,535,386,420,116,543
10,317,470,347,137,195,379,46,474,404,510,0,558,2,406,359,540,142,225,307,380,253,167,436,435
538,459,68,386,278,201,239,137,279,113,405,268,415,313,32,57,503,431,549,5,537,84,52,555,507
124,436,18,319,558,201,2,306,542,92,155,498,382,86,551,391,119,58,206,215,365,246,134,161,142
114,10,389,68,503,476,161,144,70,55,566,263,525,547,64,44,134,190,551,470,435,300,76,276,204
323,6,293,287,163,16,554,524,259,4,231,300,357,156,401,326,269,157,213,330,19,341,557,44,503
511,38,134,566,424,66,166,171,24,254,473,142,33,485,315,17,373,553,380,435,30,114,445,428,161
133,257,92,50,532,455,225,239,566,18,156,461,321,68,536,120,246,343,508,171,138,256,265,386,87
475,272,135,347,488,295,96,136,68,7,64,9,421,48,473,171,337,2,551,465,538,322,34,415,224
455,258,313,397,545,59,513,244,433,485,355,299,90,527,417,499,558,15,117,129,537,386,483,171,229
241,145,304,308,230,30,10,289,547,221,67,156,321,424,38,499,434,228,37,438,301,92,163,468,537
508,191,252,403,483,490,355,476,161,566,40,337,454,558,455,554,386,171,201,574,436,187,527,2,31
173,234,457,279,409,380,68,337,330,259,69,504,113,267,111,129,499,31,30,182,285,163,249,9,344
330,137,318,401,483,411,436,556,315,431,325,95,498,368,327,344,419,22,475,274,276,239,362,349,247
139,442,330,64,134,509,76,482,403,30,181,192,67,430,532,213,562,508,334,131,498,408,9,11,367
7,194,78,142,57,529,396,113,58,550,201,484,134,552,555,131,32,111,278,133,191,203,266,247,330
234,527,263,409,266,81,92,89,435,182,160,524,156,483,365,66,64,94,501,192,564,554,328,206,532
10,303,361,187,494,235,134,200,201,534,276,156,143,368,38,234,405,268,338,528,89,355,125,161,396
315,239,524,10,250,401,277,203,6,519,494,460,18,517,499,67,161,536,13,36,91,231,475,386,439
231,512,206,161,304,455,389,342,552,436,222,485,431,536,555,52,51,138,75,301,59,453,9,363,510
396,438,389,525,436,333,129,234,457,90,301,174,15,38,351,137,94,338,289,276,428,386,334,279,485
489,87,151,399,306,442,6,513,318,66,38,75,194,342,411,457,390,271,564,566,214,351,171,187,425
355,417,234,512,76,38,133,268,28,222,328,524,416,7,99,532,550,282,568,206,521,436,442,375,537
4,475,24,256,452,9,300,401,457,222,462,338,375,554,58,485,313,17,271,279,174,117,436,488,532
66,172,9,133,145,386,401,531,443,436,355,269,357,390,231,484,525,555,480,201,177,313,182,362,260
489,74,447,537,380,486,5,555,308,191,359,181,527,401,287,410,307,558,113,355,234,436,159,387,435
94,174,527,256,123,330,536,203,234,413,108,475,66,16,537,276,531,210,282,403,484,300,528,547,86
497,161,32,337,389,321,510,254,442,64,528,159,263,485,473,113,306,320,109,566,403,130,51,449,279
412,15,353,79,309,90,6,168,132,171,239,159,396,87,327,254,174,161,237,488,380,358,450,128,37
284,475,401,65,30,203,386,50,18,156,485,48,439,192,187,323,163,9,313,571,324,524,547,355,58
129,105,79,412,267,94,361,527,228,165,10,176,156,171,139,345,74,450,403,459,66,204,389,9,507
431,99,483,407,2,355,320,386,425,142,564,475,151,291,30,330,149,231,485,512,307,26,143,75,295
24,308,62,488,337,187,386,76,529,272,267,30,203,146,303,539,485,178,396,351,455,296,256,10,225
32,295,507,453,457,175,562,564,300,51,409,449,376,321,76,551,171,364,133,201,92,470,361,35,5
373,171,488,191,411,203,483,1,336,427,201,436,300,389,326,152,247,225,38,235,136,317,164,314,564
413,5,153,405,0,175,347,355,485,540,129,442,550,258,288,264,328,418,204,281,68,247,30,287,104
444,175,528,151,257,389,285,396,268,465,60,508,488,494,114,436,119,301,32,168,291,320,225,503,386
163,134,129,90,195,231,403,558,24,79,389,490,295,145,300,288,220,187,115,345,206,524,86,409,267
204,161,39,431,525,442,421,20,241,386,271,177,366,504,376,190,208,459,470,514,316,30,111,484,16
119,234,354,441,330,201,192,295,113,543,271,231,68,531,139,495,328,33,564,58,16,360,483,38,32
536,59,91,430,203,10,79,191,548,201,213,258,558,134,433,177,32,373,509,69,113,355,38,4,224
432,538,142,276,459,462,201,401,225,191,156,377,386,272,513,361,293,387,300,180,355,358,87,307,64
36,231,279,187,259,509,502,411,431,190,247,253,229,156,175,295,403,420,161,555,284,326,45,410,182
390,321,300,326,473,74,94,59,40,556,363,266,104,2,66,38,572,545,20,171,177,465,359,168,403
37,247,334,171,458,304,326,137,295,411,409,166,66,271,239,175,192,234,547,436,483,288,401,562,123
395,26,485,204,548,253,283,32,115,213,28,37,68,318,287,74,66,457,270,97,150,385,428,89,327
175,430,302,399,203,225,234,208,5,296,26,86,260,490,307,276,309,101,250,239,311,186,268,462,440
10,64,74,542,516,204,75,314,128,30,405,47,449,182,279,255,507,32,457,348,530,386,363,4,523
225,344,30,51,145,301,268,255,496,77,501,459,394,530,224,215,54,196,5,359,102,219,171,382,156
308,433,401,330,68,504,6,448,490,516,126,229,363,475,30,400,150,137,326,424,315,14,134,441,458
396,300,133,175,301,187,418,438,363,102,181,484,174,38,47,306,499,104,420,403,8,574,234,5,182
76,483,282,385,347,159,466,459,393,525,37,32,4,527,231,87,137,326,461,318,473,134,135,58,156
389,37,299,494,327,228,86,402,64,205,161,540,191,536,378,501,558,75,30,163,436,8,325,415,137
201,295,492,129,317,330,272,328,121,45,485,241,227,534,355,307,119,51,256,436,318,386,528,265,267
392,342,475,403,281,501,64,488,459,37,146,174,51,119,510,304,450,268,8,571,79,288,524,295,547
566,301,213,79,182,344,268,473,0,87,512,113,492,105,134,204,288,5,385,171,58,442,433,61,231
458,435,92,558,386,510,508,99,110,515,104,213,255,564,206,79,488,328,401,21,64,182,472,89,330
134,519,355,343,79,172,361,516,417,259,330,30,363,504,119,488,555,248,38,76,326,484,177,174,83
300,337,522,401,295,38,442,458,415,30,213,228,328,140,528,452,75,18,488,76,170,545,219,428,433
129,449,436,134,62,10,417,497,59,542,409,182,373,225,266,457,504,66,325,572,302,241,252,277,50
58,296,461,300,386,389,203,171,46,215,494,540,20,51,313,33,137,324,435,161,190,539,414,10,97
224,475,483,68,109,163,338,113,9,291,128,377,300,514,10,436,139,318,91,255,142,419,258,18,257
445,300,24,301,295,525,233,538,39,135,170,86,405,7,401,553,565,326,558,432,235,409,133,214,241
190,328,228,421,39,402,476,6,330,400,462,324,483,490,212,64,403,231,393,485,308,386,175,417,143
145,239,435,114,163,6,5,50,355,144,420,514,373,275,401,38,58,247,301,307,136,512,123,10,339
408,527,401,20,313,405,304,99,545,284,395,296,191,561,342,214,89,413,133,337,524,483,58,216,207
514,194,143,182,215,129,503,318,161,185,442,32,545,474,413,269,343,325,28,41,91,347,0,389,448
470,76,168,307,17,490,49,571,187,532,137,568,545,246,363,328,435,553,133,229,508,161,8,330,499
396,180,268,305,320,287,400,136,120,537,59,60,441,269,440,185,119,389,198,483,397,48,484,485,318
389,435,151,330,137,29,269,390,431,436,328,293,549,450,183,92,511,300,461,0,306,402,249,485,203
545,137,501,471,84,321,75,289,64,555,214,551,420,116,529,378,301,48,30,168,386,231,538,76,459
313,480,483,113,401,225,2,392,490,32,393,537,171,403,342,8,67,76,302,319,161,234,287,566,524
134,488,79,135,475,459,137,436,288,558,389,268,509,76,111,219,491,473,204,452,157,48,2,33,495
31,238,486,14,241,485,90,113,30,279,442,327,134,554,342,18,92,87,5,401,168,422,365,259,76
59,12,341,425,553,229,71,338,376,504,511,192,226,268,470,492,247,521,94,401,364,475,222,512,151
377,436,6,201,413,455,10,345,99,328,40,482,253,418,545,113,76,75,424,30,483,443,48,512,440
175,138,66,447,475,246,457,161,572,260,553,534,19,191,16,442,564,203,300,268,479,337,32,453,187
272,59,387,119,562,570,87,318,255,197,192,367,175,336,156,320,503,359,357,128,474,138,86,466,507
138,330,42,302,263,549,552,392,185,387,76,48,51,161,90,385,79,540,109,32,126,234,483,238,396
262,268,299,521,195,400,545,573,301,239,76,514,182,380,5,549,455,4,556,432,285,365,554,524,485
308,476,293,424,314,456,136,529,234,79,64,68,457,307,38,508,66,514,37,485,46,321,283,340,119
38,435,90,210,197,276,40,312,267,97,386,455,241,480,485,548,490,525,77,443,380,547,513,441,7
344,328,284,137,76,475,268,386,357,114,50,10,318,58,278,545,254,483,125,555,66,129,252,206,87
174,183,509,363,229,355,318,137,7,483,24,489,488,175,420,538,161,553,468,193,555,128,92,373,564
185,50,464,461,379,482,175,213,494,391,168,10,310,129,269,314,115,79,166,457,156,74,268,553,386
468,137,475,213,10,128,386,6,459,261,171,8,355,442,536,515,25,280,168,555,488,145,521,190,313
272,301,456,480,468,152,76,214,7,288,475,317,509,307,483,174,257,330,291,510,176,285,289,199,326
153,571,485,358,325,156,431,524,151,503,76,482,25,161,429,137,79,267,284,396,391,56,450,308,157
254,134,475,113,380,171,555,547,259,89,332,260,355,38,431,534,301,494,533,503,462,564,168,411,58
489,235,19,267,32,529,65,190,175,461,268,551,134,410,233,129,252,231,432,521,213,68,380,94,305
311,355,306,558,60,385,485,64,163,537,452,30,137,121,368,435,566,76,191,263,448,155,321,400,258
321,239,367,225,238,2,10,378,200,436,386,314,9,86,379,289,318,84,412,308,190,295,476,219,307
458,234,554,161,403,101,399,92,115,528,461,194,466,143,76,284,566,508,413,537,288,347,358,493,300
241,513,318,172,488,5,347,283,307,518,355,301,66,408,373,483,68,525,284,313,237,175,186,419,475
86,556,553,482,99,32,412,76,113,57,137,436,6,560,20,247,549,417,401,341,68,441,453,213,142
30,161,455,459,510,313,10,222,443,504,277,8,344,348,300,137,125,306,551,483,225,239,129,38,447
341,364,285,58,171,195,308,146,66,89,132,247,330,124,529,402,548,79,449,358,325,564,371,122,24
399,6,371,503,234,129,351,134,37,307,2,46,413,300,66,498,461,146,70,222,456,159,10,64,501
142,23,343,99,66,334,258,385,134,532,530,430,257,511,284,567,113,315,380,527,544,494,228,213,454
519,187,493,66,2,119,367,300,36,175,485,171,90,499,68,444,121,435,394,134,201,77,524,504,568
426,356,145,138,405,498,465,288,109,433,279,99,396,436,183,191,313,68,342,178,234,116,281,325,483
159,132,313,509,363,225,271,7,382,433,113,151,239,145,504,260,465,196,66,528,281,215,293,178,263
525,10,346,254,255,415,122,5,401,337,336,356,84,137,391,189,161,533,421,113,297,58,436,545,325
64,76,292,521,288,504,18,386,430,135,42,163,299,483,494,354,554,475,488,191,260,60,128,231,136
436,86,365,32,178,228,545,138,87,159,16,363,497,137,64,204,135,325,519,278,485,355,307,528,31
348,418,171,524,134,9,336,246,341,116,124,566,191,259,401,532,364,457,326,68,175,222,337,378,564
560,137,138,509,363,225,389,501,259,281,551,492,473,66,371,554,122,6,86,175,425,362,574,285,488
545,38,532,455,66,284,133,334,459,341,195,524,182,281,261,440,276,378,539,514,529,187,408,87,119
519,389,324,279,203,365,90,51,566,315,398,482,470,8,318,543,95,554,231,364,177,448,175,134,64
437,18,241,196,499,16,392,445,301,71,361,272,483,308,528,40,132,363,64,525,377,357,389,159,302
302,138,136,48,32,301,59,64,58,490,129,38,461,560,37,365,568,182,16,413,168,7,175,287,127
515,128,256,68,377,487,512,373,206,259,357,387,306,5,245,448,300,542,133,136,135,485,386,400,318
134,496,76,16,436,503,507,336,554,171,109,565,527,361,3,315,44,343,515,220,50,300,155,10,482
79,302,571,129,552,287,23,504,494,334,234,545,90,64,260,364,431,554,483,391,420,87,388,2,459
133,170,306,171,30,132,564,194,52,185,10,442,66,195,87,152,545,8,161,0,70,92,346,382,405
37,403,306,524,6,163,241,142,415,330,436,260,259,363,171,234,316,420,252,161,7,537,512,268,24
401,505,224,26,363,237,168,464,391,114,129,39,278,30,68,307,461,235,247,301,134,261,58,442,119
219,355,178,301,229,266,389,436,54,28,442,427,503,386,65,165,123,8,434,483,9,40,285,514,323
327,234,368,365,386,5,261,23,534,318,256,436,434,301,89,535,420,356,182,247,554,92,251,137,396
278,59,134,5,551,438,412,549,129,470,94,436,394,163,403,396,359,537,386,220,488,367,468,443,266
488,194,201,508,309,139,554,484,56,527,537,457,430,175,573,389,408,425,276,254,365,272,321,129,356
301,545,192,168,256,449,401,2,354,424,529,5,148,300,452,525,363,318,138,231,409,514,468,330,61
530,30,67,551,266,4,79,524,492,310,430,160,137,291,301,330,92,61,254,253,556,436,141,461,63
142,179,431,86,539,295,224,138,171,392,401,512,396,545,20,134,441,39,325,133,528,451,362,181,386
574,318,69,527,300,553,64,475,33,373,488,247,484,330,182,142,5,168,119,176,229,66,380,403,254
483,137,76,191,569,160,465,566,485,263,42,197,164,373,553,75,420,194,503,168,361,424,517,97,573
133,2,475,66,53,409,319,328,470,255,484,313,265,510,171,400,59,30,379,268,26,20,373,509,285
484,388,213,241,90,137,538,64,436,555,359,233,229,267,4,139,401,411,246,12,417,368,347,56,306
71,43,494,420,253,443,182,537,156,337,436,571,503,355,206,409,339,268,5,137,30,119,415,396,332
279,326,253,324,488,517,238,113,92,351,309,8,574,344,142,95,513,475,285,443,336,318,347,514,391
538,166,514,475,76,442,175,418,136,37,327,391,210,436,1,38,138,343,161,134,564,4,142,293,87
107,214,30,566,449,179,460,121,532,421,95,247,268,171,13,139,482,387,256,175,61,448,434,172,547
452,270,254,102,435,156,386,256,203,337,326,555,46,163,234,465,66,284,269,436,191,5,411,421,417
272,396,171,40,367,186,295,539,1,421,504,203,135,409,532,38,328,476,20,75,5,545,359,9,187
430,64,461,380,148,175,66,145,31,552,528,213,517,88,396,86,488,152,318,376,379,174,312,156,335
386,459,508,549,76,288,99,396,253,92,175,293,59,359,525,318,87,161,486,427,90,499,519,204,38
33,150,517,513,479,175,537,282,363,59,225,379,168,144,241,402,485,380,328,61,299,190,519,10,132
258,528,103,364,307,182,131,280,76,542,260,104,161,189,134,6,247,57,20,483,535,175,171,545,207
380,2,58,145,10,247,253,434,50,113,554,94,66,485,228,146,317,304,137,530,18,213,32,436,300
268,324,209,301,27,128,483,32,228,159,389,482,30,115,442,279,486,315,300,485,113,373,175,119,10
80,357,547,263,490,345,380,159,163,484,68,171,467,402,530,337,455,542,51,112,560,294,59,135,355
58,8,515,479,299,313,191,92,401,470,10,355,558,551,524,153,387,483,357,363,337,111,190,528,247
4,313,490,279,515,475,342,134,139,29,328,133,166,529,114,424,380,179,389,318,566,268,457,511,204
551,19,263,32,192,368,538,161,229,104,355,357,337,87,247,485,133,10,407,150,457,137,147,495,225
56,418,268,480,76,485,295,210,161,457,365,537,553,246,532,306,241,430,558,379,442,0,389,307,213
108,32,99,234,188,51,319,509,361,295,186,466,391,504,80,378,330,373,68,482,57,354,550,171,161
432,442,554,488,436,524,341,336,121,142,210,168,66,301,186,300,234,525,204,391,378,256,134,203,514
365,403,1,157,485,414,145,39,166,318,254,136,225,252,405,32,272,519,282,66,400,189,537,302,168
530,32,36,528,461,168,156,409,191,436,257,229,210,33,51,315,494,295,399,38,386,134,306,214,408
485,307,175,461,163,337,123,250,317,1,404,401,484,60,334,276,379,209,537,240,386,403,226,161,554
98,235,309,201,495,276,170,325,401,66,461,342,44,132,509,411,113,507,180,40,278,171,191,545,454
556,16,501,534,289,524,128,109,10,171,213,225,183,145,357,436,324,391,189,562,564,260,503,460,168
229,570,256,385,415,536,341,571,483,306,64,204,38,391,494,19,279,30,386,307,399,553,112,254,57
553,347,380,321,77,155,171,436,521,336,28,425,132,332,121,318,488,99,32,526,133,175,182,545,10
430,11,61,389,388,534,332,267,300,290,235,7,171,170,562,396,125,39,272,564,279,156,31,420,400
88,214,551,246,210,354,485,234,95,213,283,564,66,159,40,11,108,75,278,76,133,363,110,447,462
247,377,431,213,114,256,437,201,345,289,6,355,300,475,550,75,15,521,293,134,554,24,337,20,257
194,461,283,79,174,54,113,59,415,476,119,438,9,128,307,168,142,64,432,385,281,171,271,239,488
171,480,419,168,424,319,64,68,411,313,260,396,365,321,307,201,484,488,479,483,180,58,38,6,401
70,259,389,376,307,66,312,308,485,556,494,254,129,156,133,161,337,268,363,134,527,113,321,144,503
161,417,30,318,61,296,378,300,399,481,145,336,536,485,430,213,231,146,5,527,431,150,171,525,32
492,265,203,483,473,485,470,468,59,542,415,411,94,307,512,377,127,279,425,267,564,182,247,504,228
215,537,182,389,75,301,334,94,528,134,567,343,137,113,401,328,187,146,171,330,163,337,411,515,267
343,1,411,521,79,524,195,529,306,32,532,76,455,224,442,128,313,519,137,341,243,485,558,534,178
244,482,345,213,247,323,66,206,375,524,514,161,272,434,94,295,2,89,16,551,263,245,513,363,539
89,330,39,10,554,87,566,411,76,214,438,433,276,142,160,316,485,287,503,471,2,155,201,432,265
524,79,247,279,204,323,501,99,171,545,175,512,10,198,68,270,417,156,548,455,9,132,163,486,373
427,270,551,39,150,380,396,460,212,120,417,498,137,377,142,153,254,415,69,558,283,64,509,231,68
313,107,343,454,29,510,218,38,396,270,386,312,301,376,171,499,401,24,54,347,361,337,483,254,428
343,213,145,418,10,43,190,30,465,119,545,308,204,485,363,553,503,537,64,524,368,104,302,373,68
66,4,137,126,554,391,547,386,55,171,134,326,138,343,3,239,174,564,514,254,78,459,512,74,163
530,325,307,521,545,201,234,259,485,224,480,409,358,482,72,551,371,547,476,498,171,5,248,255,288
212,20,229,231,36,66,300,7,547,156,268,198,416,292,427,252,234,355,159,347,408,400,375,475,166
24,565,528,175,5,229,182,294,1,408,421,484,94,483,203,64,234,103,513,128,132,6,287,497,152
377,412,10,461,553,390,470,361,328,48,61,170,119,437,228,134,430,68,225,252,137,132,404,551,488
223,68,191,527,571,558,31,344,168,566,171,6,76,220,30,394,175,436,47,150,263,484,357,161,318
313,164,391,263,272,380,537,7,203,30,528,554,510,10,213,547,175,375,187,170,315,260,436,363,257
214,294,499,272,507,430,510,538,2,277,142,137,317,44,90,63,558,378,402,18,355,454,419,545,449
303,390,58,101,79,220,519,525,485,537,365,32,328,71,299,229,306,476,488,494,134,138,442,431,382
317,377,336,2,572,364,507,92,220,5,4,566,38,321,386,521,86,338,330,436,264,248,171,554,536
377,525,566,483,283,75,175,484,333,4,161,6,545,430,218,312,528,30,386,436,7,555,285,247,512
224,171,409,385,485,284,238,233,386,534,45,459,105,517,266,92,175,412,361,10,98,150,440,301,39
95,442,137,234,304,558,239,459,171,386,401,126,230,569,309,453,403,430,287,393,18,308,317,501,311
270,349,285,171,301,435,447,330,68,113,10,524,245,38,553,459,363,250,114,547,393,359,149,551,86
59,482,201,160,68,133,363,248,241,488,330,228,567,485,11,234,318,516,301,484,334,346,509,247,343
514,409,92,539,229,206,403,365,58,99,213,182,159,5,538,100,515,204,300,246,304,228,278,279,396
303,571,7,290,380,175,38,132,558,66,498,136,105,312,90,74,281,4,225,411,25,5,252,545,58
568,512,545,304,312,498,44,442,327,394,161,4,363,138,344,457,521,485,229,436,247,554,519,401,171
137,68,113,279,287,10,268,330,442,136,399,328,8,488,175,445,76,5,507,429,504,513,168,378,92
196,369,485,459,295,502,90,493,246,472,136,134,33,137,321,530,549,500,314,62,122,32,20,234,521
134,66,457,509,273,175,87,455,263,65,264,361,116,123,538,412,277,118,231,307,396,111,343,436,300
436,225,403,189,257,8,497,231,269,203,357,235,380,315,133,555,252,220,508,5,483,16,405,168,214
8,30,485,137,165,478,355,361,261,504,203,248,133,550,409,247,295,545,87,376,224,266,514,442,476
109,235,10,37,32,389,376,39,5,514,125,175,164,474,112,427,512,524,213,252,401,573,503,337,288
529,472,488,573,475,271,519,314,459,90,360,545,247,340,224,326,485,354,142,525,300,450,266,161,66
420,113,190,72,399,254,271,103,562,508,267,299,502,363,432,388,509,300,288,543,538,354,411,144,556
283,26,134,572,231,79,304,485,111,497,276,136,574,7,474,313,210,76,417,324,201,10,355,9,86
365,443,552,58,485,368,57,435,261,304,59,396,527,363,10,307,538,68,199,317,255,330,364,281,461
146,276,152,465,488,401,308,5,304,7,20,532,113,386,387,266,436,355,431,24,423,32,175,270,182
2,405,219,524,465,228,58,66,234,131,355,483,564,512,455,528,418,430,159,417,532,448,545,134,373
76,342,112,177,389,64,44,161,72,343,376,504,8,461,361,6,114,508,156,266,449,572,241,159,443
485,137,307,309,240,224,328,110,90,8,136,570,393,138,545,171,290,231,458,377,363,504,196,509,245
136,215,132,484,287,364,400,346,201,72,562,121,550,509,348,180,142,526,264,362,529,435,160,213,279
147,483,545,295,156,68,529,316,122,259,5,521,304,187,514,229,443,315,137,278,300,510,536,181,519
201,415,430,246,485,403,389,144,300,285,18,564,57,432,380,4,281,519,483,259,534,31,312,166,2
485,306,482,499,134,538,228,142,442,145,463,241,16,287,128,545,129,173,121,483,5,239,376,307,355
47,76,119,459,524,161,300,64,55,205,276,485,181,515,260,385,241,424,511,51,330,336,521,166,228
241,335,90,417,368,79,58,97,222,373,531,64,411,291,484,20,427,352,265,239,135,403,465,293,435
288,94,190,18,380,502,420,438,514,64,214,403,8,347,25,524,325,52,537,545,413,213,503,156,318
340,263,264,402,312,6,431,68,9,64,137,392,485,526,457,129,558,525,200,519,424,204,569,175,205
76,389,7,476,152,301,259,268,64,554,314,380,415,181,38,89,482,166,250,401,182,277,124,213,75
32,527,488,59,357,445,321,424,257,376,30,70,295,86,457,168,266,430,300,5,161,58,47,252,51
168,213,39,403,57,532,156,8,313,137,525,460,417,538,291,415,553,550,79,323,238,547,49,359,387
145,64,87,539,203,514,175,483,201,272,495,532,301,282,447,468,344,16,297,129,156,68,330,479,290
53,171,268,405,409,90,528,134,367,320,321,450,224,417,123,483,484,564,525,457,323,260,267,459,300
411,330,37,248,459,39,309,79,135,203,164,182,436,409,126,233,525,171,59,193,545,402,342,475,272
532,447,10,175,233,138,8,461,330,133,485,293,287,278,361,300,521,494,134,379,363,299,38,213,58
55,282,15,504,224,58,113,115,363,519,430,260,218,355,300,203,386,246,312,137,231,161,401,466,210
483,247,183,46,525,155,549,86,96,137,392,114,519,445,72,138,93,214,246,295,179,266,65,342,271
447,272,175,367,112,458,310,289,359,2,438,483,519,134,430,323,155,7,403,514,486,392,137,269,402
159,285,386,115,119,571,178,498,239,90,485,136,113,138,63,104,355,508,64,455,213,231,4,475,484
512,90,412,204,545,229,161,138,83,300,201,87,6,380,455,330,460,365,135,171,283,66,288,421,39
109,554,30,279,417,288,287,330,295,542,6,121,171,386,460,316,442,488,87,346,530,477,203,58,119
10,379,442,287,545,266,281,537,389,436,449,411,530,161,119,182,482,64,191,142,460,309,367,146,409
307,166,514,10,50,437,304,276,346,518,266,19,397,4,334,241,313,119,494,5,555,412,376,396,534
316,279,436,139,305,60,330,26,58,389,558,156,252,512,91,121,378,10,567,113,247,231,553,175,368
338,268,10,228,6,171,137,345,201,18,525,337,261,164,450,433,267,408,133,357,254,8,461,81,325
483,18,91,417,99,344,431,330,312,113,418,96,551,194,163,315,380,514,334,133,337,180,128,301,371
122,551,171,516,192,542,32,511,508,235,252,6,68,424,351,537,65,318,380,331,343,28,195,120,306
337,320,512,113,535,135,341,62,124,142,517,211,313,564,56,200,330,6,382,528,318,8,220,316,137
430,498,55,168,558,247,301,113,137,553,163,564,343,339,174,475,306,203,386,154,555,277,461,365,447
441,253,129,323,355,58,482,18,545,4,526,33,336,24,134,192,470,455,386,488,171,306,321,247,319
135,30,547,308,537,394,39,134,37,490,517,133,41,234,38,386,156,503,15,79,32,277,525,462,336
509,525,142,387,377,480,168,490,564,417,572,18,475,141,6,175,472,206,30,51,268,401,152,263,171
574,330,140,58,66,135,132,10,403,91,507,328,175,37,278,499,6,215,461,343,548,60,68,503,45
276,396,499,524,414,180,105,10,256,8,39,508,9,299,386,271,532,224,448,300,247,47,104,191,403
246,355,547,570,133,11,389,425,457,461,114,551,266,458,56,138,113,119,87,174,525,279,442,432,364
111,417,115,364,555,214,246,386,279,134,25,564,470,325,283,9,412,65,461,480,538,201,142,18,161
554,153,133,574,363,368,175,45,484,115,171,177,534,260,97,539,231,339,123,134,528,104,256,432,129
106,489,2,471,441,134,382,545,361,23,470,133,314,22,401,8,79,503,33,76,504,415,558,113,460
225,4,16,566,278,343,139,330,311,355,66,345,174,390,362,204,51,403,434,60,287,557,115,371,62
119,247,2,129,485,79,323,94,461,10,527,51,137,417,171,64,501,282,565,514,160,357,558,359,113
141,191,509,122,309,498,355,534,401,483,299,76,409,514,459,268,196,307,452,295,501,264,419,484,281
480,47,558,96,278,167,465,287,99,56,385,25,509,387,379,532,112,460,206,293,474,46,20,1,356
156,112,168,285,361,148,165,313,145,287,182,113,483,542,87,409,396,344,284,204,122,529,321,403,533
571,87,195,46,487,10,278,512,482,415,67,475,229,191,128,8,224,392,514,341,137,490,420,386,337
194,30,574,276,7,20,284,278,87,377,442,433,317,38,455,133,347,532,248,488,10,64,18,227,146
368,82,62,137,46,238,555,573,420,135,361,337,326,465,485,201,203,545,475,182,331,267,254,2,457
573,503,408,512,61,31,509,411,30,449,529,355,379,436,312,551,291,214,415,43,344,386,114,553,201
228,137,402,449,501,436,319,64,6,562,342,508,564,454,139,344,365,76,268,341,418,485,247,321,261
225,20,427,537,564,145,403,364,321,37,153,76,545,295,373,380,534,119,161,247,43,5,540,330,514
137,68,300,403,482,225,183,484,378,325,72,58,247,181,337,187,554,163,32,532,392,213,497,328,389
517,386,484,113,140,292,431,355,547,285,367,195,280,503,401,137,247,272,299,8,161,508,255,308,377
8,330,224,161,413,572,380,528,19,564,268,311,402,241,225,38,483,30,481,490,39,137,197,195,403
30,120,46,31,300,413,47,10,484,417,504,393,272,79,266,410,566,287,340,498,334,65,527,351,9
334,461,537,523,215,361,513,382,290,411,494,512,299,224,134,392,341,442,386,527,7,76,326,64,441
483,330,307,6,30,204,392,400,311,168,334,545,236,342,412,378,492,171,9,256,175,355,519,401,396
159,528,485,87,171,268,386,401,421,472,97,408,437,438,155,398,93,219,413,436,168,90,210,50,30
252,22,235,508,485,459,157,213,334,559,211,229,234,10,222,417,497,447,293,133,515,111,134,499,337
66,485,281,409,288,517,386,396,260,16,131,94,524,58,483,387,47,432,201,171,159,252,62,256,135
330,76,303,521,524,109,536,538,131,549,123,308,156,57,30,87,344,269,37,312,447,5,211,171,363
299,553,448,212,380,313,432,336,168,260,436,64,346,129,506,342,534,512,114,37,156,247,228,137,175
405,36,388,413,342,59,260,138,447,426,267,191,283,473,76,168,475,470,64,433,68,391,194,213,386
291,136,403,16,132,515,389,159,30,343,134,532,330,426,357,365,164,154,285,299,307,337,527,484,161
114,445,247,106,377,428,120,475,354,538,436,453,122,21,267,540,401,252,128,471,176,32,272,138,113
401,187,386,287,142,525,329,548,10,391,145,222,447,436,415,170,30,361,111,279,7,487,288,161,515
323,545,272,484,267,405,77,427,95,565,284,301,57,153,508,269,534,481,376,300,307,86,338,262,308
504,76,92,534,396,483,428,304,161,475,264,307,171,389,281,70,367,337,58,399,515,288,562,141,272
484,10,336,228,374,114,525,387,231,538,79,281,300,84,229,16,247,401,137,424,380,386,206,411,182
182,412,398,313,532,401,260,10,175,457,337,8,521,30,483,12,283,461,6,133,109,525,265,247,395
342,475,377,291,278,412,498,328,247,344,231,267,123,266,318,48,67,58,31,538,474,18,64,379,501
343,254,318,204,90,104,315,87,485,365,171,403,488,123,412,284,114,239,4,313,501,444,68,295,224
364,66,479,498,62,168,64,534,241,494,23,102,182,334,51,171,287,319,420,436,89,11,5,427,161
496,68,266,528,214,498,24,324,285,402,75,564,6,334,545,413,168,284,134,381,129,187,456,114,436
434,319,564,131,214,498,249,40,301,30,453,389,224,336,5,60,108,175,418,9,442,326,308,313,304
386,537,58,372,161,171,385,364,470,498,17,229,24,4,272,76,363,515,136,40,10,424,8,300,447
300,76,20,436,39,171,386,431,36,32,507,201,62,318,115,247,293,524,213,204,554,488,459,279,401
284,480,519,288,464,355,241,551,553,163,336,254,105,101,545,378,461,550,403,201,498,277,332,244,363
132,222,121,389,344,10,309,4,244,213,501,532,450,75,60,8,483,413,89,2,475,346,308,484,136
436,250,485,123,68,315,213,30,280,455,546,380,241,291,524,171,190,574,337,259,355,328,46,385,354
225,201,246,359,321,281,547,494,485,396,87,386,311,433,411,427,241,545,203,159,389,511,142,262,31
503,534,488,72,171,498,201,84,64,356,137,156,117,259,79,38,281,386,380,527,125,111,191,194,555
113,235,61,527,323,31,129,403,279,296,545,475,30,266,364,67,434,330,524,161,148,262,488,79,72
396,357,145,58,68,355,553,470,278,488,400,528,527,318,485,403,300,295,517,52,344,123,525,308,402
20,508,234,401,509,301,488,411,242,330,485,328,324,72,6,532,271,37,296,303,484,344,306,282,138
113,461,408,155,541,7,512,175,296,524,400,492,342,436,10,503,519,299,508,32,84,385,485,417,287
111,18,509,23,225,440,164,434,534,391,68,238,145,138,436,565,549,273,424,171,512,365,231,503,321
6,71,218,8,330,2,420,175,433,89,261,341,122,220,504,234,46,301,566,386,402,171,268,368,132
512,368,564,466,339,4,386,12,181,269,313,431,161,461,480,70,389,20,436,10,572,134,49,502,47
525,347,369,402,153,50,79,420,182,64,534,178,48,547,457,524,134,434,426,31,156,151,378,137,550
11,291,488,37,263,241,393,114,273,175,449,542,39,401,418,300,96,113,574,321,306,515,301,554,48
87,17,409,112,343,79,166,369,33,104,447,18,412,11,554,448,551,174,326,240,401,25,287,248,89
7,119,537,341,285,59,151,312,174,529,86,485,554,514,431,501,531,301,386,435,360,548,30,488,132
405,285,163,391,318,485,224,268,364,461,55,241,324,250,307,225,5,545,28,304,68,440,138,506,263
375,338,104,553,411,44,424,483,47,461,151,316,276,161,428,379,521,135,519,532,501,38,482,378,318
503,380,472,256,114,475,412,537,261,442,146,126,405,5,379,87,328,39,529,213,459,30,40,271,119
270,375,314,566,318,75,231,389,38,28,355,48,157,485,52,4,118,260,92,306,6,409,252,449,333
292,475,442,290,336,137,485,237,514,504,175,66,553,323,401,270,279,282,532,558,65,133,159,399,183
72,175,311,222,537,509,272,443,10,241,413,337,246,68,261,225,409,216,142,231,355,32,386,535,309
485,65,252,10,391,8,518,61,56,267,377,498,534,303,513,431,9,30,304,444,94,187,359,438,224
485,508,171,411,234,475,343,417,494,83,503,37,283,128,415,120,119,136,363,2,492,99,8,142,265
545,488,483,515,300,338,527,519,43,126,514,44,480,39,408,96,473,87,568,266,170,330,35,484,525
490,403,247,558,485,453,6,222,482,137,308,389,321,525,8,345,444,134,66,18,488,534,307,234,75
547,424,113,554,538,20,525,4,299,365,400,318,71,94,129,475,387,92,263,484,231,368,507,201,279
424,6,79,168,135,470,274,247,142,191,120,278,435,189,134,252,527,300,547,403,473,51,479,12,273
485,239,247,222,307,359,555,431,276,37,392,30,293,401,519,529,295,6,87,389,494,208,231,465,498
231,347,558,192,490,5,572,396,304,32,509,134,277,359,66,58,376,392,125,133,512,206,436,122,151
361,530,145,16,295,479,553,317,239,164,260,86,278,380,435,301,201,485,455,528,460,555,10,133,238
171,92,16,436,459,572,355,116,388,367,405,60,538,5,225,190,30,389,486,320,19,277,550,361,306
376,2,524,64,517,66,142,389,391,300,470,10,50,68,272,527,337,266,194,441,379,509,182,483,134
28,521,266,475,255,328,51,171,562,483,282,86,435,229,187,224,31,363,63,142,494,428,519,430,571
285,99,81,194,443,306,136,195,4,98,411,201,256,227,386,564,119,126,301,338,268,171,492,254,134
485,145,538,315,564,537,272,67,386,524,267,445,508,247,424,68,161,212,136,455,486,18,79,475,80
10,525,554,403,448,161,475,504,300,40,488,351,482,401,380,363,76,337,549,66,361,251,43,564,501
139,205,325,159,241,64,457,68,134,524,504,40,84,30,548,537,308,494,417,172,5,326,152,41,545
417,330,545,72,301,246,295,441,190,534,281,343,7,111,326,166,134,191,319,510,427,269,160,6,225
363,68,36,365,522,229,268,37,396,74,50,534,162,257,405,501,539,161,314,280,134,327,389,328,39
247,206,142,528,76,214,67,126,534,485,256,79,191,4,171,66,313,5,291,441,336,113,458,367,129
572,76,39,484,77,87,567,310,288,191,485,483,365,553,160,307,428,482,410,219,9,521,171,551,513
260,317,142,30,87,548,403,68,331,355,252,261,113,558,175,157,394,431,488,430,280,551,529,72,326
234,76,175,326,448,315,555,231,354,319,134,385,530,194,357,258,79,402,10,454,170,37,419,389,198
18,532,457,334,133,317,114,401,488,74,268,455,206,208,483,95,225,277,191,485,201,343,471,484,410
532,547,25,409,137,132,542,301,269,545,142,355,166,239,272,24,521,76,247,185,401,488,553,175,330
429,461,379,87,537,97,545,41,246,10,494,300,222,553,427,247,355,28,171,133,473,363,114,442,519
317,38,254,460,519,252,113,191,269,363,68,201,488,145,129,548,96,340,323,401,504,545,402,203,118
362,534,24,247,10,6,174,436,365,76,461,152,545,407,300,562,34,114,2,558,260,301,66,136,476
272,78,407,12,175,238,300,537,259,245,6,92,564,182,129,0,10,485,415,389,239,532,554,525,498
281,31,555,461,545,98,373,234,459,257,512,412,389,129,224,386,182,337,32,318,314,134,519,288,413
132,268,171,10,437,114,231,24,301,33,314,545,97,572,321,538,445,146,134,373,201,449,318,203,75
449,473,285,258,137,46,330,341,60,378,166,465,550,246,145,206,239,138,535,215,159,373,526,494,318
430,319,228,373,401,261,488,175,295,354,484,8,300,336,497,387,67,532,301,450,72,386,304,225,136
142,485,123,545,308,196,391,137,345,135,465,259,430,408,363,457,403,325,218,276,371,355,10,413,476
313,258,459,295,110,66,344,521,32,92,207,476,134,68,547,89,234,431,39,411,238,485,475,413,378
35,284,409,300,301,490,436,485,1,142,342,402,234,137,483,512,478,501,330,574,336,6,276,287,144
136,2,161,64,276,404,282,231,455,337,159,252,268,447,37,321,291,137,171,5,448,431,135,403,396
293,135,553,566,277,71,218,306,387,288,376,409,167,379,524,234,300,375,9,301,109,263,396,59,58
228,368,37,424,529,247,330,213,192,327,246,299,413,483,258,64,408,225,525,252,521,168,164,468,190
134,547,495,389,277,293,318,358,515,288,208,58,555,182,351,537,431,412,61,306,119,10,312,183,171
421,413,475,554,200,545,441,203,220,19,473,4,436,430,452,30,48,365,540,336,420,325,396,171,86
61,122,68,137,97,301,367,87,247,401,442,133,153,306,134,246,187,405,138,433,538,261,485,204,315
76,115,367,137,37,288,355,475,182,521,63,24,270,126,135,18,134,64,365,447,278,568,98,488,564
356,461,343,129,225,32,66,18,545,254,37,283,264,54,325,380,487,485,568,455,31,302,203,388,68
6,488,234,42,547,355,564,177,405,288,254,32,494,257,573,64,354,534,315,441,269,18,301,31,452
457,171,436,386,409,133,222,225,440,476,18,452,134,337,558,218,153,528,330,10,539,401,113,161,361
415,488,60,52,244,8,435,152,81,380,300,234,175,386,5,374,326,171,315,133,201,308,90,314,119
156,18,395,153,213,268,498,301,483,525,58,47,145,19,565,488,321,76,386,464,396,191,290,285,247
308,409,498,504,166,380,111,76,356,281,387,300,555,371,11,464,134,20,87,64,93,115,485,386,551
67,142,30,123,59,276,268,503,157,32,52,330,68,391,435,401,16,24,537,526,92,156,5,161,320
277,90,267,307,485,436,134,137,405,119,515,256,113,254,330,66,387,366,336,484,396,285,507,163,300
355,145,295,299,417,309,5,4,10,171,443,462,174,497,126,313,2,504,76,182,321,231,498,532,347
142,503,246,500,161,288,266,488,436,321,115,465,278,129,234,430,68,428,3,380,519,218,509,135,64
338,529,417,213,137,418,391,287,247,356,488,536,32,553,220,234,218,134,301,436,355,307,235,550,28
196,213,182,457,415,512,137,341,373,361,189,38,32,436,369,423,171,357,486,515,519,109,66,485,379
554,246,328,488,338,40,92,225,10,99,365,293,409,364,128,436,418,134,38,146,337,32,168,555,519
337,518,288,136,447,263,268,137,501,363,430,448,10,47,171,48,32,453,276,4,325,281,379,389,513
544,137,40,438,264,37,50,191,168,504,501,318,452,542,367,231,119,551,259,483,175,555,4,373,409
361,10,386,363,436,257,68,229,174,194,391,525,443,281,162,86,539,461,186,355,50,105,277,140,330
553,228,231,20,214,129,319,347,182,239,175,402,326,412,436,558,308,549,2,449,6,166,524,92,488
423,386,220,63,310,455,539,409,498,110,292,1,48,309,64,142,547,113,537,9,527,472,194,181,114
430,161,37,539,485,165,247,415,5,527,361,364,363,208,540,91,295,134,231,224,282,396,466,435,94
5,380,193,324,148,30,320,485,548,114,6,547,37,459,13,95,144,295,129,482,484,527,213,529,517
533,361,149,524,482,405,132,228,485,554,307,114,328,380,175,136,235,317,538,515,2,257,490,229,76
424,403,391,215,355,465,466,259,6,161,401,272,457,180,72,436,323,380,475,525,476,142,277,267,64
373,265,133,266,156,228,261,171,288,64,0,98,483,5,213,347,6,180,32,400,72,488,301,396,122
417,504,566,573,119,113,524,10,300,527,483,301,8,5,279,87,546,56,376,424,246,203,554,302,512
498,52,67,529,545,403,386,396,66,267,324,18,68,33,138,144,142,320,136,431,287,428,183,460,318
514,34,555,553,182,64,15,10,139,68,253,428,396,132,499,448,129,424,241,72,137,483,472,191,574
64,512,447,121,396,539,175,551,201,362,146,482,564,219,435,413,104,234,271,376,461,293,388,365,442
436,265,304,86,367,502,501,435,171,239,537,346,532,519,390,26,191,564,461,403,355,18,138,254,74
564,363,457,134,279,537,509,89,86,84,213,344,266,36,203,536,133,62,545,380,131,473,525,309,494
285,107,547,433,189,389,134,307,436,565,259,260,386,233,525,73,334,328,510,7,449,413,325,109,308
189,111,233,545,133,401,224,359,459,123,161,174,475,68,114,385,170,38,461,300,485,252,287,94,142
476,289,574,413,550,239,263,18,213,492,90,534,524,159,209,74,76,300,58,234,566,533,237,445,378
231,75,553,525,33,155,494,269,365,430,510,228,459,378,24,268,136,328,391,246,10,412,8,566,367
339,36,171,355,67,293,435,554,119,416,138,235,152,201,412,9,90,223,488,326,287,564,495,39,447
276,421,480,413,538,306,123,304,10,279,190,256,351,374,389,30,558,485,62,457,367,488,32,337,436
6,248,39,93,321,251,133,75,246,5,203,288,145,554,161,435,287,386,379,175,134,344,354,376,482
300,224,6,359,355,64,328,183,137,333,113,460,533,252,558,145,96,161,362,330,514,201,119,204,214
435,32,355,368,163,259,536,203,531,253,501,302,387,278,337,156,485,438,328,186,246,334,86,545,138
247,132,241,266,113,134,171,359,213,300,233,402,299,137,371,514,33,320,354,542,368,265,405,445,538
380,490,287,74,435,156,401,168,485,421,538,471,64,296,4,34,436,20,434,391,145,524,537,166,267
119,163,93,515,341,33,482,545,287,433,258,99,228,494,513,30,260,137,508,113,321,12,460,86,262
382,142,9,24,239,329,402,279,502,293,512,213,30,171,536,564,437,182,58,299,189,66,175,113,341
456,435,175,171,300,307,228,355,129,512,37,92,4,303,146,6,5,488,357,8,142,521,248,545,58
57,400,5,226,538,182,145,380,300,554,70,519,86,50,115,568,411,119,216,354,363,186,111,299,252
32,352,386,216,74,363,134,191,255,171,368,301,494,159,18,504,307,458,508,76,403,109,6,417,436
328,58,330,515,79,573,5,488,64,519,224,260,479,457,538,355,75,93,571,475,119,483,190,207,487
3,330,190,18,537,10,548,282,163,58,258,525,530,321,355,8,404,260,134,6,319,368,68,278,484
137,461,517,68,400,401,142,557,449,213,403,47,175,220,94,479,225,417,373,300,152,534,484,405,242
442,134,408,161,301,32,231,365,551,254,79,403,485,260,435,548,407,526,390,114,76,281,300,468,7
525,405,178,558,330,396,58,254,448,389,436,192,371,32,386,568,532,234,337,379,409,547,348,76,193
380,452,358,66,181,61,137,89,30,263,453,37,129,473,300,564,168,128,554,6,39,343,68,330,2
274,76,18,436,229,213,386,51,537,113,48,68,445,299,239,242,81,452,129,258,64,442,485,363,92
483,300,39,386,7,365,81,418,396,449,92,397,301,571,58,137,334,288,64,535,151,266,525,119,457
191,161,355,64,5,151,448,218,380,566,134,30,537,373,307,67,482,524,574,304,555,319,38,288,171
109,115,301,133,483,57,442,543,341,421,5,403,311,247,367,521,458,424,38,233,256,365,510,194,482
367,394,540,330,461,307,94,201,242,412,182,267,77,237,401,2,181,68,485,519,41,285,488,424,234
391,327,485,387,544,203,318,566,278,320,171,547,9,133,545,432,134,363,574,412,263,212,321,164,277
531,181,256,32,537,317,10,300,31,234,201,133,464,87,330,574,58,355,394,70,72,401,485,204,203
564,538,231,355,396,113,297,525,94,90,512,453,213,191,168,264,66,68,306,32,95,545,92,203,386
66,37,234,171,58,534,225,435,548,168,424,6,48,403,549,363,49,7,257,342,398,386,206,389,175
306,327,2,322,210,175,386,287,5,391,379,514,10,476,347,458,189,494,201,218,389,574,300,161,44
129,377,510,239,18,320,355,87,519,134,307,5,483,58,317,64,20,325,234,411,401,380,94,436,304
484,367,137,386,182,530,434,30,417,279,267,430,190,371,389,525,5,203,340,171,96,391,8,549,537
337,67,300,347,341,318,10,430,277,405,486,254,166,344,122,417,51,269,119,134,529,287,301,79,32
122,547,497,138,171,10,121,472,514,558,340,7,515,146,9,301,174,87,175,192,545,68,315,246,40
553,401,111,272,156,12,357,8,152,386,313,337,416,364,501,550,363,380,29,485,129,391,146,355,113
10,468,30,108,485,304,519,387,548,308,86,113,330,109,295,156,161,356,145,475,401,534,18,494,9
537,346,378,327,420,328,555,233,405,168,332,357,213,234,488,241,457,342,133,175,450,449,31,528,387
190,435,336,67,156,119,485,475,365,433,64,293,283,161,386,239,472,484,79,555,419,90,431,537,236
234,537,434,389,508,546,263,87,396,479,337,104,32,283,257,488,451,553,521,309,272,218,459,306,76
62,553,514,507,379,238,403,485,295,134,234,254,162,60,228,483,16,269,285,75,34,418,71,479,70
548,484,553,452,2,428,299,545,259,114,4,413,503,198,459,354,93,247,113,225,340,318,6,341,128
428,525,386,15,416,30,229,272,400,61,10,133,68,94,476,365,475,112,171,245,38,367,76,387,330
142,134,465,538,266,234,201,515,126,537,247,328,129,418,272,106,413,263,436,10,246,330,58,87,225
66,475,345,485,396,429,359,287,175,37,409,276,68,355,346,59,574,391,19,0,131,255,288,119,235
134,39,6,133,539,355,190,348,330,254,281,203,550,528,524,324,182,564,473,128,328,161,455,258,46
300,345,504,290,485,362,555,321,18,564,134,201,129,357,356,187,30,386,174,493,355,483,6,430,525
229,365,211,133,272,443,300,67,321,4,521,285,16,5,191,58,136,337,168,36,483,416,326,273,154
247,514,139,299,328,272,321,137,390,51,94,176,16,417,334,494,84,547,22,363,401,281,267,539,64
369,403,389,430,373,308,317,377,137,424,134,483,314,9,288,459,94,254,79,90,347,380,58,510,222
30,247,409,32,284,424,508,126,411,558,121,300,307,485,238,191,201,519,537,229,490,239,10,137,532
128,386,66,373,380,433,210,43,240,263,501,79,488,327,300,494,573,376,181,131,400,551,345,475,288
265,295,527,161,104,258,123,214,457,538,362,177,4,494,280,391,31,6,251,12,564,312,390,503,484
68,483,281,241,515,574,532,146,403,291,557,338,7,459,166,66,161,157,38,287,10,145,76,163,412
332,330,257,7,163,76,182,336,435,16,528,210,146,461,10,128,525,355,567,58,375,279,175,405,219
330,175,3,441,6,436,405,16,171,231,265,295,396,142,138,64,263,386,39,343,212,245,508,368,113
509,555,547,1,87,442,364,328,354,2,171,128,190,494,304,339,288,420,330,553,258,222,20,317,312
76,307,363,483,260,413,186,466,40,39,61,528,64,553,31,293,238,438,4,256,510,430,198,75,315
484,171,34,59,115,39,465,231,436,525,435,58,138,490,354,300,534,538,337,413,137,396,253,325,71
136,355,564,389,330,501,268,194,5,465,363,498,534,457,287,58,76,39,443,191,421,328,31,524,182
461,553,485,545,220,443,171,431,459,284,301,475,192,539,34,361,258,76,18,420,337,136,64,170,51
483,30,119,113,235,121,40,68,87,142,66,355,495,537,306,452,239,499,31,360,259,374,253,380,137
403,318,330,337,161,137,139,334,178,213,362,284,415,455,274,247,295,5,203,170,72,443,401,375,92
326,525,272,300,168,171,37,58,490,267,390,6,224,403,134,565,268,47,2,66,373,468,25,266,144
139,525,309,133,31,455,325,137,507,234,92,396,457,459,389,321,267,0,268,279,537,13,336,87,428
42,114,367,61,346,166,390,470,494,129,323,355,417,113,155,400,288,5,363,38,483,300,138,362,110
485,174,507,218,175,403,191,171,168,129,503,103,346,142,186,64,457,482,68,288,284,553,470,343,137
402,488,476,519,300,242,252,32,301,161,63,537,517,38,183,420,215,163,375,64,118,157,417,220,7
