244,533,63,547,485,137,148,410,396,229,76,403,109,30,494,457,377,445,361,68,103,283,554
70,231,262,254,30,336,10,521,212,79,1,87,545,279,222,175,210,358,483,145,0,136,300
76,558,87,564,174,231,515,462,485,574,9,367,295,239,392,266,347,260,116,304,272,66,490
455,235,67,90,2,175,386,103,119,300,132,490,224,135,330,475,68,133,164,256,66,424,553
8,466,394,30,2,133,52,361,139,403,304,376,460,442,549,206,134,301,528,186,32,307,330
195,312,534,548,182,422,386,436,10,531,113,133,119,58,73,109,276,164,194,485,483,75,313
455,478,482,403,201,72,214,220,18,105,45,247,326,528,363,386,49,377,287,396,239,551,4
299,424,435,521,483,430,289,418,361,401,203,254,386,403,467,268,182,175,319,137,64,534,330
123,537,58,295,161,552,525,299,145,296,475,474,199,450,468,521,535,171,37,436,259,435,483
18,519,54,347,545,64,230,304,29,413,175,295,6,210,236,279,7,514,191,322,512,40,72
272,566,171,135,50,544,114,234,445,545,119,241,457,10,539,268,38,258,185,287,334,570,431
273,267,260,484,443,247,461,175,75,400,224,347,185,293,436,239,143,508,376,287,156,87,203
266,571,278,443,7,30,533,528,365,15,216,566,225,38,298,436,104,220,565,182,79,355,300
386,442,210,66,203,18,142,457,517,113,483,554,367,152,377,191,171,204,300,175,421,189,178
539,320,517,318,483,66,524,475,61,408,149,68,224,60,409,362,459,355,38,156,558,84,340
292,362,30,137,380,287,553,431,263,514,336,86,499,10,409,224,67,307,437,462,52,475,537
389,30,386,412,495,122,50,170,440,301,462,94,532,406,110,191,175,257,260,156,520,418,82
465,113,484,171,515,64,501,76,92,133,555,180,129,321,358,222,203,233,67,474,58,10,365
389,75,455,423,171,87,501,430,281,488,92,6,403,484,437,238,429,365,109,277,341,39,201
17,400,121,138,76,213,450,553,161,364,58,257,485,264,4,428,373,258,219,278,401,564,123
345,201,507,373,427,268,356,38,261,367,75,521,100,329,403,225,484,270,313,6,272,241,206
254,533,113,225,528,74,6,264,386,459,343,134,436,514,448,59,156,438,363,475,318,509,194
203,431,313,279,357,8,427,201,134,113,501,58,122,75,76,436,553,146,326,283,449,68,89
39,163,79,50,484,363,156,117,10,122,171,213,307,424,326,272,67,341,534,302,154,58,86
409,527,105,485,295,344,6,259,502,434,269,68,299,87,64,32,337,386,30,203,311,279,58
218,87,562,337,76,392,257,415,301,436,319,550,401,559,68,16,355,233,248,175,530,89,172
264,57,321,389,433,31,71,566,152,59,512,10,521,421,44,284,267,204,72,257,67,213,135
401,427,337,299,139,31,566,308,368,113,213,46,435,28,412,20,5,380,32,379,415,485,203
277,203,488,536,18,538,167,396,355,246,213,409,132,457,238,119,328,411,142,267,137,410,401
357,393,288,485,537,20,532,141,254,5,87,448,337,379,423,473,378,78,155,512,201,505,138
386,361,19,2,226,512,131,175,342,529,146,390,5,535,431,564,379,497,365,51,256,166,143
545,38,113,506,573,175,514,323,20,345,64,198,246,279,98,42,224,328,187,266,141,194,137
512,151,415,436,553,490,132,572,25,62,68,524,31,519,66,469,361,475,16,142,309,300,74
171,73,7,161,291,39,436,373,534,566,363,394,13,188,30,554,50,387,224,386,110,455,125
7,573,113,66,484,247,4,71,234,313,343,307,363,106,18,300,172,137,482,64,330,119,266
435,128,120,190,522,524,135,503,558,175,330,485,287,363,72,483,156,359,296,141,263,137,486
365,483,300,69,341,564,436,463,245,128,247,573,527,460,336,155,2,137,203,537,122,309,547
330,268,76,318,0,213,379,48,482,224,247,380,474,525,504,396,424,356,66,572,326,409,285
231,473,168,62,326,171,225,301,475,494,284,354,122,529,4,363,235,461,371,306,254,73,345
113,68,570,525,400,538,419,345,483,239,442,175,342,133,32,330,166,171,357,79,15,396,339
277,182,330,564,64,104,435,401,75,353,199,447,231,549,258,76,468,252,308,229,68,50,413
486,214,245,363,7,530,362,301,10,396,76,532,116,234,291,185,311,32,499,43,62,431,547
538,566,337,373,573,94,416,16,68,114,519,497,390,413,328,37,411,10,527,365,197,330,175
68,327,525,72,161,288,47,537,79,164,333,6,396,155,485,285,125,553,565,246,307,436,318
171,24,235,182,411,488,539,457,433,387,437,494,359,93,537,448,490,564,278,389,343,455,247
260,282,417,112,171,247,133,514,190,524,503,62,243,136,277,186,504,459,28,18,20,527,115
265,132,235,484,551,467,208,64,268,426,16,171,134,239,58,470,252,475,98,5,489,517,105
302,220,457,64,359,461,133,401,557,564,538,31,424,287,566,390,134,568,2,171,431,113,501
483,15,307,389,332,300,488,4,163,440,95,490,179,225,254,199,151,417,473,182,354,75,9
185,32,187,400,194,558,503,386,537,354,30,363,285,339,24,342,152,497,161,119,359,448,559
498,485,483,527,318,105,409,355,201,99,58,330,267,550,214,378,247,161,255,279,537,90,171
248,376,566,484,328,293,191,58,268,13,418,39,83,161,79,267,503,488,466,331,134,182,483
96,389,512,38,482,247,89,295,515,364,553,35,436,429,68,534,191,467,411,268,279,554,348
313,203,32,187,516,175,218,318,425,252,361,20,6,227,67,514,376,391,396,246,199,295,36
186,482,290,104,76,79,354,321,315,330,483,438,267,287,448,146,364,16,436,64,112,129,566
436,312,33,134,28,123,194,443,278,38,389,68,72,161,64,142,532,62,368,552,203,537,31
412,247,421,373,513,133,269,529,260,317,164,206,272,363,6,16,436,348,128,137,295,435,300
175,282,411,94,525,341,549,163,228,25,285,256,142,537,375,239,8,488,573,417,390,485,494
525,421,490,143,371,7,183,564,482,155,76,542,528,32,176,568,135,330,426,301,119,308,128
438,123,308,163,33,326,341,51,313,64,276,256,534,131,47,363,317,391,483,75,135,150,292
174,321,444,165,355,506,373,525,377,182,278,485,403,475,313,429,72,560,134,161,483,43,288
255,283,176,376,38,57,330,126,558,406,438,540,139,386,276,182,204,158,459,461,68,98,137
359,219,566,89,280,247,334,337,358,277,551,134,514,248,300,504,545,403,341,37,519,175,354
10,269,362,554,307,197,542,357,501,336,326,175,154,277,231,100,497,403,556,300,330,532,553
163,64,134,39,558,175,16,161,335,374,194,211,295,443,389,213,528,464,376,400,301,254,409
137,337,438,379,403,150,171,181,214,175,494,146,225,572,389,247,129,68,392,355,25,307,222
137,109,90,302,514,10,42,267,213,241,76,260,6,379,255,355,485,365,253,417,307,306,545
475,176,213,400,483,317,287,276,281,239,464,64,203,428,318,76,301,439,253,330,241,488,568
231,548,364,296,71,501,7,225,215,142,569,113,385,527,260,367,391,30,405,497,247,494,485
492,514,267,224,420,548,87,433,502,208,553,26,272,197,441,388,68,134,485,536,287,270,405
269,32,191,283,6,74,519,113,205,299,485,88,213,548,448,292,54,389,29,326,110,238,355
283,345,525,515,379,309,571,363,325,259,4,119,413,231,355,402,373,126,45,208,234,436,265
200,246,501,228,433,36,247,5,330,138,475,293,503,306,417,281,467,280,498,465,571,119,373
234,498,59,515,387,409,473,257,367,24,436,386,115,484,539,573,191,403,312,405,488,134,168
529,177,138,459,290,180,547,247,254,229,285,68,8,30,401,92,216,171,19,424,24,574,218
299,464,213,18,60,458,214,7,363,272,471,412,155,134,296,321,327,81,424,355,295,10,436
413,58,490,363,80,498,321,328,301,146,10,539,161,485,5,203,433,461,61,319,346,268,405
134,342,321,225,8,19,113,380,94,175,10,485,171,525,163,486,72,482,465,267,400,476,339
545,272,166,266,436,427,168,495,401,108,125,488,238,484,120,201,540,246,336,239,514,385,559
296,234,161,62,403,436,145,58,324,156,15,396,514,537,173,300,114,32,4,442,186,263,259
306,556,174,282,10,504,301,71,539,416,411,564,566,485,442,151,307,79,161,532,418,146,224
321,428,137,410,6,161,68,24,271,525,32,30,159,451,507,281,402,210,129,484,181,295,259
418,422,540,386,145,307,148,59,137,345,556,58,475,134,451,195,261,90,532,462,334,344,465
314,403,10,105,363,206,545,64,399,92,44,330,503,266,161,138,175,214,6,470,326,555,454
38,389,475,204,87,367,166,476,428,161,58,435,182,573,315,241,234,550,461,183,571,102,30
295,241,209,527,231,68,278,234,270,431,315,247,152,213,37,304,565,301,90,445,364,26,409
367,306,357,442,201,277,263,70,398,325,241,32,64,475,91,72,20,142,51,364,175,171,15
499,538,391,390,16,545,131,547,254,134,435,119,28,557,284,317,454,464,300,525,334,66,329
8,229,246,205,503,300,137,135,134,346,235,160,18,204,25,302,252,411,290,247,328,87,436
113,225,430,403,235,168,146,527,38,292,101,488,324,545,555,330,142,269,98,569,12,39,300
545,175,503,483,515,448,457,284,377,551,151,133,231,227,334,418,135,313,423,312,64,409,28
295,387,430,149,509,6,190,554,503,5,58,239,482,436,134,444,340,101,488,283,61,26,10
363,377,15,234,470,287,16,58,357,92,224,521,6,475,304,555,161,293,105,373,436,239,201
533,475,386,282,259,260,137,409,79,524,553,228,363,256,10,268,461,485,233,564,5,51,251
17,365,99,64,403,566,494,436,10,5,279,50,554,86,558,375,429,483,354,119,191,73,260
163,442,137,488,512,530,430,528,378,138,482,87,255,64,119,273,301,201,288,551,553,574,389
552,558,174,20,531,266,86,380,128,184,545,119,436,317,268,553,134,312,344,175,90,66,201
174,462,485,524,229,498,396,558,295,32,369,161,376,408,470,361,271,64,431,435,386,337,259
490,6,10,241,408,40,334,448,558,121,527,559,365,354,358,562,46,164,87,413,482,150,276
514,231,485,120,68,321,385,225,315,501,48,207,527,5,136,79,137,470,445,539,413,452,175
300,164,272,558,537,295,189,136,105,314,142,323,137,31,564,376,32,503,525,163,450,138,68
400,92,301,38,201,31,37,514,355,128,9,10,288,2,436,499,295,225,293,258,94,399,76
375,504,394,396,31,62,484,171,32,488,301,79,326,306,416,252,10,8,235,562,11,97,5
328,448,66,203,61,224,515,47,543,337,229,104,380,171,125,330,512,443,493,574,241,201,342
365,328,527,420,564,355,58,6,75,409,4,268,485,30,269,2,264,361,32,318,218,145,122
203,194,367,79,26,363,6,265,64,380,269,191,430,445,461,343,201,137,328,485,113,18,156
335,379,306,64,217,76,192,90,235,371,45,537,175,113,10,401,212,58,66,32,206,440,328
330,224,459,418,437,77,38,240,64,10,485,79,532,134,531,95,295,436,483,239,448,307,312
44,58,5,142,396,391,135,163,231,400,495,6,235,130,241,339,229,342,134,190,161,160,16
62,524,456,137,362,229,527,310,10,30,136,214,39,304,412,484,71,80,119,558,58,64,555
401,97,441,376,302,473,510,488,1,300,268,550,540,490,109,129,227,537,134,480,8,6,228
459,171,461,137,62,322,401,306,544,213,271,434,189,253,163,483,236,558,356,330,260,258,554
455,480,513,423,72,313,436,248,70,461,134,30,336,371,435,318,155,68,63,300,267,403,485
189,30,328,256,207,553,64,171,195,259,61,119,276,165,426,4,146,16,551,184,304,405,268
425,306,87,156,285,52,159,39,399,99,524,113,525,260,60,530,131,68,436,355,441,129,175
455,483,80,291,6,499,299,9,76,307,549,252,177,468,5,331,270,573,137,371,529,379,336
519,273,386,113,365,549,391,268,435,323,498,138,380,160,483,443,68,464,145,192,556,38,300
251,190,357,260,373,142,332,175,220,285,138,31,183,435,415,573,449,447,166,75,254,76,341
58,554,64,504,74,328,461,213,434,330,211,93,363,9,20,555,30,485,436,409,10,151,519
76,58,461,377,538,485,32,137,532,510,30,501,471,330,151,24,326,304,161,26,31,524,504
389,548,219,171,163,458,488,470,431,67,10,224,538,256,386,337,64,378,550,142,425,300,5
2,266,315,465,165,201,475,342,94,386,376,536,139,175,562,137,421,20,330,461,532,231,19
304,32,77,286,363,336,321,435,312,30,68,114,50,386,327,448,462,337,537,62,42,87,376
489,466,145,142,318,171,321,533,364,203,424,501,16,74,457,564,224,460,10,241,32,359,135
321,68,197,122,420,113,554,409,470,385,246,557,377,8,354,450,336,459,137,403,87,553,408
145,552,550,287,405,430,201,365,241,284,43,421,527,486,494,485,9,537,182,300,18,409,435
119,137,311,454,272,20,361,301,415,489,326,497,411,451,534,525,416,51,488,57,46,132,64
364,99,324,142,110,442,161,488,313,38,424,164,191,503,272,174,302,214,475,234,371,396,279
475,415,282,49,59,6,238,380,175,528,231,187,87,50,296,334,389,7,510,299,554,279,129
501,301,389,288,539,524,164,190,360,278,532,256,115,436,2,20,537,572,300,488,268,566,203
90,532,287,168,213,539,401,545,58,246,312,278,363,556,376,365,543,459,525,115,301,494,299
494,431,488,550,168,474,151,521,387,6,312,537,171,161,180,380,420,206,247,564,534,325,48
74,278,239,434,558,443,320,534,285,30,215,460,142,66,451,295,156,4,304,542,308,171,545
300,29,473,174,281,545,287,137,391,524,133,436,519,213,425,442,573,268,515,245,214,189,276
87,403,99,113,386,325,203,475,183,553,336,175,534,514,142,479,40,38,246,64,137,134,300
203,435,325,361,7,443,387,390,182,479,547,166,376,16,136,346,126,138,119,20,524,310,337
553,471,386,5,135,250,539,56,139,361,574,363,484,266,524,289,473,534,121,201,468,274,449
267,205,525,300,30,1,32,231,187,435,499,10,68,97,134,490,36,380,367,512,449,7,401
379,62,328,538,225,31,508,165,76,485,161,388,115,113,307,112,389,122,107,545,194,496,475
257,363,443,46,508,87,552,345,213,61,418,554,59,18,467,433,348,337,289,282,32,293,449
58,187,66,108,306,270,553,139,519,129,76,551,122,449,400,483,5,16,75,156,488,69,135
12,367,128,449,413,342,461,551,276,30,136,2,66,432,532,321,14,396,33,190,404,171,417
485,481,72,330,532,545,533,129,171,349,70,554,54,187,379,456,326,390,234,30,515,334,564
16,39,212,175,129,75,93,311,337,525,437,550,285,514,247,231,116,177,76,277,462,464,55
18,68,300,403,485,74,161,128,318,87,254,125,222,476,279,401,436,386,383,418,224,483,139
254,301,318,51,33,565,547,421,555,73,89,336,134,490,342,278,5,10,355,171,386,409,280
357,525,420,10,512,363,365,38,438,258,30,497,230,499,537,142,524,257,367,534,413,189,386
105,337,488,113,26,479,161,367,95,291,313,401,514,557,529,66,171,318,483,308,402,267,519
2,356,537,409,224,161,330,119,204,267,558,157,213,137,39,321,256,203,17,171,412,65,401
359,483,357,203,164,66,10,562,554,2,355,328,440,234,536,47,254,409,241,39,362,48,38
437,387,266,517,90,326,300,194,215,287,224,10,413,486,20,475,538,459,397,455,478,512,76
545,238,93,521,28,83,431,276,89,517,241,359,551,485,445,508,525,158,379,266,63,30,415
166,278,87,56,32,295,396,176,224,66,528,194,537,67,97,281,574,483,203,415,534,389,130
75,409,299,138,103,475,355,67,257,231,498,313,216,445,488,431,134,400,175,259,317,161,485
530,168,549,10,171,386,300,572,206,64,255,485,332,327,229,344,37,355,18,134,547,250,424
137,310,519,28,303,409,375,365,386,512,288,263,134,248,455,257,574,504,300,483,214,356,225
132,453,369,138,551,268,474,156,488,378,199,170,144,110,263,137,312,107,553,287,472,58,254
79,314,134,51,153,234,304,5,10,328,554,8,15,113,405,260,152,540,330,365,413,468,37
58,234,159,225,535,37,60,32,190,387,373,68,267,30,160,355,280,396,135,224,488,2,420
330,191,326,403,246,214,182,99,485,509,210,460,86,390,293,527,299,58,113,336,434,37,277
182,206,304,449,326,357,183,330,485,363,256,269,134,347,428,171,453,268,389,30,403,198,201
363,75,35,87,529,2,441,361,533,427,410,74,177,4,322,58,99,30,247,215,161,203,70
128,310,247,58,527,572,59,239,432,302,511,547,459,246,224,288,534,201,337,10,254,178,421
564,246,274,488,436,455,418,8,116,164,390,64,308,122,190,161,355,132,51,484,231,362,225
459,564,330,246,457,400,483,175,166,301,154,485,317,519,228,39,142,339,231,555,442,528,413
307,376,137,300,301,504,252,182,92,66,183,419,330,389,386,7,103,231,529,377,292,64,191
129,334,58,386,396,482,508,307,465,283,437,299,268,290,235,94,554,258,427,401,133,30,272
475,259,213,94,62,257,59,237,281,431,530,386,519,338,387,194,212,89,87,403,355,58,282
284,295,142,370,403,318,566,10,355,545,320,367,94,556,5,18,92,259,115,455,239,241,33
87,175,47,224,392,81,304,76,120,4,268,572,524,389,420,180,538,72,519,483,386,442,2
321,472,373,133,417,453,175,390,328,525,201,20,260,314,235,123,90,400,18,218,458,156,313
7,43,540,413,482,484,282,494,537,488,38,483,204,183,138,515,521,134,150,460,362,142,213
40,355,267,527,424,343,555,390,272,163,59,326,161,489,330,175,574,564,84,484,51,234,429
396,79,261,104,38,24,373,32,401,485,39,231,355,279,220,99,80,119,68,386,365,233,11
47,459,295,494,113,562,314,521,321,97,461,268,508,553,272,470,431,6,128,51,214,168,134
517,259,6,380,142,537,174,540,46,164,234,173,321,246,403,269,450,354,510,30,512,87,68
146,503,443,551,318,155,255,134,79,475,361,168,283,120,152,159,40,564,28,68,364,450,510
558,76,50,442,313,421,494,485,171,175,537,46,464,525,208,403,275,330,213,65,306,390,78
386,525,539,399,453,486,418,148,75,325,527,411,8,403,385,295,205,134,268,177,30,566,545
537,16,435,401,529,308,132,231,319,531,447,215,514,483,62,558,191,159,318,484,60,396,273
403,304,161,39,367,408,204,449,119,258,116,528,488,137,7,364,300,131,148,552,435,326,38
293,281,16,223,524,86,527,151,443,87,191,30,545,47,97,278,39,457,296,287,371,288,64
109,440,92,64,355,544,306,379,143,304,161,272,31,171,147,21,25,401,542,89,192,191,256
247,68,91,18,512,485,463,212,9,527,299,126,459,330,531,191,386,321,174,164,157,241,30
367,300,134,231,351,32,365,277,455,336,145,344,312,199,136,49,529,396,178,276,315,554,551
325,396,386,75,10,206,61,318,39,553,129,423,392,494,260,6,104,25,435,79,563,161,63
10,377,7,194,519,300,66,9,326,431,227,28,365,330,87,545,413,341,378,436,358,554,214
256,475,302,35,129,461,572,442,301,353,355,307,482,268,326,94,490,215,300,66,448,465,534
501,116,56,137,186,64,435,19,7,537,239,146,515,4,524,136,312,224,134,156,401,301,241
7,564,473,263,556,119,159,113,46,9,231,508,277,405,525,288,175,214,555,201,385,220,66
156,130,442,109,540,547,430,92,553,447,45,215,328,532,203,394,452,171,384,483,470,64,39
64,299,435,224,115,556,554,403,417,334,119,475,170,442,7,10,572,485,315,51,308,424,255
461,231,203,161,30,44,334,2,299,250,532,419,536,343,191,99,228,475,485,408,525,34,386
239,150,485,401,484,475,386,567,113,87,1,263,330,528,301,430,252,396,247,508,17,519,155
254,550,345,261,485,135,566,272,483,235,458,364,319,76,386,214,239,524,390,537,512,77,174
225,363,272,4,538,268,389,58,534,553,78,36,394,382,10,342,137,507,314,409,86,204,402
339,432,363,254,568,196,380,99,330,490,171,165,6,485,175,256,313,2,194,239,272,554,10
475,519,375,5,330,247,267,537,135,203,6,33,113,538,386,89,36,361,146,277,270,2,554
6,524,7,229,347,70,65,304,31,222,402,506,225,346,355,119,494,256,68,363,171,339,213
288,64,334,536,508,324,189,553,20,358,527,60,451,405,457,73,218,50,558,337,442,363,263
288,342,296,22,511,367,134,509,488,400,301,364,525,254,30,51,564,553,515,234,435,253,186
444,178,361,247,90,337,47,64,490,470,282,241,394,404,8,403,171,413,107,355,484,18,333
159,4,318,566,355,266,119,396,321,234,247,229,436,499,7,50,411,504,187,363,207,283,313
6,76,433,487,161,551,465,380,328,204,279,227,9,337,261,61,2,292,281,364,314,4,495
517,4,424,299,137,300,273,31,9,568,219,470,278,308,485,51,460,545,461,484,534,341,386
514,171,263,258,330,307,247,409,196,65,529,238,31,539,393,278,413,387,47,415,219,68,442
470,114,37,132,307,376,168,190,386,4,18,138,189,328,115,145,436,82,30,87,64,338,256
485,64,87,76,23,261,574,213,165,299,163,390,214,295,222,115,509,143,552,224,553,39,252
237,229,386,225,67,373,457,362,300,142,442,453,371,269,408,326,252,488,401,39,122,213,529
152,37,67,10,482,296,166,403,12,336,268,444,133,134,326,64,351,256,357,453,171,504,119
346,156,405,59,459,431,401,33,391,284,566,361,542,485,253,549,280,313,483,300,386,389,388
229,435,484,328,262,573,217,314,211,436,430,485,76,420,143,403,470,347,410,313,363,412,355
279,442,461,233,554,483,300,321,301,293,76,136,488,256,330,134,403,436,10,302,458,509,6
8,413,379,16,283,145,361,192,30,513,64,460,476,168,435,324,58,295,32,126,540,501,18
277,68,364,489,301,413,508,424,562,18,488,378,373,485,182,566,120,483,155,386,312,350,137
204,260,299,289,97,79,270,5,139,334,326,300,38,330,91,461,555,198,347,392,68,51,556
436,114,181,554,300,145,86,66,70,61,32,364,476,111,459,537,380,425,501,379,361,485,498
499,257,203,430,437,163,229,109,161,313,424,134,483,152,547,171,534,64,538,427,343,485,300
76,396,300,459,70,5,296,137,122,258,6,434,115,276,72,213,367,345,206,132,449,186,135
225,157,220,148,68,488,166,260,537,545,485,363,498,475,266,539,558,396,95,454,307,137,134
378,515,10,256,509,525,164,175,475,547,347,465,229,365,201,527,64,553,434,415,61,398,436
528,194,295,549,267,300,542,30,87,429,272,321,76,134,301,255,5,203,396,443,241,189,417
403,320,137,133,326,68,259,5,301,183,547,436,525,451,558,214,182,344,238,50,113,134,287
301,564,295,519,380,138,342,299,553,467,518,393,265,547,328,566,536,119,420,419,254,313,464
287,62,485,553,386,33,442,560,56,263,145,161,539,363,373,113,203,49,214,18,533,265,6
119,355,420,24,55,525,295,32,418,386,548,377,114,319,192,475,9,436,539,43,12,137,228
566,494,355,50,330,564,367,31,94,550,391,512,262,358,215,34,551,341,344,373,175,407,268
66,542,385,201,6,343,252,2,225,494,162,330,326,293,161,459,509,534,51,86,382,308,57
438,529,120,113,547,94,79,56,282,455,337,475,434,376,569,201,228,288,300,306,326,476,519
401,30,214,207,535,545,526,272,252,211,234,94,405,161,6,107,525,379,390,9,182,137,419
129,111,359,537,312,227,33,450,326,457,525,432,488,291,485,214,545,145,175,435,508,405,319
92,485,326,222,39,261,227,343,389,279,111,440,312,114,337,269,488,572,435,233,142,447,528
363,36,378,431,171,99,109,203,87,58,508,337,287,483,289,282,18,485,368,161,136,488,115
308,572,549,386,451,135,355,32,461,413,231,475,148,563,31,30,334,56,215,515,376,363,357
154,66,87,355,439,177,538,203,497,403,431,296,300,113,28,301,325,263,383,204,519,458,76
269,396,64,330,285,218,553,203,415,371,532,40,89,20,259,389,419,239,287,300,306,225,401
247,255,74,46,133,38,181,354,435,459,10,40,394,6,109,508,301,321,119,107,174,254,551
401,361,247,92,171,114,568,58,155,10,367,278,572,264,201,485,501,16,316,515,5,152,270
6,171,133,28,224,363,332,529,405,378,253,145,485,433,321,294,276,406,514,312,9,386,338
220,347,276,507,555,32,537,303,103,76,38,447,361,554,334,145,300,58,64,288,153,222,157
300,484,60,66,87,525,129,504,216,168,131,231,514,355,5,59,365,330,572,409,150,368,485
367,436,168,385,299,73,255,3,310,20,171,330,99,307,51,121,122,108,134,496,557,455,66
444,278,18,555,507,269,233,391,300,161,461,529,171,38,504,56,342,276,266,256,187,75,9
28,378,475,68,354,187,163,66,18,194,324,104,288,386,342,207,76,300,441,326,355,252,201
200,301,396,380,442,8,545,164,68,330,66,547,5,39,401,464,389,87,99,43,182,79,499
134,488,490,532,145,137,175,90,468,58,371,498,549,212,266,485,304,7,68,168,288,524,363
254,213,203,539,553,161,413,301,355,304,386,192,401,229,364,168,102,574,175,2,387,367,346
470,194,111,74,545,229,525,86,139,59,282,328,201,228,386,300,528,254,475,225,397,149,136
241,253,431,479,62,276,113,37,39,553,312,259,527,94,396,2,392,313,251,343,345,537,328
166,120,532,365,64,76,328,254,59,133,253,295,482,168,175,300,246,141,16,260,521,60,413
347,170,190,152,553,134,382,76,160,485,344,267,247,151,564,330,342,436,28,509,251,300,113
68,137,490,7,182,134,367,379,330,228,164,564,402,113,138,161,30,365,324,277,545,9,224
355,181,368,134,297,191,30,137,330,483,547,532,161,247,231,38,228,79,442,299,494,182,68
32,24,538,213,337,64,519,31,442,5,539,483,231,142,110,491,199,94,157,112,365,66,485
514,419,324,59,62,301,113,554,379,254,486,189,573,68,415,330,203,503,485,225,337,421,488
564,237,94,413,77,330,283,345,5,441,241,234,163,534,300,386,170,113,307,30,342,138,36
343,190,345,6,525,213,252,386,301,389,538,521,259,409,157,306,472,357,348,355,473,337,300
321,172,334,283,365,519,235,417,412,551,69,285,203,488,2,221,166,457,470,299,418,459,354
241,330,300,301,267,309,488,253,114,555,30,115,470,342,134,326,155,113,355,419,461,256,145
318,123,153,220,129,199,566,507,239,457,108,419,99,8,553,365,4,210,537,161,265,46,7
389,30,8,504,266,443,367,359,441,119,415,455,386,558,6,547,458,357,58,268,403,542,296
20,269,462,74,300,191,259,365,66,488,430,268,396,76,503,413,508,436,89,68,246,483,475
459,455,234,194,114,231,39,389,235,554,482,5,308,215,151,430,121,386,377,15,537,161,460
114,401,564,307,257,246,447,409,151,109,10,303,436,245,64,334,32,227,300,252,183,210,357
254,326,145,386,90,137,71,59,566,534,171,72,328,285,142,393,397,216,551,568,494,435,304
87,448,10,270,172,18,571,47,157,375,90,170,56,553,373,171,151,489,64,401,470,547,201
514,272,519,198,373,87,431,224,4,413,49,436,75,266,84,225,485,134,137,10,574,555,323
30,161,5,488,109,460,68,7,545,475,532,66,282,413,136,201,534,503,425,566,309,362,272
441,239,168,152,532,68,549,247,234,19,519,185,32,265,300,550,157,30,461,485,299,161,455
102,159,484,115,136,519,111,161,171,565,449,156,134,246,461,191,330,28,213,538,301,300,168
143,490,566,461,365,64,150,35,505,483,359,409,32,503,155,276,254,525,396,233,114,278,137
67,47,264,525,161,163,410,483,288,135,365,39,255,109,394,134,442,279,94,396,5,342,214
556,99,421,105,555,382,137,75,239,247,151,343,96,326,163,182,514,427,346,484,411,174,15
1,461,214,161,337,551,198,268,32,89,483,455,346,313,409,171,28,428,475,137,8,248,472
175,394,229,470,472,437,457,300,290,89,565,328,30,62,484,427,330,171,165,247,87,98,367
144,378,51,119,180,434,105,195,554,11,345,252,150,258,28,321,566,220,426,317,283,234,39
18,79,6,213,276,48,152,224,171,205,443,528,319,361,44,378,218,172,84,256,113,423,396
213,554,76,442,435,519,325,496,458,5,538,295,396,136,206,53,555,363,119,320,138,153,21
428,313,485,239,570,161,268,182,143,186,201,483,267,287,10,175,18,365,538,68,515,356,482
170,30,152,496,61,133,110,7,8,385,301,307,432,49,328,16,192,403,254,247,171,457,566
4,229,332,191,276,334,313,357,545,447,436,405,231,217,484,374,529,86,105,39,260,435,483
300,267,68,285,319,408,551,419,63,430,316,197,59,490,363,504,6,536,18,134,7,386,354
171,234,231,163,334,199,79,403,128,314,310,527,90,435,241,108,30,150,66,265,20,247,248
553,554,134,18,506,355,387,92,313,272,295,528,68,203,164,402,175,363,365,532,431,566,573
175,328,537,87,60,566,32,513,524,259,99,330,269,278,247,326,564,485,110,34,201,161,343
318,413,411,533,135,503,30,439,283,114,164,475,137,380,313,343,229,485,510,4,96,228,409
63,465,87,171,174,386,314,264,382,488,409,515,500,113,396,321,318,511,365,268,175,68,436
401,554,80,564,23,183,258,204,424,519,432,534,161,300,358,269,12,385,457,114,443,146,515
58,307,122,504,235,386,163,345,380,7,259,528,231,156,137,260,267,6,322,68,403,161,382
327,396,79,137,224,513,528,365,548,76,10,431,318,345,93,330,119,401,171,201,556,281,8
191,409,128,334,268,135,145,565,342,420,389,361,123,569,34,482,133,343,424,326,362,498,485
264,168,64,537,547,401,349,76,330,137,470,436,46,31,7,6,246,408,122,174,321,67,539
417,71,224,6,144,391,197,48,133,41,143,137,201,396,213,225,385,128,195,461,278,378,304
175,485,128,451,301,378,418,419,545,412,337,263,371,72,207,171,552,540,129,20,280,86,424
387,421,155,551,527,300,33,475,131,295,436,145,241,401,59,75,156,267,178,430,501,10,246
396,524,29,537,504,269,30,270,31,168,539,164,6,528,357,437,195,160,290,460,402,59,490
529,408,6,145,32,113,252,320,134,30,386,553,360,175,266,161,475,436,313,455,224,70,511
66,318,372,521,64,30,363,156,437,511,485,571,161,367,342,304,90,71,295,111,122,504,257
337,525,535,448,403,423,92,128,402,112,76,7,142,300,421,440,129,213,229,63,504,10,352
363,554,435,7,142,37,119,10,93,259,161,475,408,5,525,2,403,494,504,246,547,545,300
72,30,403,342,483,480,440,468,479,553,279,401,363,195,171,63,58,166,234,394,66,229,181
38,269,484,15,377,113,453,347,301,433,403,225,485,134,435,308,385,534,10,285,568,156,519
504,564,562,567,434,178,334,459,215,386,278,114,194,146,5,137,281,234,363,553,485,231,402
436,281,119,341,551,498,316,324,228,267,492,485,191,93,260,400,4,508,327,151,401,217,137
484,311,525,457,156,263,386,16,403,405,139,58,330,486,121,75,18,343,194,352,376,190,407
443,302,574,36,231,542,250,538,15,401,38,295,306,550,312,407,545,435,396,564,4,268,109
10,488,106,66,519,113,558,514,30,443,32,396,295,435,330,436,37,207,18,485,403,319,229
228,386,58,276,5,151,524,231,250,550,315,365,247,487,419,528,79,160,361,321,37,139,51
256,247,201,121,99,326,502,485,113,68,228,240,372,380,529,269,537,12,206,367,64,548,282
401,343,3,300,347,488,367,113,442,565,135,137,524,38,51,293,473,431,276,435,545,457,159
413,558,92,64,332,507,5,449,134,266,548,216,403,246,228,213,171,115,112,137,66,225,135
389,527,287,300,409,401,260,181,551,334,194,328,573,443,285,171,4,228,16,538,347,490,15
558,161,500,191,302,25,417,380,72,421,308,6,171,51,534,8,415,515,461,264,247,30,99
145,326,155,497,521,179,307,303,445,137,308,344,386,151,409,20,138,509,64,300,436,401,334
20,30,558,411,386,420,313,195,123,301,553,385,45,540,18,342,10,510,361,538,547,164,554
292,2,277,93,171,315,405,228,475,268,485,112,525,38,431,62,30,391,529,336,291,134,483
161,336,417,306,175,66,201,359,12,64,442,344,413,318,187,195,119,483,81,203,401,395,32
137,266,483,301,87,58,485,31,519,401,451,10,68,90,318,132,171,337,257,557,50,66,203
159,201,32,427,30,468,54,225,48,229,326,355,114,276,234,134,151,263,108,304,346,545,133
402,457,484,357,475,411,182,58,50,87,119,436,442,401,428,378,508,517,93,5,112,145,161
488,547,30,519,94,90,453,287,82,515,334,424,18,119,401,434,573,134,274,550,538,333,312
483,133,308,32,161,470,201,39,4,380,266,59,554,405,8,94,30,182,267,151,519,551,38
168,547,123,12,61,551,246,75,175,62,525,465,424,128,108,111,515,34,163,171,386,446,403
18,567,269,94,248,409,203,538,110,436,553,386,59,485,31,135,270,537,441,470,181,247,307
443,201,403,386,226,32,10,503,30,257,300,485,295,49,220,458,18,270,31,525,409,442,225
143,110,465,401,542,548,254,434,256,113,558,485,411,564,4,56,386,499,470,68,201,144,10
389,399,199,234,347,39,280,499,87,67,318,301,472,573,362,155,205,326,444,189,468,355,536
78,67,355,488,405,433,5,171,204,470,246,239,2,235,386,260,114,213,10,161,142,525,263
376,424,553,470,70,568,58,213,192,428,62,269,113,457,194,284,357,415,485,134,422,59,168
306,538,321,338,8,161,498,38,559,301,72,109,527,183,58,54,554,287,492,442,343,10,445
287,308,503,537,247,225,238,95,355,538,498,258,551,64,91,301,9,68,71,465,435,502,40
549,201,320,264,92,307,68,405,64,195,483,530,161,367,137,485,538,480,120,537,524,319,362
295,410,30,554,475,531,409,473,391,39,114,128,113,280,528,248,66,304,386,234,300,64,119
409,225,229,330,99,480,48,182,514,159,476,300,6,113,318,87,170,488,130,341,475,562,545
168,457,213,545,549,156,93,509,332,134,530,314,234,136,539,313,145,361,18,265,64,564,555
545,484,396,162,6,440,80,300,534,247,134,295,266,460,470,550,436,448,357,57,68,161,168
448,461,564,231,376,525,409,557,171,330,272,133,483,426,342,233,417,67,175,89,459,538,486
53,365,510,213,225,379,385,514,547,175,194,401,79,504,265,94,5,10,206,484,165,115,458
101,135,156,386,281,545,161,373,48,238,266,382,2,221,134,64,307,434,356,509,299,66,203
234,87,399,363,528,529,567,107,304,278,504,269,155,442,564,220,299,119,254,334,37,326,90
318,39,225,373,564,238,550,47,537,314,220,59,277,459,17,86,413,256,260,535,266,68,46
171,571,379,359,113,214,330,229,328,551,185,225,399,482,552,258,16,389,247,175,545,268,563
145,529,186,5,49,344,448,80,161,247,330,435,373,328,357,461,564,29,105,94,64,127,571
373,201,87,137,145,313,482,398,363,2,38,42,46,138,256,558,412,498,367,483,6,295,113
237,136,403,129,386,307,295,389,472,330,44,514,443,433,554,567,185,246,272,379,120,132,6
387,137,555,511,342,318,75,247,565,513,309,180,484,557,374,187,32,25,165,254,30,552,4
32,519,279,123,268,443,234,337,473,386,539,449,403,319,474,436,156,409,488,555,413,447,565
406,59,10,192,234,475,344,564,513,355,130,175,147,16,9,514,409,279,545,431,32,239,401
404,137,32,457,285,300,461,287,418,361,355,208,539,254,442,171,386,8,437,303,483,150,5
2,482,521,9,224,59,498,261,15,308,296,4,121,425,512,203,513,159,181,485,459,58,268
412,134,247,436,254,515,266,142,401,565,166,186,319,449,172,70,301,386,113,370,455,508,385
6,161,279,150,133,33,260,512,14,171,115,38,233,134,424,0,565,119,284,97,257,354,181
36,430,482,195,299,447,268,62,326,52,510,254,61,280,534,300,409,168,540,199,183,371,320
396,484,245,55,514,230,79,11,538,528,403,150,136,550,276,74,201,459,417,313,215,288,224
395,287,268,70,436,264,266,256,552,485,409,462,483,526,558,458,475,300,186,385,122,382,397
530,240,470,256,156,380,133,540,417,264,66,302,312,89,310,75,480,553,459,527,279,257,367
357,360,390,92,484,33,458,553,123,329,368,114,539,271,79,323,263,313,64,182,215,69,252
295,527,123,54,372,403,187,368,428,79,545,238,555,504,539,201,39,363,26,498,76,461,320
363,402,573,175,483,455,38,206,129,435,59,142,562,31,439,517,377,529,263,267,330,271,32
213,485,247,175,33,42,484,76,211,77,380,337,441,209,527,278,2,191,509,100,368,109,62
336,171,79,6,7,440,455,548,239,359,300,519,195,116,376,129,532,377,545,133,566,436,175
455,137,164,64,458,355,10,16,436,146,258,79,171,547,534,554,266,293,447,413,135,528,254
315,6,502,555,234,364,401,137,330,389,201,189,146,359,403,436,272,318,113,525,66,194,402
225,380,473,250,432,461,9,168,436,512,494,328,20,236,132,10,344,246,39,545,431,527,429
549,4,501,60,485,92,30,253,150,436,542,432,64,268,79,112,540,7,330,564,89,281,551
319,483,6,326,573,307,8,137,79,201,394,412,58,134,272,461,324,64,145,161,254,315,430
214,485,172,380,95,66,266,435,260,476,2,201,69,64,171,253,312,507,75,509,191,409,166
145,485,300,318,256,403,330,555,401,396,316,282,362,554,336,234,355,567,113,376,449,542,224
31,272,319,227,181,368,386,225,449,16,175,36,475,122,326,532,271,424,501,318,461,448,542
214,138,317,163,204,396,203,161,32,147,543,444,151,31,503,64,442,145,29,79,301,300,401
46,539,545,528,401,355,484,504,475,470,254,26,367,156,460,328,134,95,5,201,537,536,540
215,194,528,307,362,62,401,260,388,248,421,32,301,325,44,566,229,50,267,555,129,417,488
119,196,431,218,508,309,2,117,386,537,222,134,165,155,483,358,306,495,48,479,73,113,268
308,346,228,59,525,254,288,0,553,355,455,180,284,379,28,156,396,386,47,483,151,459,408
561,321,309,145,384,304,58,25,171,337,203,419,503,128,295,228,391,19,4,33,338,160,542
564,122,94,203,415,473,79,480,50,259,28,155,134,64,213,525,133,413,7,293,549,445,538
488,40,119,417,435,304,461,274,566,396,448,72,299,465,379,565,494,272,484,499,525,133,10
557,375,486,455,418,272,395,545,300,231,287,227,549,161,65,239,218,75,254,265,306,10,564
539,201,119,537,553,88,129,113,4,554,268,472,417,171,301,49,266,368,20,484,532,87,470
554,227,117,573,104,280,171,437,213,201,481,468,272,175,137,111,136,497,326,323,66,284,239
38,401,40,138,281,287,300,58,530,10,177,566,174,68,315,132,435,44,321,32,46,470,483
122,151,20,163,134,557,494,266,321,50,247,8,355,55,480,334,16,10,345,155,435,325,420
330,401,281,554,301,300,457,75,341,266,461,436,92,377,18,373,16,246,368,531,308,344,365
134,256,324,294,318,233,396,258,107,52,527,23,181,484,161,113,10,442,389,340,409,365,32
12,183,58,525,431,159,330,386,190,382,76,307,115,403,501,201,229,96,411,84,364,213,138
9,32,137,379,436,231,4,537,254,386,300,304,507,301,474,336,258,281,493,216,385,284,24
86,75,9,318,550,361,435,175,178,300,156,171,166,558,40,144,94,389,288,315,441,405,554
493,555,6,562,58,164,343,17,483,379,299,447,123,64,2,389,201,8,432,133,450,412,181
314,247,386,133,136,61,161,137,38,225,16,279,434,342,95,468,457,330,190,527,10,436,508
278,436,337,263,301,402,234,538,534,425,76,386,142,345,260,277,530,90,87,30,321,300,361
484,64,313,156,459,435,300,58,158,413,269,137,233,355,566,86,449,119,432,248,475,183,537
288,307,317,59,228,429,134,550,16,266,92,362,7,549,528,60,337,361,334,247,554,428,11
555,266,457,58,534,296,533,66,321,161,300,545,2,486,268,295,237,163,506,539,405,254,428
347,272,132,401,343,67,126,344,507,448,260,137,119,337,321,421,285,429,573,392,70,198,282
79,276,288,5,256,348,488,92,433,129,119,508,365,459,58,6,214,571,341,61,299,485,470
344,447,96,310,163,277,79,134,401,553,234,498,525,486,445,323,119,522,47,184,436,75,87
524,573,125,281,5,403,488,201,20,113,9,466,304,58,183,254,375,325,328,519,539,258,545
195,405,152,417,488,51,357,359,76,412,545,191,91,201,459,192,5,32,163,483,519,486,283
534,155,134,76,35,241,288,138,379,488,524,503,171,239,204,468,461,434,189,61,175,401,412
40,287,87,298,10,8,376,231,300,519,58,336,424,7,323,328,354,338,295,549,124,443,364
229,8,10,485,171,247,448,91,213,20,191,534,461,7,542,300,198,504,68,401,521,483,418
406,190,313,494,455,284,405,288,553,409,20,483,32,113,462,394,43,557,151,239,30,65,355
412,529,182,10,122,97,120,367,225,238,288,307,423,139,551,401,313,521,285,494,448,355,66
418,330,332,268,379,473,401,68,288,410,287,498,50,306,30,540,258,151,566,313,323,355,545
247,475,134,300,130,457,231,105,229,279,336,153,540,161,340,135,321,67,256,206,537,409,119
437,224,2,59,316,4,157,515,540,504,6,510,545,324,318,20,459,435,387,79,239,558,9
115,287,76,132,182,391,458,102,201,30,68,442,145,379,440,143,235,553,365,87,129,267,282
564,551,76,201,183,134,459,378,536,545,135,262,310,92,213,494,238,435,58,6,401,309,164
155,171,229,64,425,20,396,386,484,6,424,519,545,421,390,201,452,310,403,175,405,156,346
328,396,363,139,555,16,545,307,135,90,28,557,433,170,483,380,91,490,32,310,387,415,156
311,179,554,448,77,528,20,403,74,485,555,279,365,300,238,251,222,373,41,522,484,171,330
533,442,142,126,269,306,161,156,174,408,8,145,272,545,389,555,228,109,133,253,20,459,430
231,379,67,175,396,301,488,527,304,94,59,363,427,356,380,68,213,9,390,134,279,247,519
175,261,31,30,143,295,483,459,216,39,419,60,110,214,529,343,402,455,121,290,379,474,337
75,459,6,119,231,561,544,213,283,279,302,499,156,247,228,30,38,375,12,403,309,67,291
509,427,561,288,449,401,403,364,261,338,174,442,47,203,405,64,58,234,28,484,53,197,386
482,503,129,401,420,355,554,424,153,149,24,201,425,337,515,263,386,489,494,524,461,379,234
290,363,498,67,548,482,171,234,554,573,247,228,301,62,268,485,79,92,304,296,508,405,82
343,301,234,199,18,288,59,142,447,550,38,130,323,431,119,357,515,525,23,281,138,308,109
62,473,268,356,218,201,361,299,508,187,574,6,402,300,389,173,377,150,246,573,378,14,485
376,125,180,138,87,428,537,135,336,7,288,442,365,84,239,224,76,388,401,171,294,307,536
461,227,259,449,220,519,54,537,92,218,326,313,337,436,171,386,427,252,396,473,488,191,417
494,365,269,213,476,526,5,470,58,551,90,513,38,201,203,343,396,246,306,387,436,483,367
131,145,493,16,119,213,92,346,553,257,386,486,461,307,343,258,460,534,301,377,70,37,416
446,161,214,365,524,455,115,391,431,134,17,312,306,5,276,565,403,418,309,525,359,229,165
498,314,4,339,299,218,230,478,457,330,527,367,551,50,211,8,503,224,171,58,241,341,515
228,403,190,111,90,334,357,16,5,475,134,524,435,386,519,343,355,477,319,138,6,306,195
391,289,347,409,393,228,128,161,175,377,10,11,441,365,67,357,4,163,534,376,76,474,468
267,334,268,229,544,385,475,30,182,215,159,347,78,514,119,432,252,99,515,71,363,386,145
547,155,28,25,386,175,161,104,146,94,79,237,10,437,193,267,508,534,393,174,485,171,57
86,174,439,94,22,5,403,507,151,427,7,266,260,111,239,177,389,482,555,519,442,287,172
254,163,94,409,403,503,363,534,300,33,119,149,375,4,265,213,56,424,87,313,260,129,461
447,133,213,260,87,2,252,18,139,393,187,342,129,269,42,483,257,457,30,145,175,386,250
529,501,58,135,514,519,64,281,545,246,255,115,79,555,290,354,247,251,5,277,564,321,528
123,472,40,435,57,568,309,332,134,300,512,270,554,161,401,100,448,276,517,539,228,557,231
287,299,420,234,107,259,161,379,300,136,30,346,321,565,337,159,386,231,238,504,129,274,6
326,508,137,123,146,129,459,61,150,391,346,40,301,161,12,473,337,488,10,573,159,201,282
6,418,87,198,161,445,159,269,225,113,549,8,59,145,514,386,379,28,142,307,318,134,387
64,258,455,376,401,369,403,123,302,513,542,66,330,175,499,231,138,268,81,252,161,215,98
313,276,58,389,55,115,318,405,553,510,363,161,287,16,355,336,307,164,61,201,441,68,494
318,564,429,64,18,6,113,420,225,347,310,529,503,545,247,137,309,459,300,252,385,272,195
15,405,409,6,323,65,529,195,455,553,134,342,62,39,478,355,23,213,568,139,548,367,341
287,142,76,24,190,293,20,379,399,135,307,5,483,324,266,441,151,534,252,393,504,87,206
60,122,5,38,364,114,168,213,280,485,553,30,483,277,515,566,20,281,268,182,266,498,442
486,51,201,129,405,64,310,423,527,485,373,289,115,328,572,48,403,32,461,58,514,468,444
247,304,363,161,262,344,10,20,318,119,30,403,545,268,266,367,421,547,308,390,564,324,116
40,525,137,498,564,231,288,74,355,566,278,568,436,430,133,10,519,488,142,195,434,328,333
529,201,436,10,485,5,566,321,161,231,537,330,433,131,313,288,36,344,111,66,423,247,133
431,254,419,95,564,235,483,190,39,460,66,365,480,355,373,548,413,10,128,364,229,324,537
497,220,562,164,386,405,35,137,566,0,355,10,435,76,467,313,300,163,134,306,18,452,459
99,472,157,123,382,191,545,508,182,519,457,156,300,549,234,475,486,304,129,499,296,377,539
10,134,235,357,159,339,556,503,375,553,32,441,327,62,321,485,453,234,521,300,206,26,435
227,66,479,10,175,484,321,303,387,240,498,385,490,355,440,228,182,388,389,537,403,485,520
87,334,401,181,421,5,497,147,161,355,122,545,38,309,76,473,299,64,295,220,213,483,293
386,171,436,282,330,231,204,250,175,376,163,403,442,138,113,338,66,341,389,515,483,569,17
364,562,37,483,318,18,4,142,64,231,553,300,544,70,338,68,197,527,357,470,175,163,330
87,379,123,195,236,76,203,511,545,30,389,268,410,165,151,67,58,71,459,546,133,485,39
551,75,436,400,360,326,18,300,215,30,435,317,38,8,363,68,267,442,213,134,409,260,403
528,281,475,191,327,490,39,399,15,58,18,64,216,157,401,568,498,99,444,37,483,7,171
187,109,325,485,18,405,117,235,307,411,171,263,294,79,473,525,33,501,475,2,432,182,58
420,574,75,528,319,304,552,19,266,433,485,545,330,60,259,18,386,482,145,507,306,412,225
484,514,113,485,377,334,412,301,527,92,30,76,68,175,60,10,328,461,442,231,229,482,330
175,239,330,380,288,475,367,264,156,455,386,508,537,396,86,259,279,524,7,267,554,408,285
89,436,330,348,272,457,238,235,300,509,5,247,425,485,150,556,554,219,199,83,387,448,421
288,32,330,87,94,264,257,75,97,359,364,560,9,228,318,164,338,525,156,238,155,137,206
254,455,304,220,11,385,244,356,56,450,31,272,192,124,206,109,432,443,153,460,129,64,386
91,221,137,307,574,9,10,256,8,527,409,171,334,128,432,152,416,566,465,283,537,145,378
104,137,266,399,461,213,532,134,554,43,4,190,499,301,510,228,488,265,330,315,485,122,31
133,76,98,171,483,417,525,558,431,389,539,113,10,132,129,363,229,442,59,427,263,152,407
358,485,475,330,171,246,99,5,134,231,233,11,50,307,156,534,225,60,48,463,337,40,301
113,507,437,306,253,241,300,4,512,89,494,319,389,465,409,442,233,554,397,365,405,10,73
59,182,145,371,525,400,537,171,87,76,391,363,312,299,267,558,287,112,306,120,260,58,114
399,502,276,203,417,442,214,427,330,301,403,490,246,213,540,183,326,323,20,268,337,407,234
441,10,483,548,461,543,455,444,315,551,474,459,86,367,2,488,21,403,161,58,401,436,386
504,545,201,36,145,401,364,421,256,426,436,10,330,393,344,363,535,473,204,62,442,386,566
396,256,142,314,548,152,459,341,180,330,380,208,263,385,225,132,68,435,497,10,247,268,510
475,461,301,562,488,40,373,510,142,503,483,278,455,111,59,379,144,410,300,109,359,60,403
514,104,129,380,96,503,435,488,246,49,115,239,258,457,553,10,483,225,175,377,306,528,152
56,459,10,345,396,480,231,33,64,256,229,461,363,306,479,468,68,276,170,561,134,132,260
93,142,396,10,501,532,565,247,104,64,5,338,537,419,534,485,261,66,63,480,33,272,361
373,32,409,268,451,499,164,380,334,483,197,460,289,5,309,501,323,37,403,30,283,449,566
30,518,287,288,157,295,285,328,553,171,364,478,4,330,388,10,26,257,548,7,401,389,168
373,455,382,155,171,175,62,514,225,528,504,571,68,191,341,284,64,319,318,187,513,485,534
181,337,361,25,330,334,199,339,156,365,116,296,485,436,247,2,168,59,363,32,93,182,556
151,447,137,2,296,549,544,117,68,452,9,320,1,484,146,31,342,389,364,536,427,528,129
356,300,222,134,431,90,10,164,5,203,519,308,142,112,447,145,417,313,247,279,270,213,436
408,314,108,247,425,569,418,378,52,171,452,342,231,428,68,510,213,259,529,229,307,20,441
301,540,129,402,485,95,8,113,529,10,134,32,317,222,490,367,111,300,460,269,213,281,11
191,109,89,431,482,332,363,391,6,333,137,10,161,8,283,447,300,94,247,79,2,123,5
52,371,312,137,574,54,94,283,91,423,458,562,168,539,155,266,263,37,61,246,512,31,534
218,295,163,509,318,69,391,441,394,9,483,485,334,134,524,537,465,564,550,201,574,287,386
412,129,532,67,225,86,318,61,272,32,223,266,564,312,314,5,228,485,134,432,218,9,539
68,76,428,283,166,393,279,403,134,413,418,488,71,40,456,532,443,536,171,5,90,159,241
30,97,400,553,293,448,551,145,64,56,116,229,68,2,485,337,60,182,449,300,396,564,87
494,1,547,166,461,367,512,421,415,201,497,519,363,287,262,324,190,565,119,145,32,133,54
30,96,300,99,135,156,367,558,17,448,361,69,134,524,276,431,101,380,503,137,408,418,519
468,98,92,574,182,30,99,293,387,64,15,375,164,280,355,363,187,325,435,377,336,279,554
313,137,201,504,206,355,413,224,521,380,145,179,445,7,535,26,268,302,457,295,427,307,288
411,90,129,330,217,458,401,9,300,67,10,138,139,191,485,64,336,156,58,534,498,163,20
61,234,396,227,489,420,47,533,86,443,484,219,529,66,568,528,401,539,325,122,465,254,10
455,137,554,225,376,300,430,11,389,255,8,258,40,435,386,61,334,194,436,468,182,521,535
308,534,337,64,300,7,326,363,361,171,442,435,436,547,132,175,134,10,321,247,333,6,417
266,507,68,76,482,248,224,279,171,122,270,308,178,246,300,391,490,299,80,380,386,445,412
247,190,306,174,18,267,139,192,30,435,313,473,476,168,332,372,44,142,419,32,129,9,39
528,473,161,393,44,158,503,94,322,444,413,564,480,330,64,457,442,267,122,30,225,183,89
330,76,465,432,337,255,413,114,346,334,267,539,142,380,105,418,99,545,137,445,104,372,54
401,97,461,161,431,484,28,344,261,430,287,365,233,503,470,308,328,187,175,58,209,396,467
46,280,203,345,104,299,64,448,519,9,558,493,324,501,521,171,455,156,150,137,230,525,256
334,499,521,396,483,171,38,238,10,145,431,161,20,267,385,58,74,356,12,300,220,231,508
24,334,436,115,569,262,435,112,527,459,450,485,161,357,525,171,44,51,178,252,39,131,330
454,301,203,76,96,554,368,411,537,266,133,302,43,461,483,437,178,141,75,227,436,213,94
373,234,254,558,337,211,405,163,139,334,488,338,553,459,344,435,408,315,386,119,290,191,300
485,72,215,301,279,396,7,76,121,66,554,555,157,296,103,476,318,436,386,182,361,368,258
386,545,490,471,326,288,389,75,104,254,380,501,334,5,145,201,355,373,519,25,146,387,157
340,288,282,483,20,79,318,502,5,293,387,96,519,401,307,56,364,365,133,514,359,462,68
545,518,138,368,30,413,299,380,33,359,164,214,301,400,467,529,328,231,403,129,494,171,198
115,442,396,386,482,40,342,315,403,564,410,413,89,427,341,271,402,206,135,113,76,28,507
61,64,284,494,371,225,550,503,390,282,475,278,119,321,300,485,289,256,459,373,213,337,436
99,507,10,436,163,501,191,192,440,30,129,247,362,297,510,315,176,431,373,11,363,9,389
121,542,235,155,474,145,459,259,504,123,194,530,432,316,554,490,386,428,545,113,10,119,409
113,5,122,459,537,532,97,112,385,266,58,161,257,566,521,135,443,213,30,247,51,339,427
231,10,457,572,37,536,387,403,566,5,544,301,29,361,413,175,197,171,434,239,156,30,204
75,413,164,422,16,344,558,82,378,268,321,31,229,119,553,71,9,5,67,465,18,183,362
521,134,564,387,389,524,403,396,287,264,377,75,36,31,54,94,301,9,257,283,330,34,380
399,515,197,92,444,525,509,394,66,50,238,396,281,514,517,79,412,516,300,299,475,462,145
306,390,396,159,136,342,67,37,492,335,484,13,8,483,532,537,307,194,488,330,175,58,76
341,24,428,558,274,423,175,170,300,2,122,246,455,403,362,268,485,74,234,3,295,288,435
89,557,37,114,137,122,105,381,130,470,530,235,436,341,311,151,529,87,488,194,336,39,389
551,190,28,259,507,123,511,161,32,390,334,476,460,545,307,413,386,30,475,156,451,488,421
497,247,79,555,133,234,209,58,229,12,313,228,471,231,442,125,144,308,330,205,285,213,363
386,448,208,28,396,287,119,413,338,403,553,183,517,213,115,405,228,2,475,138,142,507,231
228,519,272,269,568,485,436,10,525,246,551,137,281,349,300,32,444,30,135,163,363,7,62
485,246,228,30,114,4,190,132,20,480,531,38,110,112,302,440,447,488,90,213,413,61,215
372,318,364,403,347,214,527,418,411,386,9,319,47,10,191,459,337,136,525,211,438,234,300
333,107,556,490,39,389,312,396,375,35,175,183,145,152,485,436,48,9,339,236,475,445,281
75,373,554,537,442,235,4,163,44,328,503,134,64,138,457,390,20,287,367,47,146,156,399
230,343,553,389,254,133,558,564,213,393,287,56,547,496,501,187,482,285,6,137,514,189,8
473,543,455,301,253,574,564,28,363,204,10,74,389,507,186,266,435,480,3,142,380,239,30
228,318,476,514,363,333,538,23,457,148,509,299,485,239,31,64,171,159,573,390,345,252,483
45,156,413,417,171,553,189,343,58,137,488,255,410,231,122,259,252,166,328,566,161,419,498
455,504,499,100,362,361,254,422,432,396,483,448,191,558,419,74,163,186,459,175,490,139,300
539,234,62,6,97,292,363,16,313,248,354,461,542,326,66,13,515,254,301,403,114,386,168
485,57,330,239,64,254,163,343,89,362,217,137,175,282,545,92,412,365,396,203,268,454,503
488,41,548,255,161,129,239,539,540,194,537,295,113,2,63,430,32,386,281,30,524,532,56
255,184,248,171,161,259,401,213,8,295,485,203,62,552,276,348,272,515,30,168,470,192,195
557,33,300,128,122,234,432,405,175,314,132,260,182,435,376,231,391,64,10,190,292,246,536
195,28,330,32,231,390,497,386,190,403,371,171,176,266,132,551,233,529,514,430,5,90,517
174,59,37,74,485,204,558,311,488,99,448,321,551,201,260,225,161,540,519,115,363,402,11
295,30,137,484,121,182,268,251,56,536,457,161,4,63,8,516,32,264,300,475,283,462,378
171,64,247,396,276,25,401,528,256,8,324,165,470,536,208,58,7,524,345,224,31,551,359
272,534,206,503,67,76,222,485,12,343,436,119,386,568,530,288,182,111,324,155,355,524,418
234,51,10,536,367,512,98,175,119,485,396,138,171,415,549,411,431,265,281,514,526,413,364
307,113,276,318,228,10,287,489,542,157,259,300,401,508,399,417,2,396,485,61,115,187,137
538,438,247,144,62,373,485,263,233,143,92,319,417,2,15,129,461,511,525,58,64,81,362
485,385,136,402,390,328,527,281,92,410,94,325,277,380,5,501,326,525,170,304,235,473,468
6,58,31,488,489,484,548,447,367,452,26,114,552,432,363,527,228,436,171,119,554,362,300
392,175,473,457,224,485,309,337,8,68,136,215,98,225,30,272,380,334,148,133,487,459,449
235,189,508,483,490,60,151,377,308,452,265,437,92,525,359,134,99,532,348,409,488,497,530
470,30,300,299,257,263,62,406,539,346,168,485,264,221,2,175,32,443,334,119,498,423,479
263,114,445,257,534,76,288,324,281,284,171,33,9,203,566,488,436,224,225,86,367,380,447
403,555,347,122,151,0,425,405,392,218,386,461,51,125,442,119,389,558,267,20,4,525,402
421,92,175,484,476,488,483,34,455,451,312,403,230,272,146,152,66,448,64,431,194,548,529
435,7,122,40,295,288,87,504,396,364,161,361,66,260,355,92,285,194,203,134,388,482,528
96,524,133,494,432,417,485,308,504,234,115,51,435,13,419,553,166,203,532,41,61,50,111
337,231,171,66,268,300,396,498,288,161,539,330,377,229,64,126,4,473,429,6,260,442,56
246,435,25,550,278,374,194,214,58,528,155,145,499,301,139,565,50,128,389,308,307,359,293
83,234,52,37,321,86,168,10,436,45,313,4,171,133,30,79,254,128,73,99,537,564,389
276,408,552,91,89,357,10,537,554,26,268,573,538,263,110,16,37,259,4,68,137,234,72
76,160,139,435,288,227,357,299,498,171,164,280,351,37,359,187,9,475,62,30,204,137,345
342,442,536,210,4,487,530,80,229,396,436,231,545,259,107,507,300,276,470,168,411,401,488
18,10,171,138,376,33,321,527,562,47,280,178,497,537,566,31,225,519,162,116,471,475,499
436,79,355,40,547,99,528,30,213,548,129,433,58,250,287,244,229,125,463,261,401,156,18
386,301,258,344,468,235,224,337,20,537,436,253,16,161,346,508,338,409,420,413,1,76,268
195,424,461,338,119,6,534,264,308,293,44,566,90,34,564,30,367,224,282,459,389,328,435
10,435,59,9,472,432,175,368,460,363,94,490,444,58,234,418,114,343,365,330,421,355,16
413,405,7,548,203,295,33,308,228,365,268,355,307,62,134,386,181,9,363,244,234,442,31
247,265,76,464,508,135,111,253,64,33,113,213,489,330,72,99,527,362,181,287,68,458,116
301,152,529,344,10,16,43,270,418,387,171,201,485,525,189,145,386,413,32,247,175,293,218
64,134,379,163,295,32,525,65,59,545,282,361,201,566,445,328,268,488,38,261,514,337,229
241,355,104,512,308,550,307,330,279,401,68,449,552,161,476,6,163,134,306,425,132,343,267
537,307,32,181,109,144,257,168,315,254,313,545,455,134,405,75,401,318,113,157,79,300,553
386,56,130,68,295,550,299,267,145,231,276,301,547,5,391,542,321,230,168,420,64,175,534
564,396,92,113,512,400,203,239,108,371,83,201,138,123,260,48,137,527,542,361,391,501,461
92,190,547,365,430,485,191,349,537,161,266,488,571,330,503,419,64,480,109,163,299,341,219
344,254,115,233,246,324,300,539,201,306,357,235,323,364,257,386,301,347,532,508,119,214,113
537,168,365,355,484,161,433,279,310,93,32,380,234,488,189,378,555,554,510,511,138,36,514
48,145,574,120,28,327,267,396,269,72,207,551,178,547,171,76,358,417,357,412,222,400,542
201,18,58,386,564,321,233,134,214,351,379,75,250,84,153,247,143,396,328,175,504,493,529
87,354,208,355,285,213,475,147,483,145,299,499,64,455,52,340,534,551,488,133,408,239,325
58,24,74,151,64,43,90,79,336,475,135,501,324,404,330,323,514,301,344,473,94,537,418
424,264,475,268,137,281,142,363,263,235,8,484,310,79,549,566,133,238,6,280,259,398,231
133,247,1,175,558,203,483,361,515,325,10,161,554,347,18,503,13,289,400,66,59,511,517
213,355,66,424,285,313,257,389,555,347,136,324,10,534,64,425,525,448,566,133,539,519,482
485,276,115,308,159,14,367,564,62,82,47,509,443,479,213,393,134,182,465,171,300,451,221
186,401,117,161,143,30,548,515,79,66,538,247,126,258,507,547,75,485,2,241,487,325,321
390,401,332,260,483,139,295,564,134,168,565,367,301,484,30,418,50,554,4,203,76,43,165
363,54,472,278,525,515,405,156,448,520,301,401,263,252,342,38,359,432,45,307,565,113,314
1,79,37,329,517,554,552,66,15,363,225,485,10,187,320,330,401,427,551,2,161,5,545
428,175,418,328,181,13,228,84,146,115,364,529,142,401,33,76,7,568,484,126,306,547,160
137,460,355,236,239,512,382,171,517,386,528,127,5,115,574,532,38,408,347,168,461,282,385
365,318,482,527,30,32,385,239,2,95,442,497,138,512,515,57,296,355,401,10,485,283,573
544,574,315,563,386,6,519,307,440,4,20,525,152,119,30,268,573,338,484,300,107,257,538
204,396,86,68,538,391,36,269,94,378,213,133,176,471,90,554,65,444,524,359,95,401,285
484,163,64,458,447,278,417,529,37,220,50,175,164,126,480,145,128,474,284,342,524,436,564
377,224,268,483,442,306,533,39,279,558,6,475,318,161,287,437,296,145,502,376,171,186,368
529,304,436,551,380,300,238,547,46,343,157,256,68,328,134,280,182,278,425,483,4,337,427
238,9,554,32,483,285,225,155,528,213,161,392,367,447,488,256,4,229,203,326,387,10,485
461,163,119,333,170,389,447,8,525,279,68,488,164,504,455,247,573,213,424,532,484,195,319
475,2,9,104,137,568,218,418,189,30,387,544,429,473,337,307,138,213,64,32,201,349,161
556,498,545,239,432,37,483,555,443,142,431,396,356,58,365,460,68,145,75,66,503,272,168
300,543,282,512,4,257,9,553,529,168,79,216,58,327,424,439,550,330,295,432,379,513,328
281,557,401,361,277,337,155,225,92,545,267,141,430,113,30,224,134,425,79,273,178,363,60
182,113,382,564,77,163,552,401,492,488,277,112,64,524,568,66,172,549,525,185,482,493,196
111,115,475,9,241,318,295,330,430,30,413,211,436,161,483,484,12,540,333,119,283,113,260
163,72,461,87,168,415,137,537,300,558,441,47,400,241,375,235,337,364,36,396,267,539,355
67,285,341,229,475,241,564,64,557,337,372,68,257,429,258,99,234,218,573,442,47,233,492
9,221,344,58,10,545,170,336,263,247,484,301,79,572,405,32,144,308,19,535,323,161,313
344,430,425,135,417,301,256,539,296,175,364,214,409,386,134,552,380,525,345,308,424,328,427
558,501,527,567,393,206,151,357,197,317,5,252,475,564,385,64,536,299,485,362,135,405,439
386,190,459,93,348,536,530,182,564,6,566,7,378,201,18,514,372,385,301,401,47,8,257
38,321,263,10,558,509,346,287,87,190,295,420,49,6,214,133,529,175,444,378,171,430,510
2,328,545,264,333,220,485,240,475,386,529,129,524,365,571,28,367,257,408,64,359,287,483
532,401,68,326,6,558,263,367,551,514,119,396,120,468,251,313,95,288,361,485,156,163,476
134,10,164,364,548,442,478,330,524,532,17,447,401,86,33,539,436,58,285,105,4,396,501
391,228,5,564,553,76,324,30,248,300,75,301,417,568,9,121,143,357,527,128,161,168,508
549,114,458,247,318,95,234,488,455,161,64,534,337,511,1,183,30,94,540,219,143,515,355
30,9,109,234,259,396,356,557,299,494,247,66,137,147,18,400,134,146,330,533,401,337,133
142,510,300,326,9,355,195,138,336,113,385,486,137,344,490,409,141,299,254,104,431,436,405
438,537,285,357,403,365,129,420,519,417,556,302,363,267,484,109,437,30,64,228,386,263,536
279,174,529,314,64,241,184,556,259,483,59,494,488,256,81,475,306,467,558,260,113,412,551
134,5,528,37,137,122,139,300,276,326,64,30,525,14,39,10,225,412,185,190,135,551,44
319,99,300,25,318,77,201,18,470,537,365,171,357,475,163,386,6,313,153,396,94,75,326
547,291,18,449,460,417,497,307,485,322,134,161,273,433,135,181,32,514,484,441,501,401,68
568,18,64,548,15,341,525,483,145,418,538,517,345,60,309,187,321,354,355,475,574,119,113
545,267,519,534,312,141,307,355,74,113,443,399,328,133,5,392,112,303,474,313,132,512,378
99,254,504,47,263,538,37,11,557,119,515,8,256,239,79,38,170,427,361,564,572,214,259
459,507,482,399,312,146,175,498,549,457,573,87,321,547,400,247,319,489,5,48,32,568,76
529,295,318,316,157,512,553,129,203,362,68,330,457,6,51,391,260,254,323,420,11,308,137
10,123,229,448,231,153,165,279,2,457,244,132,436,203,361,300,564,6,336,134,61,553,76
462,61,438,566,537,430,224,380,137,304,301,116,133,207,294,68,510,10,25,87,191,20,64
33,389,201,224,378,283,448,234,58,10,357,354,129,287,68,545,396,266,498,190,31,247,23
11,137,328,269,338,247,32,66,388,501,448,9,536,10,483,461,168,163,473,510,171,484,564
219,315,57,545,161,258,448,459,554,519,150,142,363,476,413,112,514,430,482,571,108,263,453
16,156,554,63,409,485,514,539,252,510,442,413,187,391,238,134,279,59,278,347,359,111,201
363,161,341,488,509,573,159,137,189,436,268,134,361,418,558,171,461,396,229,50,74,278,417
464,30,18,521,313,534,5,76,347,337,573,38,49,519,447,320,215,86,141,488,484,324,204
238,64,555,38,277,26,213,355,164,431,142,61,328,531,214,399,32,485,259,528,163,412,443
57,66,35,90,436,299,229,459,138,142,59,528,300,386,206,253,485,134,488,182,261,5,521
417,201,357,87,301,538,101,203,458,86,501,447,235,379,507,341,75,342,442,164,467,334,532
398,510,514,454,133,39,328,288,300,134,555,529,87,239,455,485,110,64,519,8,228,536,401
139,270,263,225,220,9,224,30,401,355,145,494,268,241,161,442,165,295,396,18,231,39,328
461,271,10,303,435,485,395,566,228,171,142,459,375,163,431,119,300,213,483,537,488,413,564
252,539,32,133,75,396,143,457,486,483,545,246,519,66,534,520,278,203,161,222,194,191,478
528,6,75,558,44,355,396,447,365,322,302,314,168,345,573,138,527,300,537,268,12,7,532
375,321,508,213,62,400,76,293,436,97,539,171,304,423,485,175,361,396,532,484,186,572,299
409,295,300,30,235,213,317,318,301,483,304,503,114,129,538,389,376,201,195,566,347,174,531
455,558,409,246,387,206,16,359,307,228,574,241,4,539,215,89,272,421,247,115,295,313,327
32,447,430,76,175,457,38,109,545,503,72,304,553,295,96,113,555,418,391,161,377,344,524
246,128,521,330,228,448,6,460,114,420,475,401,411,171,265,51,344,133,279,299,168,79,44
553,210,80,5,238,79,271,268,470,555,203,312,161,534,10,337,86,264,121,295,197,519,402
66,15,199,121,214,333,132,291,330,61,51,87,166,547,204,432,47,488,470,521,48,231,365
542,137,476,252,300,171,139,39,470,248,517,520,564,266,459,507,364,194,247,367,334,191,509
301,376,424,66,197,417,213,457,4,342,218,68,524,129,355,149,365,90,51,377,411,459,5
20,475,365,18,473,301,145,379,182,443,556,299,38,334,501,411,263,75,430,72,405,485,57
380,28,485,490,17,272,379,37,135,109,436,52,64,295,566,400,537,115,488,299,534,144,373
92,174,503,7,248,5,228,64,142,485,269,308,318,325,66,70,487,256,201,524,475,509,171
38,547,203,146,50,306,537,9,514,144,16,373,12,78,548,307,315,415,213,74,254,503,337
10,231,484,409,447,537,161,296,253,309,137,396,562,436,521,150,551,25,482,288,427,4,545
233,201,409,404,554,448,436,459,364,20,164,47,504,171,483,66,109,435,125,374,119,152,502
373,6,301,549,475,96,488,436,113,396,145,319,342,326,483,424,181,2,30,280,201,12,75
231,419,84,62,28,129,142,161,10,526,57,438,462,295,530,257,6,5,330,247,485,501,267
0,401,241,266,258,159,95,337,549,56,217,288,96,484,213,485,161,473,203,292,5,554,413
171,300,135,268,191,284,363,315,174,355,2,485,133,337,23,163,129,16,448,185,382,22,114
158,337,437,276,550,313,74,472,300,71,525,496,268,10,5,436,306,470,325,363,304,38,133
334,536,293,345,330,539,119,278,91,144,230,24,177,277,310,403,485,114,537,438,560,5,133
532,195,260,97,68,267,401,64,277,55,201,475,40,194,30,483,86,342,537,74,330,547,56
380,109,339,448,174,10,145,214,490,389,277,413,8,7,361,547,411,234,163,281,403,333,30
64,87,182,18,403,263,411,134,145,338,519,143,258,231,32,299,227,476,443,58,357,69,90
91,341,554,54,574,76,9,401,97,321,239,58,291,68,255,247,461,415,409,71,413,431,304
288,328,247,8,64,66,345,435,10,537,448,199,190,485,460,171,528,5,301,12,68,365,256
488,361,411,571,258,161,18,564,328,166,432,555,355,300,396,485,146,241,260,149,508,48,165
177,137,465,234,93,345,391,385,376,424,168,574,91,49,314,10,537,405,62,76,113,355,203
438,551,355,524,266,341,300,380,468,279,330,44,337,403,385,449,427,239,503,47,475,64,480
62,200,174,334,315,402,247,8,178,386,24,268,461,413,475,459,455,5,546,431,558,213,233
72,355,120,231,213,306,137,475,343,470,68,535,417,539,551,485,224,67,545,386,436,403,92
386,114,215,325,109,364,515,509,437,214,83,545,190,498,260,247,64,203,321,529,63,304,134
403,79,382,274,252,427,342,146,307,412,32,1,494,401,355,485,284,147,186,213,276,68,514
408,119,436,435,51,376,387,484,291,68,461,129,386,394,276,31,168,336,525,479,301,514,2
536,548,10,234,310,79,409,519,465,498,417,39,4,572,229,364,378,487,78,295,362,176,468
484,421,138,549,31,142,409,390,494,201,538,194,380,163,307,308,87,199,368,386,309,432,10
420,74,263,547,59,430,4,414,538,545,128,371,64,462,182,365,473,343,417,411,181,287,529
87,544,6,161,68,401,534,558,345,436,538,256,92,530,412,276,483,452,25,532,119,522,234
303,485,247,566,51,175,135,7,423,203,553,92,133,556,338,527,483,137,301,318,66,204,363
472,206,2,47,87,553,195,485,365,400,380,479,455,235,330,389,386,18,225,341,501,137,545
153,449,435,171,395,464,155,30,137,64,496,507,436,134,175,224,337,247,545,343,428,115,361
164,394,443,63,5,462,553,109,363,457,355,319,401,324,207,4,31,455,377,347,91,488,299
460,99,109,119,465,504,191,122,247,171,57,562,502,323,32,68,548,283,246,386,416,187,203
252,214,443,246,438,417,509,59,272,135,455,504,361,383,448,308,145,204,488,514,68,313,501
68,162,519,371,547,539,301,10,250,247,528,415,59,7,20,365,460,401,485,32,31,113,514
319,233,73,166,87,67,268,65,204,287,68,379,396,497,137,7,4,235,86,525,401,356,76
514,133,545,373,365,206,334,264,394,410,438,161,38,330,175,300,168,483,398,413,10,380,287
566,326,486,461,483,564,20,515,72,338,134,247,524,430,156,122,15,174,250,104,267,321,291
253,64,494,504,510,545,474,553,287,525,309,189,8,401,433,159,279,72,31,90,300,134,191
378,257,342,234,174,39,392,6,161,299,10,412,525,317,295,504,185,524,488,485,126,76,538
339,9,421,492,396,76,0,228,58,473,278,341,113,425,413,313,86,97,367,515,207,401,291
416,24,554,2,552,10,357,20,180,301,342,545,23,201,462,156,246,378,432,71,368,327,204
401,435,89,76,403,550,1,191,94,436,39,418,231,217,265,40,132,534,175,504,412,90,235
441,401,308,56,524,443,242,508,497,4,448,315,411,386,538,347,272,72,498,17,564,567,32
51,175,546,2,537,497,90,308,566,61,256,92,171,306,201,234,191,386,304,315,512,369,247
146,38,4,470,441,143,37,66,510,483,203,503,287,537,3,90,134,563,10,229,190,386,175
510,145,175,401,113,363,66,146,501,241,225,357,10,143,361,441,450,129,32,161,340,418,573
44,457,564,332,318,345,213,528,155,201,166,300,161,10,75,170,321,7,436,193,566,548,488
327,179,95,408,301,222,6,332,300,517,476,64,79,137,306,532,315,247,111,5,146,277,470
137,228,30,61,289,401,234,527,540,229,213,545,288,558,151,203,399,312,488,380,313,485,254
181,155,12,307,343,396,448,380,99,2,33,228,84,441,528,418,390,231,547,266,432,65,300
293,498,317,92,358,139,246,309,69,532,260,231,405,133,378,550,281,545,409,270,234,247,300
114,203,428,129,440,6,301,72,252,255,289,233,272,181,318,380,333,280,529,30,359,76,365
10,39,114,554,555,4,403,337,9,334,306,79,420,509,68,64,545,548,566,564,32,71,461
465,171,546,308,461,344,44,528,330,355,134,237,492,36,331,442,259,217,6,326,47,139,38
92,365,342,303,508,30,18,175,379,415,75,513,171,114,380,93,530,54,137,560,11,483,545
168,113,214,336,373,436,527,547,304,296,58,189,318,129,9,115,175,252,76,452,166,125,552
33,499,376,9,201,400,424,254,10,87,304,528,545,435,284,247,484,37,316,132,38,142,96
255,293,380,129,288,488,299,68,259,9,228,201,75,166,321,318,30,379,7,134,436,246,140
385,512,136,324,556,375,213,280,441,256,380,564,371,471,239,214,38,562,301,359,435,30,201
59,109,404,385,568,10,201,488,120,346,566,6,231,537,475,134,572,386,15,411,319,281,461
485,389,220,98,247,228,32,278,368,413,213,1,545,386,90,482,164,234,64,38,483,514,548
385,30,265,182,163,301,545,31,484,5,259,142,323,168,38,229,187,461,2,195,538,330,87
326,508,281,123,321,222,175,500,540,373,30,99,221,528,215,474,485,342,386,529,267,488,301
437,564,532,269,0,270,310,150,263,268,81,317,371,377,535,10,333,560,163,432,241,219,459
254,31,278,58,526,94,214,330,440,87,498,134,490,213,279,356,436,371,387,359,125,142,373
497,168,153,341,345,442,98,66,347,336,151,520,564,138,485,385,135,490,535,357,137,203,367
269,171,201,135,287,435,409,51,475,257,32,37,58,537,68,308,514,256,30,133,229,5,125
255,485,175,75,396,15,378,542,266,113,110,525,161,68,447,463,283,386,95,137,203,365,154
364,116,187,432,16,195,473,485,308,527,498,480,20,459,499,411,555,109,396,137,249,403,300
315,9,119,389,279,129,411,359,313,186,558,133,461,10,466,573,301,571,140,300,224,528,2
206,289,175,208,309,76,491,269,300,4,301,391,307,37,319,155,359,555,386,128,278,560,362
280,304,39,435,204,515,391,359,355,449,191,363,239,537,113,525,461,343,436,287,475,134,201
248,172,540,171,134,272,363,367,190,547,519,359,416,4,330,288,468,68,306,161,334,263,5
20,94,29,292,431,509,276,365,330,137,484,447,373,52,2,427,4,18,191,424,391,163,32
119,161,524,6,301,300,411,363,26,64,256,220,538,559,18,283,98,566,460,461,403,180,267
503,252,194,304,134,301,68,66,225,195,51,440,334,163,203,172,374,308,75,547,161,313,386
549,301,403,113,326,568,10,68,214,203,532,4,443,400,30,6,229,287,538,296,79,373,556
248,328,494,549,299,163,40,161,475,50,336,233,525,373,473,171,314,182,527,488,263,175,283
357,156,234,0,532,499,457,396,328,346,90,455,555,239,132,375,161,355,564,485,4,412,337
299,396,215,128,330,502,62,30,32,527,159,537,548,2,483,313,195,241,503,234,312,553,155
365,484,247,401,284,539,433,307,408,558,246,436,6,549,475,409,48,136,86,270,258,203,361
51,442,79,566,527,276,214,533,155,436,287,468,414,318,497,412,269,63,10,142,417,396,363
59,176,89,272,6,114,134,430,32,457,152,18,308,293,166,10,461,161,136,432,289,20,445
193,241,556,388,308,558,228,68,300,493,32,75,521,555,10,485,235,452,380,6,186,76,341
421,267,108,230,76,138,537,529,146,116,68,357,333,361,507,494,171,299,484,301,418,515,137
203,272,313,299,50,519,306,300,362,4,163,330,430,490,145,38,279,6,503,150,257,210,92
113,355,5,539,462,554,76,265,525,448,409,120,393,396,334,18,304,430,79,566,555,538,483
267,485,279,32,161,234,558,87,119,187,483,389,512,203,229,330,333,342,351,282,449,247,457
132,512,320,251,276,213,462,301,160,374,8,321,142,44,335,339,566,220,306,391,364,16,415
473,508,12,40,133,79,554,182,337,215,267,483,30,194,94,239,60,54,76,318,527,514,308
304,256,514,484,532,442,160,9,24,5,545,138,537,273,499,134,267,297,485,488,119,343,417
7,450,389,436,155,197,287,101,182,444,134,316,510,485,409,137,300,532,330,279,247,4,387
18,113,499,266,501,10,457,537,74,280,156,351,48,185,475,79,379,59,519,99,25,111,390
455,189,185,6,547,17,389,380,247,499,16,171,119,129,436,172,304,319,402,403,64,161,234
126,488,300,259,347,136,290,255,64,566,175,554,403,8,385,364,573,409,266,525,311,486,547
470,134,256,364,492,365,483,189,24,138,192,156,30,519,170,319,133,484,457,161,168,64,113
326,266,68,330,238,367,329,289,40,212,32,534,154,246,357,545,327,254,459,16,58,155,300
234,175,315,192,302,282,448,267,113,268,545,5,354,330,411,317,389,475,10,380,182,133,343
564,403,370,479,163,68,504,323,252,272,436,134,201,509,21,241,31,515,534,566,334,203,258
309,527,538,68,355,524,553,210,330,36,459,347,419,37,483,70,39,473,220,266,431,145,508
318,194,163,155,347,519,10,196,574,542,418,87,466,337,301,324,104,524,485,400,265,175,187
431,483,295,537,161,357,65,412,136,262,436,332,15,115,437,206,548,498,119,556,171,68,476
266,61,428,287,5,528,564,396,293,10,498,43,212,508,525,382,58,68,361,550,32,137,97
68,44,239,24,229,17,83,336,473,417,190,443,431,8,504,442,2,6,555,301,283,363,39
372,558,203,458,509,401,319,432,503,132,201,387,431,459,272,428,138,409,461,8,538,180,159
104,203,133,519,170,375,365,545,377,229,225,246,10,435,137,266,359,77,389,231,308,111,168
282,507,300,565,553,545,295,403,2,6,386,307,485,119,537,76,4,459,168,18,379,436,234
59,521,451,168,378,66,550,5,142,354,403,503,146,431,87,128,161,181,104,532,528,330,309
114,485,119,244,400,30,9,396,113,91,293,386,548,190,521,47,4,182,10,159,300,175,538
30,490,494,113,98,133,263,233,99,171,521,338,114,6,375,411,163,20,201,422,488,288,324
129,542,134,337,247,515,554,171,5,133,157,534,34,39,4,95,385,367,20,99,54,485,66
532,261,365,470,134,391,113,260,358,573,539,9,538,6,336,386,268,295,86,75,496,131,328
16,417,119,355,171,269,58,389,403,376,535,509,512,447,30,193,453,554,504,5,224,390,142
175,32,401,378,463,68,8,6,336,66,48,122,241,470,10,391,386,129,31,38,472,343,337
415,229,68,386,457,430,519,66,114,139,383,171,300,405,203,234,396,191,104,343,570,553,108
428,436,379,24,64,424,433,5,417,367,210,312,549,534,430,434,330,553,429,415,160,138,475
448,347,475,142,402,5,191,485,354,112,301,401,133,201,330,304,38,79,550,436,58,468,455
39,12,16,483,537,306,437,300,441,225,119,301,206,514,361,314,293,248,250,403,387,166,6
509,257,182,137,564,408,485,8,514,266,86,483,174,326,118,295,37,377,33,142,227,549,525
145,537,301,191,61,415,234,540,363,150,236,75,562,300,411,166,76,554,387,389,519,10,239
313,386,490,234,556,334,387,288,5,535,18,393,76,174,430,87,134,65,539,318,488,418,537
128,30,347,354,152,224,119,313,403,544,259,136,383,499,104,301,417,459,455,558,256,430,461
480,78,30,201,445,488,514,266,176,283,68,293,508,386,545,138,484,355,162,213,365,396,161
285,10,263,497,79,266,203,18,517,33,189,540,303,380,30,328,537,435,267,180,547,401,128
32,367,538,497,278,401,412,344,341,268,371,462,333,432,300,301,65,19,470,155,484,376,457
15,330,490,75,483,301,20,113,431,8,554,279,170,64,404,30,525,285,134,254,566,29,181
529,386,341,532,285,518,30,302,295,517,62,524,68,168,45,90,234,75,391,436,134,357,356
336,39,122,396,112,521,338,376,367,416,142,224,282,311,265,534,355,413,405,475,491,485,486
404,62,171,56,30,300,424,308,410,149,365,268,400,299,548,402,355,319,334,361,224,492,566
190,401,485,229,5,476,434,321,150,430,234,210,398,574,24,203,490,204,250,380,156,389,343
482,330,345,272,404,97,528,138,401,461,134,64,31,430,5,253,460,15,203,33,436,507,396
156,337,386,483,313,444,234,24,385,224,64,521,190,472,137,213,201,553,247,319,485,365,330
122,485,512,89,362,363,239,353,66,38,183,220,267,527,194,328,483,203,365,550,361,337,58
114,371,288,137,330,276,229,473,32,509,28,31,285,30,260,361,287,304,104,10,189,168,403
47,133,313,564,259,96,279,560,289,143,482,94,171,39,461,488,248,7,483,386,551,306,301
537,373,175,109,344,239,299,129,231,222,6,51,394,171,457,380,16,315,401,459,538,42,204
538,402,442,483,443,558,225,247,18,119,339,134,33,368,473,327,333,117,151,30,87,301,175
175,5,400,67,167,92,225,534,301,214,553,398,276,539,300,37,396,519,485,257,285,545,373
224,312,483,138,564,246,258,378,442,133,402,458,309,308,365,555,136,452,339,385,306,156,363
448,171,306,524,377,0,68,445,435,159,116,342,261,75,465,312,488,254,220,239,175,40,39
472,214,254,417,222,225,37,231,519,206,545,503,433,246,87,10,145,137,136,436,151,80,277
415,330,300,435,274,113,473,324,142,431,323,225,448,99,545,28,183,269,9,483,246,401,196
553,380,401,120,156,295,24,347,573,499,228,365,164,413,87,234,79,437,287,551,312,64,266
475,380,386,113,90,135,5,58,256,357,459,306,344,389,114,73,295,555,168,534,301,288,401
201,16,31,142,161,330,266,6,123,497,566,538,361,490,573,485,341,525,58,143,429,233,403
32,300,417,424,396,422,175,101,55,72,67,401,234,38,571,343,134,119,553,152,537,161,146
64,301,288,362,401,563,494,490,299,355,277,441,216,214,427,379,142,349,334,224,175,504,137
121,324,288,171,330,313,475,378,564,318,145,483,548,163,125,33,461,363,58,300,239,558,10
8,277,82,344,116,15,213,303,358,231,425,434,417,430,76,172,411,113,337,38,507,382,413
447,525,475,365,482,543,192,72,389,484,527,128,436,139,10,419,89,368,87,537,556,504,147
540,551,545,431,413,109,398,178,300,293,257,272,342,119,113,20,378,142,444,261,306,369,260
572,76,138,571,476,272,308,297,122,343,228,20,32,245,378,401,501,10,442,59,203,60,393
44,163,529,142,362,401,10,532,6,455,94,77,233,283,405,501,183,313,334,386,234,186,182
436,328,20,356,235,33,64,37,300,299,239,119,325,268,295,401,40,386,171,114,225,168,405
343,134,573,365,483,222,289,308,391,129,191,283,198,363,316,514,390,441,41,260,355,449,388
484,574,171,6,568,206,256,129,436,2,396,58,225,307,99,309,195,131,276,52,449,128,57
175,6,58,225,163,283,436,484,442,399,247,80,161,418,336,389,547,92,289,10,492,282,156
475,136,538,537,95,494,502,558,300,92,113,29,9,171,312,157,508,377,252,278,247,137,133
134,171,64,537,58,76,307,234,277,276,443,109,39,10,432,16,525,42,312,415,438,361,568
203,14,324,247,461,51,260,134,386,171,456,330,363,68,125,182,543,33,416,190,564,547,496
504,163,48,18,28,508,435,60,533,378,363,75,341,79,192,12,485,301,386,86,534,180,497
30,483,37,256,554,306,76,59,330,551,395,228,152,525,573,308,168,512,519,190,123,60,218
145,508,385,74,37,177,386,134,266,16,92,64,79,498,133,230,203,401,356,161,426,380,231
109,16,445,380,293,134,504,386,182,326,234,330,483,115,142,455,295,139,508,363,257,46,95
412,66,5,164,39,289,191,551,283,145,325,217,403,18,79,264,119,330,455,537,259,556,547
86,272,9,138,225,321,553,20,573,341,483,367,192,379,146,509,135,128,534,114,373,287,2
368,266,8,228,282,431,307,341,16,11,64,90,558,29,95,59,326,427,459,417,378,74,566
168,529,347,475,190,301,319,171,148,545,135,471,357,181,264,459,59,400,217,54,6,380,412
212,266,30,1,58,110,263,317,288,252,264,274,345,272,451,230,540,29,289,460,185,401,64
564,508,290,364,379,151,224,380,485,7,191,79,171,421,475,164,252,48,6,336,120,201,418
304,376,292,400,336,143,24,198,365,136,475,326,185,488,231,537,79,191,65,251,215,68,443
51,330,96,224,56,176,171,532,5,436,239,145,137,412,483,238,302,142,195,420,437,284,453
146,295,347,51,519,545,373,112,299,141,330,198,435,32,461,282,134,175,227,268,212,5,190
367,474,484,504,285,258,241,417,279,455,485,312,152,133,318,525,137,498,401,247,61,67,483
76,386,91,385,528,337,247,300,272,5,213,224,551,37,498,306,310,545,482,204,23,56,68
129,248,139,420,278,553,458,436,306,95,308,483,361,525,504,215,485,328,364,515,435,72,343
401,300,387,96,386,293,271,84,283,25,376,382,554,421,287,396,66,324,367,145,569,553,254
174,423,514,347,338,401,60,309,134,58,351,485,29,529,150,50,126,161,39,25,282,553,497
485,403,203,510,345,108,532,540,409,527,268,419,76,16,389,113,55,333,8,301,364,309,0
168,269,482,281,503,308,318,161,457,39,137,354,182,113,4,328,213,234,525,378,442,7,76
47,483,11,31,61,26,133,63,471,436,134,132,321,258,299,140,459,432,499,503,320,532,396
258,545,159,550,504,482,89,506,330,485,524,218,224,152,41,203,399,343,20,306,95,321,355
122,318,510,508,386,32,319,364,475,551,530,264,58,403,436,401,12,137,385,229,0,375,225
203,514,205,39,295,37,485,250,138,501,386,526,2,284,161,448,527,283,256,133,8,186,101
413,504,37,216,144,121,396,153,521,64,10,163,395,385,304,134,318,22,109,5,291,28,403
40,299,133,50,485,436,284,137,89,483,86,421,300,213,68,72,143,301,20,551,536,113,503
125,10,253,503,387,321,171,277,163,228,28,483,390,538,134,26,270,403,156,510,224,562,137
87,545,346,484,478,203,434,558,433,442,40,363,373,172,404,525,265,440,246,14,537,513,564
87,304,171,30,411,247,442,485,401,137,319,389,554,203,427,168,26,144,116,38,351,90,361
60,445,438,133,488,306,156,513,430,8,128,321,537,386,38,263,201,459,299,295,413,529,346
66,519,337,19,432,279,30,485,247,155,168,508,161,546,251,341,367,26,435,321,436,299,364
274,263,231,182,501,38,510,234,340,310,358,287,266,189,254,548,279,455,319,129,105,411,552
142,467,192,170,285,39,5,115,455,379,8,532,318,543,159,268,234,106,233,475,341,171,175
470,64,532,347,436,149,324,117,168,254,79,38,459,134,315,119,330,171,359,511,339,566,416
239,224,191,371,512,318,532,355,451,56,154,130,41,374,300,38,301,534,10,299,76,475,364
547,574,566,453,386,295,562,326,514,279,343,482,306,263,51,389,355,380,49,143,247,435,313
459,279,424,234,203,401,435,351,161,80,259,403,256,525,135,430,248,547,75,411,64,304,484
346,307,174,357,2,114,155,519,264,344,247,532,32,137,64,408,352,334,330,485,461,540,300
367,545,284,267,28,355,303,461,401,252,5,92,247,525,308,29,141,165,64,300,554,409,531
494,326,475,245,268,47,235,119,323,190,224,485,92,76,377,501,532,145,203,9,525,77,430
161,433,156,134,528,225,171,307,259,174,30,459,33,233,20,430,16,276,510,558,195,320,79
483,430,300,2,545,389,293,30,362,409,6,562,78,225,32,507,307,386,330,321,519,553,231
525,396,165,115,4,317,75,565,539,104,132,10,248,168,6,514,536,568,47,462,367,435,219
355,76,503,264,534,10,201,30,548,90,528,376,133,39,281,307,442,241,346,554,77,83,152
66,508,99,161,20,142,514,475,566,423,248,435,10,361,79,363,288,304,300,377,18,409,493
109,434,461,316,225,318,330,568,295,334,66,537,64,76,195,538,95,365,61,488,48,168,346
133,33,433,306,291,212,92,386,177,58,502,301,564,194,442,281,164,285,411,229,483,380,514
215,192,278,150,103,311,480,405,551,413,295,268,309,449,334,20,239,221,8,355,12,4,293
20,376,296,412,493,382,539,267,241,29,511,465,435,555,134,32,473,228,551,182,361,380,386
237,519,488,276,183,267,175,234,403,144,253,20,290,521,6,56,58,66,565,430,411,125,7
145,321,297,206,485,161,529,306,497,538,389,129,365,528,574,156,429,409,401,224,551,488,83
278,391,229,415,295,10,319,68,306,288,489,47,447,281,189,213,543,436,484,567,515,359,386
510,558,144,59,142,361,213,386,288,238,150,401,524,363,485,89,161,490,241,377,265,283,563
191,460,10,218,344,86,68,449,39,2,150,450,435,542,6,11,142,527,131,474,132,564,253
80,205,108,10,239,403,494,475,123,170,119,479,32,386,411,290,300,519,308,537,485,287,543
268,483,76,447,435,498,170,138,300,548,373,26,233,244,442,308,64,511,0,113,185,355,263
87,412,345,241,378,5,285,57,572,277,457,116,361,514,183,455,113,151,307,562,227,68,66
125,182,155,338,536,258,459,529,166,201,58,534,387,143,119,247,393,386,396,72,304,551,418
344,296,123,181,257,116,96,363,562,301,171,373,288,461,30,377,142,432,547,6,10,99,134
380,37,426,203,204,459,64,134,536,558,144,267,511,490,112,448,18,227,175,521,385,170,555
449,363,129,514,166,537,248,371,269,9,273,358,432,499,145,142,459,32,187,485,446,457,567
503,386,346,189,50,391,403,475,337,39,326,556,20,203,436,183,247,71,435,306,378,310,555
568,283,90,277,49,278,32,483,132,509,566,119,572,16,307,510,555,92,183,430,113,537,342
521,443,389,69,79,558,152,320,49,349,5,229,87,133,269,452,457,408,431,254,114,396,299
78,313,74,296,21,527,482,312,161,18,515,84,506,386,77,127,301,66,314,67,413,308,328
33,545,483,229,410,203,430,380,300,171,132,38,47,362,457,341,266,66,537,551,64,113,357
0,241,145,343,175,138,119,37,137,46,521,299,8,512,26,330,171,278,79,380,160,391,485
299,453,461,309,435,119,156,225,283,553,201,134,494,255,90,57,7,238,217,236,285,503,572
329,313,426,295,125,288,91,144,291,64,341,448,457,32,326,325,495,536,201,514,483,263,206
571,300,252,260,543,462,475,58,164,64,295,342,417,79,405,448,146,128,408,508,90,396,66
42,203,442,40,389,401,447,79,485,408,8,287,38,142,239,58,432,318,171,201,324,355,256
171,386,485,482,46,9,252,373,64,43,457,111,133,355,10,283,96,380,175,361,139,516,391
156,436,389,161,257,183,300,380,252,6,318,548,411,367,152,355,186,401,525,74,4,547,363
138,361,386,38,340,93,183,403,461,525,20,499,256,566,213,284,220,482,247,454,536,116,260
547,355,100,564,287,337,246,119,168,364,132,75,529,538,440,552,125,171,87,74,160,16,69
31,213,134,343,32,361,514,480,475,58,90,12,408,370,572,318,171,431,321,527,156,485,174
4,459,12,534,409,504,396,32,161,121,330,540,386,170,391,109,217,254,229,241,417,323,62
37,441,376,203,220,475,10,343,308,79,87,534,337,436,512,482,36,373,18,271,355,485,109
504,565,525,38,408,129,252,314,37,528,445,365,276,460,442,403,507,87,30,76,502,56,490
514,420,318,385,508,7,401,126,328,151,519,564,363,4,58,501,62,129,175,161,430,366,330
187,161,65,37,182,268,137,50,421,156,417,109,551,484,335,68,434,44,105,354,457,567,7
421,386,270,10,515,328,26,28,420,161,538,24,431,362,183,545,300,195,524,192,405,396,90
62,274,409,493,68,435,168,256,431,399,152,485,13,18,5,515,430,26,136,142,405,403,58
64,524,231,268,380,461,222,347,512,122,20,260,137,73,431,150,256,476,441,328,191,129,485
9,247,537,181,134,365,10,396,98,55,5,380,31,488,213,342,231,483,386,241,554,479,415
343,380,396,411,442,385,92,558,123,525,142,287,502,376,111,309,475,60,359,68,234,490,340
172,16,247,115,60,36,538,161,485,457,355,499,151,401,527,76,331,548,229,423,59,32,171
409,92,33,327,285,161,171,513,189,129,501,304,507,310,473,525,326,163,330,482,300,32,82
307,514,339,450,525,79,403,494,142,386,415,483,498,107,551,287,201,401,442,367,252,465,129
365,313,485,314,386,134,556,494,15,175,359,401,368,254,79,113,102,484,436,247,438,58,137
161,138,10,6,436,190,139,137,389,313,203,330,526,16,514,347,163,357,269,484,315,363,554
426,135,524,4,376,213,142,483,380,234,486,126,6,385,545,20,449,413,225,498,400,30,171
415,113,152,508,343,482,190,445,436,363,129,58,156,115,30,359,278,139,119,148,444,475,367
466,220,538,448,347,386,248,364,534,5,401,13,519,528,470,68,126,267,10,259,137,436,38
403,68,62,365,359,399,324,525,557,9,457,564,60,503,137,346,2,123,501,301,537,409,211
228,73,285,564,398,201,321,532,484,64,508,18,396,301,20,421,256,540,555,459,573,547,527
199,537,175,333,332,553,435,354,156,485,30,10,430,572,129,295,460,566,364,31,342,412,401
355,145,525,53,171,468,341,5,436,168,32,237,50,538,430,64,337,39,83,435,234,421,114
338,272,119,387,277,245,302,347,181,5,330,287,307,554,400,461,98,485,66,93,9,374,490
142,401,37,431,341,455,89,190,413,138,433,386,461,30,507,483,334,277,514,175,63,336,488
476,175,144,11,290,488,428,330,308,389,119,334,39,551,346,564,87,307,534,429,295,344,252
258,433,403,220,4,344,459,233,475,447,341,308,529,445,11,287,483,506,525,135,288,281,401
126,483,431,317,115,553,485,161,291,239,146,279,16,355,307,233,134,437,325,93,7,373,417
129,483,67,10,431,330,515,490,301,436,389,424,425,321,64,355,521,278,527,201,237,229,513
461,485,417,309,203,389,34,512,150,20,442,475,345,59,114,288,8,410,5,403,161,227,168
539,52,135,558,156,200,260,139,161,340,76,409,431,9,204,312,564,228,4,185,66,64,336
66,357,6,301,203,457,427,303,285,389,281,499,250,386,76,346,401,380,355,62,101,233,555
509,135,168,234,6,476,268,314,362,519,203,267,368,190,391,355,514,33,156,569,436,47,30
355,449,194,467,532,30,457,330,566,299,66,54,137,363,161,470,113,465,187,163,168,357,531
533,572,235,161,187,472,547,315,534,267,203,455,18,301,58,387,566,535,406,326,276,543,248
264,137,263,334,455,163,485,390,265,365,28,431,539,79,363,212,551,214,210,224,86,174,124
6,498,279,510,134,247,272,206,473,66,288,355,386,475,385,389,87,321,181,113,156,252,129
135,133,44,47,254,379,534,186,432,152,92,215,32,257,475,519,66,499,96,490,125,514,440
400,357,524,380,455,321,389,558,308,129,453,8,142,538,483,32,87,171,282,59,345,436,355
483,436,90,281,142,290,294,30,361,247,559,403,534,367,328,163,427,551,229,63,288,171,413
299,87,55,300,486,343,6,86,8,301,45,330,436,545,494,192,66,195,309,132,448,72,224
300,75,339,514,38,60,434,417,64,419,83,473,445,30,68,482,435,59,393,328,480,525,486
300,31,379,545,408,488,409,80,206,145,234,123,471,301,307,156,387,436,547,459,551,405,296
300,514,182,76,483,107,161,555,417,485,181,10,470,537,3,55,132,339,26,449,330,321,307
46,164,564,137,277,370,499,337,101,558,386,391,483,378,363,527,461,192,123,376,359,156,524
19,5,464,247,382,380,441,295,204,133,354,268,535,163,556,497,44,115,557,170,488,368,307
376,94,68,161,234,459,545,171,365,71,413,6,10,568,227,484,368,266,386,474,142,435,485
189,30,151,483,554,60,330,159,525,324,7,68,38,433,558,191,401,438,365,513,86,10,203
97,396,301,263,558,4,225,171,389,329,49,401,470,359,443,400,314,239,539,537,5,285,548
401,485,289,359,484,231,51,225,67,330,512,123,545,93,547,455,1,517,436,314,260,19,305
30,536,534,114,54,47,359,380,78,314,300,66,330,177,457,401,498,137,126,525,230,122,455
555,260,442,511,425,448,300,10,58,37,6,330,24,68,156,2,424,224,380,401,382,379,307
493,319,364,482,7,430,300,313,281,521,315,246,75,257,105,462,564,56,2,442,379,168,363
79,133,343,159,380,490,268,276,113,163,566,262,365,266,528,156,46,282,376,213,409,76,488
318,270,498,430,129,68,417,95,222,362,171,385,525,59,500,354,315,314,401,272,205,234,330
485,251,564,389,413,267,109,64,453,168,32,201,203,525,365,174,260,151,229,146,284,368,163
39,503,436,285,224,195,552,168,62,550,525,483,277,210,408,431,2,326,227,83,295,161,566
189,58,361,76,327,354,239,33,90,69,558,129,9,424,313,10,195,30,512,134,464,529,539
361,514,111,470,32,412,359,222,409,48,135,196,380,337,573,168,524,545,256,572,68,453,427
185,566,30,299,484,28,400,39,344,155,37,509,206,475,231,113,94,220,485,304,6,164,534
61,514,299,6,391,456,564,341,376,326,525,363,259,158,421,128,171,410,87,143,51,10,2
442,269,514,386,65,257,537,98,2,61,475,487,161,290,30,427,64,231,538,403,564,501,145
30,40,447,483,171,457,50,403,265,73,393,362,396,313,346,285,269,542,560,5,21,315,432
64,300,402,485,355,252,343,458,426,206,359,65,318,207,471,533,250,46,59,548,228,201,357
314,333,213,534,396,403,75,248,566,547,4,554,145,238,56,239,134,222,490,405,33,510,66
73,301,92,137,212,443,264,341,457,165,136,26,147,363,161,133,266,214,2,503,564,84,512
485,519,387,507,66,403,386,435,59,231,564,282,161,314,418,482,483,529,300,461,487,327,413
457,481,113,485,140,260,270,448,548,459,330,494,109,515,51,308,66,347,542,397,175,300,166
401,66,318,129,145,20,425,386,9,185,247,10,115,277,119,306,409,156,435,508,73,218,248
171,379,227,268,135,321,263,31,258,63,413,549,475,330,37,476,485,59,504,403,385,278,536
119,438,485,78,289,441,564,267,337,391,288,334,129,375,235,409,277,447,300,156,231,556,166
239,26,385,355,344,300,520,486,389,59,66,134,112,65,347,507,136,474,547,307,174,442,351
9,343,547,548,359,545,538,4,191,247,415,320,402,562,494,15,33,365,280,7,171,536,510
72,545,378,94,485,63,248,161,201,466,443,252,553,560,41,429,5,193,566,191,171,301,547
528,225,241,204,265,16,58,304,30,254,401,376,363,285,308,364,564,483,343,318,206,503,550
114,484,455,257,132,70,405,145,328,62,239,526,198,86,165,565,79,507,488,435,450,485,517
438,69,76,270,170,229,5,135,409,300,389,554,403,269,119,566,307,394,537,138,362,182,545
367,488,461,528,161,94,378,436,475,304,113,82,321,574,540,501,67,137,37,68,135,288,494
276,86,130,183,361,457,133,5,80,219,485,40,483,433,548,119,455,357,564,38,390,227,257
299,476,558,524,289,545,431,234,483,66,225,33,291,301,252,164,459,90,554,499,509,403,363
5,528,556,229,137,39,514,308,378,427,524,354,114,504,488,513,10,30,246,539,318,529,342
210,364,482,137,203,102,566,304,134,246,239,468,276,533,19,489,145,93,545,86,321,359,376
529,560,355,134,224,485,267,367,554,483,475,451,93,34,159,323,307,380,343,136,6,436,254
330,248,401,170,429,37,555,113,567,38,112,234,480,417,192,413,485,207,313,371,545,455,175
525,264,4,134,390,307,304,39,528,364,258,321,401,400,389,458,225,549,359,213,340,278,355
12,239,325,254,5,32,301,444,135,186,252,295,405,14,443,489,234,40,195,313,119,327,448
139,114,68,534,475,455,252,415,306,309,110,567,20,509,187,359,218,300,386,326,435,79,323
231,433,566,79,554,389,365,122,396,130,337,418,2,145,6,494,529,58,564,484,327,4,175
308,300,36,453,164,10,241,171,134,118,67,72,287,7,168,166,227,347,483,6,268,573,112
307,289,423,182,386,455,94,326,461,442,556,50,380,95,318,134,517,174,462,156,138,494,13
481,7,324,314,547,293,482,161,131,443,58,16,475,247,323,337,164,545,239,330,194,267,133
5,122,355,276,151,212,268,76,534,168,485,263,341,64,494,482,475,498,483,94,225,163,2
137,343,552,10,364,25,417,396,483,461,388,90,113,321,279,324,355,253,507,555,330,313,508
64,291,436,18,485,554,9,254,401,99,418,166,98,517,113,272,547,396,494,51,482,379,363
166,276,435,478,417,483,413,476,134,241,30,112,428,203,334,159,396,38,547,568,425,259,229
552,355,452,386,529,333,213,120,276,5,226,294,424,2,278,38,460,264,442,37,536,548,390
501,545,479,264,254,450,182,552,380,33,431,168,183,542,399,9,122,113,279,12,389,461,21
445,530,464,37,60,334,66,348,510,401,247,172,90,566,68,59,436,300,492,308,137,562,386
359,447,470,354,525,123,166,368,7,263,299,255,405,293,326,67,355,393,10,304,122,214,203
175,347,475,503,137,418,337,247,30,10,396,7,128,142,488,76,218,203,437,12,75,58,174
