300,10,411,204,5,37,431,355,285,368,564,163,56,418,545,133,149,137,277,30
502,9,113,435,450,32,47,103,300,115,539,403,145,175,16,485,100,239,564,137
365,246,113,287,457,408,309,546,346,537,332,186,64,233,499,547,475,50,58,68
16,485,462,373,361,134,389,86,114,47,475,154,30,438,58,222,288,181,68,519
448,503,404,64,318,553,208,395,545,355,344,43,363,191,186,424,194,301,398,399
365,161,190,10,537,436,409,134,201,330,38,259,389,64,524,113,318,299,171,268
132,553,529,507,488,401,61,435,17,156,105,357,78,75,279,233,4,267,287,485
539,358,403,203,494,94,413,472,76,355,161,135,336,254,321,72,228,436,145,448
265,355,51,343,72,197,475,231,391,330,452,341,528,490,540,64,495,50,309,9
435,258,549,545,441,201,192,387,421,6,497,229,2,525,77,69,145,86,272,362
307,334,0,562,523,68,263,573,115,191,87,514,482,151,281,175,494,436,66,375
396,377,428,223,123,64,348,40,403,564,6,86,175,323,163,187,386,170,550,534
540,545,294,254,104,133,295,431,231,483,330,562,484,9,142,326,519,234,331,137
315,51,301,163,213,247,288,432,371,365,437,519,452,484,510,291,391,99,378,401
267,565,145,113,300,229,114,367,413,270,287,260,283,355,254,190,396,473,488,362
485,152,299,318,436,38,567,367,240,179,526,401,195,488,419,396,109,312,484,553
282,313,128,378,447,137,494,16,338,79,277,380,436,268,566,551,396,11,475,98
486,6,49,386,59,484,213,201,365,432,554,218,494,351,409,343,363,573,90,475
289,42,257,86,389,191,203,32,299,10,568,135,412,195,485,488,171,339,424,390
283,490,364,53,129,327,234,171,259,133,355,411,92,30,335,437,270,134,198,396
10,11,99,137,394,122,39,295,301,386,528,490,300,389,519,475,485,443,197,231
301,525,321,447,268,390,308,396,83,163,265,554,409,259,113,386,534,566,528,434
387,270,155,498,190,343,539,123,401,167,508,345,26,75,435,553,436,80,267,380
32,272,212,5,163,114,178,129,53,529,570,285,532,254,547,151,330,308,301,28
417,67,6,25,436,161,555,194,300,76,537,363,568,485,142,430,409,267,238,328
67,396,156,225,403,307,367,435,412,32,248,359,278,203,30,554,494,300,121,26
459,161,68,386,316,58,512,537,133,342,494,341,5,256,59,115,519,201,525,9
247,330,325,476,459,281,503,356,537,296,389,150,432,471,163,131,455,137,126,277
146,76,435,326,304,113,128,33,430,228,134,396,494,363,341,427,175,183,247,231
389,337,283,195,503,509,259,304,448,365,134,318,263,46,566,133,483,537,569,498
359,241,306,327,260,551,403,239,93,519,200,368,420,485,431,361,474,436,72,514
459,231,259,545,5,483,465,387,553,361,39,525,307,30,461,256,319,55,401,357
564,197,488,318,449,403,509,334,551,133,555,566,504,5,512,254,66,401,552,503
566,299,219,239,284,564,193,103,134,76,417,337,98,470,391,32,301,4,79,449
379,134,75,432,12,330,528,111,119,447,186,56,302,382,181,10,307,265,488,542
228,5,282,87,73,105,279,206,175,413,281,355,396,503,400,315,512,558,399,71
49,342,119,363,436,401,521,344,137,281,247,457,74,30,64,231,396,234,417,364
364,514,307,475,379,519,558,5,328,300,49,455,15,193,239,525,4,505,144,252
110,57,239,400,459,501,145,256,432,521,32,153,337,265,197,306,559,436,574,549
489,247,524,435,363,320,239,113,545,304,272,71,90,301,307,553,453,133,144,181
339,156,161,537,137,378,247,180,19,30,380,442,483,55,540,252,362,407,246,438
346,277,553,361,312,473,542,300,337,203,340,261,25,152,113,475,76,111,368,68
321,464,8,307,488,483,2,215,538,503,6,426,171,498,252,499,437,64,553,180
151,76,361,65,430,455,38,483,89,391,213,46,508,299,175,417,538,313,134,457
175,119,344,455,484,527,313,299,68,150,8,549,146,263,553,6,229,397,363,308
282,115,246,558,241,494,436,137,9,10,159,203,389,488,32,145,175,247,437,545
553,32,362,162,475,256,176,548,214,168,122,56,128,483,133,485,268,543,211,244
10,419,269,441,436,330,68,537,246,64,66,272,574,300,373,399,75,234,207,390
64,257,36,119,475,18,301,44,166,418,267,193,462,63,564,5,485,547,428,453
488,413,562,224,247,267,534,5,548,164,515,426,64,519,283,334,490,473,493,10
241,51,155,77,324,484,485,113,135,462,272,9,231,288,138,307,313,161,428,382
515,545,400,239,367,539,550,306,307,420,339,62,542,417,344,512,485,268,265,441
380,396,190,109,259,235,330,89,239,427,344,168,567,233,558,463,307,461,139,217
192,30,476,58,283,312,361,314,273,485,515,176,172,80,376,380,459,265,199,66
306,302,436,351,171,442,122,229,137,312,450,545,265,377,525,300,529,565,307,189
133,288,198,380,503,5,307,27,540,156,413,265,427,58,330,315,355,408,553,6
428,455,148,87,33,411,408,14,277,175,524,318,503,195,482,266,320,442,521,119
381,278,68,330,427,459,29,499,11,558,139,57,564,485,457,10,113,234,560,455
79,328,558,313,445,535,442,483,529,194,495,355,540,401,213,545,284,49,334,291
339,534,367,175,231,267,18,563,555,68,525,229,301,264,201,119,79,558,526,76
225,377,568,459,537,300,30,175,342,413,386,134,99,247,355,137,64,140,122,489
248,158,16,342,8,428,412,573,71,400,448,142,201,510,234,123,295,46,207,525
134,90,252,79,330,442,62,515,213,229,38,256,551,380,247,447,564,287,301,257
509,307,30,455,484,268,405,566,134,413,443,91,145,175,180,401,23,48,494,190
0,545,8,69,396,435,312,495,538,300,431,5,130,93,310,66,19,330,64,9
452,368,538,355,132,301,390,413,138,54,400,418,401,529,121,293,7,251,241,71
119,30,355,264,137,545,9,548,76,190,337,42,485,241,284,267,198,125,175,7
164,304,476,554,526,488,327,458,219,126,455,435,252,457,525,464,161,337,121,363
279,435,228,410,365,268,334,514,79,566,304,301,515,161,138,66,113,389,336,553
393,359,315,553,134,75,291,38,74,288,458,58,514,268,19,133,86,8,5,203
266,10,52,572,218,156,386,259,263,460,288,405,203,119,257,295,461,532,362,65
308,76,330,525,542,215,413,129,447,155,442,187,79,453,519,90,485,181,285,32
7,96,502,201,277,475,122,317,145,521,347,192,536,362,363,128,300,6,301,259
539,55,225,402,191,278,5,198,315,380,31,454,269,457,486,514,263,424,161,140
246,64,30,168,160,388,307,527,534,321,344,106,284,225,134,227,545,318,201,462
309,300,199,247,98,401,71,558,113,177,488,399,10,87,273,76,510,114,319,389
279,495,386,547,258,519,526,68,161,545,160,76,86,483,437,307,513,475,521,8
301,134,503,447,225,81,151,91,120,12,417,43,49,75,403,470,72,327,152,540
193,225,381,234,129,539,549,459,268,464,337,254,291,396,178,214,18,229,66,386
137,309,521,134,417,38,389,566,365,31,304,10,401,519,235,129,318,132,402,62
263,573,570,28,321,300,229,0,389,38,504,136,89,529,550,68,411,129,58,39
337,182,161,500,417,183,285,405,545,38,276,483,44,540,324,420,160,378,266,175
315,2,16,62,145,57,246,161,386,168,272,175,228,378,284,156,524,69,194,10
161,406,153,486,68,58,488,415,175,525,64,225,383,485,287,30,55,549,355,97
483,299,8,171,401,381,12,213,128,115,386,307,361,267,557,449,134,387,504,57
219,152,435,564,430,247,326,231,48,442,0,483,10,133,454,448,503,9,547,58
367,330,459,201,353,239,68,545,238,450,76,266,171,31,129,268,383,572,134,231
532,409,328,219,71,529,18,551,263,134,344,140,137,16,547,322,68,545,548,318
413,145,187,300,499,345,525,134,37,555,449,452,485,293,253,386,11,68,59,403
390,528,119,72,483,288,191,6,284,423,356,503,174,64,257,247,337,217,368,62
195,470,137,534,408,321,424,345,461,551,306,503,564,113,364,488,501,114,546,477
361,367,388,6,418,490,380,264,228,60,229,123,443,181,525,64,72,348,134,514
343,9,439,554,367,64,553,189,68,403,524,156,306,347,314,485,355,328,39,50
122,485,401,345,507,553,168,61,8,512,234,193,352,250,278,356,497,32,568,461
499,306,0,277,380,364,435,70,137,22,336,20,507,76,512,423,287,386,314,190
183,214,247,295,145,336,33,7,159,527,403,113,503,278,424,284,23,462,262,293
220,572,365,548,187,51,119,24,343,1,67,430,545,475,161,373,12,338,268,288
171,250,131,7,159,495,532,421,58,183,216,508,501,268,247,227,92,485,137,59
58,238,182,234,420,225,206,175,510,501,76,7,300,462,287,269,281,403,436,199
566,553,135,78,57,435,363,472,142,2,87,224,64,346,350,50,409,55,5,145
6,488,413,248,545,537,215,269,392,206,5,87,457,29,287,92,435,361,300,553
402,461,554,458,145,67,304,278,16,527,488,376,365,528,92,244,171,355,307,434
9,324,33,267,225,510,461,529,279,284,76,528,56,54,396,175,389,51,61,235
387,10,191,514,20,68,38,396,6,411,365,194,138,137,431,144,39,114,329,113
475,131,301,390,138,571,15,310,485,283,134,417,282,268,161,472,288,513,194,66
311,296,229,378,475,386,565,90,68,480,60,50,192,89,161,134,174,119,32,177
148,75,359,175,78,30,247,171,318,508,511,24,67,45,385,549,431,306,59,137
361,166,68,151,99,181,276,399,314,343,436,336,455,64,483,175,285,129,58,214
304,501,56,371,442,2,544,485,67,417,283,416,82,141,269,218,458,367,301,220
564,461,510,545,301,488,225,156,447,494,22,20,15,403,189,18,417,134,307,547
7,141,65,538,413,56,313,312,412,430,436,558,58,357,66,304,562,401,464,278
31,388,137,415,171,78,539,266,189,301,558,373,461,126,300,18,203,138,174,181
64,241,376,344,7,58,213,450,355,168,37,308,126,59,301,52,564,128,190,526
323,325,544,364,451,403,490,405,38,459,386,39,484,321,300,32,285,68,113,139
171,389,484,7,279,145,6,156,304,362,32,40,448,225,425,268,134,220,326,129
463,259,101,64,504,163,376,155,86,326,109,68,386,246,258,285,192,545,113,480
436,483,354,396,30,19,135,278,459,134,330,139,309,480,421,150,551,401,66,525
468,109,458,512,228,525,133,484,16,501,220,253,412,37,171,528,263,330,182,66
58,92,283,357,537,66,504,485,483,2,209,405,449,320,442,371,521,389,166,401
278,247,109,203,492,313,48,299,471,44,442,0,553,401,413,558,67,181,204,136
301,137,553,37,537,40,2,325,572,231,164,459,191,438,234,116,533,134,287,201
66,459,263,217,229,75,356,313,326,16,283,213,365,401,341,396,551,431,355,443
56,307,416,24,502,449,539,181,84,486,312,175,190,530,475,252,33,418,341,263
276,95,412,274,278,397,343,380,111,11,436,545,60,268,475,142,448,32,288,113
566,403,236,391,201,6,133,475,68,33,116,486,319,427,119,386,30,435,295,182
279,19,64,38,503,389,203,96,113,134,30,196,435,401,553,75,337,386,79,18
131,76,545,306,489,215,182,485,367,51,403,537,265,517,558,4,201,337,263,30
166,288,252,422,58,182,8,553,389,9,33,17,485,515,263,30,247,358,376,465
483,30,534,267,114,278,504,264,403,355,436,134,307,119,337,145,231,247,519,28
564,60,122,84,272,38,539,251,78,386,502,330,32,268,344,151,442,308,507,320
566,2,489,175,18,299,137,337,165,90,134,271,104,555,453,314,161,254,387,94
515,31,90,334,413,2,497,182,176,312,408,284,171,213,283,161,344,166,361,573
65,231,235,93,519,545,501,150,285,457,432,134,194,377,6,379,220,495,537,225
92,252,305,511,401,367,408,380,320,287,537,4,386,9,175,545,142,514,229,501
136,386,435,94,485,59,314,156,247,396,181,11,503,272,529,457,134,92,355,436
195,278,396,62,219,138,2,234,101,527,485,119,171,499,461,435,181,186,545,455
379,92,16,203,63,318,485,445,386,563,483,268,134,213,507,26,324,480,357,10
135,113,355,90,528,359,247,94,557,285,224,18,400,483,485,545,146,429,263,435
307,457,145,378,10,259,134,234,30,325,119,386,205,138,299,181,12,549,124,59
156,227,87,304,301,239,497,30,438,390,113,214,378,92,76,296,498,145,135,268
190,94,235,191,122,307,162,87,439,228,37,548,392,219,529,558,358,504,225,224
413,168,459,128,10,290,361,285,482,515,521,119,161,536,418,436,475,539,542,545
119,436,295,319,12,386,457,503,20,308,534,289,153,18,475,342,68,285,454,133
387,363,288,511,553,161,150,247,330,192,460,94,159,337,29,436,373,171,538,87
449,23,555,378,18,134,409,344,531,342,246,168,554,321,33,458,36,514,517,38
250,10,133,47,557,524,247,8,447,296,241,503,168,319,276,553,171,197,359,413
319,388,182,308,357,278,555,161,177,429,171,5,537,405,138,270,263,201,380,55
521,5,475,515,168,300,465,324,68,525,359,491,161,413,57,189,450,58,485,174
475,79,135,293,134,50,459,39,515,442,548,461,266,175,361,268,283,403,539,234
504,570,554,386,109,161,9,94,327,328,203,359,278,134,324,483,287,92,228,276
424,134,369,201,66,574,403,268,181,225,336,170,163,137,386,277,313,378,499,60
419,265,532,129,175,554,400,519,94,0,164,324,93,316,417,263,182,365,390,542
409,57,64,164,431,123,537,453,10,161,292,137,278,421,6,419,440,16,508,119
87,229,460,6,156,300,367,441,52,379,246,436,40,461,510,123,174,417,234,388
494,403,233,68,389,421,164,411,409,187,501,134,171,281,139,334,345,120,111,6
421,34,300,341,64,108,339,161,39,412,137,70,65,187,293,349,125,471,357,528
101,6,547,87,436,389,250,8,355,267,554,272,555,256,326,59,502,11,156,525
156,267,382,309,90,394,256,247,74,239,64,175,189,485,203,378,293,529,494,524
503,64,313,383,389,138,553,537,133,31,276,485,231,87,1,143,9,247,545,129
363,132,309,247,228,534,355,138,101,213,301,119,145,396,161,464,33,508,229,116
427,51,420,301,21,171,157,2,234,20,308,18,314,201,401,145,168,504,182,213
515,429,387,555,234,172,564,9,97,321,532,263,68,375,569,86,386,361,503,247
330,149,267,387,58,279,551,525,514,325,307,5,365,328,378,435,113,488,552,287
32,378,548,241,512,459,328,556,10,139,436,109,423,408,507,164,326,246,285,288
113,396,518,572,330,368,524,418,509,58,555,270,38,109,283,134,540,191,357,475
421,129,566,361,254,178,138,439,520,312,300,141,460,287,117,572,196,545,521,136
121,386,558,199,290,30,73,136,272,311,129,161,66,344,537,142,355,203,145,539
192,488,134,201,31,386,432,269,2,32,489,123,111,246,311,330,92,163,88,481
161,545,330,182,159,160,198,517,295,64,566,206,355,132,373,475,351,292,569,301
300,99,64,37,222,337,172,139,380,12,114,361,389,489,94,5,524,569,7,87
134,32,430,62,58,396,213,381,513,527,301,30,420,276,46,191,157,556,12,515
264,391,321,6,132,503,5,175,488,166,89,233,113,11,528,378,267,365,371,58
363,535,475,18,545,558,386,295,339,485,453,95,94,300,569,280,405,190,137,222
239,462,363,521,272,206,284,293,215,66,467,113,336,498,494,161,503,93,334,28
306,111,234,253,443,403,15,529,319,427,137,402,337,279,485,175,299,142,396,504
443,136,161,396,4,288,79,26,171,347,355,342,511,553,555,133,229,515,68,459
396,340,532,376,403,470,556,122,409,6,436,394,142,371,182,314,285,508,325,105
97,267,402,277,259,304,168,284,161,145,10,260,94,545,530,566,255,485,437,459
51,519,483,238,10,454,549,119,99,194,526,264,87,53,484,58,31,562,67,436
396,546,421,229,252,68,447,225,484,300,517,39,557,525,538,321,51,442,535,553
239,74,510,98,10,32,213,433,175,63,196,191,537,59,156,192,491,161,474,256
171,213,38,514,76,214,386,32,371,521,306,532,39,241,195,97,288,415,58,135
520,246,503,355,475,326,247,287,136,354,38,76,81,389,537,323,394,339,330,272
229,459,226,129,246,191,271,28,431,385,299,90,482,443,288,488,334,330,160,313
545,10,537,68,99,113,300,250,321,564,63,497,247,307,187,282,363,176,488,38
300,540,122,6,113,291,87,381,359,430,246,334,26,470,499,71,185,307,554,326
234,178,421,535,18,320,434,171,396,135,24,413,504,285,75,92,385,517,261,556
58,430,266,76,225,519,200,113,171,296,517,390,574,456,485,301,51,187,291,295
64,547,443,295,38,18,452,79,104,194,9,371,46,363,386,129,10,534,75,32
5,341,321,548,68,79,484,485,247,419,264,246,182,361,239,287,343,32,288,222
90,37,386,334,519,195,134,524,409,38,281,268,504,113,166,203,129,485,238,79
43,234,367,396,484,499,277,225,431,79,569,116,24,146,442,501,250,510,135,502
201,465,403,33,375,20,137,555,295,337,355,32,330,198,76,376,235,387,268,30
266,442,20,66,87,334,203,239,120,397,64,25,549,24,5,225,391,315,10,367
7,295,525,482,30,32,48,263,142,314,282,257,67,319,38,401,459,51,74,2
535,442,380,365,483,436,342,279,512,355,555,401,5,51,484,326,501,412,293,183
554,532,113,534,228,476,171,134,344,300,571,519,62,427,330,506,76,86,556,321
449,138,564,38,482,133,555,16,308,254,527,171,476,30,318,545,411,119,87,538
137,109,415,445,66,412,301,228,483,94,539,353,482,114,339,161,151,525,5,479
203,378,365,120,213,5,544,326,344,502,427,355,532,30,485,163,161,538,436,444
170,214,357,334,95,313,310,343,483,171,539,525,386,376,444,318,137,32,475,431
304,300,328,193,470,320,301,427,61,472,348,247,485,170,23,153,354,566,4,461
464,488,402,425,355,19,427,20,6,116,570,288,483,503,504,222,521,219,134,295
161,418,94,64,247,321,187,59,214,475,315,436,330,488,482,533,203,421,113,483
44,345,30,512,31,40,484,457,428,225,326,182,417,431,529,129,539,10,309,58
488,182,336,512,225,112,547,534,527,60,318,95,449,5,134,289,161,438,6,64
269,365,473,356,461,509,321,44,519,275,442,113,104,191,5,161,6,537,552,149
402,168,468,245,415,76,449,234,142,331,37,79,488,246,438,277,435,113,467,544
524,2,386,417,319,537,436,224,357,517,324,79,77,133,532,90,475,47,135,270
528,272,328,510,5,379,134,525,355,171,71,300,79,207,161,48,430,552,435,432
133,395,452,21,512,161,119,407,527,247,90,17,519,156,495,30,206,574,483,537
142,46,62,453,553,19,30,309,433,555,234,574,418,528,337,300,409,231,551,472
171,321,508,301,516,145,240,194,484,442,405,266,4,365,496,111,32,267,389,554
207,61,363,174,430,346,291,367,558,566,361,64,573,203,116,213,564,459,484,281
317,314,126,533,323,490,473,386,137,50,442,47,66,334,182,26,502,351,532,116
389,160,318,171,146,137,231,529,400,128,239,141,363,552,113,214,229,288,225,136
386,5,368,94,346,470,37,402,284,68,74,562,291,326,459,279,277,486,161,363
145,92,163,192,134,238,488,306,61,573,113,11,565,268,525,8,342,201,278,263
330,377,171,10,183,158,133,572,161,215,519,151,136,145,378,355,253,113,334,8
172,311,165,483,361,367,63,59,40,16,293,376,525,553,272,411,387,168,392,318
86,94,113,391,473,18,459,549,259,334,430,191,246,54,445,248,10,312,309,484
519,485,398,415,300,413,328,48,357,330,538,386,97,466,389,549,503,514,430,206
302,374,272,197,489,553,71,552,334,485,113,386,574,201,171,14,252,213,233,33
313,315,266,295,163,137,367,51,574,376,142,368,191,194,391,445,291,66,37,65
360,296,161,407,558,163,20,324,314,428,373,181,191,32,201,293,142,226,355,277
389,400,136,307,68,284,256,10,470,285,37,179,288,444,1,534,86,309,494,409
20,52,277,529,129,472,86,421,68,51,66,178,325,346,554,448,306,168,459,137
18,67,295,436,449,134,485,424,333,314,68,161,246,44,435,225,15,401,369,403
556,86,17,325,246,492,268,521,545,46,431,475,554,533,59,302,7,175,376,307
538,135,37,8,137,330,201,506,160,29,558,68,128,301,515,193,342,124,277,548
519,72,461,337,264,545,5,389,386,490,424,537,473,342,334,157,485,401,216,268
66,566,459,166,283,448,276,134,6,161,40,515,503,165,171,228,532,485,338,105
409,76,58,519,9,79,462,354,40,484,187,408,87,565,129,52,396,168,263,234
6,272,247,282,279,54,130,571,299,356,235,304,113,455,301,539,486,187,72,436
87,304,378,33,337,145,355,475,301,171,307,202,120,128,252,436,131,557,79,180
86,198,301,10,549,461,2,234,291,16,129,213,125,566,452,386,30,545,323,479
390,545,190,309,403,239,47,334,134,247,355,342,164,561,445,119,161,340,203,191
37,308,462,279,390,324,504,95,46,137,499,186,554,552,189,377,168,79,367,299
133,16,530,116,396,126,545,527,521,485,123,300,330,272,442,234,58,196,279,210
458,171,16,361,50,58,304,37,164,539,300,306,7,109,190,424,18,555,540,558
510,461,37,16,166,145,318,380,174,475,338,171,537,485,470,9,459,20,134,258
122,367,161,408,525,68,86,145,92,239,336,329,229,314,113,215,515,363,476,267
64,267,495,37,532,199,33,431,336,95,171,403,62,547,224,479,380,405,354,308
56,574,285,133,545,425,449,554,386,66,4,2,95,415,436,553,33,303,475,137
6,112,426,94,409,348,396,281,87,212,67,260,247,294,455,186,504,238,64,564
483,336,411,538,75,4,307,402,412,0,379,321,28,6,213,93,161,168,9,21
187,435,460,32,134,509,262,274,133,529,276,537,23,4,403,396,27,68,125,330
134,460,150,436,432,386,444,537,418,10,497,38,80,278,217,172,380,191,564,126
400,528,125,273,382,166,401,215,431,120,291,508,161,134,247,8,58,112,545,301
123,401,547,405,442,260,545,343,206,553,135,66,33,201,137,278,234,386,488,448
23,255,64,259,379,411,545,32,233,68,246,171,247,213,134,281,341,386,62,329
295,343,37,164,17,4,2,460,439,555,470,551,525,229,484,133,182,66,142,213
161,307,171,474,146,262,485,519,88,574,361,573,355,228,304,336,293,475,287,551
547,134,265,257,216,313,97,264,181,128,304,434,61,68,142,341,58,459,475,396
231,338,58,136,54,457,142,539,448,175,405,212,401,144,6,7,204,375,385,5
94,164,287,119,558,401,156,484,424,175,7,24,6,485,347,525,534,371,385,519
355,484,9,268,378,386,461,260,550,163,8,269,573,327,499,482,313,326,553,342
458,161,460,175,268,564,278,92,246,74,226,532,68,455,121,170,386,112,488,394
482,70,217,116,6,355,547,293,385,189,539,146,268,4,80,5,144,413,375,530
355,16,545,124,269,571,337,556,391,135,543,443,300,485,264,436,334,267,525,94
488,317,364,430,525,442,174,260,277,572,501,528,396,385,459,16,252,168,539,31
2,435,542,132,129,315,418,81,521,32,490,447,11,475,18,4,457,495,253,119
239,223,488,435,275,549,396,58,37,330,9,266,213,281,238,146,40,405,301,193
350,115,551,32,229,430,126,271,301,468,146,261,443,442,512,459,491,37,455,72
363,485,395,450,488,554,472,330,524,272,318,61,186,390,95,161,344,501,76,442
1,64,554,414,161,66,351,137,247,6,553,323,343,272,470,418,555,139,210,457
357,532,204,535,363,411,40,151,417,380,222,403,38,485,528,497,375,431,572,168
231,485,425,287,308,573,137,208,459,555,66,339,532,510,449,16,253,218,182,436
45,508,549,456,145,10,328,9,51,339,503,341,114,412,61,534,279,76,227,330
76,10,475,161,431,182,509,501,48,525,99,357,318,68,345,90,545,259,277,547
26,482,40,460,483,396,254,435,80,368,168,182,268,307,10,293,39,443,66,320
135,8,552,335,247,119,388,488,334,483,536,113,252,430,37,143,293,371,234,145
535,453,267,313,134,142,391,239,302,62,320,93,433,544,247,122,171,488,532,74
362,574,525,213,417,2,389,330,512,5,488,386,191,413,509,75,485,558,244,537
74,115,19,389,498,457,509,276,180,555,214,241,558,553,168,435,523,403,234,396
175,142,213,466,30,2,475,235,246,278,361,152,386,288,137,66,525,259,10,92
391,64,52,168,33,310,355,312,7,30,174,278,564,528,504,109,230,133,279,238
175,307,385,503,268,30,328,447,457,310,285,443,485,133,566,76,450,508,543,224
460,412,470,161,430,401,225,32,543,534,136,365,166,558,521,192,300,142,475,60
266,76,56,334,326,386,363,425,307,473,54,38,553,555,471,457,437,449,32,194
1,574,5,485,234,119,126,193,2,172,361,189,52,430,377,530,540,412,363,512
363,420,403,58,38,545,334,76,267,186,203,252,301,306,87,336,302,315,432,368
573,337,348,301,228,73,161,517,426,128,49,362,234,5,402,122,222,374,436,24
358,152,39,484,32,393,38,279,228,61,394,379,480,458,545,391,113,246,165,532
238,16,28,224,343,403,58,313,59,182,379,10,337,532,573,275,63,151,32,90
7,441,563,478,334,300,483,270,195,359,163,161,400,428,431,564,68,534,502,312
548,15,50,175,394,459,281,554,312,247,484,203,455,391,231,98,300,268,534,379
148,361,119,96,134,408,20,358,429,68,534,300,30,368,555,187,287,6,254,159
116,515,40,389,447,48,58,269,361,485,396,330,567,412,534,288,537,24,542,484
413,301,155,292,293,10,378,323,389,530,239,358,468,142,537,274,257,529,488,65
411,195,431,171,563,490,304,37,137,24,455,313,315,532,461,133,403,430,115,64
436,40,160,492,213,306,156,421,299,58,222,470,246,524,529,442,119,401,64,508
129,462,254,206,61,174,330,75,409,68,266,340,225,12,201,554,137,161,203,547
447,104,75,442,337,480,257,550,234,302,288,229,409,224,135,436,506,38,483,59
400,509,75,503,194,508,224,119,403,300,557,288,66,32,133,562,340,401,512,301
99,339,139,30,411,60,290,380,521,76,558,387,93,485,367,161,542,515,488,337
293,419,363,82,225,18,213,337,222,254,6,413,386,538,448,30,199,206,32,304
315,99,355,442,259,155,174,554,431,358,403,380,46,161,460,300,283,128,483,61
59,515,324,49,554,51,486,264,503,299,68,330,556,128,429,332,443,142,240,368
454,224,156,225,386,398,528,475,485,134,32,260,525,234,10,153,18,514,558,126
319,448,24,318,114,161,175,547,137,67,281,151,57,254,337,193,430,119,548,417
68,328,532,76,507,367,58,547,454,99,498,134,490,307,199,343,319,300,484,203
442,525,37,136,558,499,182,203,515,313,485,110,440,278,524,448,258,220,6,519
10,418,330,229,300,133,433,175,89,245,161,20,309,511,307,553,283,126,13,380
49,247,527,7,482,151,192,138,68,325,206,461,276,386,324,430,501,38,136,555
328,396,154,201,47,228,475,166,525,470,134,309,79,156,139,58,239,459,293,524
528,128,435,346,531,231,64,134,306,4,396,281,67,364,166,300,269,61,386,160
194,200,390,30,564,539,380,324,1,206,24,503,391,484,203,222,301,485,396,164
448,33,66,568,485,121,423,363,556,407,421,2,99,418,58,399,279,224,378,133
252,347,539,256,38,277,95,545,229,159,503,499,379,68,301,529,431,7,497,558
16,182,554,326,105,365,68,387,283,299,114,6,119,8,71,287,485,155,380,553
379,543,485,389,508,311,187,285,315,137,376,417,288,396,63,302,247,532,75,413
277,113,213,436,401,307,408,434,10,403,361,64,449,218,198,161,330,217,58,267
10,22,476,405,131,293,156,179,330,378,554,519,141,257,4,87,134,545,337,32
426,233,428,142,465,94,302,32,494,161,268,100,464,134,537,507,386,545,319,534
224,17,61,299,301,161,75,258,308,550,499,65,213,67,323,159,234,364,330,328
448,192,276,310,403,161,175,330,419,410,145,174,54,279,363,38,389,400,19,540
504,354,466,301,517,238,288,537,58,161,131,448,276,449,26,545,20,461,86,317
475,284,163,224,401,252,33,137,301,514,231,134,564,308,539,109,300,61,503,536
66,58,321,379,260,119,525,231,72,521,367,214,413,504,548,396,93,285,30,247
510,363,437,337,475,306,356,283,490,530,76,334,280,4,536,5,225,457,545,419
431,525,539,358,256,2,68,389,231,411,203,401,330,436,247,6,161,219,233,66
307,283,330,494,34,7,525,270,421,284,386,301,389,447,9,300,425,514,255,401
400,185,433,497,330,485,233,500,68,48,130,19,367,547,283,316,413,537,128,461
527,351,138,183,235,71,509,488,309,485,519,337,31,231,402,539,483,328,475,75
151,504,241,403,159,8,239,126,112,291,119,10,483,244,66,47,418,363,238,379
56,539,285,401,485,64,10,295,241,296,455,545,443,175,58,293,278,427,364,320
109,436,349,392,142,357,136,155,99,553,428,327,31,376,492,168,134,494,10,5
545,30,525,247,363,346,413,203,264,265,268,171,302,18,119,562,155,24,498,32
344,485,233,318,524,560,498,291,386,1,514,174,59,483,46,201,537,171,525,558
5,9,548,129,256,485,166,337,10,488,573,161,231,119,175,91,430,39,346,300
278,175,156,459,473,113,553,87,389,257,29,285,308,68,545,540,76,64,300,304
532,390,550,128,137,2,525,554,336,145,129,248,359,553,386,132,556,504,536,352
321,554,483,211,392,48,113,396,256,59,132,519,2,268,182,301,24,93,300,336
459,79,30,288,190,58,134,525,310,347,264,457,9,443,314,133,260,113,86,65
418,79,11,145,30,46,393,131,59,364,175,521,76,247,389,215,5,137,139,31
376,549,295,172,303,412,535,483,2,252,204,485,457,15,194,301,144,134,465,317
469,548,498,447,293,68,137,302,82,231,412,37,364,534,166,436,171,39,537,445
66,168,300,278,535,389,8,259,110,330,32,401,556,415,2,98,97,299,267,517
113,448,10,156,51,68,99,475,225,228,461,185,503,157,524,288,47,537,549,512
300,460,510,47,306,287,58,260,396,143,206,333,282,246,278,76,239,201,30,538
150,191,86,113,10,75,436,133,204,54,337,459,443,363,355,267,391,389,525,330
473,215,175,296,409,512,9,532,161,136,208,134,373,326,503,321,284,488,411,87
317,300,318,12,524,315,217,564,386,76,540,234,256,401,155,19,55,436,233,68
482,538,300,181,159,509,430,48,32,521,58,424,146,11,490,355,171,336,483,379
105,455,163,285,182,396,33,233,9,386,300,342,553,133,38,174,313,550,501,266
529,455,64,324,119,59,295,386,0,399,69,288,313,100,436,483,174,321,538,161
304,475,76,129,537,66,137,371,259,124,123,565,230,461,114,488,457,538,483,468
536,281,555,276,267,475,558,4,15,490,310,417,479,32,206,10,367,399,79,517
304,252,555,30,172,16,411,239,300,171,408,537,355,76,134,32,61,64,269,367
431,421,308,328,396,170,33,30,181,436,475,300,161,142,261,219,137,368,231,122
359,444,263,138,112,103,458,299,326,386,355,550,403,341,76,306,321,317,171,562
157,434,528,309,390,139,401,457,252,417,321,343,175,189,396,502,114,504,217,300
387,183,534,156,435,18,551,270,540,488,37,475,427,64,495,213,365,57,457,548
540,314,538,332,161,284,115,362,380,398,402,401,137,330,291,301,396,521,77,389
50,289,416,312,68,304,128,138,226,7,165,453,6,152,355,566,342,363,514,415
504,163,345,396,76,121,175,488,540,535,241,300,318,156,485,406,58,437,68,285
268,191,368,405,283,409,482,145,485,532,142,2,71,258,201,24,280,134,182,391
551,214,568,8,66,136,9,529,538,363,434,248,430,113,68,337,483,145,310,203
377,16,90,530,510,5,351,129,119,549,265,405,380,224,439,345,37,306,33,342
68,39,405,325,71,10,408,475,330,52,144,235,361,482,86,435,133,424,504,417
386,7,421,545,87,4,537,50,525,435,420,550,133,402,527,530,89,189,479,447
442,115,233,514,353,540,373,306,517,263,485,207,5,300,510,475,81,386,182,401
538,75,287,234,334,403,330,224,411,30,512,417,295,485,401,321,455,5,519,386
391,547,386,260,371,554,215,58,14,60,182,485,36,555,365,314,123,161,119,189
285,363,201,561,219,87,341,203,14,92,463,68,504,431,161,55,79,432,300,403
137,8,558,203,5,326,386,241,271,387,121,254,562,525,295,409,87,64,43,113
161,175,168,146,527,230,119,10,364,77,436,142,427,31,547,461,267,355,484,98
323,295,424,365,218,64,10,437,204,524,301,444,459,410,358,430,7,175,515,233
501,217,203,87,213,129,301,284,371,448,431,114,537,379,365,503,437,112,355,367
30,17,485,10,529,2,406,525,142,234,64,401,536,306,330,531,355,553,270,83
113,510,143,405,108,61,319,283,10,380,162,514,334,39,519,547,77,484,468,503
368,416,545,534,435,499,436,68,535,574,537,287,301,214,113,387,300,268,263,343
573,326,155,30,37,92,475,293,162,45,267,367,321,352,558,121,386,313,39,128
461,564,315,359,301,137,475,202,330,300,517,10,231,545,435,7,555,401,76,367
562,269,28,348,551,4,363,424,111,86,386,484,167,341,131,150,503,377,566,32
157,464,4,87,412,450,379,306,98,137,293,304,506,319,346,519,126,510,337,347
412,308,432,114,391,386,18,6,194,490,10,220,59,367,368,241,15,460,278,320
6,260,306,328,483,99,547,520,109,89,403,566,354,568,387,545,472,101,537,220
142,553,86,203,163,227,204,99,405,480,473,182,362,427,403,64,38,239,276,134
484,330,46,10,234,461,214,113,247,365,367,424,18,206,288,482,547,375,442,548
94,442,417,403,159,248,38,39,380,355,482,6,263,55,330,488,48,90,30,319
347,92,411,427,312,574,512,16,281,76,172,306,485,30,498,436,38,61,448,284
58,483,272,554,315,10,334,442,64,337,79,36,230,512,161,313,62,222,157,324
321,129,119,135,363,484,112,145,361,564,137,308,386,359,391,431,121,488,255,514
89,459,483,250,155,461,379,39,391,514,504,537,92,295,539,22,424,494,314,300
493,68,161,483,198,120,64,137,548,460,403,413,26,300,190,65,405,356,260,119
324,547,554,409,30,121,34,447,488,367,485,355,133,537,467,357,161,15,553,139
6,2,79,267,290,389,556,72,433,413,319,387,268,0,425,137,278,361,64,455
263,525,54,229,111,76,59,553,533,217,480,161,79,267,435,413,314,5,205,442
342,486,123,282,566,175,109,300,128,513,295,268,93,161,534,530,330,408,203,479
66,239,137,129,473,234,387,64,247,173,555,488,403,525,435,483,497,76,268,228
321,310,545,201,503,10,386,38,104,473,76,293,342,62,64,187,536,409,146,213
175,137,483,4,434,210,161,288,160,66,74,370,324,487,312,134,145,427,348,346
6,401,228,454,19,573,490,433,18,524,5,525,514,472,247,217,134,527,8,522
391,235,94,313,231,479,316,168,511,405,58,542,138,98,234,483,288,37,386,447
79,9,59,182,231,261,278,161,338,203,307,351,534,296,138,487,266,421,92,214
227,527,233,361,519,537,400,359,345,355,247,504,534,288,223,557,418,241,485,536
525,374,119,363,401,515,489,41,551,474,344,33,6,46,247,128,234,40,133,403
295,267,445,159,8,301,554,307,142,355,396,363,156,399,433,427,430,258,38,391
58,164,488,483,111,26,263,66,553,113,90,160,432,5,119,548,307,194,25,8
66,144,345,442,475,9,386,183,31,141,373,452,76,527,454,74,97,137,512,566
485,389,321,128,194,280,66,77,386,115,284,471,214,488,57,400,39,428,304,409
552,301,459,398,472,290,413,79,170,268,323,163,564,90,525,461,20,164,538,396
143,54,250,178,435,133,38,437,157,390,129,231,363,323,300,225,128,553,147,514
247,59,125,213,549,551,171,440,519,166,10,389,97,564,380,143,316,387,538,190
455,152,355,293,485,9,30,410,405,564,133,504,364,433,7,55,213,64,194,377
323,497,32,10,484,254,364,403,547,123,377,545,363,553,539,225,494,120,132,159
490,485,308,300,9,266,537,37,389,347,30,234,60,337,488,475,401,142,538,569
255,10,494,311,229,271,560,120,493,503,417,76,304,528,257,94,435,431,326,530
401,21,413,311,229,457,44,367,464,543,430,32,238,199,530,68,482,255,318,215
545,475,30,166,401,458,253,537,412,433,269,259,517,152,133,521,321,488,424,113
408,551,133,279,270,155,295,516,201,401,181,171,462,94,143,167,30,504,66,528
145,24,263,15,344,386,282,252,171,10,201,93,66,514,342,162,300,295,313,435
235,529,49,341,514,254,58,300,301,142,455,158,401,351,539,475,228,420,527,390
268,58,254,17,263,455,545,565,539,281,509,43,529,528,301,485,330,525,419,166
437,161,214,171,485,556,156,113,98,545,343,566,122,18,359,66,30,94,99,267
296,241,460,455,396,38,191,468,47,122,495,473,330,187,246,28,54,30,462,119
30,6,225,5,389,385,263,344,485,519,324,557,483,186,512,31,300,64,318,10
343,459,160,295,72,138,66,104,338,427,334,269,28,488,76,413,252,129,238,508
142,512,485,1,229,296,231,41,483,555,386,59,68,300,459,60,112,219,569,564
373,542,304,51,109,386,558,75,379,447,263,371,168,547,401,16,528,112,553,30
377,57,161,488,489,319,121,356,10,371,300,39,307,323,291,436,457,20,395,306
457,489,182,460,475,168,566,220,403,355,68,365,10,246,6,364,180,247,58,367
39,201,554,543,231,282,513,537,243,135,436,365,215,161,317,337,321,399,453,5
534,391,134,11,328,201,396,545,475,135,287,436,300,167,222,484,365,573,119,524
334,504,308,168,486,163,73,449,435,161,30,295,554,524,325,55,501,171,32,484
532,400,6,408,551,2,260,5,30,342,468,386,493,482,18,64,403,155,135,484
246,104,379,77,475,498,5,284,175,98,191,58,75,161,301,393,148,545,239,113
89,558,330,380,405,336,295,390,246,234,393,300,5,155,440,109,360,524,461,72
337,377,93,355,266,58,389,30,161,386,131,336,442,537,534,204,159,64,473,65
247,161,450,510,519,508,368,528,327,401,485,329,483,361,542,99,31,359,554,10
233,8,25,534,113,285,461,265,95,360,371,355,289,160,267,68,428,218,225,94
56,344,431,267,282,408,284,231,10,164,324,475,24,508,129,331,4,134,59,494
223,119,301,445,367,462,415,300,72,268,405,214,309,348,389,210,400,571,473,380
119,299,214,486,40,517,396,263,113,194,385,504,548,225,529,545,475,65,554,64
272,191,501,137,261,64,44,417,413,218,6,281,318,49,475,573,163,316,354,508
553,357,326,459,492,46,112,301,518,37,485,142,151,299,475,95,411,394,113,558
488,355,462,201,545,254,87,566,296,44,119,525,449,517,336,459,379,56,37,474
58,386,59,548,459,510,161,206,564,254,256,323,11,49,37,15,156,24,80,508
355,459,177,455,31,166,555,79,336,341,519,436,514,213,548,380,66,288,278,326
267,90,44,141,58,6,68,259,37,279,344,4,252,164,229,138,134,557,455,361
256,234,435,6,413,324,364,400,66,396,539,503,10,182,139,193,537,30,390,245
92,307,112,435,187,192,376,236,409,10,475,396,261,460,94,461,17,18,534,565
316,294,386,378,412,485,235,313,537,247,225,217,176,208,354,10,213,285,220,210
263,554,315,436,30,239,330,231,48,337,300,571,269,4,92,438,281,431,254,87
89,285,297,156,356,203,393,389,52,433,288,461,363,553,498,443,171,485,317,16
363,313,386,482,485,62,306,332,401,133,224,504,553,40,289,509,182,222,175,6
300,545,259,328,459,448,113,330,135,558,324,461,10,128,66,213,416,458,109,408
555,257,6,138,492,295,125,48,501,545,134,283,306,405,325,175,135,76,528,97
195,69,363,532,427,123,431,485,457,302,551,5,519,122,61,337,379,54,26,129
537,336,401,380,6,386,554,171,307,203,150,411,161,254,119,75,441,485,547,225
76,5,461,16,292,525,532,142,308,503,564,129,149,385,324,510,87,137,330,551
168,231,2,386,287,495,461,9,328,114,433,449,129,320,104,503,494,401,354,417
268,443,301,4,8,326,63,528,545,174,111,300,119,434,318,180,206,485,276,307
476,351,161,532,136,485,321,386,362,46,302,403,144,192,502,38,389,373,514,503
16,318,5,436,143,126,1,155,10,442,119,104,337,418,485,225,396,236,142,548
380,359,289,79,229,459,565,68,373,5,308,300,168,90,355,64,418,34,525,58
338,131,302,435,301,373,334,281,396,566,33,135,175,285,367,337,134,309,213,182
475,26,217,137,385,201,256,120,493,512,326,156,301,174,203,260,485,548,251,555
328,113,534,337,119,59,203,288,70,429,411,50,361,373,318,475,79,527,307,386
231,387,39,285,301,137,58,490,401,38,142,201,53,153,74,10,37,559,562,319
137,428,10,524,155,70,150,386,171,359,515,485,16,103,365,4,268,215,396,66
6,341,436,242,451,525,403,210,75,482,304,306,529,156,514,39,519,269,485,503
390,58,386,247,431,5,385,460,113,114,430,485,203,186,448,260,302,191,175,266
15,161,547,364,538,30,97,386,428,328,156,301,152,182,151,339,343,287,494,378
64,447,314,234,134,341,242,87,287,18,300,488,229,142,263,72,69,476,58,152
442,498,20,482,531,459,314,201,211,245,529,509,524,115,430,537,279,548,527,161
471,396,261,129,79,521,543,362,318,187,278,483,9,515,260,182,137,302,64,373
468,58,18,215,299,168,449,504,336,68,306,21,203,553,97,156,507,308,543,151
461,337,537,566,260,562,344,170,555,145,112,76,300,137,46,460,415,436,133,435
194,300,8,135,343,6,498,24,2,267,307,375,304,270,344,278,408,9,503,488
40,201,30,215,455,66,16,485,489,120,330,288,21,515,68,6,254,547,483,266
161,112,386,498,168,481,483,134,536,259,324,266,307,10,396,363,51,462,285,133
532,239,396,510,164,5,105,68,418,277,93,250,79,362,48,410,150,175,109,307
115,355,206,191,257,309,527,376,288,314,10,66,328,537,413,488,534,452,484,567
147,133,413,8,182,319,357,142,326,278,9,475,25,119,381,519,168,566,536,525
119,471,213,32,9,183,26,30,5,420,142,76,508,161,532,345,560,336,13,417
263,537,455,454,417,528,38,337,205,299,68,63,52,459,441,158,504,253,139,566
471,61,165,457,9,270,308,225,473,386,436,547,521,519,554,301,266,281,307,76
336,225,76,537,411,436,385,132,309,11,278,508,530,387,386,485,558,300,409,396
114,317,386,166,319,113,497,10,252,4,361,470,135,200,328,359,545,97,307,133
120,532,412,215,146,457,545,396,474,76,389,284,519,319,77,83,283,488,124,553
19,268,190,133,334,48,171,229,328,553,129,455,139,545,234,386,32,423,431,498
234,365,299,485,119,514,36,7,128,20,142,267,355,344,322,64,266,163,512,391
545,137,26,461,229,390,483,459,405,412,565,387,265,156,503,203,304,30,262,218
72,133,365,113,201,203,239,572,21,134,184,86,429,213,554,555,136,484,436,92
517,521,341,165,137,259,252,258,287,288,328,402,175,228,226,392,300,485,475,528
250,198,444,304,114,94,534,136,146,238,181,171,443,391,488,354,295,417,161,69
328,176,225,71,532,281,135,57,470,399,301,68,304,208,246,507,312,199,424,461
475,488,112,157,8,399,272,135,361,276,233,367,288,261,95,312,445,6,564,210
79,68,143,201,436,175,488,555,386,378,254,181,430,377,375,549,396,403,473,510
110,485,361,399,213,569,326,69,355,526,161,461,145,20,46,4,497,515,508,525
315,428,475,551,30,90,12,161,266,281,564,122,6,246,170,490,231,7,190,64
482,562,461,302,139,113,386,472,321,161,247,32,436,324,568,64,400,129,340,143
545,564,525,514,364,266,324,363,371,161,457,401,142,134,386,390,49,551,187,300
363,281,133,443,307,7,194,304,10,390,489,337,345,159,313,542,69,151,174,328
19,108,415,135,319,418,303,47,190,568,5,359,187,380,472,278,225,396,301,300
534,136,175,389,276,485,119,475,313,405,133,300,401,564,33,434,113,403,163,391
26,377,455,235,385,287,449,175,453,64,504,142,201,461,260,380,339,485,313,90
87,464,339,213,534,129,225,436,308,119,462,90,295,64,494,326,514,43,401,525
330,279,403,432,299,136,2,309,419,99,214,363,10,59,66,220,368,58,50,76
233,66,134,76,10,87,365,52,68,455,171,389,362,413,248,396,9,547,60,391
482,401,130,101,81,25,537,313,190,70,485,277,73,447,418,448,290,143,266,356
241,389,119,2,231,285,87,455,300,282,504,86,174,554,137,545,1,330,145,64
231,128,2,263,535,32,474,485,312,62,475,296,201,285,4,6,537,347,330,229
151,239,6,165,321,517,300,386,247,558,161,337,385,525,564,18,234,258,412,430
123,528,485,72,198,257,539,40,61,483,345,272,38,73,396,411,66,436,129,359
436,527,488,133,37,399,129,60,7,403,574,272,203,218,12,119,260,288,545,319
430,453,6,248,76,545,142,5,28,512,247,164,566,386,215,250,299,537,134,279
229,330,488,285,129,309,299,176,213,461,64,44,386,4,457,165,509,234,502,277
201,228,163,330,138,141,283,405,9,15,307,145,568,259,420,442,161,553,164,206
385,547,468,129,58,501,566,231,296,375,133,68,263,240,549,330,194,268,285,260
483,485,386,321,476,355,375,155,262,390,564,134,266,170,463,94,403,61,284,93
40,294,485,488,547,228,312,236,37,9,415,295,0,257,326,239,175,556,224,201
387,142,256,119,278,485,508,191,38,309,417,137,150,389,457,386,525,337,87,35
157,448,436,247,135,503,225,396,334,179,192,129,443,39,485,539,318,156,571,510
574,96,445,413,532,327,126,566,408,436,111,171,517,365,113,571,357,512,145,10
525,444,424,246,258,90,276,436,8,5,367,315,241,99,70,363,300,51,344,301
192,113,344,377,90,252,134,315,289,326,401,527,166,361,46,36,201,393,396,221
100,485,570,379,273,18,309,517,155,6,455,553,532,344,8,76,468,545,159,63
301,396,165,376,175,41,403,239,300,442,284,56,59,337,268,295,134,234,278,216
461,114,457,499,545,336,343,558,89,413,435,475,57,37,355,515,393,373,379,141
138,472,11,437,545,485,316,171,299,549,460,6,113,7,482,401,135,405,241,536
422,141,97,288,526,453,365,132,256,363,213,562,137,359,566,386,509,334,330,379
87,386,442,54,312,38,224,403,161,459,285,309,143,137,78,357,318,5,475,451
101,511,525,39,203,288,334,460,518,73,287,564,306,120,508,415,121,537,65,64
94,412,24,566,436,247,254,185,562,279,138,6,2,281,323,457,540,301,92,290
411,508,212,380,142,342,283,213,40,189,396,528,488,330,89,225,138,307,485,377
521,34,207,58,239,231,537,288,412,92,430,325,49,18,278,145,318,48,393,51
241,112,164,4,509,403,50,337,276,61,175,351,457,33,538,66,449,137,396,46
465,391,156,488,528,58,146,137,483,379,396,70,113,168,455,475,558,32,424,301
411,401,68,229,93,129,326,24,5,537,187,137,203,50,32,283,455,33,493,30
182,484,551,268,504,306,307,389,526,68,330,459,58,37,507,415,470,419,300,46
119,460,473,284,213,485,160,548,294,163,5,316,278,72,19,32,29,365,146,308
504,317,137,337,185,210,519,38,139,10,528,421,319,380,484,525,86,161,475,308
111,379,509,552,161,354,30,326,550,485,330,537,445,405,146,246,573,157,64,159
265,113,556,485,266,260,411,39,191,212,459,503,457,234,65,306,175,160,427,566
63,52,279,6,126,20,299,144,321,537,10,421,159,573,301,98,300,203,558,566
504,215,538,37,401,326,418,87,348,265,389,336,485,252,10,530,64,482,472,386
128,166,222,104,269,26,201,258,562,69,97,574,386,267,536,337,28,573,295,133
564,508,28,430,58,338,398,203,80,76,301,401,357,38,439,86,112,482,113,330
113,171,301,119,2,498,460,382,375,336,225,549,326,182,339,386,412,364,300,233
225,339,30,24,234,137,288,358,171,134,459,504,442,254,205,287,318,468,133,512
191,484,396,263,423,319,283,235,144,192,113,385,137,88,461,307,97,401,343,528
318,134,15,145,168,16,330,37,321,115,362,483,342,485,472,336,156,344,58,79
145,134,300,483,482,517,488,119,485,137,143,443,152,91,551,139,66,387,64,220
32,259,164,191,459,116,26,87,431,473,208,228,64,448,156,273,386,232,317,301
525,488,545,328,186,87,128,301,537,92,138,300,241,413,483,7,402,16,10,358
308,357,203,490,330,101,225,517,371,566,64,135,348,318,119,247,260,235,403,4
386,132,499,168,201,400,294,10,137,161,252,368,163,432,2,203,373,67,342,538
263,75,320,344,171,386,558,573,306,37,92,129,488,537,288,1,10,137,278,525
551,234,60,371,32,224,304,8,376,410,519,538,400,409,496,430,321,137,347,109
168,279,171,482,301,68,302,419,483,51,58,142,207,433,201,512,390,246,161,418
300,170,480,113,291,10,224,285,171,91,519,229,436,495,50,430,488,449,459,68
7,361,363,12,274,203,227,396,18,28,355,357,524,455,175,191,481,134,19,296
57,379,470,317,461,137,239,525,521,306,564,4,380,11,145,8,328,536,343,545
554,530,220,508,488,342,37,171,328,399,142,144,161,270,509,129,556,113,288,537
194,295,306,409,399,185,485,64,469,377,8,389,527,269,72,361,191,482,538,190
76,134,386,37,161,391,46,403,512,64,554,459,497,558,175,10,133,415,81,327
5,112,484,58,551,325,427,356,343,10,475,566,304,401,473,279,457,326,123,302
20,171,432,129,295,128,461,90,435,119,317,137,268,442,170,224,15,529,396,311
84,519,91,259,66,161,246,538,190,68,235,309,554,243,76,343,278,525,324,443
447,276,335,434,411,389,195,76,365,291,281,133,252,4,175,38,171,376,508,496
553,406,547,150,355,519,417,6,267,126,413,485,549,45,132,386,436,257,503,39
508,448,550,529,527,519,188,515,231,334,574,214,385,95,545,534,113,528,468,374
534,507,442,67,332,32,241,201,503,411,191,458,138,436,476,418,132,213,519,129
252,401,225,417,26,403,166,285,287,32,538,339,284,364,321,146,171,39,113,568
330,234,412,539,380,402,137,133,277,68,64,176,10,259,163,547,136,354,233,23
417,537,5,109,231,558,341,175,264,203,420,564,461,512,300,111,250,327,159,269
378,568,328,356,318,488,265,214,475,389,151,15,120,564,484,327,25,156,375,405
484,137,76,265,513,9,430,156,66,223,28,528,532,291,499,574,365,552,436,328
359,110,242,190,568,555,330,391,429,142,363,5,162,321,155,67,533,482,6,461
11,133,191,199,328,300,480,267,10,324,51,509,224,485,442,396,198,460,9,344
330,336,83,482,254,401,552,71,4,343,485,174,68,187,532,550,9,428,368,39
441,10,494,25,214,92,391,7,190,142,551,450,459,388,62,455,448,59,277,538
287,565,564,519,498,458,263,122,10,532,395,113,362,137,182,6,368,186,76,328
38,361,5,234,134,304,159,20,119,509,485,257,18,524,507,527,133,387,504,343
441,234,183,122,30,501,470,13,313,525,7,386,340,72,376,16,355,544,6,4
199,528,475,114,247,144,20,319,98,214,373,76,448,432,74,66,285,68,35,213
234,534,419,213,68,95,308,376,351,375,515,300,459,328,485,318,507,231,346,555
562,266,400,51,268,508,166,484,551,317,52,9,288,566,76,150,387,47,171,133
68,386,75,432,300,2,90,528,537,510,276,429,403,263,457,182,452,166,519,427
403,376,87,91,276,475,24,442,258,300,6,313,524,229,371,15,534,100,114,562
503,155,562,292,386,460,206,94,86,87,264,512,475,201,558,159,134,367,175,411
464,274,250,441,291,510,142,389,29,386,442,408,485,79,203,527,537,170,524,92
319,461,498,525,277,409,558,574,92,175,117,29,432,483,325,72,389,527,34,47
475,137,411,268,553,266,399,536,367,58,96,161,174,247,354,136,293,498,490,387
504,279,233,483,484,64,217,44,116,537,423,310,503,281,380,71,344,550,293,66
10,247,525,277,133,137,485,313,538,266,67,431,503,260,391,145,30,347,190,6
142,549,171,254,401,87,276,175,6,519,201,182,224,133,427,396,183,386,278,68
347,300,171,59,134,345,168,138,137,113,151,231,537,74,411,482,197,87,241,269
119,276,38,252,30,343,171,565,63,185,364,455,417,327,329,101,352,344,142,433
318,206,295,285,71,67,153,133,550,201,168,538,76,231,166,164,64,461,301,119
161,364,71,483,288,142,465,10,38,90,181,538,151,122,497,548,568,296,432,175
536,293,457,269,228,175,403,214,229,421,330,66,411,68,490,225,324,461,326,161
137,524,292,313,363,66,365,32,553,483,410,514,255,484,457,473,89,36,68,323
213,115,186,252,203,312,196,501,488,272,281,318,233,77,567,87,529,421,324,403
134,529,171,485,537,483,113,229,203,564,392,468,334,386,72,31,246,420,551,239
10,365,485,137,276,371,115,163,355,368,428,514,364,537,391,528,1,307,145,467
24,83,553,365,379,6,228,313,386,470,19,473,551,401,87,225,296,77,537,247
534,228,436,364,483,246,95,178,498,76,5,219,433,403,301,396,461,445,64,133
250,150,128,405,5,436,486,50,307,59,355,114,64,343,290,389,399,525,10,161
442,215,198,336,457,296,545,256,321,115,227,134,58,171,428,126,119,92,80,401
339,92,470,5,132,295,344,116,565,16,570,111,182,161,246,135,32,455,346,282
59,66,142,470,54,498,424,420,566,565,175,293,544,330,547,172,260,453,472,246
336,564,409,257,309,380,566,4,12,170,175,218,537,10,335,357,449,161,337,7
300,29,462,24,488,557,440,206,318,306,282,499,109,290,393,403,113,267,58,540
336,131,161,150,545,532,338,230,314,571,235,483,510,330,145,267,431,444,508,340
164,191,256,547,330,371,572,343,539,10,424,64,538,433,12,4,192,126,161,501
10,551,31,393,5,456,535,277,33,341,418,58,377,119,145,423,76,156,435,264
534,315,339,341,32,76,307,151,539,66,431,485,555,212,144,132,453,137,267,93
287,64,200,361,389,430,344,325,143,408,397,16,267,241,2,337,417,68,387,436
134,485,379,119,72,183,241,39,224,496,564,495,93,133,208,483,532,411,409,58
146,300,474,346,60,557,411,214,365,296,473,310,18,224,405,386,442,506,5,111
390,30,458,419,545,119,382,514,246,296,182,485,452,338,378,547,328,201,483,70
473,76,156,5,247,547,32,396,163,435,405,365,113,241,215,390,368,403,551,133
513,90,258,415,573,300,566,266,455,72,225,250,119,7,75,344,10,25,44,186
123,512,214,161,392,175,554,498,64,514,315,252,552,115,485,94,201,279,185,386
155,321,433,168,38,530,64,364,307,182,324,525,300,285,409,442,547,489,419,138
386,284,64,58,545,529,269,413,119,31,564,134,457,90,257,559,519,389,566,430
455,549,29,490,300,357,483,485,33,171,574,94,315,283,529,133,72,234,4,225
190,276,403,79,241,30,272,75,64,137,8,181,59,113,365,269,164,459,333,106
462,44,171,234,355,527,64,214,403,110,5,528,248,30,97,156,394,40,37,339
556,80,137,461,447,353,361,171,71,399,168,432,431,545,174,482,342,145,330,142
10,418,431,530,531,172,151,30,508,6,455,283,566,225,483,113,555,480,222,363
120,403,24,538,573,86,182,139,438,287,485,254,60,400,462,564,458,126,181,159
97,306,42,483,254,113,234,361,403,171,357,168,279,553,435,339,161,287,473,364
171,38,42,220,214,537,203,104,401,86,144,54,485,20,314,217,95,417,341,558
537,129,190,538,277,71,142,145,527,488,188,535,222,272,4,231,87,38,483,238
159,276,27,258,4,175,192,470,448,59,125,565,386,400,503,133,430,285,555,5
448,8,401,299,547,317,508,266,145,231,62,142,115,363,94,501,509,540,103,498
12,537,401,502,281,528,106,509,379,64,171,380,218,225,515,525,330,300,307,519
371,203,58,269,553,317,385,386,542,24,157,119,0,413,427,178,89,524,484,39
485,403,203,566,504,510,122,172,436,401,432,100,268,424,300,112,121,529,361,508
545,554,5,37,514,214,128,256,86,82,238,437,485,234,31,68,171,201,399,401
431,257,300,553,367,2,455,159,246,511,548,377,266,514,555,476,488,539,406,363
213,304,485,113,355,545,54,385,178,472,231,471,572,363,206,185,264,396,434,212
499,307,318,363,81,5,171,225,555,373,362,554,455,553,299,228,150,483,442,380
409,299,283,330,6,156,386,246,307,537,116,552,432,247,47,234,8,371,488,134
8,432,326,32,123,238,10,137,332,530,94,76,319,461,171,408,174,239,266,46
545,442,172,436,235,336,16,389,484,111,475,92,300,334,24,553,142,5,555,224
87,83,326,109,386,134,259,553,37,501,213,307,355,92,313,300,10,64,409,76
37,385,119,373,507,264,247,312,48,436,419,86,434,307,530,181,263,403,475,411
182,137,359,527,417,16,321,410,161,64,435,78,122,156,175,134,190,264,398,6
266,315,32,190,297,68,201,272,521,400,130,46,0,86,536,538,113,475,76,331
66,442,367,514,473,498,46,337,277,308,287,405,225,161,555,301,267,64,109,354
555,409,443,312,175,68,537,436,66,128,343,311,94,126,339,109,485,40,336,308
415,307,161,62,76,512,172,92,288,201,233,271,314,388,4,494,79,10,26,257
75,341,402,549,134,120,420,532,389,46,373,330,281,126,112,436,18,48,155,537
485,32,66,537,156,525,201,33,222,405,47,157,119,464,401,239,79,282,128,430
163,34,357,8,134,389,386,415,254,204,539,111,473,38,343,545,213,222,137,467
376,254,50,92,166,321,76,482,417,386,284,113,247,330,137,86,475,150,252,161
418,278,20,156,322,30,419,300,485,194,46,389,386,488,87,551,50,402,379,542
2,361,20,6,29,551,508,152,228,132,499,377,76,340,28,4,278,509,58,538
279,313,254,241,23,514,257,436,38,235,125,475,380,358,465,409,524,224,6,293
182,203,10,177,295,355,263,455,180,485,417,313,459,376,480,5,540,470,254,430
309,547,66,483,129,255,87,527,568,208,246,551,95,457,501,198,56,182,330,292
201,28,572,68,32,300,144,330,360,396,74,517,287,175,490,309,547,566,510,10
395,32,168,43,365,180,18,133,228,391,483,343,201,507,260,318,330,213,379,246
458,436,174,20,461,136,134,268,308,7,367,68,175,419,336,324,565,30,79,137
300,256,187,448,65,287,356,8,552,512,359,271,183,79,348,383,396,517,76,164
524,436,488,475,58,296,30,484,182,285,103,532,432,566,171,558,299,26,122,267
494,475,503,449,436,300,330,212,113,413,163,45,132,30,182,476,525,455,76,321
76,277,554,442,321,87,556,272,485,281,194,300,104,343,163,47,514,412,537,228
182,10,345,135,542,304,228,32,461,128,415,302,293,453,0,248,117,412,122,257
137,168,307,263,224,261,308,326,283,68,198,66,266,130,319,330,430,22,201,423
376,175,315,318,288,566,0,463,379,150,66,134,455,493,6,351,528,475,5,396
30,549,228,435,574,458,386,555,341,359,25,553,5,244,373,457,436,528,468,380
461,538,64,231,435,483,171,438,288,180,192,172,206,133,328,528,213,507,4,181
436,355,258,174,231,318,10,287,485,66,306,430,336,457,241,488,573,170,482,431
113,247,125,365,346,132,461,485,566,225,389,367,547,373,34,537,337,348,86,551
491,315,137,128,231,39,301,182,40,187,225,485,394,373,336,363,510,537,259,64
301,123,267,374,30,475,377,10,538,355,488,39,185,231,555,37,82,234,478,382
234,529,113,553,300,483,412,411,278,457,470,138,573,430,318,86,227,164,405,401
515,92,63,270,246,475,556,257,225,156,326,17,471,252,89,376,397,258,285,334
485,214,386,187,359,330,514,306,401,182,483,493,412,327,17,48,6,379,32,435
125,269,161,229,241,460,519,434,133,545,178,168,315,386,31,134,39,122,499,455
334,210,504,161,257,401,386,434,356,501,300,318,190,182,376,307,548,527,57,247
359,144,251,204,50,32,357,504,114,295,171,553,498,326,229,525,361,11,436,306
7,484,485,463,150,538,241,346,30,58,551,435,138,483,94,447,309,135,32,474
313,486,10,461,111,562,355,472,2,222,277,401,86,387,21,365,475,270,182,28
485,64,436,326,198,318,490,337,190,512,137,51,86,396,7,300,40,217,238,529
44,76,338,48,213,457,153,547,134,125,86,109,441,224,485,203,247,365,5,328
547,231,443,142,10,337,32,461,136,252,37,455,48,125,537,380,504,308,20,347
10,240,415,320,408,205,152,252,337,555,387,64,25,551,115,228,432,37,258,400
485,281,75,276,19,532,241,227,285,256,161,371,411,502,255,8,428,409,538,479
75,133,435,218,263,119,83,2,411,125,61,306,364,517,16,330,389,485,554,459
309,263,119,175,436,346,231,54,239,156,550,180,313,64,342,39,31,515,345,403
555,186,517,287,301,512,486,50,299,422,538,318,6,89,312,203,2,171,504,300
281,504,175,517,220,58,551,307,484,475,258,10,306,30,263,442,212,374,5,324
413,140,525,64,265,156,133,212,299,228,248,50,454,225,132,519,341,396,143,328
141,79,436,483,389,268,535,551,163,1,213,5,476,61,38,87,261,379,475,39
267,413,322,70,38,10,256,266,550,261,361,5,247,64,330,120,436,234,440,534
116,483,519,31,363,338,551,435,417,258,87,137,145,6,337,119,47,76,204,282
461,556,131,8,270,300,171,452,109,155,276,424,343,43,498,81,59,199,112,490
508,363,79,58,551,247,238,104,376,564,2,35,137,317,16,134,191,165,355,424
457,519,241,271,499,217,253,263,86,90,483,509,572,309,362,328,487,11,189,510
10,161,165,137,126,478,191,187,545,176,134,555,171,461,159,7,18,326,334,485
10,566,181,376,441,343,304,146,134,282,5,49,371,551,175,168,308,2,241,573
385,138,182,115,30,524,267,128,96,403,64,458,76,114,504,7,113,296,566,317
528,104,308,389,337,5,34,419,134,460,182,514,428,483,161,171,295,415,39,194
431,68,401,343,79,203,283,547,16,225,377,545,562,92,175,239,312,204,200,574
135,475,278,215,128,524,10,265,337,192,525,547,225,514,7,373,330,396,485,156
282,161,527,430,372,403,9,197,43,20,545,168,66,386,250,475,315,464,166,30
24,28,484,76,424,289,203,475,403,399,227,534,86,66,285,336,528,537,83,64
247,40,90,58,50,552,122,268,488,4,458,528,413,548,292,203,341,171,134,442
98,90,330,25,142,475,213,36,488,51,485,337,410,365,380,321,5,403,64,293
396,37,89,434,482,308,234,564,335,478,23,274,12,156,488,195,10,231,536,151
436,248,23,484,186,64,390,228,94,418,187,539,133,485,175,525,288,420,68,416
64,86,234,182,342,136,403,282,46,557,137,302,105,30,436,122,525,389,432,448
363,191,355,457,65,268,504,75,255,301,512,247,102,535,379,413,111,382,145,319
330,175,539,431,234,479,543,168,87,380,396,304,556,448,391,25,10,137,435,287
115,442,318,379,68,436,460,313,260,355,430,134,441,401,146,58,201,457,511,224
448,75,139,133,161,38,156,166,117,321,37,536,278,119,387,99,171,66,330,134
1,278,318,168,248,94,307,134,137,161,76,483,513,175,378,340,228,79,455,66
228,479,368,137,276,192,475,70,321,24,313,431,488,182,5,30,322,2,365,318
562,134,403,68,457,172,16,558,4,166,10,204,461,537,9,347,122,524,553,509
161,266,135,498,389,435,315,431,58,78,386,92,400,378,330,87,288,76,201,465
137,68,16,75,50,257,288,218,116,207,484,201,30,93,261,191,418,259,497,412
108,137,325,527,334,32,485,220,380,30,447,58,343,545,502,442,6,75,553,435
161,182,330,239,483,355,459,32,417,61,119,139,63,364,259,348,281,386,537,134
86,119,255,230,553,288,432,512,355,187,436,291,545,18,203,175,58,548,551,243
492,327,241,459,485,247,195,137,501,187,109,474,545,330,142,313,537,40,555,317
164,45,256,145,254,79,113,171,360,267,19,376,38,259,136,194,400,483,119,0
545,387,431,513,136,10,20,92,156,483,501,300,39,320,401,528,364,510,435,319
234,401,441,134,145,432,312,478,263,402,515,343,502,538,468,256,278,486,92,17
182,334,306,364,442,94,549,542,436,6,476,463,301,361,411,533,512,330,558,9
129,364,389,361,268,299,484,56,79,264,8,530,524,109,459,113,234,2,463,32
163,400,550,363,229,38,120,66,227,385,58,445,555,191,150,65,417,215,386,300
276,88,402,51,435,461,434,371,433,320,499,247,6,408,495,137,330,376,566,563
163,2,501,56,247,231,288,314,367,93,379,268,142,239,455,69,386,183,261,266
319,191,56,76,529,133,9,404,485,20,435,407,11,36,306,371,89,545,172,501
527,215,104,93,436,176,171,386,475,5,483,76,455,52,337,181,264,300,466,401
214,213,519,189,156,532,488,92,547,292,525,187,241,267,132,191,133,32,545,76
549,485,17,87,89,30,389,326,307,5,247,457,7,435,59,39,409,371,134,129
363,420,365,111,483,528,229,225,309,430,58,288,380,328,156,37,537,531,389,468
475,302,330,514,529,389,264,30,551,268,231,229,247,300,301,476,68,337,486,432
268,235,92,277,488,289,453,376,278,330,419,111,7,2,160,46,270,535,252,38
288,228,140,405,151,306,428,403,271,239,540,37,436,67,482,417,203,283,120,514
564,10,328,494,417,54,178,137,128,238,313,161,146,285,26,0,484,79,504,325
66,6,514,301,519,394,497,328,168,333,343,76,93,537,281,8,525,524,314,300
525,295,545,114,8,72,426,129,215,304,195,367,239,537,137,502,441,4,458,41
312,47,59,64,321,265,306,390,461,435,318,432,142,62,166,145,548,156,175,32
457,434,142,59,307,134,525,268,13,5,112,527,483,420,296,229,9,246,181,344
409,20,320,2,10,528,396,514,113,403,330,470,515,301,382,99,400,452,483,65
545,379,540,67,377,364,429,363,147,143,64,448,39,32,331,483,278,564,434,75
475,18,142,61,69,30,537,263,334,379,528,68,87,246,436,231,214,485,389,329
316,267,32,264,318,10,113,205,134,76,201,187,413,254,445,501,58,418,430,300
461,284,484,513,229,362,321,540,137,194,354,524,328,387,396,159,9,267,479,161
532,356,432,326,380,133,566,92,483,420,269,119,190,396,545,285,364,268,39,76
2,294,225,280,291,485,462,475,306,396,317,459,526,213,398,430,32,441,401,436
175,545,424,113,507,529,434,344,291,325,531,401,387,68,137,190,252,381,460,431
145,483,171,269,484,556,133,382,540,427,142,442,485,521,87,431,46,261,38,175
435,104,58,62,119,201,529,193,346,318,328,395,431,76,321,251,355,98,499,421
341,268,66,182,490,301,16,547,389,280,338,525,485,164,488,156,397,452,70,281
368,436,229,295,152,413,503,417,119,166,323,328,191,525,296,442,283,145,355,545
447,234,558,553,389,409,488,136,132,192,51,142,547,296,475,76,434,574,175,538
10,117,304,5,241,141,368,417,58,191,318,228,206,365,254,313,66,30,544,170
70,401,6,178,272,61,225,565,363,389,551,455,327,234,266,111,171,424,279,445
258,129,405,161,137,51,365,268,401,484,57,76,300,483,400,3,386,508,113,38
504,300,2,182,373,301,357,318,15,283,54,409,421,304,428,537,279,299,532,566
433,555,257,6,537,268,326,63,42,277,330,259,355,105,551,32,442,328,92,161
553,425,115,129,253,295,0,461,47,359,396,239,355,72,2,75,137,268,134,266
235,301,76,302,15,190,513,91,401,386,163,529,532,344,325,318,20,376,52,354
148,343,519,287,213,68,515,7,62,483,485,121,32,554,113,514,330,283,564,380
562,488,50,46,436,30,519,300,252,8,32,418,295,333,413,301,194,270,453,64
377,380,227,207,536,205,354,174,267,247,475,451,55,142,266,129,436,465,166,545
409,247,267,379,231,264,295,497,275,299,419,5,146,355,376,367,225,11,234,334
155,300,474,247,311,109,421,519,313,288,47,145,468,175,80,346,138,382,46,146
16,287,47,156,532,386,413,64,475,371,225,7,76,442,36,323,32,401,58,222
190,406,20,548,367,119,301,386,246,452,203,317,187,502,362,113,530,328,494,161
199,346,300,526,462,532,266,506,30,411,537,213,18,313,117,66,253,135,494,241
133,315,524,377,135,134,161,151,330,90,473,40,475,417,485,310,98,68,355,99
485,145,120,14,411,30,205,461,330,301,545,151,235,272,401,38,64,9,538,478
5,359,159,321,452,567,558,6,225,547,346,475,7,78,401,288,68,95,542,189
151,244,324,119,25,521,490,524,361,24,367,554,138,5,203,325,442,137,341,11
58,26,563,529,412,260,231,367,171,228,61,315,362,482,163,436,227,502,510,245
483,225,288,498,475,183,409,306,564,389,455,555,175,6,137,460,156,31,257,440
361,551,519,508,4,250,30,119,146,562,396,142,436,304,45,101,259,256,419,241
113,382,2,234,161,564,466,12,413,488,421,573,485,506,204,409,345,62,365,470
272,32,386,409,30,4,568,362,507,195,566,448,207,252,527,295,296,359,142,355
483,72,89,377,553,343,403,328,266,120,494,258,542,341,461,309,142,277,308,83
337,155,386,10,66,501,216,468,318,272,415,30,483,254,403,161,122,558,355,551
482,279,396,495,508,472,415,442,274,389,190,357,461,486,400,247,19,530,18,536
433,270,239,504,485,161,57,306,234,377,14,5,272,545,201,119,254,547,129,450
367,488,389,263,225,534,459,80,553,355,485,539,503,264,304,494,295,307,5,145
76,553,551,400,161,328,222,155,137,290,353,252,365,488,215,558,555,401,524,118
289,562,326,77,379,76,488,396,265,5,550,234,204,303,368,113,485,398,58,68
341,459,295,31,412,296,228,378,411,330,201,396,388,321,181,401,137,483,161,87
283,58,271,458,138,409,443,369,247,301,68,30,547,359,482,170,216,279,551,213
337,471,300,321,530,515,90,8,171,363,40,266,343,265,328,145,326,459,80,38
299,191,455,323,309,272,252,268,544,335,564,485,30,458,470,524,538,237,40,253
190,136,221,378,287,247,525,201,10,75,12,484,64,254,371,225,330,290,486,268
220,32,563,45,448,241,124,254,171,142,132,325,195,159,536,252,246,30,337,222
246,401,161,421,470,140,228,558,66,231,121,367,239,555,94,146,142,430,214,321
538,62,306,281,452,396,524,485,156,436,558,483,220,263,348,324,442,535,421,8
402,285,431,30,134,365,69,535,442,335,314,287,2,266,330,231,203,507,545,403
385,501,61,442,64,59,120,378,2,457,239,5,367,33,568,574,90,421,380,409
213,512,455,356,488,476,347,197,482,401,76,87,529,18,66,310,114,519,409,389
10,24,537,108,436,263,552,564,301,503,574,64,107,81,512,47,94,37,445,317
436,488,355,300,417,494,58,16,405,161,265,534,137,396,483,386,291,234,496,66
443,241,254,434,433,524,321,534,170,306,229,472,363,115,270,168,135,68,227,4
234,330,66,201,545,550,312,134,163,125,231,529,488,45,285,6,161,313,573,267
136,213,321,61,364,485,443,327,539,334,300,252,373,504,411,477,348,357,5,215
191,537,423,213,268,517,431,258,315,100,239,376,468,0,9,564,60,288,68,4
228,4,347,234,251,476,134,509,318,375,293,30,374,175,38,388,68,436,521,444
324,122,429,38,128,508,386,239,219,30,340,488,295,133,213,566,436,152,91,555
134,553,378,342,321,453,461,213,278,12,247,147,246,152,431,498,32,558,564,442
121,534,562,126,477,519,252,483,171,87,365,368,432,161,465,146,137,38,564,20
520,222,467,548,412,68,246,164,227,564,258,145,64,553,58,527,276,485,431,396
201,405,551,308,464,485,355,268,132,293,401,99,276,346,562,145,76,155,548,534
527,470,24,218,345,59,134,51,367,532,403,151,268,379,121,32,267,560,231,327
401,301,30,4,519,436,319,409,549,324,538,203,299,110,337,64,441,181,355,534
554,137,242,133,313,514,10,59,485,517,365,177,181,183,330,138,386,336,6,233
485,524,435,386,371,247,293,547,462,554,5,137,403,128,79,558,87,235,336,529
68,497,229,47,295,66,437,484,39,218,163,5,126,545,225,1,74,303,403,168
504,310,436,330,268,301,54,111,5,6,345,156,76,402,7,318,564,521,66,300
68,553,498,138,161,47,283,58,484,554,494,145,441,430,380,299,125,201,386,225
483,225,2,553,389,64,234,247,142,417,300,497,319,30,390,266,175,190,269,333
241,161,291,171,538,450,246,436,442,534,343,186,109,168,313,94,545,137,276,2
28,346,390,313,160,309,256,547,409,214,6,185,343,312,58,144,38,512,344,540
30,266,338,528,554,58,367,20,527,326,283,161,448,396,40,206,391,8,379,564
436,424,192,508,385,145,435,166,2,442,459,5,57,190,415,259,353,401,488,164
313,309,535,397,258,375,38,125,356,380,76,483,318,512,354,52,484,374,131,30
300,301,204,431,31,137,113,529,58,310,234,187,212,341,450,553,442,401,247,334
111,551,433,318,261,51,128,58,8,171,355,255,6,411,437,222,30,300,542,485
466,304,461,551,503,223,326,30,176,137,113,554,31,474,296,167,525,34,488,389
80,241,318,2,436,30,266,189,281,64,79,133,142,126,553,442,460,139,432,412
313,302,301,417,554,401,151,133,436,278,64,201,137,94,109,155,239,442,231,214
433,459,549,145,386,10,367,461,52,345,97,382,171,181,182,233,512,30,405,564
356,574,145,6,156,252,122,278,327,551,91,151,509,92,182,51,401,268,260,345
501,521,129,25,435,161,347,363,476,314,83,548,418,144,90,64,515,549,554,334
341,415,206,318,258,138,137,113,386,482,339,229,515,402,30,58,553,483,287,4
488,16,372,558,461,172,484,64,420,174,348,363,136,71,264,443,252,403,537,380
512,119,417,517,537,356,277,521,7,427,460,485,152,386,461,81,419,62,315,218
326,566,352,411,321,235,288,529,323,33,417,461,300,498,502,278,256,525,189,159
40,171,483,261,436,6,137,364,153,252,32,537,257,519,104,548,93,89,10,174
175,337,386,418,224,283,91,247,355,5,413,363,265,260,161,30,302,359,156,461
510,422,553,314,564,16,455,336,573,537,235,377,171,380,459,488,534,405,333,447
538,402,517,222,204,397,306,365,315,134,269,288,111,51,355,221,321,161,442,18
30,164,324,318,119,300,525,547,285,396,153,256,121,532,175,252,527,4,10,9
7,255,401,268,129,442,30,76,324,5,168,206,142,18,137,449,6,9,175,201
325,6,388,136,30,386,175,387,7,424,452,134,109,10,521,519,259,435,363,330
229,525,504,284,245,76,129,212,539,145,137,330,87,530,238,50,258,170,543,69
529,146,338,149,33,183,371,161,225,228,519,476,525,262,46,259,475,190,404,328
50,166,433,119,43,549,485,368,171,436,104,328,545,76,115,268,386,503,285,163
321,10,450,497,401,545,113,363,494,268,485,362,538,486,276,87,330,25,231,247
367,567,564,396,415,337,278,137,371,8,150,35,411,47,453,483,405,525,344,476
7,247,153,349,163,138,490,508,476,114,485,438,460,378,171,488,234,519,62,5
12,68,6,115,266,334,49,114,171,355,459,72,385,529,461,490,98,470,557,161
137,261,524,455,485,225,119,409,238,346,310,398,171,299,337,222,267,403,260,121
133,355,38,373,400,386,155,187,484,307,86,510,247,18,16,255,284,196,326,554
256,313,566,121,30,550,485,279,334,347,420,134,10,268,355,318,76,363,123,225
170,201,548,164,400,225,341,328,268,483,538,330,300,337,18,161,359,174,265,278
254,417,443,222,527,30,545,135,528,483,171,380,126,530,215,9,375,537,247,10
483,99,330,228,17,30,238,474,343,554,62,432,224,268,555,46,0,545,91,509
257,418,302,313,10,161,166,130,338,465,203,215,283,31,378,525,396,406,6,182
195,64,403,517,20,434,534,435,332,9,182,566,187,411,235,413,204,260,2,145
436,137,478,213,200,499,170,168,151,357,225,365,119,300,389,268,534,237,51,547
155,324,363,571,10,436,386,362,228,355,90,482,39,301,364,328,287,354,456,293
213,330,300,325,203,524,337,482,485,139,532,285,247,234,389,272,339,229,59,47
421,93,321,361,410,534,453,8,330,448,181,113,168,109,529,32,7,67,355,545
461,376,277,301,79,10,293,357,161,313,234,177,136,133,521,157,87,45,68,64
269,300,301,224,92,554,405,76,545,537,145,502,75,201,362,94,195,119,86,363
430,503,182,337,276,345,192,412,203,225,171,436,166,264,267,515,334,234,102,421
110,281,90,195,409,315,39,227,213,314,2,225,16,263,380,392,433,171,122,412
267,517,135,440,528,72,304,475,302,62,38,434,87,313,185,355,485,391,457,343
67,485,201,38,114,364,234,488,175,524,432,10,56,479,334,470,58,6,285,514
142,18,386,119,524,175,457,403,430,0,313,326,571,39,180,30,445,91,224,441
536,64,231,351,519,175,281,214,282,483,88,548,373,252,47,435,66,93,495,413
2,549,300,386,483,225,155,10,66,234,255,337,101,96,214,396,321,443,278,161
476,418,485,371,30,344,114,253,33,409,58,10,67,318,104,18,32,521,455,339
208,474,306,5,86,409,432,473,400,231,300,189,201,412,13,555,336,163,566,48
4,163,549,553,309,307,113,504,281,45,22,8,343,94,346,16,550,461,440,524
58,410,247,161,20,46,532,134,461,432,5,495,276,430,137,459,498,272,344,119
334,158,552,30,9,442,137,480,566,234,405,475,558,364,64,369,223,1,472,528
475,89,325,233,120,263,300,389,564,525,438,450,227,99,335,206,307,412,166,565
164,145,289,113,357,527,551,123,153,293,503,483,284,268,491,225,363,380,540,447
137,281,259,525,405,269,278,527,494,201,548,190,213,268,504,20,5,250,113,380
285,310,4,288,54,380,394,203,510,304,321,521,554,72,413,210,68,537,525,432
203,359,17,293,2,235,136,307,9,137,16,306,52,510,152,191,292,20,132,363
122,409,130,279,30,497,490,337,214,159,313,483,272,455,64,549,421,309,334,574
278,532,66,564,396,432,452,448,363,59,399,336,295,266,313,10,326,258,548,567
549,330,16,126,6,485,18,488,373,411,84,19,231,403,196,437,530,410,175,434
342,494,72,171,527,500,145,66,175,545,126,354,192,531,142,272,386,536,266,20
363,368,388,68,364,32,300,191,330,171,514,282,246,142,534,16,115,405,387,334
78,503,222,460,175,225,214,239,489,436,464,68,564,113,403,99,459,379,409,201
2,517,189,348,119,553,564,37,534,132,313,18,407,29,238,74,187,260,507,441
508,256,109,175,332,552,442,233,313,288,125,247,129,139,94,527,408,30,12,307
159,448,171,488,386,525,320,389,164,281,537,547,18,307,427,192,326,401,161,30
90,201,142,171,388,225,263,2,87,110,247,181,287,32,43,396,364,246,99,228
252,386,239,86,145,459,300,79,272,355,246,555,134,171,209,373,545,436,30,431
424,511,171,513,134,417,45,244,475,5,367,354,62,227,554,182,307,143,20,228
380,247,137,75,547,524,400,134,171,377,234,306,525,113,403,394,20,458,201,151
7,266,378,281,461,519,150,402,58,23,271,401,427,460,391,36,529,200,428,6
432,524,436,308,318,525,475,220,137,156,122,517,553,363,451,175,171,2,172,267
461,532,137,31,485,115,362,501,206,486,111,313,435,479,534,386,376,367,455,441
295,488,171,68,436,111,459,536,362,497,266,267,386,190,84,291,475,573,519,302
317,438,228,300,401,337,6,426,542,66,191,427,390,292,258,475,37,417,121,325
189,247,529,154,186,482,291,113,133,459,565,8,264,362,6,11,493,253,539,165
376,403,485,455,181,36,304,175,313,10,375,401,459,203,447,191,527,161,356,138
534,376,421,267,38,330,293,564,532,416,203,92,87,177,501,431,137,386,390,545
187,288,144,233,368,514,161,171,532,55,328,529,212,325,460,486,167,488,268,307
542,509,95,359,497,485,181,310,413,504,87,114,247,80,335,291,174,277,380,337
252,195,514,57,513,256,497,554,32,304,64,405,484,284,260,288,224,328,133,246
501,413,306,462,120,554,411,401,241,9,322,514,30,64,15,480,123,321,20,231
377,428,337,459,163,348,570,462,66,114,267,172,92,76,367,545,138,157,299,321
228,68,299,66,258,161,319,6,114,470,354,48,343,10,421,485,234,547,432,415
274,324,389,252,519,171,355,567,431,418,266,547,39,537,303,378,213,9,54,301
64,525,5,427,321,405,325,386,457,387,93,277,281,129,302,30,401,260,324,161
538,343,332,268,129,201,224,6,512,37,296,120,519,564,182,559,409,9,134,529
9,155,488,228,355,341,90,145,566,307,418,457,409,539,91,198,375,319,554,498
563,10,219,38,20,504,525,459,405,171,301,264,485,137,222,338,214,467,321,95
393,396,545,66,516,385,448,522,494,357,555,321,420,379,436,554,54,324,219,295
475,402,9,93,461,132,192,510,6,379,495,386,389,137,5,558,568,493,140,555
421,128,463,268,263,222,246,485,508,488,186,156,307,190,537,225,365,174,87,220
361,330,528,175,272,137,157,461,454,125,7,197,386,479,39,238,566,489,564,51
341,87,78,135,564,525,134,113,323,418,551,229,300,407,93,330,573,18,103,473
574,483,137,342,408,325,377,2,72,254,545,4,268,341,509,334,8,386,329,228
312,260,355,344,189,133,566,343,380,115,385,182,475,66,96,220,330,545,549,537
551,485,152,248,447,39,430,312,389,278,460,502,552,17,553,532,341,449,20,313
5,295,4,527,371,90,150,134,525,231,488,207,411,62,359,145,367,66,524,218
359,268,341,498,56,460,4,142,67,182,183,396,436,164,367,129,187,64,482,72
141,504,483,368,438,525,386,246,268,184,558,568,491,304,337,364,168,402,134,428
125,6,408,287,452,250,137,485,368,469,321,246,363,566,300,442,172,488,424,357
133,558,247,363,29,152,239,131,285,68,182,442,58,550,343,143,421,494,122,99
339,295,8,259,545,12,119,163,74,134,252,380,521,459,532,231,47,267,300,161
463,308,247,246,504,100,6,137,134,213,324,558,23,363,9,371,252,266,489,281
89,386,231,536,300,490,359,530,203,66,380,82,112,512,161,162,564,263,484,39
472,109,313,20,57,403,327,241,471,548,68,287,161,318,529,156,396,418,201,437
430,465,419,330,20,545,458,328,442,247,483,68,66,134,405,264,498,213,7,12
401,515,409,181,135,168,164,415,4,296,313,54,382,129,91,270,519,387,290,207
87,248,483,192,537,540,277,20,388,514,309,15,10,379,343,389,341,114,94,490
566,69,321,68,113,142,10,564,380,330,485,408,161,288,459,324,87,19,484,431
475,341,263,424,214,143,565,255,488,564,380,545,345,392,435,51,50,59,234,241
420,556,425,123,239,228,405,488,177,201,2,36,401,386,195,18,380,554,418,66
437,564,99,527,58,431,457,287,214,364,129,8,30,396,354,134,183,11,498,326
304,504,10,355,270,555,376,486,448,13,79,501,468,328,433,12,145,58,287,175
279,478,504,485,198,436,475,58,228,379,164,553,6,312,247,328,306,1,257,45
30,396,357,6,213,538,461,175,345,525,9,485,57,237,465,398,315,115,66,449
79,206,483,58,385,175,542,56,269,270,8,259,10,118,433,386,488,201,64,501
20,426,90,219,341,483,413,54,293,503,110,161,137,525,489,239,514,75,5,260
323,152,491,394,316,462,139,272,442,126,426,485,234,436,187,427,201,2,225,161
343,300,58,429,76,389,136,562,503,435,59,525,6,160,190,373,283,151,314,330
44,18,25,539,503,31,525,555,475,40,201,365,171,281,68,231,138,409,161,254
199,432,203,113,134,8,361,300,436,30,529,122,413,296,441,5,241,373,514,443
40,552,401,113,163,388,427,268,424,363,6,511,7,287,92,328,558,473,63,20
82,228,445,68,76,295,558,161,30,378,564,151,16,548,401,47,420,515,288,551
133,32,565,374,153,59,219,403,561,54,175,301,15,359,379,386,485,159,65,151
401,94,113,434,96,568,453,348,134,51,524,145,485,394,79,442,517,175,385,460
390,461,228,320,352,8,540,314,475,485,38,190,472,163,420,301,438,231,144,436
276,137,227,374,268,380,498,76,408,524,215,63,291,135,512,554,475,386,134,558
408,334,417,295,180,450,213,276,181,324,64,401,2,537,79,517,76,483,228,90
564,30,95,313,409,239,343,32,394,443,363,9,75,7,70,306,145,277,447,528
145,175,354,261,113,438,411,20,6,485,545,525,401,236,241,122,433,68,31,364
8,138,461,485,122,376,548,537,545,123,345,143,454,59,137,400,206,530,168,574
6,137,359,485,386,545,144,367,161,378,488,182,436,64,257,533,133,539,66,412
6,74,357,485,284,266,387,488,79,146,204,308,295,159,333,213,328,293,515,355
109,442,233,375,101,148,485,12,301,284,1,436,283,87,201,558,36,282,228,525
46,301,225,321,233,260,159,537,259,234,361,0,29,24,256,192,283,164,132,248
377,66,18,285,64,30,50,218,283,107,94,361,431,475,159,386,10,532,72,301
18,394,26,485,433,503,377,204,73,363,10,306,181,361,252,134,525,214,475,501
341,33,337,485,465,302,300,254,30,136,204,455,171,70,164,220,493,436,269,252
93,519,264,367,508,560,30,525,147,47,175,76,142,138,65,59,129,537,524,563
276,459,476,296,409,386,299,233,442,439,64,504,157,328,76,501,87,224,435,2
510,401,10,56,528,304,206,58,503,134,532,372,182,326,307,171,66,492,380,8
265,166,521,38,461,68,315,296,152,336,395,485,396,30,4,539,64,535,7,386
134,315,529,234,488,419,448,330,201,325,343,553,300,326,137,266,389,538,383,139
365,288,87,532,32,459,436,442,545,408,126,231,300,435,490,129,413,440,528,336
190,8,547,379,231,119,380,488,527,241,330,475,254,235,564,295,157,483,418,104
515,46,434,214,234,418,547,30,527,17,426,187,521,129,436,5,475,386,457,323
239,209,300,171,32,145,554,39,152,429,435,455,23,390,63,72,229,456,526,21
373,214,485,536,62,192,558,161,403,553,213,545,304,468,483,64,330,257,460,12
487,62,201,63,485,364,288,553,307,98,215,33,30,500,239,133,461,138,52,321
6,92,129,285,411,30,337,436,18,429,219,76,400,204,137,357,195,324,546,498
401,10,476,501,76,250,361,263,396,4,436,6,226,483,550,182,272,475,453,168
547,358,524,175,396,461,490,566,161,156,44,2,338,87,113,256,30,545,15,128
39,300,168,513,304,485,307,554,571,540,204,119,287,515,537,255,355,91,387,396
50,134,300,485,386,38,121,497,213,123,10,175,545,566,321,471,230,256,473,260
133,175,30,377,268,436,87,574,113,521,409,413,376,485,208,354,524,548,412,525
356,231,204,348,532,78,137,125,33,488,24,396,524,190,94,424,68,234,460,65
139,441,498,538,264,300,233,266,7,278,89,396,10,524,485,5,191,142,337,32
66,365,545,171,238,317,283,268,470,356,540,146,401,564,232,228,285,246,303,133
56,419,525,483,436,312,508,512,341,279,3,538,89,571,231,461,473,288,547,545
362,38,512,445,503,174,145,528,483,92,400,75,152,278,421,436,6,5,457,403
123,30,119,318,20,345,553,386,247,224,234,7,48,171,461,488,120,281,438,58
338,449,461,396,537,229,307,388,277,168,68,134,171,485,30,247,442,248,224,363
90,330,248,253,94,258,168,469,31,475,498,12,89,432,365,33,363,198,20,318
302,311,113,449,450,489,92,278,129,24,327,250,145,551,175,134,492,565,62,548
212,90,461,517,290,324,307,337,330,519,279,389,404,490,356,252,10,134,109,51
427,206,224,257,116,118,549,558,216,300,494,247,403,288,158,375,262,396,30,413
251,79,138,343,40,190,467,143,458,330,532,356,92,134,278,545,75,216,20,128
295,70,380,284,337,8,51,115,359,401,573,559,427,396,480,403,534,269,511,61
309,135,150,175,48,51,377,254,306,363,485,448,66,59,54,28,376,483,128,379
234,9,265,263,535,237,367,475,458,371,191,483,517,355,509,387,507,293,545,181
163,501,134,288,485,37,318,269,137,376,560,193,405,409,67,168,364,229,58,145
90,547,483,87,458,485,315,373,439,476,260,494,386,292,134,312,225,413,9,231
549,152,357,15,59,342,201,293,110,545,336,8,272,142,76,503,436,527,365,355
417,415,224,508,198,166,191,371,67,459,282,9,133,293,137,66,270,509,74,68
