134,386,137,146,490
152,234,59,252,482
330,231,400,495,442
16,396,475,386,391
373,544,499,574,457
396,468,373,571,325
288,5,32,324,113
64,10,572,156,260
540,233,289,89,214
162,354,380,524,344
56,300,324,30,319
485,182,5,537,116
543,213,482,403,555
281,175,129,435,519
444,554,101,401,138
363,436,138,194,396
354,234,129,470,556
475,276,527,58,126
448,213,309,16,38
442,433,134,246,397
263,55,448,16,440
435,357,64,483,175
116,557,295,299,145
191,261,144,411,421
299,401,109,152,501
408,510,203,176,436
16,79,509,137,485
213,545,420,75,462
527,145,436,259,304
401,373,295,554,125
268,319,300,281,38
30,97,318,356,31
525,400,436,105,5
265,538,398,172,47
391,436,145,386,539
4,483,413,551,513
474,486,264,151,431
285,182,252,44,280
401,54,113,32,485
445,137,10,529,210
417,499,373,424,559
124,138,79,113,181
483,442,462,181,18
182,295,546,181,485
183,457,321,336,551
228,448,470,239,293
10,403,423,282,135
532,76,80,309,528
32,501,570,336,30
330,135,485,9,213
485,514,319,68,403
177,436,199,175,137
549,112,293,317,7
501,129,75,134,150
461,203,365,295,9
59,136,515,105,137
564,489,113,231,386
261,131,527,229,453
59,94,194,413,448
30,112,386,18,156
194,168,562,515,171
385,64,503,549,386
239,364,80,363,470
344,74,435,37,175
403,529,239,171,482
94,138,488,10,12
215,61,30,269,313
415,156,362,263,272
31,123,32,564,155
573,70,134,307,417
553,456,129,548,380
5,551,438,256,283
485,512,386,432,409
459,470,114,11,528
377,301,341,361,130
68,386,295,338,440
225,267,54,299,133
38,161,121,436,315
218,142,84,553,6
401,359,30,225,236
282,117,4,530,266
146,20,109,264,68
122,471,344,514,431
377,156,468,255,432
355,258,314,461,445
65,485,301,110,521
337,300,312,20,268
76,20,564,163,519
480,503,295,30,233
443,461,252,498,181
119,558,551,247,524
494,528,278,166,171
460,521,112,263,508
513,252,422,484,58
521,403,128,225,401
528,355,67,92,93
142,5,111,545,113
351,234,64,564,2
442,380,164,507,78
417,471,408,386,432
50,31,235,502,60
488,259,2,134,6
86,318,214,462,231
253,386,195,411,483
519,30,299,513,32
313,268,15,281,30
571,534,484,396,421
364,363,529,572,534
488,427,432,514,195
433,20,403,363,364
461,51,134,566,146
485,204,201,418,295
113,291,323,230,148
417,436,156,72,521
99,30,230,321,401
431,524,198,334,28
40,59,30,382,282
537,562,394,508,368
439,247,534,509,30
234,7,349,219,432
278,109,510,430,61
365,300,336,574,213
30,497,161,272,436
73,345,129,399,214
290,314,300,304,511
2,6,79,468,303
485,204,285,386,337
281,87,330,461,395
4,6,0,201,20
498,465,468,67,459
435,337,553,64,312
495,498,263,37,573
308,234,260,401,417
434,6,99,293,389
424,553,564,68,9
224,238,548,364,514
521,442,401,359,485
161,261,324,4,277
301,95,540,8,449
38,553,417,465,485
199,96,38,524,464
176,416,457,324,564
171,19,490,228,15
76,94,39,175,470
569,540,318,488,5
451,18,171,43,436
201,219,343,213,210
260,66,334,332,137
10,133,315,374,266
279,247,4,270,86
126,434,8,281,307
485,503,403,56,171
324,344,213,304,435
153,113,316,10,537
428,409,70,68,436
502,455,59,389,536
175,138,222,92,12
293,526,137,237,519
32,241,512,11,376
300,476,367,8,269
455,573,313,203,288
175,403,288,389,20
130,502,511,213,387
528,386,130,24,483
215,473,72,401,126
359,259,10,525,46
401,442,307,146,436
2,363,465,485,64
190,343,347,6,174
389,300,10,24,76
356,300,430,171,238
545,191,330,14,509
341,501,194,203,438
328,503,152,10,63
511,401,105,8,307
324,314,475,389,113
467,358,355,550,485
134,386,411,475,530
92,401,328,391,134
66,72,539,10,363
442,438,301,475,430
64,272,10,484,363
525,76,362,328,182
545,334,554,442,50
16,91,473,134,110
396,450,357,67,235
20,548,331,214,316
317,256,5,75,314
435,396,503,313,206
473,549,239,142,135
508,436,532,545,378
512,321,197,509,203
6,448,573,324,2
386,249,191,363,530
512,529,150,376,492
524,494,364,233,56
363,115,376,136,485
206,257,436,324,137
396,503,318,133,234
263,553,301,134,391
545,403,262,521,278
92,323,330,291,133
475,501,37,488,32
389,64,204,488,109
257,326,307,263,38
50,114,18,445,80
385,234,151,26,247
3,7,394,225,396
239,537,87,266,494
483,330,64,10,233
432,30,306,206,536
291,318,364,182,142
399,266,68,1,431
328,49,248,408,267
370,134,330,29,507
142,564,293,224,554
568,4,367,459,215
447,300,545,266,94
409,145,241,224,20
355,557,75,153,185
452,284,206,114,346
443,137,324,104,115
474,519,418,401,443
320,417,37,10,82
295,517,19,221,279
436,386,264,334,219
6,537,254,175,378
313,48,206,214,545
6,308,59,119,113
325,161,421,449,171
67,386,545,308,319
435,9,171,436,144
409,113,385,90,378
58,287,80,280,214
137,155,90,33,344
417,359,49,447,457
18,401,534,134,225
10,167,333,203,396
468,8,96,321,87
276,4,525,391,485
108,137,476,403,46
347,135,551,413,76
448,279,203,499,488
94,323,549,306,113
143,50,481,18,459
300,385,389,50,234
300,497,537,222,241
363,405,217,289,32
407,23,265,432,325
144,512,553,168,254
279,461,267,386,18
77,299,285,283,40
128,399,405,50,239
229,8,396,239,289
301,269,379,323,255
104,112,330,33,72
0,79,213,522,131
64,364,220,380,258
92,222,388,551,261
540,268,554,553,239
550,12,231,5,20
547,485,386,562,389
111,137,365,401,77
162,497,336,299,132
87,134,139,313,224
553,224,509,191,137
135,195,105,483,548
87,142,321,76,485
49,178,355,488,76
203,295,225,555,545
258,74,412,75,194
571,233,361,229,224
300,229,142,415,276
304,36,119,389,287
90,58,387,239,436
355,46,488,432,161
510,534,417,224,203
190,455,382,142,256
534,282,92,137,247
396,113,483,308,276
430,403,8,485,181
269,528,306,336,444
411,310,508,187,329
228,563,411,79,484
400,519,79,283,133
402,75,359,287,31
266,199,483,375,5
502,144,321,343,498
572,387,70,355,247
115,90,365,157,571
132,56,203,498,204
330,247,353,33,488
483,355,314,142,97
463,468,499,315,229
356,528,436,145,386
145,133,564,0,459
485,203,10,50,455
483,113,461,61,191
150,572,164,191,336
430,374,401,540,34
62,537,32,510,233
403,161,107,56,213
239,361,32,396,475
161,443,333,171,92
347,225,401,114,128
517,531,104,395,534
517,386,187,325,442
74,152,320,5,201
482,291,168,288,551
185,548,16,365,571
361,459,318,58,534
136,283,365,502,376
10,87,301,519,314
336,435,318,155,330
514,50,112,26,549
163,142,343,56,553
32,515,363,234,138
270,263,191,299,135
351,498,525,292,386
164,182,362,152,267
405,498,318,506,238
235,312,347,431,214
219,389,455,248,295
442,272,387,190,9
461,26,524,539,504
174,367,528,37,114
301,485,86,519,332
106,466,145,122,161
238,457,288,342,234
365,547,104,264,105
145,38,161,318,417
573,435,373,343,529
58,289,94,476,545
6,550,168,187,189
272,198,192,403,175
89,76,233,525,8
354,434,145,281,497
455,53,260,555,138
412,521,172,86,363
573,287,33,378,229
513,34,290,6,46
545,192,66,354,470
4,159,391,355,6
483,319,93,284,399
54,152,308,36,268
11,357,5,324,10
76,508,537,129,419
485,145,386,40,403
134,396,203,191,24
270,166,266,129,30
302,215,358,201,135
10,364,470,159,99
30,92,118,363,564
30,87,161,201,91
287,515,66,90,22
551,90,177,281,545
142,461,90,161,379
16,109,261,485,76
214,539,198,489,72
475,337,58,485,509
30,306,87,295,135
83,282,268,191,35
145,101,537,298,574
566,445,144,328,547
408,405,528,18,272
488,223,503,545,320
258,191,59,551,159
411,5,434,229,155
69,564,396,345,201
279,330,559,155,574
36,266,113,20,166
499,98,527,139,536
574,142,39,566,128
524,175,4,255,266
207,321,471,519,19
442,6,519,517,355
524,391,532,357,542
337,267,16,452,546
2,65,401,524,386
219,351,389,6,396
345,129,171,182,155
15,301,64,483,430
436,282,376,515,267
153,4,325,79,32
468,10,300,163,488
420,300,83,228,30
60,457,284,461,420
247,282,498,549,327
304,465,23,15,300
418,166,180,225,151
181,504,12,435,293
181,447,567,574,239
431,373,64,198,564
315,386,225,549,435
239,318,97,371,16
134,457,521,553,26
122,2,203,396,255
65,168,568,441,241
330,364,367,303,378
300,20,488,86,157
483,459,112,161,187
261,313,548,108,301
405,499,524,189,375
330,314,455,442,10
362,138,267,321,264
132,488,495,182,144
231,113,334,514,266
7,261,445,187,180
61,291,333,379,392
228,66,80,155,75
380,534,30,156,434
32,444,289,448,242
23,307,373,191,484
203,72,328,181,346
230,425,309,313,181
10,161,28,119,485
182,461,438,209,488
532,76,488,525,368
89,537,125,129,508
91,268,203,258,294
485,225,233,247,355
401,67,193,137,113
475,285,171,145,430
431,30,278,64,210
214,556,386,71,206
228,534,571,440,23
87,401,334,142,309
68,168,436,330,288
58,318,401,470,342
436,114,260,41,461
515,137,528,401,66
293,270,347,564,246
499,229,242,294,335
0,48,295,503,241
354,409,334,161,420
403,299,540,476,328
362,48,281,528,300
450,253,519,68,334
39,32,475,325,259
270,18,459,68,421
112,428,555,38,461
175,293,318,295,564
515,540,56,501,363
58,203,269,371,325
457,138,39,424,5
164,326,365,233,307
18,508,137,342,196
252,276,18,571,122
501,300,16,28,207
508,503,379,128,388
64,539,134,137,59
247,59,510,527,564
460,20,442,367,451
111,482,405,8,190
455,386,64,259,88
488,359,175,295,115
430,495,115,415,268
177,337,10,319,475
265,133,267,566,15
52,125,121,464,442
234,137,239,159,534
6,461,399,91,61
409,137,503,514,509
427,488,183,32,259
10,308,168,264,247
213,310,373,264,64
214,175,171,146,338
503,521,134,170,388
4,521,386,198,115
396,455,79,447,145
138,330,483,301,254
125,251,117,553,403
58,4,409,355,267
361,537,234,545,10
361,374,485,161,182
519,7,23,32,490
257,268,484,391,403
551,220,355,252,166
291,79,461,386,529
37,290,418,537,323
300,480,113,355,391
482,237,119,186,138
6,307,79,564,443
87,114,562,171,485
239,564,378,355,394
171,309,337,61,6
77,241,157,465,312
374,400,553,536,91
171,293,321,58,94
355,10,342,111,425
204,166,206,44,308
313,137,519,489,366
283,133,396,30,221
268,133,461,314,326
284,337,504,396,268
190,20,64,48,368
65,25,413,485,574
320,163,568,57,59
243,261,328,247,485
257,52,367,411,386
159,342,330,361,445
340,490,44,278,357
204,445,412,321,532
530,128,475,60,542
483,239,175,39,134
317,20,337,475,8
318,80,513,475,321
240,492,62,92,87
29,229,225,98,121
5,239,499,231,195
382,143,325,266,161
411,95,151,113,201
42,328,171,214,5
413,182,408,295,32
168,268,175,471,540
2,113,175,279,485
485,368,330,253,213
514,111,44,76,401
229,511,507,168,90
498,483,564,411,296
134,220,191,435,413
192,61,224,457,391
301,64,247,395,378
97,30,536,296,472
175,460,133,110,84
485,68,17,16,401
319,66,486,386,475
475,70,285,30,485
554,418,277,300,539
159,4,300,566,461
514,545,435,360,430
459,166,94,537,367
294,302,379,195,490
421,376,300,133,355
537,2,545,401,304
330,32,343,483,573
137,49,409,344,356
134,176,239,296,356
458,443,485,63,278
54,92,564,475,389
171,301,300,403,246
525,246,542,247,566
459,301,461,137,436
365,420,571,509,498
318,317,361,389,255
279,62,281,10,389
389,138,435,99,20
508,327,386,234,524
318,87,280,365,498
558,16,66,328,222
137,475,534,553,436
459,534,365,134,64
206,555,525,390,475
288,431,391,485,344
31,1,10,16,39
464,9,483,112,284
483,237,545,232,427
396,31,461,393,111
436,560,527,533,355
142,51,334,218,93
337,133,268,171,138
6,443,271,108,166
573,300,61,37,330
427,386,12,5,498
269,542,246,364,411
525,343,8,330,569
16,402,201,204,524
390,542,562,2,519
8,354,566,326,417
18,507,475,124,547
19,155,485,232,521
265,326,252,393,459
367,171,265,120,460
119,214,326,403,465
317,344,288,181,386
436,475,507,307,68
558,363,48,27,436
377,400,537,436,326
485,421,524,364,315
408,435,417,38,442
182,357,492,317,146
4,300,174,519,442
50,555,76,364,133
18,502,386,137,142
328,413,51,509,73
532,562,175,391,341
449,337,556,340,538
128,555,390,484,21
321,428,554,367,361
400,376,0,171,318
135,508,30,91,213
36,217,145,330,278
110,401,537,555,10
536,281,424,161,10
338,145,374,231,33
137,112,5,66,475
235,195,75,564,156
220,399,265,508,457
4,367,550,436,152
545,94,64,528,359
38,485,307,497,5
122,301,519,488,95
30,365,330,337,134
129,265,566,107,527
117,72,265,282,460
68,225,195,287,203
262,113,293,334,493
351,164,447,47,296
431,31,272,250,142
150,377,73,545,174
326,34,405,186,178
113,556,537,424,6
161,560,31,485,0
519,177,510,509,161
504,380,373,150,300
363,537,133,269,76
175,301,449,555,165
301,435,566,295,204
137,287,389,503,551
259,553,564,125,351
336,213,432,119,116
545,281,171,319,51
418,342,58,417,442
156,134,534,430,109
89,498,455,233,156
93,7,539,330,214
178,190,187,341,182
306,319,114,30,119
373,76,281,38,171
24,368,288,234,396
547,17,300,125,212
79,4,296,339,186
215,24,119,401,507
321,20,161,558,494
530,197,134,537,159
244,445,161,462,545
241,498,510,554,376
44,43,247,5,409
62,215,375,334,76
538,61,378,270,494
435,113,332,68,182
240,37,324,30,343
357,519,565,547,278
500,555,545,484,281
20,151,313,380,9
434,134,363,64,556
355,6,565,30,39
259,403,239,300,532
566,538,239,32,320
374,135,482,76,459
513,229,62,475,545
418,448,371,64,442
313,406,303,259,403
175,467,225,249,266
271,356,564,447,276
344,362,225,390,519
568,20,57,4,203
213,112,488,201,40
156,552,346,484,483
68,500,459,527,268
142,365,388,343,6
81,296,86,488,66
136,93,280,318,234
554,442,317,521,215
430,402,133,134,190
137,247,484,330,461
224,231,30,525,68
142,324,319,225,547
247,30,405,380,24
433,175,125,269,400
92,295,550,547,20
508,90,375,142,229
302,151,156,133,30
68,401,547,92,281
40,251,534,527,403
79,282,260,16,533
135,408,7,537,96
307,69,499,527,6
87,288,64,337,300
514,313,386,4,10
396,304,113,483,191
161,566,487,10,465
201,489,436,278,256
113,321,443,266,436
261,325,277,299,470
332,213,402,355,532
64,142,436,146,33
301,547,300,216,258
476,402,279,525,182
483,324,486,231,400
441,300,30,203,134
5,176,327,133,321
2,548,318,301,430
246,126,436,239,524
0,233,408,545,519
157,386,316,301,238
386,547,47,543,365
10,415,504,436,142
31,137,401,234,20
545,558,271,215,6
276,109,503,301,389
136,510,282,509,145
363,309,76,30,320
28,264,403,155,485
380,5,473,449,554
32,513,76,386,233
25,93,494,155,145
175,60,145,58,485
282,558,277,378,296
82,161,97,485,225
566,318,6,442,284
191,461,32,175,455
134,145,158,75,481
405,465,564,406,75
120,379,309,470,545
408,255,98,403,157
157,436,246,168,495
133,61,161,430,32
233,300,101,119,76
234,192,247,343,482
246,436,361,92,527
261,62,484,503,300
547,301,300,421,319
138,246,330,267,287
183,535,68,32,341
33,113,538,506,524
258,425,2,166,20
134,255,313,4,488
501,471,92,15,258
109,278,246,554,145
15,555,441,190,304
112,483,297,515,328
183,213,312,301,115
300,285,152,490,509
401,400,266,259,382
133,334,37,259,20
386,175,74,527,281
231,7,360,549,247
376,155,536,5,40
252,197,509,6,334
59,239,161,427,175
44,267,521,222,326
319,564,386,554,234
375,306,32,368,396
16,138,135,76,506
525,5,99,158,409
128,287,386,504,418
234,485,47,75,363
76,227,283,139,175
76,449,483,66,287
278,187,58,409,330
386,324,225,553,489
187,113,258,213,270
514,137,373,295,224
528,161,143,45,475
156,128,325,556,386
527,364,6,146,447
459,364,225,50,96
356,457,554,367,346
490,64,171,277,288
532,342,146,97,330
74,248,521,544,468
379,337,367,496,521
95,26,368,276,246
330,228,379,558,39
400,419,115,63,554
239,48,194,204,306
549,435,145,239,5
541,295,156,300,125
534,113,64,66,16
301,436,178,544,134
442,134,1,37,290
498,58,386,26,75
386,301,544,571,412
142,485,175,266,38
51,137,288,490,129
238,246,367,553,295
401,363,528,272,301
524,246,461,386,135
63,266,145,1,235
367,66,68,165,442
61,365,573,447,421
66,75,415,411,175
386,224,396,30,93
225,300,317,448,430
493,365,288,519,64
10,418,285,552,191
359,49,6,114,46
415,118,488,10,208
504,276,149,436,263
435,555,488,468,309
10,165,64,389,485
538,475,114,268,485
31,109,376,113,498
255,30,534,315,432
378,253,287,213,155
434,396,287,5,134
254,328,122,443,282
213,376,129,137,517
430,25,271,113,485
307,409,137,210,483
388,195,504,300,435
431,301,315,142,375
328,531,484,10,300
195,491,268,224,307
272,135,229,133,401
225,211,524,567,545
545,327,164,415,64
396,490,389,66,213
386,18,337,39,310
4,99,295,412,176
539,328,281,289,5
135,119,68,554,246
175,161,347,18,208
504,113,394,451,64
284,547,427,201,302
330,532,68,194,90
166,247,98,132,512
315,475,467,68,542
42,68,56,137,343
213,304,342,300,163
5,320,266,525,309
468,247,328,161,68
376,268,534,573,64
206,403,182,188,540
137,300,138,260,412
392,300,145,459,114
31,295,142,553,247
396,294,485,412,503
112,321,64,33,365
9,537,440,111,359
145,555,348,534,175
119,537,239,508,498
57,134,441,519,553
15,334,418,386,164
367,139,431,435,498
168,288,363,283,282
354,568,436,32,300
295,203,526,161,111
194,171,164,461,87
508,203,403,283,8
197,37,388,525,161
161,473,18,368,396
300,461,430,363,134
448,268,37,198,94
533,104,510,497,308
424,288,535,295,483
401,465,37,386,549
530,18,529,442,424
334,490,484,488,459
137,214,246,30,401
313,225,287,68,466
170,342,441,21,10
482,568,239,475,260
447,475,442,529,336
5,427,235,431,152
60,234,432,417,144
525,521,61,393,301
151,90,293,337,20
389,318,157,201,488
475,112,448,234,86
175,334,295,76,6
521,328,365,485,528
402,66,116,79,460
355,134,547,436,129
28,362,58,113,527
70,7,0,138,435
390,172,529,39,399
465,151,135,233,480
424,248,476,282,28
537,364,44,386,225
361,272,8,436,401
403,4,430,515,558
171,266,156,401,524
386,113,537,146,515
330,191,142,187,401
87,317,7,228,161
155,389,339,183,258
430,90,347,160,553
134,482,145,161,288
165,280,175,431,465
75,563,64,32,386
313,134,424,31,301
405,510,300,306,113
149,161,51,540,525
138,364,33,343,490
488,321,396,542,213
27,113,301,92,368
171,175,135,412,152
527,396,123,163,368
343,214,135,238,470
330,470,33,61,229
338,299,175,75,475
288,386,213,344,460
172,325,415,8,451
175,328,214,181,405
267,401,380,443,447
188,76,409,134,80
10,420,320,309,283
476,171,152,166,326
289,403,164,288,30
134,159,537,470,201
550,145,6,510,113
129,480,359,438,482
105,134,330,401,537
362,330,556,142,10
32,92,20,134,301
225,449,484,137,161
359,301,386,10,555
1,263,527,484,193
112,76,175,527,330
573,391,156,447,459
134,418,447,125,75
301,241,519,192,401
308,300,553,468,415
0,488,485,32,556
574,395,515,398,330
417,254,220,247,30
91,402,59,122,294
462,550,272,483,138
545,413,553,535,39
189,376,251,246,405
479,515,287,5,178
519,549,455,137,22
132,396,191,524,330
315,387,524,140,99
5,389,104,87,109
519,279,277,225,97
528,459,345,145,191
317,245,87,499,538
16,398,123,389,553
299,411,349,484,4
537,201,257,395,183
315,256,310,431,330
330,159,129,139,114
213,304,448,9,545
137,316,396,224,283
267,386,324,556,239
528,458,68,6,554
229,37,321,182,61
5,84,263,380,300
554,215,79,257,31
420,494,380,532,517
19,142,58,40,293
79,325,336,15,283
549,32,99,359,330
7,268,183,543,436
301,51,524,494,10
366,421,247,89,510
30,519,269,297,483
68,163,38,76,185
425,573,313,482,161
172,321,6,365,341
558,231,203,486,5
111,545,537,509,396
485,417,484,337,458
204,524,203,137,365
555,295,113,10,135
4,542,386,194,479
413,427,20,8,334
38,401,480,525,92
181,436,549,435,401
175,490,442,483,389
37,30,508,138,424
10,6,229,528,435
131,537,482,534,460
479,171,64,419,260
64,568,391,267,2
265,519,517,523,59
403,213,116,62,128
545,537,555,341,137
19,287,496,408,573
45,510,321,256,368
484,70,442,413,76
68,419,153,313,299
338,115,348,436,231
413,524,534,510,32
142,436,459,311,338
320,400,11,134,435
308,234,9,76,171
206,528,400,380,142
142,513,386,175,301
229,135,155,186,175
288,563,2,113,161
475,146,484,386,324
134,64,355,171,129
231,432,79,328,337
276,6,386,354,76
142,58,447,461,308
399,306,355,12,64
245,254,485,488,307
519,129,267,137,92
391,449,440,214,313
355,268,87,30,451
398,141,25,299,281
341,277,175,380,91
405,488,103,347,6
94,225,393,50,524
315,113,499,436,161
318,246,509,547,98
