156,268,7,498,365,171,392
483,287,161,306,424,411,537
385,32,413,421,547,247,431
288,435,94,379,488,554,428
259,138,144,66,168,17,267
8,431,214,238,307,326,555
38,247,104,134,426,183,62
462,534,391,328,142,321,443
246,376,94,326,0,468,212
59,260,432,485,313,344,535
314,379,362,113,109,101,355
224,133,286,231,222,401,15
7,112,330,537,552,309,268
247,32,93,303,474,123,315
432,389,203,303,434,58,268
386,68,461,47,55,87,114
161,412,239,485,554,15,330
247,482,136,435,479,214,371
380,142,136,30,537,277,252
68,174,41,175,64,113,393
134,234,217,129,430,113,470
166,386,484,315,30,13,231
485,7,314,64,299,549,222
145,195,161,552,417,6,532
457,87,225,494,376,161,330
304,545,213,152,28,37,240
246,28,38,517,252,574,37
5,475,367,59,515,347,554
320,541,288,295,448,559,307
430,485,525,378,30,545,40
498,293,239,214,300,278,539
33,299,59,78,482,201,175
340,556,365,246,122,54,538
485,390,134,537,225,346,484
300,9,365,201,380,428,514
401,537,74,514,529,285,170
192,134,483,233,324,264,461
401,307,306,550,330,519,403
386,447,460,373,301,39,81
10,259,75,380,7,255,420
332,532,430,134,9,525,566
161,324,175,144,476,417,10
52,367,529,418,132,514,234
47,99,355,201,442,38,30
168,314,156,179,24,257,544
329,198,442,403,306,377,499
501,304,213,136,435,309,367
293,457,328,9,503,50,428
134,30,396,272,181,443,419
405,254,50,414,524,268,494
571,210,134,24,328,203,32
550,68,504,386,396,113,342
182,276,74,411,30,283,92
248,394,145,387,537,361,330
145,373,524,470,430,10,288
276,65,400,537,304,228,301
190,260,337,113,101,182,88
93,140,16,287,301,70,46
142,307,550,403,113,396,224
438,514,538,19,287,92,2
545,336,285,161,461,406,247
438,66,76,64,295,78,326
24,47,30,270,203,386,355
472,66,482,498,200,231,497
138,134,300,548,462,483,257
6,58,490,66,201,252,556
161,444,134,443,65,345,515
509,413,373,261,483,30,224
545,186,488,296,483,519,34
295,75,272,417,39,485,155
112,76,203,494,517,142,386
268,136,133,156,15,7,137
300,50,403,48,538,467,68
325,435,550,545,455,554,246
482,129,64,545,31,551,74
568,549,566,213,417,275,68
455,337,403,168,301,482,246
435,352,136,359,134,386,10
515,475,534,396,171,231,30
119,494,144,142,484,459,470
462,134,161,240,101,525,497
528,383,508,215,50,435,16
304,134,330,295,0,301,519
432,363,256,11,400,120,203
92,457,155,411,503,266,115
465,56,551,363,334,234,266
68,525,254,432,326,409,348
234,247,134,58,377,290,389
363,38,68,364,76,517,542
326,182,306,284,11,389,461
6,321,442,36,435,525,92
538,461,272,529,8,573,503
295,533,40,442,203,278,106
432,208,380,341,283,30,537
359,229,515,203,278,497,371
215,536,554,168,87,234,8
355,386,536,150,74,259,564
475,314,485,137,448,389,530
408,485,378,36,231,2,547
281,475,295,545,358,459,6
449,485,344,252,313,46,10
298,168,413,191,38,30,265
497,142,203,248,436,548,499
137,566,161,30,366,501,2
246,412,261,460,129,142,119
556,339,194,271,145,377,355
488,136,113,402,432,165,524
409,365,67,4,231,328,455
58,282,552,300,32,247,171
435,568,114,300,473,403,482
334,68,252,355,32,508,113
78,279,220,519,277,431,68
553,252,330,231,431,570,247
19,113,87,548,300,282,430
137,412,287,260,191,60,483
534,114,411,261,510,367,64
436,564,59,9,28,553,566
376,498,288,317,37,361,168
328,126,359,168,574,68,553
76,482,31,277,288,403,129
467,199,326,315,486,250,512
362,46,319,201,181,321,436
344,87,238,113,343,299,459
377,390,145,33,545,248,318
413,485,30,367,451,277,194
321,486,12,569,307,552,215
461,484,527,387,453,32,428
431,231,175,109,248,373,556
252,87,68,58,450,247,475
267,519,483,365,459,401,156
32,142,476,247,288,554,10
263,250,448,418,394,357,9
260,458,498,231,515,295,82
554,475,510,401,175,51,314
287,181,386,402,330,5,306
134,464,461,30,483,32,391
161,163,470,486,228,75,450
133,213,441,424,137,99,86
438,79,189,525,572,564,44
396,247,513,425,376,489,547
346,314,403,485,293,75,381
303,150,291,9,475,58,136
528,234,401,272,134,253,269
362,247,460,5,10,324,76
156,212,401,142,482,137,139
553,194,138,113,72,517,279
321,466,412,9,495,403,354
321,79,310,166,13,513,403
330,229,442,351,84,175,485
308,494,247,529,222,10,256
20,436,319,102,156,452,347
171,544,514,554,494,233,307
386,5,499,521,117,113,373
442,10,159,255,183,485,512
461,315,175,538,300,347,424
37,64,300,409,4,137,279
204,343,363,461,295,550,420
278,193,5,371,296,86,292
32,526,203,483,485,20,134
113,307,203,175,272,479,326
231,478,323,385,346,46,484
529,293,357,137,435,177,300
285,431,357,300,512,203,525
30,106,486,94,4,529,386
136,5,39,214,389,33,113
133,161,387,498,267,171,281
455,403,485,99,380,470,347
368,33,289,225,10,482,68
364,307,545,399,241,267,557
300,560,461,0,401,152,396
145,482,457,187,246,268,122
508,498,195,387,229,146,545
527,445,321,277,358,409,10
19,36,5,365,485,87,266
455,175,418,511,48,524,498
191,194,4,306,368,64,485
194,419,137,514,343,81,365
529,245,548,380,528,247,279
391,119,254,461,366,444,334
163,51,267,299,485,201,403
114,213,566,525,265,488,336
129,113,379,4,43,545,337
301,18,573,402,268,519,482
419,539,437,320,435,300,354
263,201,307,291,191,288,483
289,498,295,203,130,152,502
475,257,31,566,64,287,519
337,396,155,285,6,462,330
554,470,488,260,212,528,315
56,553,412,2,295,436,186
137,305,396,553,528,519,171
455,389,379,547,45,58,336
299,19,524,435,75,113,155
190,121,304,371,537,171,2
30,485,572,529,412,306,474
404,16,499,386,527,509,528
64,285,247,385,301,306,174
447,259,525,534,279,178,20
512,558,478,396,207,389,215
158,300,19,175,161,310,267
137,300,220,409,190,32,278
459,330,130,438,483,204,389
285,54,1,415,483,420,290
409,146,386,485,122,251,318
547,293,566,201,483,435,241
161,535,234,195,547,192,160
319,514,72,389,159,532,6
479,442,566,313,96,5,137
2,227,8,73,287,537,386
498,263,400,181,95,221,306
268,330,321,391,519,347,279
529,65,268,214,409,213,259
528,487,547,490,156,494,301
330,75,194,229,112,76,5
427,272,442,191,321,196,201
248,428,83,519,195,401,361
30,363,52,485,64,300,462
553,252,58,266,272,234,168
171,552,460,307,129,483,508
528,32,447,268,386,330,66
95,538,185,330,81,171,525
267,436,248,58,363,293,359
314,64,436,306,554,527,31
401,513,301,137,555,213,67
344,4,473,457,125,115,138
499,137,326,337,512,213,389
320,445,492,67,211,60,10
361,174,161,247,253,386,534
183,378,62,355,551,64,195
344,409,218,525,367,337,134
153,272,341,564,343,319,11
361,475,64,104,494,550,300
171,72,330,509,210,473,427
276,204,254,76,304,182,321
285,130,133,401,10,57,539
485,412,30,378,150,457,208
186,418,430,220,307,467,291
151,539,191,71,339,328,156
48,532,519,401,174,378,39
463,482,219,48,191,64,144
437,355,207,66,22,252,550
270,449,485,254,187,76,417
413,300,74,461,431,16,436
475,361,512,68,161,2,199
168,341,64,280,542,539,161
94,47,137,413,449,475,234
548,459,116,177,68,247,401
8,166,142,136,342,321,9
59,48,442,295,18,64,537
368,394,58,313,345,306,130
498,488,38,483,13,426,113
10,524,318,76,564,134,175
20,555,416,268,378,140,163
91,113,143,271,390,524,327
201,356,174,442,386,304,433
203,1,459,475,172,93,213
550,396,164,24,488,68,400
203,20,234,140,436,514,556
134,484,316,536,330,321,338
254,534,318,295,504,70,499
436,537,268,18,497,563,17
419,453,396,430,417,521,403
68,436,38,440,385,205,521
564,396,138,182,10,125,28
511,373,418,229,282,30,31
128,161,295,156,485,521,326
417,151,98,182,434,208,291
401,152,396,268,417,572,485
234,46,528,554,239,137,142
281,174,18,324,151,545,233
111,545,363,533,12,77,393
344,253,490,45,362,306,134
143,152,1,293,155,300,550
75,66,266,94,489,6,308
281,228,134,83,143,521,133
330,484,134,48,392,66,10
4,367,403,281,8,62,30
485,138,213,87,10,145,5
509,554,473,135,396,313,239
31,335,442,396,334,229,246
234,181,24,356,459,564,398
308,539,56,137,161,235,58
507,20,46,145,15,378,504
30,427,267,363,387,514,330
480,361,288,476,319,435,137
186,460,68,313,247,552,170
343,459,318,181,201,493,234
224,30,436,552,20,490,386
213,8,412,60,133,119,315
389,191,234,92,461,30,567
203,548,86,233,337,365,213
119,430,388,355,344,318,171
279,488,426,76,411,430,300
171,109,430,538,87,488,201
145,318,536,521,8,12,229
279,409,430,504,58,354,39
317,403,385,376,203,229,80
66,119,537,171,512,283,151
234,56,111,2,134,272,314
219,214,386,119,152,307,330
121,283,5,156,265,222,32
272,260,547,258,255,519,68
95,271,2,318,365,115,533
224,507,363,270,129,107,483
10,185,222,132,550,272,563
213,234,364,431,256,483,334
161,168,545,263,8,558,534
122,318,412,269,231,551,267
224,126,10,299,461,207,361
411,555,386,161,341,114,342
330,66,556,256,401,304,263
59,279,137,358,330,133,201
113,485,566,267,259,87,309
7,537,476,266,490,122,386
167,437,565,30,475,213,485
221,142,380,536,137,361,517
224,417,537,405,543,564,509
257,11,246,161,418,405,79
564,345,95,483,5,126,528
20,538,135,325,26,193,58
258,133,190,307,459,431,285
429,190,86,252,524,363,547
325,37,267,556,484,448,438
504,187,42,58,403,283,336
330,5,259,68,340,219,171
380,562,146,267,281,114,295
386,300,436,30,361,90,431
457,334,139,252,401,291,396
337,113,74,142,318,33,47
159,515,525,537,312,203,521
345,550,300,288,532,562,545
533,501,365,9,386,338,417
121,285,5,86,566,64,540
289,493,564,415,106,330,483
380,20,168,206,429,134,403
58,524,132,319,100,547,532
159,521,459,396,550,76,325
461,2,203,515,168,552,462
504,109,362,122,58,485,74
485,25,60,473,300,417,133
281,260,228,475,71,5,513
182,403,438,402,355,501,6
171,285,519,9,241,187,485
295,79,457,564,361,435,346
435,15,427,290,419,356,548
564,312,380,136,475,196,113
380,532,340,357,287,493,32
211,109,79,471,412,374,334
539,263,251,355,277,569,326
300,330,161,58,18,490,436
214,356,488,363,318,74,30
152,524,145,547,430,369,37
538,436,8,389,77,306,136
2,382,325,75,133,239,322
314,284,445,435,30,76,109
431,114,319,228,133,527,129
2,50,385,475,300,564,258
201,10,389,470,313,122,94
301,302,531,368,231,461,504
468,313,175,122,356,278,4
389,487,403,278,156,51,526
498,161,175,195,300,344,86
48,171,300,66,301,192,549
256,65,152,490,326,68,503
281,2,361,156,120,533,371
300,482,155,175,24,262,264
544,520,547,17,552,355,379
301,6,258,497,411,128,436
4,487,483,9,343,403,94
60,324,403,58,549,175,281
470,301,75,30,49,111,343
231,513,229,30,73,228,159
37,259,524,555,432,483,343
285,187,562,302,410,300,4
267,509,59,272,534,443,38
475,79,528,5,367,134,565
514,301,256,87,94,152,10
189,564,313,327,386,171,268
390,228,6,437,561,155,245
488,389,54,170,321,486,517
544,442,510,64,308,318,254
50,24,9,145,534,290,155
138,300,449,337,504,119,175
427,288,457,365,341,56,322
386,30,514,239,396,136,171
396,16,488,571,401,343,386
418,68,376,300,224,509,570
537,24,442,300,13,258,182
247,344,569,461,134,436,330
195,239,30,241,356,519,212
330,488,75,526,256,347,434
61,133,139,514,132,268,553
201,527,309,20,181,142,314
252,488,161,4,537,136,474
435,134,35,419,48,263,267
259,545,313,459,280,201,58
247,440,151,16,18,507,246
145,519,79,154,15,134,513
355,276,61,363,385,33,547
321,378,478,555,300,30,553
98,276,547,5,405,424,80
529,326,191,238,547,92,37
476,66,357,76,210,537,278
168,300,186,519,68,164,10
493,239,265,132,5,363,515
437,424,155,470,364,109,234
337,351,171,100,79,137,300
444,137,574,66,92,266,355
545,527,135,494,175,39,412
18,319,442,276,87,239,71
16,137,490,9,122,528,557
355,388,514,295,313,235,301
460,137,528,222,387,266,413
504,190,379,81,136,553,473
348,337,10,537,547,315,238
73,450,380,457,300,308,568
37,386,76,334,390,38,175
545,330,76,79,113,401,225
257,312,519,16,97,229,368
203,318,529,195,161,123,257
266,278,326,417,430,479,552
176,367,364,229,365,330,324
256,564,436,204,161,472,7
443,194,436,1,536,314,246
58,267,9,134,543,417,300
307,213,131,449,86,234,43
300,134,75,224,132,170,562
259,175,152,129,362,61,499
300,105,525,498,307,529,195
483,38,289,422,542,324,536
514,572,113,5,10,261,307
11,418,278,86,483,509,261
57,524,30,8,389,168,468
436,92,389,403,190,313,475
198,164,482,23,521,475,203
336,5,6,558,172,435,77
10,318,60,252,201,416,18
254,225,292,475,498,178,489
57,313,344,512,427,554,161
166,355,8,250,437,52,436
485,510,324,373,488,9,386
464,512,301,355,99,297,548
525,562,171,470,323,396,68
299,346,212,203,320,459,363
391,553,61,175,28,5,441
321,366,441,36,536,82,272
508,475,8,115,394,40,483
78,143,66,259,300,168,542
485,499,228,551,344,68,336
228,403,364,448,77,321,549
6,4,459,113,0,66,60
301,441,137,365,401,364,440
545,330,565,375,435,20,168
4,171,283,398,435,10,442
326,300,387,435,318,235,233
201,564,228,51,91,475,355
272,87,4,393,133,151,532
231,56,135,136,554,542,483
252,401,16,531,485,444,10
134,18,279,258,181,538,536
178,152,139,482,374,295,175
75,363,492,10,51,86,534
252,442,461,266,511,430,38
48,113,160,396,299,439,355
413,435,6,545,129,301,64
269,8,191,203,418,342,252
300,498,203,525,10,191,357
10,557,458,199,532,207,39
6,524,195,8,554,190,427
10,57,330,113,315,462,363
483,300,540,564,435,94,190
554,401,545,513,235,161,293
482,378,436,75,234,386,459
19,6,562,101,49,115,361
89,146,485,287,178,365,386
475,191,231,534,334,386,401
277,131,257,36,4,517,137
59,545,225,317,309,442,282
443,421,59,389,396,287,367
482,519,502,279,30,239,161
16,170,8,285,295,435,210
436,242,155,525,66,222,314
550,161,37,401,33,503,486
195,330,274,171,130,386,527
525,432,52,334,143,504,161
389,343,494,255,59,5,558
239,301,475,342,501,51,554
380,134,484,269,152,137,189
363,115,161,396,461,443,30
545,346,390,239,483,488,470
525,436,111,6,133,98,325
363,514,507,137,420,239,545
435,265,158,31,573,395,269
134,566,268,490,553,571,64
186,257,401,461,262,418,160
32,138,303,105,534,2,266
378,301,380,529,113,181,321
201,79,10,413,553,483,224
20,528,346,536,318,364,571
75,409,408,485,538,461,554
92,268,247,133,5,56,504
483,436,386,547,549,75,5
119,171,555,485,277,269,330
268,513,300,387,296,72,142
134,261,330,383,567,399,424
517,113,71,464,196,488,525
197,270,31,231,355,136,175
284,342,304,435,536,412,204
32,448,554,279,6,266,402
485,326,263,89,265,385,259
144,401,444,342,163,171,161
424,152,10,224,411,5,483
128,503,291,344,192,301,129
387,154,436,304,343,258,293
203,233,95,330,430,565,229
11,181,544,540,328,400,483
480,367,525,134,519,252,231
307,525,572,10,318,163,16
355,434,86,218,427,203,191
194,430,141,441,171,123,439
24,134,217,161,390,213,234
40,125,32,525,228,5,213
401,272,405,483,119,137,409
468,269,459,436,146,231,76
485,129,75,151,206,239,524
525,9,464,437,386,73,201
359,71,485,59,134,403,534
417,355,370,488,380,553,494
440,510,234,503,51,216,379
373,282,475,441,411,79,365
493,436,301,32,155,6,354
382,94,348,545,9,369,87
10,302,484,191,432,545,319
521,538,553,324,536,459,355
79,524,175,299,300,401,10
389,309,234,269,394,461,182
194,519,424,425,222,472,7
307,483,430,417,10,344,565
488,330,61,459,564,532,355
474,313,459,87,256,4,161
486,272,346,553,68,377,145
4,436,485,40,574,213,274
392,192,171,247,557,405,238
252,508,458,386,411,68,328
4,391,180,58,475,521,365
152,266,557,452,293,119,58
330,37,435,449,183,380,482
53,93,5,201,122,574,24
166,538,386,281,64,488,512
378,330,156,308,514,386,26
160,502,532,134,59,5,161
473,485,355,475,558,308,47
417,508,4,134,207,230,139
171,299,120,76,432,213,129
252,519,181,512,365,504,38
554,281,389,10,545,361,75
525,5,542,277,553,449,293
378,555,448,62,61,137,58
96,441,234,145,390,123,59
254,415,215,485,36,248,564
392,301,6,20,504,409,137
9,356,554,18,260,66,363
227,137,319,133,1,267,510
398,300,353,570,380,68,121
295,342,525,37,532,483,64
484,485,564,556,417,567,82
374,163,524,288,138,337,545
459,415,447,58,436,248,442
390,271,483,442,112,5,238
43,346,57,409,64,187,436
537,247,337,499,68,254,540
133,80,64,494,175,75,488
489,139,295,240,321,486,233
318,529,300,109,288,435,436
225,344,572,142,38,503,465
398,267,555,137,201,485,276
568,192,301,403,15,119,135
558,276,564,181,175,304,457
276,494,268,413,535,475,382
436,187,145,345,160,272,182
307,288,30,161,396,525,287
498,76,564,301,10,145,281
33,468,291,330,87,267,94
380,115,66,145,438,32,501
417,485,51,300,76,161,10
54,161,288,266,30,386,438
475,171,376,521,413,412,191
111,394,391,401,485,285,448
281,346,79,99,368,113,386
222,58,488,470,5,418,264
555,403,10,33,231,334,204
32,233,402,389,268,146,332
20,402,107,380,328,7,492
277,301,68,213,64,171,485
229,511,475,357,436,171,408
379,287,519,293,409,417,8
2,400,153,155,338,181,241
355,475,295,484,252,551,288
155,482,343,146,545,6,32
420,54,17,182,508,437,16
119,475,201,436,62,462,32
282,462,527,545,399,299,340
403,552,405,76,38,386,330
59,187,537,513,113,161,526
287,113,119,426,412,479,337
503,267,337,287,196,206,501
393,483,68,330,92,30,503
461,555,263,5,548,283,551
10,534,64,545,484,307,357
225,159,171,252,30,440,113
64,435,548,143,525,401,387
342,114,475,61,109,443,68
534,295,312,318,56,525,191
307,269,203,393,139,241,442
544,144,60,566,301,95,72
113,485,476,365,28,537,225
66,228,234,268,552,218,559
128,319,513,365,452,268,0
527,299,484,537,319,562,248
342,133,75,391,534,182,326
180,79,293,273,306,47,33
301,102,480,10,386,104,490
363,538,185,555,330,20,232
131,123,354,247,448,428,408
351,558,395,404,428,459,288
401,151,269,354,272,155,278
355,455,133,463,175,30,524
71,200,484,269,183,396,47
318,161,168,515,472,301,308
68,494,105,138,398,509,121
64,376,219,269,436,94,171
252,219,95,58,114,152,206
134,64,68,517,146,5,171
138,234,534,59,494,312,224
475,175,6,363,137,295,132
361,483,218,134,394,471,40
405,12,134,510,238,171,32
330,225,66,68,566,367,501
76,415,68,287,229,313,39
195,6,330,64,38,475,39
216,534,368,310,387,76,433
137,461,5,32,8,488,440
137,566,231,45,438,507,470
485,156,145,336,386,315,115
403,515,134,482,260,76,182
114,39,171,524,343,285,142
64,146,111,19,485,268,201
64,301,328,518,137,6,5
250,341,343,168,30,87,95
386,430,473,447,486,379,324
69,409,68,361,6,394,400
284,339,490,10,54,509,164
190,82,361,401,386,555,10
69,213,521,268,405,319,146
411,283,310,231,87,267,104
66,115,129,267,4,514,401
47,132,538,529,572,438,231
231,119,337,52,171,267,306
542,418,183,207,380,386,137
537,574,530,448,512,8,333
512,6,439,351,231,234,499
293,511,233,68,225,213,386
386,170,387,515,545,519,410
483,333,171,229,389,137,434
437,462,427,213,376,498,300
417,408,441,234,64,386,164
30,67,137,388,111,228,10
137,380,408,254,86,528,421
367,299,488,119,51,79,142
151,187,485,265,115,457,331
363,136,259,347,318,310,365
483,229,304,343,524,498,28
44,7,176,365,58,432,300
485,281,201,300,30,268,368
519,336,301,161,528,256,124
137,509,261,508,231,182,558
145,239,435,14,539,10,401
165,332,547,152,228,224,516
204,94,68,480,401,537,330
73,214,113,548,565,58,170
79,413,356,137,9,461,64
426,341,553,295,263,436,525
501,450,295,358,201,137,181
355,345,264,119,475,129,278
386,129,511,373,355,301,427
5,2,569,79,6,287,545
129,367,347,436,301,537,203
525,239,168,476,161,30,325
114,247,401,432,566,308,412
239,8,346,191,545,498,228
64,186,328,260,396,307,77
389,298,95,20,131,241,89
461,494,76,171,159,203,87
184,411,171,545,150,9,415
64,293,361,573,493,204,538
175,212,562,317,225,113,374
545,380,63,452,510,573,428
301,485,365,98,68,268,50
345,473,454,300,277,386,448
300,430,515,201,142,389,443
459,247,151,142,483,368,540
11,7,504,512,210,190,441
355,392,386,182,258,301,538
515,398,79,272,307,537,299
86,441,126,436,458,267,414
259,213,338,140,268,192,76
191,529,499,475,279,508,355
157,304,413,52,298,488,10
213,424,151,2,80,187,318
517,204,68,269,231,156,153
142,37,47,405,400,250,269
405,292,31,376,412,356,51
221,532,293,308,218,171,86
405,247,485,573,289,175,291
519,256,466,334,503,198,201
134,38,537,151,11,255,551
121,401,10,76,181,289,224
171,113,499,281,18,137,194
488,58,445,443,457,416,299
182,566,457,304,58,538,358
323,455,473,33,330,201,547
32,414,114,418,308,380,497
300,166,225,10,136,519,321
551,509,171,421,555,485,152
552,361,268,501,15,213,545
64,494,39,194,554,97,142
301,555,447,348,234,288,493
170,537,252,330,164,312,113
553,524,147,486,532,269,509
308,175,387,152,129,268,149
97,36,362,368,302,47,574
418,58,427,373,454,263,255
146,288,30,343,420,246,190
246,324,485,465,2,181,53
251,389,86,507,175,203,321
555,334,338,319,183,288,257
564,362,5,269,355,113,300
224,417,136,235,6,281,123
5,308,475,79,76,571,201
566,568,484,171,247,317,441
1,268,299,90,161,204,252
288,161,380,191,38,461,74
508,403,156,139,339,566,498
123,396,141,4,47,6,308
161,386,301,137,562,433,417
527,68,99,313,483,164,30
401,299,361,475,473,483,435
266,31,38,403,260,246,114
415,256,300,79,306,552,363
76,255,78,451,467,319,494
81,321,291,38,485,378,301
51,502,396,61,175,485,186
213,430,536,403,58,190,32
30,231,418,210,436,485,56
5,484,33,491,280,389,318
459,68,89,126,59,410,436
171,216,455,135,363,184,31
14,79,58,182,300,304,443
105,123,9,98,58,485,142
32,8,109,299,419,339,530
435,485,515,134,11,547,526
135,527,304,75,497,499,203
282,50,485,161,475,309,538
436,154,26,312,168,493,485
174,281,555,554,261,214,32
172,527,355,165,115,18,508
137,413,30,442,271,365,66
30,225,161,231,359,82,38
330,421,304,479,427,558,389
247,144,421,30,76,338,545
483,386,494,497,315,432,510
436,247,133,551,457,99,239
527,359,315,488,116,109,30
300,161,363,445,503,239,528
293,534,355,490,510,443,357
5,64,517,403,308,418,58
18,517,343,373,485,538,58
241,142,252,363,201,51,468
475,556,93,442,32,376,90
46,434,461,66,524,93,485
213,134,228,389,401,462,505
401,50,239,421,129,508,161
201,337,295,428,399,457,545
558,134,75,545,560,26,254
252,547,161,31,551,300,287
325,488,410,6,171,212,10
312,66,10,225,337,551,442
86,227,334,161,168,321,313
119,8,24,109,389,288,461
37,380,487,430,46,365,455
76,136,234,524,270,290,394
553,270,375,16,5,330,385
122,37,142,278,214,31,386
194,483,58,248,32,484,329
134,401,234,64,565,493,293
94,504,132,295,161,90,459
454,321,468,342,62,461,524
30,109,344,482,175,380,509
59,475,537,9,254,66,195
551,386,10,203,293,51,442
225,64,328,424,554,8,256
396,459,330,556,84,265,161
549,174,338,198,396,521,420
363,164,460,68,161,559,287
525,2,447,182,32,100,247
313,512,204,337,284,4,486
432,213,191,113,442,4,382
314,562,168,548,90,30,492
342,490,44,367,171,141,309
381,134,171,66,515,348,76
312,90,415,113,87,337,9
386,61,288,344,38,5,87
228,364,334,288,55,380,272
168,429,538,104,49,442,537
79,421,165,363,497,259,482
457,222,174,413,161,2,280
473,317,139,66,501,494,171
380,545,488,52,18,361,95
475,268,143,386,391,300,48
79,114,253,206,417,33,247
396,161,346,171,357,459,548
300,534,10,137,428,295,503
560,409,68,30,455,396,72
355,318,30,302,134,386,537
347,15,299,504,279,394,157
163,284,485,396,142,133,121
18,355,337,174,111,484,30
44,142,161,51,484,72,490
395,357,418,58,405,419,4
348,50,365,364,536,328,267
386,109,80,387,528,201,455
137,460,61,389,311,233,139
538,401,529,485,327,203,441
338,389,111,534,198,137,525
300,8,525,114,129,565,330
68,5,233,128,363,112,74
459,566,161,409,239,224,56
483,180,457,459,405,400,330
534,159,526,485,365,509,444
276,231,5,224,182,515,174
4,76,18,301,510,427,294
314,48,7,229,165,358,361
166,235,108,276,553,151,175
203,508,50,345,301,401,214
9,48,301,10,137,387,545
182,150,134,403,87,266,0
566,428,206,301,201,185,277
335,136,238,485,363,461,234
281,68,547,540,385,229,348
300,359,43,355,545,247,385
263,299,142,6,10,161,498
30,336,32,228,391,142,380
362,488,30,156,295,300,6
379,159,330,553,436,224,449
493,495,159,242,527,175,109
182,523,68,328,365,24,76
402,373,272,186,391,10,225
520,380,432,401,32,343,434
190,449,8,43,113,25,377
276,62,545,524,484,125,51
31,276,485,508,418,429,386
495,417,324,138,134,321,148
203,57,283,241,259,537,177
234,403,233,16,553,64,295
171,449,401,528,174,424,7
229,537,574,339,353,120,264
537,213,403,529,462,334,30
66,183,163,476,288,345,386
485,475,499,386,340,114,297
545,475,156,192,319,5,499
76,328,225,378,498,483,389
402,530,461,113,475,235,521
539,485,35,475,285,488,44
15,330,574,10,55,66,334
119,353,378,379,186,442,400
386,417,418,142,241,459,370
64,239,30,87,295,34,355
394,484,313,514,134,76,301
93,409,425,64,555,415,281
289,386,380,284,156,528,365
136,300,534,331,400,111,270
488,367,288,413,308,161,90
238,247,301,313,268,435,114
362,387,171,308,71,58,313
334,161,174,9,263,537,436
547,40,136,38,120,380,224
452,215,536,525,496,39,324
229,33,357,386,503,551,355
115,156,247,554,359,300,435
330,31,378,389,558,87,530
255,507,528,344,34,16,486
396,484,16,391,497,119,405
442,376,504,532,12,389,160
344,306,532,248,288,4,447
548,113,484,408,130,495,201
488,330,271,546,74,10,288
295,364,164,341,6,40,66
401,227,361,76,529,524,121
160,328,318,544,10,265,525
1,318,403,137,484,393,288
420,401,534,529,5,545,234
343,68,538,553,386,485,32
509,400,519,178,339,268,155
369,32,436,168,59,90,246
448,52,571,512,330,191,282
24,145,554,55,379,313,87
125,264,46,30,122,490,528
2,282,455,143,257,545,146
98,86,90,68,137,389,330
376,58,80,120,79,396,231
386,227,341,403,564,525,8
411,260,256,318,325,92,436
380,560,443,182,183,8,501
30,540,428,253,161,465,156
142,300,255,361,6,65,436
373,514,256,409,79,5,137
442,161,24,2,10,551,412
443,386,392,259,152,90,296
234,544,545,417,133,229,558
16,26,239,300,330,529,295
126,133,405,529,117,483,313
326,135,553,401,510,461,341
150,483,225,57,18,499,213
558,75,415,137,547,59,155
347,224,438,5,203,58,94
247,86,499,459,134,213,137
24,403,6,538,408,201,423
507,326,447,386,434,125,65
92,413,301,93,122,571,347
146,76,47,436,380,371,58
405,104,436,4,161,182,564
62,387,540,308,355,18,551
524,233,483,216,357,287,97
347,503,299,260,30,4,418
306,151,128,436,213,38,32
163,385,39,146,234,363,529
60,264,10,258,420,308,545
233,134,499,197,135,547,537
380,403,413,55,40,490,171
480,39,403,201,389,16,181
285,323,93,199,260,137,532
238,485,263,498,346,4,488
287,176,428,241,436,51,224
115,527,110,231,295,31,266
161,521,300,308,474,134,554
58,59,300,234,171,161,168
382,90,389,483,142,190,30
201,341,278,175,107,537,485
247,457,402,116,68,566,409
417,30,87,519,10,566,355
401,488,301,94,545,10,213
412,46,316,435,113,309,247
425,234,213,185,431,488,326
389,442,171,368,51,301,460
238,330,115,171,94,195,77
549,18,509,363,203,539,346
163,483,566,18,412,386,504
142,515,302,513,30,373,337
50,527,265,358,22,482,457
403,417,8,534,114,512,485
438,9,58,342,551,267,168
483,405,138,213,277,562,75
9,121,97,412,443,547,553
412,168,442,485,51,134,553
191,99,349,537,213,545,76
484,380,358,39,344,476,345
6,161,518,572,86,355,269
545,380,260,191,86,554,203
201,173,373,293,363,284,19
458,527,475,191,482,64,400
91,64,356,359,537,403,9
214,490,389,428,187,386,133
449,415,430,303,213,254,161
475,304,455,453,291,548,403
38,294,20,527,8,288,431
515,328,459,333,521,129,38
565,99,291,119,138,534,386
114,210,557,6,504,459,441
5,498,68,295,365,324,396
334,86,488,482,430,494,485
510,256,260,107,246,229,61
537,503,58,38,364,318,125
326,113,40,448,151,300,171
224,180,30,526,301,536,365
307,231,401,519,391,553,483
129,259,403,483,76,553,267
323,391,129,290,376,387,76
161,400,68,315,58,215,2
561,476,425,11,300,492,201
161,554,267,521,270,363,461
235,401,386,231,175,171,270
269,447,281,32,152,227,90
549,430,300,52,377,175,564
419,379,406,371,171,307,281
64,553,10,9,442,7,459
438,191,212,57,450,552,34
553,434,532,396,498,10,143
214,266,519,558,398,191,61
401,253,326,113,163,359,511
550,441,357,564,10,325,16
