3887,1495,7899,1464,1883,3777,5973,4344,3010,1769
4563,6191,1267,7678,6291,1058,134,7148,6018,2576
5568,1769,8546,2245,3733,3584,2558,734,5973,4150
1620,3618,3313,7819,1822,835,8086,251,8419,1241
1976,5130,4593,3920,1507,3785,5556,3641,3344,2462
5558,4388,4413,126,671,3594,1285,3474,4962,1812
1879,2329,5166,7372,1779,5367,8546,8418,1769,1284
1394,5573,7244,2062,2974,7437,2159,5894,5770,1787
1866,1455,6656,8993,2644,1769,3991,874,2917,7711
1779,307,2051,3029,3687,2924,240,8657,646,4587
972,6144,2159,7383,1077,4895,5228,6343,5391,6191
7697,5982,2975,3191,3029,6914,5567,5754,6284,3158
8412,1824,3184,5585,8102,4053,5556,9006,6272,7238
5569,1433,929,5728,6342,8400,7197,3467,1983,1118
5198,1056,5822,2056,507,7454,1099,1438,807,779
1427,22,5260,3998,621,2534,7678,8547,3052,4962
5199,1007,3999,6725,4564,3238,272,6291,2151,5218
4660,219,4155,5569,2051,1020,1926,2604,8466,2346
1108,2364,5174,8395,4388,4055,4413,5712,3470,5556
2063,251,1779,6033,7775,3289,8796,5159,7006,5370
8520,5873,8116,2291,6906,1862,5559,8899,134,251
2173,1174,1407,8048,2971,2359,6629,1968,841,1218
1774,596,5580,2198,1787,2338,2248,7720,5822,6937
2371,3950,5925,8831,2338,2192,2062,7465,2950,755
5734,1041,251,134,8081,7943,1457,8760,993,7585
8503,595,7426,5242,5073,1286,7114,4962,2364,5236
4964,2441,7674,3002,183,5712,3864,4239,3738,590
4324,3928,1031,4962,7439,2349,8399,5898,2056,2375
2878,4395,5229,8766,2178,4631,1987,6953,3903,5559
846,6145,5207,507,386,2062,5804,3287,3422,1879
2035,2113,1924,6161,1457,7236,1322,7328,6378,8440
2919,5567,3282,6047,5603,5254,1863,4631,3920,637
1417,4323,1779,1060,4961,6725,5173,6188,6282,3052
1777,1948,6356,1298,6725,7956,22,3304,5221,2110
2136,1977,9015,5163,7556,5228,5067,7391,3109,8681
7617,5129,521,1540,2197,3838,507,8626,5603,2935
3920,5559,2159,8423,6499,584,1977,1880,286,4155
1997,3777,3922,5166,5167,6503,4134,7767,1977,266
1326,2531,2930,3873,6652,4631,2371,2182,1612,2981
1769,5560,134,1020,6334,1488,2981,3025,3828,6323
5556,8756,4413,3959,6144,3905,6942,3817,5174,8319
1801,5566,820,5804,5190,159,5825,2369,110,8233
2007,2451,2223,1338,5190,4962,5181,7454,6384,6725
297,3762,2159,5987,1940,2558,609,3800,6024,2205
5195,5097,1243,8886,65,1204,1972,2657,2159,2192
3998,5898,8540,1977,8796,2088,1822,183,6044,5556
4105,811,1081,1924,2878,2021,6342,1862,1509,4388
1285,3892,5592,3334,507,1248,928,4800,2364,1785
3920,3308,644,1466,5560,3406,4123,2940,1777,5982
988,6186,2576,8176,8500,660,5188,4668,7875,2173
2508,1862,1924,7443,2364,5569,5764,4961,7819,3878
2488,6386,4570,2051,2159,245,8657,4974,6934,1525
1243,1780,1768,1326,9088,4565,3982,6922,3352,1189
5556,5194,4601,3919,6294,3019,1041,6725,7067,645
2975,1041,3519,269,1104,2051,6705,8770,5610,6201
2156,4837,1924,5794,3838,4962,1450,3508,1187,5556
6273,5556,1779,1921,4105,3184,819,3913,1452,1375
5159,2051,3932,4962,6070,2182,1880,3034,6650,3412
4105,8241,8216,3883,8106,1930,3105,3981,1021,6070
3745,2048,2371,2941,6043,2896,6144,5569,3614,1886
1024,306,3308,3029,3188,1438,7284,942,1409,3866
7168,251,2369,6640,7164,218,2364,194,5214,3184
3720,1044,1290,4754,8318,7310,7247,3406,8225,3395
5253,1924,2217,4705,4962,6927,629,2502,4781,6477
2371,852,6833,730,918,8757,1769,6977,8961,264
596,1866,1620,6725,5127,35,3585,3892,2972,7720
3543,4388,7466,7308,2755,7454,1989,1634,4696,6346
1223,5732,3480,5236,4631,2653,5220,177,2930,1456
4537,589,585,5573,4876,5204,4144,1802,4550,610
1495,3618,4555,8085,3171,3954,2575,3686,971,1779
8949,15,4385,7184,6371,2890,4870,6014,7577,2338
2363,3205,4385,3308,5635,2670,3847,4505,3012,5239
7889,6091,1377,7750,5982,2172,7898,1886,3282,962
2885,7463,5804,8320,25,2363,5586,4155,4537,3413
3012,805,6091,227,1997,2981,1930,1932,5762,1126
3452,833,7200,266,1587,6785,233,1355,5764,4962
619,2217,8540,2363,1880,8631,3878,2488,5252,2552
7716,7692,1778,4561,6140,5610,1673,1620,7556,655
596,1044,6022,134,3967,4872,3190,2930,6024,4155
8626,8941,6034,2229,7604,2369,2971,2062,1924,5691
8946,963,2241,1123,5075,2338,3777,3200,3184,3500
6952,2369,1386,6939,4604,2159,2172,2881,8885,5556
2053,3828,1511,596,1429,3919,5691,2899,4631,3244
5764,2063,8396,4172,1976,1812,6140,5566,8657,8419
3904,4124,3960,1972,1977,3006,4175,6091,3161,4493
2750,772,1407,3878,3010,871,6022,134,8881,1880
2172,6017,295,3205,3029,1977,8427,6503,7058,8493
1286,6186,811,4125,641,1573,7372,773,6070,4191
1926,2552,3185,6024,1976,1765,5559,1787,5822,3866
8992,7899,5173,5206,778,5586,2338,6091,1769,8426
3232,2543,4345,3918,1063,1453,2371,3979,2208,219
4962,3353,8766,4385,6091,515,2369,6812,2585,4119
4530,6493,4631,2047,2217,5560,2755,8427,2893,2051
6952,8218,6399,5798,8201,8543,3945,2780,761,2088
1963,8545,5209,1612,3510,2287,3950,1971,1866,2973
5101,6803,1375,5743,8109,4962,2159,6484,6650,3025
7856,7122,6278,1779,7333,8220,5556,4006,4298,8941
134,6656,2576,2153,3878,3923,2924,3393,3014,1407
6291,1239,2205,922,1877,2859,4365,5764,7233,2371
4631,5262,7328,6374,4962,1029,5243,4388,3283,5785
2451,656,663,253,3838,1622,507,3001,2644,2198
1032,2364,2062,3606,7135,3863,8189,844,2765,7852
2338,832,2945,7129,3810,5221,1390,785,6030,7443
3202,1809,8637,1084,507,2062,1993,8523,5096,1880
3310,2056,6633,733,7638,2338,6094,5804,5556,3930
972,2035,1425,4578,1972,3966,8406,3905,2172,1515
1779,4006,212,4631,2893,5976,2896,6792,1093,5893
8089,8885,8427,6767,9057,5374,1879,8637,3014,3525
1972,1551,2889,2159,6725,1977,2548,2632,2741,5236
5728,4545,1769,4385,1000,5559,2171,6052,1201,4263
1483,1924,7624,7185,8544,915,3602,5785,2062,3841
7464,1559,3390,5266,5595,6070,26,1039,4336,8757
2755,1454,1425,521,6294,1972,4390,6645,5753,1418
7691,6395,1084,8388,1285,26,1769,1200,2047,8654
286,1298,4276,2346,883,4155,2941,8880,5238,3160
2369,2941,5566,7750,3205,2061,2151,8993,6510,3419
3025,6039,7979,5201,3491,3238,5197,280,8501,3406
1157,697,2338,7714,2334,7430,5230,1378,8776,8885
1021,3198,270,3315,2576,2671,3749,778,4966,5242
3010,4388,5890,2056,3025,5560,3292,3701,4169,2984
1871,8395,2882,1157,970,1208,164,3244,5102,3013
2371,3729,6143,5233,5236,2359,1407,6334,2504,3963
1777,2924,4389,1466,3025,5098,2364,5973,2519,2604
5174,3777,6024,1991,4163,5770,8497,2574,2371,6940
6018,942,5559,3841,3364,8681,5785,700,5898,2644
809,6136,2548,2576,9083,5753,6202,7152,1878,6660
3616,43,5574,5596,1639,3131,661,6229,8625,13
1825,8657,5712,3863,1495,613,7122,1880,2878,5228
5556,1235,3963,2208,6091,6805,3185,5096,4517,295
934,5566,4465,2051,6091,6337,974,6725,1989,7184
2981,6725,3865,7369,4609,3687,7598,5804,1886,4006
5556,7858,6022,7164,2757,5876,2159,504,776,5084
7149,4678,4631,6147,833,7829,5367,3195,7697,314
4175,8418,1400,4535,2051,3846,5728,8540,271,1803
5566,7942,2334,1715,1058,18,5235,4973,1880,7480
4631,5558,8993,2543,5116,3074,749,7556,2338,3071
4155,134,1276,654,1846,1041,1769,1301,5764,3029
4142,6495,931,5785,4385,7556,9013,1324,6062,3054
232,4413,3525,6358,32,3532,4964,8102,6725,6080
2371,5233,5976,1921,1606,6649,6091,3094,8544,5223
1432,2550,1514,5569,6725,3554,3872,242,5069,6206
4516,5250,6818,5712,4160,5246,2338,18,35,1063
5130,1285,8508,8546,4024,5785,1574,1129,7556,2028
7588,6725,5223,1879,4118,2755,6312,3516,2426,1456
5265,3847,5262,4807,2159,7288,2800,7706,1285,3472
1214,6347,5891,1880,223,4878,4006,5190,3648,221
6092,8766,2047,8775,2917,2172,1328,1787,3709,6743
8546,5736,3478,8886,4885,4545,7158,251,3919,1218
4284,1989,4161,639,4807,3444,7978,5569,6282,3022
1779,1907,1072,5567,4531,3596,6641,7491,4962,2173
7131,2214,5604,2217,5555,4417,2338,6651,4398,1352
3038,1629,6928,2552,309,6137,2556,1428,522,8505
2334,8886,4962,5069,1442,6145,134,4525,5556,6018
971,5138,156,1297,7613,6141,1614,7820,6029,6093
1167,8779,2173,5082,7145,6274,1218,2159,5566,2546
3478,295,2171,4029,2326,8657,511,3430,1976,872
8485,15,3598,1285,5210,7587,1208,507,1932,225
2062,2172,5745,5559,1507,3738,1473,277,8048,8395
3093,6833,580,1535,3648,8191,2901,4982,3029,4284
5725,6091,4279,1417,1989,1058,8090,3981,5804,1201
3688,5976,6491,3021,6939,860,2063,7899,5982,7720
6499,4985,840,4388,4080,8735,1932,5081,775,1522
5567,1087,5898,6725,2359,2939,1429,6831,219,3308
4099,1879,2047,1453,3749,507,5976,1443,8404,2882
3420,2239,1876,1093,5229,5564,8756,1949,1159,2058
3412,2911,5179,6347,3661,154,7454,1800,1972,8943
4155,908,6024,2975,3669,5182,1080,1096,1360,1779
5977,2915,5174,654,3838,7951,2985,277,4302,8168
507,2924,134,1082,4053,8395,1050,3921,1252,3014
733,3878,1769,2889,8048,2334,5247,4545,5160,4114
5556,5178,4077,1531,3318,1057,610,8736,3244,1218
4006,805,2062,5566,6156,132,3025,871,8877,971
8395,3184,7771,5573,1781,3289,1825,2173,2172,2369
2899,6363,3184,2231,2939,2334,1499,6235,1326,6024
3825,3498,5370,3131,3753,6347,5166,5556,5226,788
1645,841,5560,7870,7141,3282,2882,7249,3517,3577
8395,8220,5244,2371,2051,1086,4295,1063,874,1976
5140,1009,3294,2254,4556,5566,4006,2519,1989,2957
1979,4385,802,5374,2808,4962,3291,2901,915,4413
1015,3520,3247,5611,3999,4631,1976,2971,3184,5558
3549,1548,2369,1880,6824,1123,2151,5804,859,2195
1769,5730,1798,2958,2981,2172,6020,4701,6202,7479
8320,1359,2051,6374,5215,9006,5096,4040,2063,597
4158,485,5102,7760,4575,4134,3525,2175,8496,4389
3289,507,5206,6191,1191,644,5067,6091,2341,2056
8462,2929,2964,2543,5734,4154,1079,3472,5728,5206
3485,2981,7624,1654,1926,2056,4388,6018,5586,663
7714,3142,2048,6660,4124,2172,1779,3184,5764,2632
5214,1785,5559,5266,8232,6297,8447,3183,3220,1465
6061,1342,2346,6031,4966,2901,3206,4413,7556,7129
3499,2971,2173,5032,6143,6725,26,6070,1499,1091
773,2895,110,4962,893,2056,3641,2369,7332,4317
5262,5822,1090,6432,5449,8276,7807,6296,1882,2056
788,1632,590,5566,1082,3938,3142,1769,5769,6725
1549,7770,1801,5804,2911,1070,5566,3792,3283,1588
1779,1606,5569,8194,5559,5069,6640,7771,6769,3966
580,4264,5136,6725,1059,870,666,5559,247,5190
6918,5559,1567,8200,6342,1525,6725,8638,7796,3449
932,3108,2208,8458,1126,607,6356,1883,5899,8885
2956,893,4385,6054,2045,6517,2260,2346,6633,3951
4545,7064,2056,4985,7599,3912,8877,2209,7185,8546
1785,921,5973,507,8750,1055,285,1611,5222,2217
3510,7709,8432,5566,5753,8742,2172,8773,2369,9039
8985,4515,7838,8409,134,5976,2063,4835,4413,1275
994,5982,2359,6037,491,1878,5161,1991,1874,5331
5785,1972,4707,268,816,6801,9056,2159,6024,5370
1930,1769,3470,1977,1468,233,733,2901,4611,4962
1963,1101,1440,7162,6414,4962,1618,1977,2047,5804
20,612,1228,939,5284,4605,3283,8757,1333,5706
1174,6034,3913,1784,9006,507,1046,3863,266,6649
4545,3963,1226,5192,8626,5229,618,5266,6647,2267
8777,922,304,1549,1878,1787,4385,3691,7517,2203
2364,4171,8658,6833,3838,1886,8418,574,2346,6069
2338,1817,4389,8624,5243,4388,3026,2575,2051,4384
1184,3070,5556,4981,1779,4006,7146,592,2371,281
1879,1779,5712,360,3029,4051,7289,6202,2644,7431
1087,6909,1208,8756,2474,8447,7115,5566,3732,2214
8351,3413,2591,3007,2889,8418,4631,4963,1499,5566
5804,7729,2535,3026,2359,2193,1085,3791,531,1051
385,5166,3876,2173,606,2159,388,4388,4631,219
6650,507,1594,2383,6950,2369,3738,8654,5237,6217
660,8540,563,8487,4154,3890,5139,5178,1366,832
3029,7709,2343,2968,507,7439,1972,581,5822,1824
1850,5173,2410,1564,5804,1421,3420,1110,4205,4673
4550,14,5730,6020,1089,5250,3847,3184,3029,1945
1947,4962,3999,1010,6213,5804,1877,1567,6657,7671
5973,5230,1991,3025,1926,4542,8204,1042,6091,3586
4296,5027,2208,7464,1178,6849,5166,5699,2533,3968
161,7873,1977,5566,795,3190,4150,1881,2974,7899
5862,4413,2541,5982,5190,1878,6047,832,7135,2950
2181,5096,2016,8655,3976,8095,1588,2051,6634,6162
5847,6031,1989,7237,1757,2364,1779,6091,2172,4962
2890,661,1769,2413,3847,5560,5595,2334,1024,9013
6867,6647,2539,7369,5976,1247,2197,1565,767,5734
1267,2465,2371,2035,2056,8674,7875,1993,3719,4631
6795,299,6159,5232,4175,828,4839,1777,6379,5234
1421,4349,2334,8091,2371,3862,1527,3184,1880,4301
670,5926,2214,654,3025,4413,3967,607,1573,3873
1621,3201,7471,5734,8505,7297,5096,2159,3294,2410
5172,2359,5413,6280,2173,1507,2159,4962,5786,3300
5262,6725,3967,6909,7679,1187,1413,4631,578,858
4637,8409,8796,817,2550,5089,5573,4337,23,1673
3406,3026,2939,2334,2051,6785,219,4984,4006,196
8395,5903,2173,1036,1159,5175,219,1285,6647,47
3877,1158,3615,1989,4563,5712,1439,5766,5458,3945
19,8635,1130,6914,2051,8219,2950,7480,4558,4294
4385,4413,3958,9023,8943,4515,271,8269,3863,5178
37,1609,2222,2988,1452,1858,5875,1565,7464,6024
1545,5073,1596,8408,2575,4965,6851,2971,1208,6725
8048,228,266,3933,7324,5904,8080,7706,1886,3184
1391,7516,14,3408,8432,4545,6091,5194,6030,303
7164,6293,2338,7341,8501,6383,1101,2063,6339,3184
6641,1800,1089,5242,3966,2159,5560,4962,3831,6036
6951,7454,5160,6017,2558,1972,666,4165,2369,2047
5743,5973,7135,2223,3478,8633,3919,8130,216,3954
5986,5247,3173,1217,8546,6294,614,3832,3471,2061
1769,2897,3701,1976,2812,3109,3999,4150,1124,134
2173,6091,3692,102,5383,1972,3184,1930,4143,8504
2845,2338,5569,1787,2371,507,3584,2893,134,4962
4159,8625,1267,6725,292,6073,5237,1499,1517,1769
5210,3459,734,5185,6191,1976,5568,2062,2514,3421
1228,1203,5173,1620,2338,3310,830,6386,6806,2172
8544,5171,1116,9047,2056,6333,7139,3840,1024,6191
2878,5119,5887,659,8636,2369,4207,6339,3286,4631
2051,1769,872,2687,5712,4239,7172,3971,5266,6577
2812,5211,3460,667,5728,1009,5973,8168,7820,9059
5556,4631,7673,6202,7977,83,1434,6400,2997,1147
2755,2172,15,973,1862,6294,1264,6024,5703,2056
2338,8206,8540,4766,1587,4118,1429,4385,1562,3406
3959,8051,9084,7274,5090,6312,3987,1245,5375,7848
2061,5228,4605,283,7472,3878,1399,2369,1879,2578
3762,2169,7243,3940,251,5772,8220,5976,3237,1308
8390,8885,3799,821,254,2063,5174,3025,483,4158
1407,1017,8048,5565,1971,6091,8026,5239,507,574
2062,8546,3581,1516,2917,4006,3932,5097,241,1631
8496,216,1883,8885,4064,3777,6066,1071,1228,1507
329,1475,6091,2951,635,826,1499,6291,860,526
7692,7436,251,1254,6046,644,5202,871,3873,302
9047,5233,3463,3538,1084,6339,2562,6512,2004,2923
1219,1323,5227,3932,5764,5618,7770,6280,5222,5183
347,5804,5875,4855,5185,181,7471,644,3025,2151
2546,8233,3867,8019,758,1939,8399,3244,2205,1879
2549,6339,2159,5568,5701,1909,1932,1976,8129,3407
6091,4297,8315,1302,1787,3238,1779,3286,7476,6964
7867,1814,230,5220,3025,1285,2481,1822,4605,1873
8168,924,2338,7708,4545,2001,4317,4388,3878,2300
6033,5175,5123,8219,3922,2064,4975,8674,5246,1374
134,6650,3575,835,8542,5976,8546,2364,5889,3537
286,6418,3474,2369,7454,8629,3026,2047,4519,4548
6425,1488,8014,2151,793,1274,7842,1641,3100,5190
1879,1779,1039,962,4016,3119,3935,1598,8398,5559
1993,6402,5105,1769,6070,2759,6647,5174,6518,8993
213,5390,7043,7431,1018,8545,3029,7180,3967,5623
6023,2159,2371,5232,5712,3302,5168,3026,3532,4547
7485,3614,2466,1063,8218,507,5069,8880,1042,1878
3872,251,3967,1698,7556,7164,8729,4612,3963,5095
5691,4528,975,2063,8544,3308,3184,1208,8987,710
6070,5976,6502,4355,2205,5556,6001,5625,1523,2878
1886,4413,507,6640,6832,2364,1407,5155,6924,8626
134,801,6004,2974,3941,1882,7889,6510,5204,8395
1072,2573,5559,5976,6940,8629,5833,4014,2897,6294
2508,2056,3942,2466,4119,6343,8219,2983,7234,7185
5734,507,7184,520,5219,7711,3237,1380,648,5069
8635,1264,2062,6849,5208,8395,2445,1779,1286,1880
1976,6091,7720,7556,2051,5560,2364,5556,3377,3762
3878,3893,1599,5782,2359,20,2576,1930,2814,1264
2032,5569,3025,1882,1106,292,8540,1022,3954,6081
5560,4605,2200,2056,2047,5745,3025,134,1559,507
1457,2035,2371,1769,1784,5804,8680,5260,279,8873
259,4388,6366,3975,5404,1429,2192,6725,5011,1779
1611,3682,7116,6145,18,6188,1977,3356,5223,6339
3184,5229,7273,3272,5753,2906,6640,3037,4157,3618
2919,5753,32,3838,6768,867,3688,5265,5786,1192
997,8395,4577,5734,2063,7438,6197,6018,1878,134
4006,1375,2056,1477,1172,1175,6356,5560,6143,3034
1559,6070,6036,5205,789,2941,6045,1737,3655,2945
6651,5194,8664,1218,5556,4001,6018,5753,4388,181
7229,3184,3032,3606,3963,7400,2981,2548,134,2208
5173,251,5573,4807,6725,880,5567,1194,8452,1926
8761,3717,871,7601,5855,4014,639,5976,3971,1879
733,1261,1769,2056,3863,2570,7697,7304,7154,2173
7454,1511,4077,4006,3406,7236,7697,280,1932,8763
4109,3738,3838,2755,4960,4831,8393,2159,4128,8958
1932,2214,8388,5586,507,35,5559,167,4578,8395
1698,6803,2925,4545,5137,2095,1787,2939,8565,8475
1966,4134,4213,2205,3242,388,2173,5560,1468,2897
2843,2537,1972,3864,5175,5976,1904,3238,4631,647
18,198,5459,3022,2375,7131,6015,4172,9029,2395
8941,1862,1020,5238,5242,1586,5097,5211,611,5804
1559,607,2056,8242,1787,5688,6024,2051,2631,5753
5166,26,2338,734,3974,4073,1066,2274,4388,6334
3938,2062,7415,7330,1812,507,5559,3187,5567,2878
2334,507,3029,1173,2548,1779,1507,5194,134,3169
1569,965,5245,2063,4558,2965,266,2338,1424,1254
7232,6499,5789,8492,933,3611,1779,5795,5566,4275
2371,4241,5016,4960,5241,507,6304,6084,1437,1364
2911,2356,1241,219,2051,6045,4388,2575,6725,3184
3673,2051,2054,5102,7166,7267,1963,1038,5109,1621
999,514,5217,2562,6650,177,4662,4413,5142,1932
3189,4606,3161,4887,3838,6022,8881,3951,6974,5573
1339,5790,5067,6785,5069,5210,5880,3184,5177,5556
5238,4134,233,5140,4895,8412,2159,2056,5061,5232
7179,6375,1208,5242,3283,5804,134,2336,2363,8393
8458,6935,4177,950,2878,8190,596,1122,8540,1610
3786,6725,6628,5973,5087,4157,3342,8087,7480,2899
4161,2051,5073,6647,2890,6850,7905,1027,2142,8395
635,6273,3971,3318,580,3208,8941,5556,5573,3814
2201,1824,5973,5242,1123,6140,5560,2341,8404,871
1407,5232,5560,6650,7324,1976,1825,7678,3984,3493
1971,8755,8637,2534,3064,2471,6008,6939,5976,2364
6033,1779,2252,5163,1976,3967,5125,1218,5792,4239
2974,1778,4413,6201,2575,5053,3779,2878,7907,5595
8209,6725,3991,1247,5097,3310,5891,939,831,4902
3013,6140,1787,3049,7155,8769,6725,2364,1308,4413
309,2369,3296,5566,965,3778,6933,2167,1567,972
5178,94,7621,1804,2369,6501,7714,783,6939,1926
6649,3738,8364,1362,7520,80,932,2965,2936,6633
5567,3994,4581,7720,6785,733,1545,3275,4385,1769
2911,2813,7273,1524,1554,3652,2047,2350,2334,1977
9056,1963,969,7819,5868,1126,788,4388,7126,2177
3244,5976,3850,8880,1878,3413,3878,950,3440,5111
4539,1976,1886,7739,5566,1360,5569,3184,1818,5982
6983,4671,3920,2371,994,6091,3967,6346,4224,2359
3873,6400,6944,1924,331,5560,3289,7462,2576,3025
5099,3244,1886,8048,2338,5976,6968,1087,5205,5173
2329,3967,2369,1862,6645,3184,2152,7237,4542,1079
5073,5228,8796,3452,2575,2230,687,7180,1807,1779
1177,1554,3532,2217,939,992,1564,7372,5786,8657
2056,1886,2159,6019,9005,2198,4389,5448,1149,3185
2172,295,2371,5875,2369,3297,1850,2151,2334,975
3745,6827,1246,3025,3983,4329,8102,5569,5202,6031
8230,2961,5618,1250,3185,6319,1880,4184,734,2981
1560,8418,5567,2559,5258,804,4925,2359,1166,4585
9008,5753,1883,733,2924,563,3312,987,7168,3873
6337,3886,2463,8654,7908,2890,8625,6399,15,6657
7482,938,5887,6024,1880,1095,1469,6018,3876,228
1984,251,307,303,7168,2062,6921,5574,4535,1769
3282,2181,2205,823,1523,8546,1880,5712,7986,301
2369,6895,6059,3471,2012,251,6939,2157,5586,5834
600,3412,6024,6070,5804,299,1976,7493,2049,5177
2338,7134,2172,2173,1284,1522,4169,2534,1041,2334
1561,6331,3014,3308,1308,1922,2944,2576,3863,4531
7880,5067,7113,1111,3841,4533,3413,1779,4109,6294
4388,507,1950,4385,2913,6293,1886,3185,8654,2334
8741,3556,300,7443,1286,2878,5718,4545,5559,1283
7466,7745,4001,5566,5734,4413,1211,5559,2257,1087
2334,3412,862,5757,5132,5794,7820,8941,3868,6614
2047,228,2364,3863,5228,1157,4388,719,1024,4810
1380,5695,3406,1924,7340,3962,4301,2062,1651,2981
5896,5569,3674,2427,3108,5246,1185,4545,134,2056
8399,1090,7061,7168,4887,1984,1257,6196,1015,1490
5804,2961,3430,5214,6014,2205,963,2062,5266,8117
2688,5566,3863,6640,1314,7819,7899,1787,5173,5804
2504,2882,5765,3828,1194,7812,42,3884,5159,3399
3318,1386,1084,2961,1921,3841,5569,7897,7267,1360
2893,7666,4146,109,1053,1777,1873,2939,5976,4003
5973,3025,429,2983,7135,6294,8996,2352,3882,8546
8418,4545,4631,5973,1785,3966,6726,7996,2051,933
2159,8414,2056,5982,7310,1769,2214,6651,278,1218
1324,6633,5215,4576,7129,5262,2182,3838,6909,334
5178,6944,3027,5560,3933,6337,1769,4001,4480,1212
6373,5795,6403,1324,6379,7479,3029,4545,3184,3533
3024,8188,1438,3951,3406,5556,1197,5197,2172,5804
1880,7694,5266,1992,1399,2063,3990,2932,6018,2051
6652,17,2151,4545,1787,6349,1609,507,3873,5766
1804,1222,2172,5804,1054,1128,3247,1508,2062,5873
6995,1564,666,45,324,5174,2885,6372,4960,1539
5745,4631,1809,1604,3013,3819,5804,5247,2369,3738
1176,1466,2172,2162,5173,2173,3967,7421,1403,2236
3235,6795,5375,2062,3025,4333,5745,2217,1157,2813
4265,6640,5556,1078,733,710,4053,2151,7185,6312
7747,7108,8430,5610,959,2056,6590,5058,8171,1926
5161,7199,1880,7452,4124,8796,1179,2576,105,3052
3295,3839,7164,5690,2917,595,2955,9008,1011,1457
873,4388,637,2961,5769,6170,8504,7454,1524,3843
1218,5232,3069,5383,1409,7240,2151,951,3498,2359
1373,1980,2930,3201,6008,2752,6651,4799,3838,5976
3308,1498,1877,6725,780,735,2172,5139,251,507
8395,3904,2062,5232,7184,4109,2056,6649,5785,578
1530,1524,5567,6953,4985,919,3356,5804,3412,1989
929,6070,3244,5902,4126,2063,5792,1878,4413,9007
1976,7708,6283,956,8222,4863,3220,8456,7714,6062
4161,869,5206,27,5266,8769,2056,1167,4245,8466
2899,3878,3932,2159,5559,1812,5568,4896,3642,6725
820,8219,5559,1164,7747,8432,7555,4060,7369,2051
1800,8738,2153,5582,5712,5173,3838,1989,5229,43
2181,1787,5987,1873,968,7093,2608,7466,4389,2971
524,2016,5237,5990,5097,2993,5168,7454,6070,5982
986,2151,4153,5976,1972,3860,5239,3991,6093,2159
5973,2874,4016,1073,5565,4365,4385,7542,2159,2889
7697,2755,8763,8378,1787,7150,794,5734,7443,8420
1968,6018,180,5085,4388,6775,5753,3037,6540,134
5870,2930,4388,6225,2552,5252,4520,3959,2601,7156
2644,5195,3967,4974,5973,229,567,1305,3969,8546
4169,8880,1787,2334,2338,2795,2159,1609,1976,1056
1282,2159,4318,251,828,2356,1779,6831,2172,3607
4229,4962,4954,860,8439,1390,1886,2172,337,3967
1145,6369,1785,1248,1886,134,4413,1953,5804,3456
6337,6725,6651,1226,5266,3987,7028,6407,2369,3865
8740,2644,27,2193,2901,8395,4799,2151,5198,5706
5569,3880,3666,1950,5232,8051,2942,2192,3025,2061
1166,2047,7747,4612,3285,5569,1930,1308,8097,2056
251,1390,4939,1879,5976,6014,844,1926,507,5569
224,8886,134,1020,2173,3454,3308,3967,5730,1878
1087,8941,5198,5586,5896,4001,2334,7650,7431,3240
225,2534,1959,2369,5734,3771,3029,6906,6445,6280
2172,2980,1600,5130,2981,5370,6091,512,2511,1283
2780,5069,260,2177,5560,3933,2896,3525,3869,1800
367,7210,5091,4562,1167,3750,4388,3879,1587,3058
3714,7248,7309,219,4960,1989,5590,5973,1036,6197
5266,2965,2153,5569,532,507,1459,2375,5745,490
3786,675,6070,4053,4389,2198,2409,3452,2576,4961
2048,7443,5142,2205,1825,32,3051,5822,8744,3054
672,3960,5573,8766,2217,600,3029,293,3447,5753
5566,807,863,5126,764,8961,2608,1481,3025,251
8772,1127,700,3949,3967,2901,5238,4160,2252,5559
1173,5766,8739,3838,1984,5976,1241,4631,5161,5556
5229,2283,5568,2696,2047,4537,4613,8749,5973,134
7230,2359,8393,1444,3237,3841,219,3083,386,1126
644,1866,3794,5556,2835,2159,3029,6147,1599,5786
8757,6909,2371,4388,1824,2938,5266,6716,2975,3221
5559,8881,2334,5569,4109,4962,5804,5243,507,6347
1693,6651,8761,7678,3019,2205,8759,2226,7671,3029
3591,2056,5871,2159,8648,622,2047,1063,4770,8177
2550,1567,6966,7098,3029,3056,1787,1812,7257,6014
5804,4696,8928,3984,8637,3757,1769,3991,217,4388
2047,9080,3001,2941,3878,3065,1926,8877,6731,3026
3863,2981,2371,1779,4225,2062,7104,5613,2894,2359
5980,2205,3966,4588,4974,3010,3656,3991,2163,2957
6148,8229,1787,5370,2173,5740,2576,1073,2805,2865
2063,3184,1968,3963,1993,299,1779,2173,3504,7709
4631,3289,4413,1166,1972,5618,2338,6060,2151,4385
5766,2598,1014,2897,5595,5786,8880,6294,2901,4612
7265,1812,5244,5174,4388,8418,8822,823,5757,4261
844,3863,2338,5232,829,4084,3433,8998,6757,1524
6091,2575,4388,1977,5560,2922,5785,3289,6642,4385
4388,259,1576,6281,2055,2205,4528,1926,871,1016
1265,3162,6188,7156,2363,2056,2338,6091,714,8129
1064,2975,3710,7852,5982,6138,3342,8080,2901,2295
4520,6655,5166,1779,6378,6070,3096,3237,6273,3604
3282,3270,5097,2172,2371,5560,2488,2496,5067,1391
6776,3969,7720,1879,2466,5619,6280,4412,1878,5556
1976,844,1822,1515,134,3865,351,8637,2338,5236
1559,1976,2981,4899,2978,1452,2371,3406,6070,828
5597,6070,2438,3016,931,5556,5205,2858,4166,918
2063,5262,4961,2173,1843,1873,1324,1952,4803,8494
1983,2941,8395,5095,1976,2062,6757,5044,7223,1866
6001,3838,2981,2368,4631,1783,1042,4545,6725,6773
2272,616,5072,1972,232,2552,520,539,4413,2931
8051,2338,1524,2576,2371,7369,2755,2159,3760,259
1118,3283,3238,1133,7324,5982,4962,1358,3729,6785
1302,1126,3963,1769,4962,1015,8987,7223,2338,801
6630,1507,251,2882,2085,3960,2338,2051,6831,5975
5384,1473,1972,2540,2568,5211,827,5876,1932,3310
134,2215,4178,3026,2971,3146,2535,2604,2811,563
1489,2334,267,5559,2047,1886,1234,3089,5753,8567
4628,2364,2032,2229,1380,3029,2051,6091,1028,3449
2919,1428,1545,2574,8657,4365,3953,4051,1194,5139
5560,3716,6970,1392,1522,5228,2941,2371,2062,5734
4137,4545,3918,3864,2173,1221,2396,5173,7092,3537
754,5399,5370,6355,2973,15,3056,3859,2762,5211
14,608,1865,5390,7947,2494,6026,2059,8885,6916
2334,7182,134,2833,1264,7273,7597,4157,1097,6054
5237,4385,1521,2371,2369,1436,2334,3864,3356,3908
2192,1280,1785,1980,7954,2338,8885,5556,1787,6657
1597,3185,5160,7516,6654,3966,6142,3230,2064,1361
6649,8881,1182,5730,2133,5712,3830,1876,5266,3947
5037,8399,199,3701,4963,7496,5976,2751,4272,6141
1977,367,1091,1157,5174,1883,8702,4545,6510,6185
6676,1377,1252,591,789,7671,5565,251,4522,7094
3688,2051,2193,13,3458,267,6017,5973,2172,8869
639,2172,5976,6522,5566,2062,4962,1993,5973,5559
1878,2467,2172,6343,1809,2159,6031,3919,6148,1202
3221,2063,8415,6990,1184,6276,5559,2985,134,2881
8406,4053,261,3184,3310,5869,6633,3212,507,5573
5974,2371,507,8233,1486,6087,3318,6294,3283,8048
8877,828,3331,1068,950,5865,2359,4155,7454,1371
1769,2047,3186,3778,2901,8779,4155,3027,1457,3841
7605,5573,5804,8484,2503,1540,8991,3575,5076,3185
3954,1404,4586,4169,4399,6283,7454,4078,4648,8982
5559,5973,5566,870,6777,2172,2205,2214,8723,7197
7822,2535,5247,8885,1779,5161,2325,2371,1740,3504
8941,6164,8275,5211,223,7899,8951,2047,2151,5159
6647,2894,1879,5573,7337,1347,1834,2670,5569,8496
3864,507,3508,2063,4535,7479,3010,5215,1326,1877
3915,134,2885,1769,3925,2359,1367,2062,5262,1291
4001,6362,303,3420,5235,2369,2352,2755,5585,5569
3887,5561,5573,314,792,1787,3436,7343,6188,6829
5577,3742,5560,2364,1866,2606,7436,3184,589,1779
1804,1816,5559,1518,3966,3296,1972,5574,3025,2063
1591,381,3863,3974,1231,4573,2951,8005,3866,2755
1880,1865,8266,1769,6499,2063,2334,6071,3406,3933
2051,6171,657,8746,271,7750,5804,3940,3428,2486
2834,4519,1878,2547,1567,8398,6339,4176,1971,4545
1058,1926,1219,2849,3454,4827,2051,1090,5140,5804
3285,2755,2941,3384,5266,5124,1290,8750,7463,2205
5038,2285,3924,6323,1976,6790,1223,1528,4389,4962
4230,5245,921,2952,3757,5569,750,6725,6086,467
8191,2334,844,8233,1254,507,310,3956,1769,2061
8750,2893,6029,2364,2205,3029,277,350,2636,8942
6206,8540,5097,2668,781,8796,5569,6895,67,6140
2878,2359,5582,1232,7135,2752,1930,4964,3025,729
1921,1461,2890,844,3554,8133,6405,1712,2941,2896
6961,1769,5772,1992,5785,8418,2047,1989,6907,7819
578,6094,983,2205,6294,1924,6725,134,936,8877
4964,5558,5887,5215,6282,3310,3543,1189,3308,6652
2960,1989,3923,3757,7901,1528,2381,5157,6658,1382
5878,6923,7152,5973,7679,6510,5786,1308,3025,5159
7158,2051,222,5770,8541,2369,3315,2371,5976,8422
3296,2214,8907,1971,1612,8405,5973,8637,134,2371
4323,3595,1611,8499,2144,3420,6549,6069,4207,8097
5565,7332,6651,2245,1878,1227,2047,1993,1473,7471
8941,1565,2991,5266,7484,4155,2575,1399,1282,6312
2546,1779,1540,3929,2574,1900,4514,5753,7454,1562
2371,5610,1976,1450,2159,1989,5764,5753,2364,5586
283,4584,1827,8441,7556,3886,3766,4388,1213,3959
8168,507,2356,2063,2890,8418,2051,3313,2930,8363
1769,5173,5695,1009,3878,6192,42,1989,3406,2750
8796,5804,3412,2047,6383,2334,8952,3069,3907,8751
4529,1097,2061,7874,3863,219,5186,507,6772,5204
802,3315,1375,6478,3669,5828,6091,4838,7479,4037
2248,641,1807,134,2100,2123,6267,5625,3938,2061
1421,7306,3878,4893,25,5178,1935,3294,4389,6020
206,2006,5126,2950,2601,1926,3184,2047,7289,2063
1395,2338,7246,1882,5569,5210,3533,8404,5187,6768
5166,4631,7474,5560,5216,1921,1632,733,5253,5728
3838,6156,1436,4007,1197,8637,7697,6725,8540,1576
5247,1977,6655,6018,2145,3244,5835,8315,7556,1429
4006,1126,3029,227,6191,5162,6961,700,1926,4394
1932,5262,7295,6091,2464,5616,9077,8630,807,2051
6803,2172,5160,6037,7233,5885,7094,2334,1886,1580
1606,6921,1203,3967,6725,3285,8395,7962,1224,1657
1769,1275,2051,5603,5173,2548,6201,5556,1906,2064
2150,533,8542,4388,3863,8395,5598,4045,6297,5973
5564,2859,7670,6091,3283,5231,5766,8095,5590,221
5569,5097,6091,5189,1233,2062,5976,907,6059,3294
4172,2159,8547,4236,169,8630,266,574,3926,2644
3838,7877,2159,6944,7753,2777,6206,5712,2105,5556
5557,1000,5372,4554,2359,2371,5210,3413,1285,3037
2975,7522,5753,4236,7842,704,2346,3863,3925,858
5766,3265,1880,6831,8883,2978,6383,1976,1878,4194
8624,1174,2981,6334,617,6186,1285,6499,1878,6909
6054,3449,3313,3213,8150,5391,816,3184,5104,3282
7487,6586,9008,5190,3974,7678,6280,5215,6387,2882
5238,4301,1012,5596,6374,1976,7697,2893,4388,5990
3999,5560,7839,3760,7868,1286,5569,1827,2047,3963
614,2575,2206,1842,3029,3308,4730,7454,1110,2911
1866,6499,251,134,5198,1390,7097,2181,1024,6725
5599,6091,6344,2051,3457,5804,5156,3025,4603,1825
818,2344,3878,5388,1566,636,1398,4536,7721,4150
134,2056,1956,2047,3999,8941,4539,2051,7711,1913
4177,6650,6785,5559,1807,2371,5821,5569,6429,1425
6361,5560,5822,1524,6822,5556,1543,5976,2945,1166
1612,5209,92,4006,4003,1778,1976,7711,6294,7517
1252,2531,5976,7888,1123,3318,41,7341,2936,2545
7997,2338,3876,5736,4178,1048,987,2145,21,219
3567,5566,251,3549,4517,1575,2308,4177,489,5214
1880,3308,4349,5973,2352,4558,2919,617,2926,3766
7160,1071,8232,2172,6939,1536,8449,971,5598,5585
7479,15,1397,251,6725,4514,4984,685,2371,3920
2488,892,2939,2882,2889,4388,4134,6132,590,5586
2346,3034,5103,3294,5181,3537,5976,5240,5130,5822
618,21,4539,4239,8540,1344,3027,1176,2193,667
1429,1126,4564,4631,3879,5204,8882,4060,4732,3965
4605,1021,4385,2562,1010,1976,5203,8749,2971,1880
5894,2575,1429,4006,1878,294,7853,2889,4390,7711
6909,4545,3832,5179,5204,5266,2901,1873,2549,5734
1769,6339,2563,5088,2878,4404,637,8881,2062,5232
2539,5246,2579,5161,7146,2047,134,2979,871,3551
1000,19,8218,1308,5556,3974,2047,1342,6725,4002
3963,1015,5822,4026,3943,827,5569,5565,3125,5173
2546,2062,7586,4000,4876,2878,1182,8460,6086,5182
7620,1588,2549,1024,5174,2575,5569,30,4360,3842
871,4631,6772,1880,2930,3463,1788,8624,7428,251
1127,7744,2151,4370,7709,1370,5266,4612,1822,6020
5109,2950,4515,1947,5138,7184,1878,9048,7348,6191
1719,3886,5558,609,4600,4542,8766,3381,6725,1880
6725,3951,5559,5211,7443,1299,833,3967,8881,3024
2576,8546,3701,2479,2063,1050,4570,5976,1800,4042
5073,971,1769,3384,3803,1495,2179,2222,5569,8961
1989,5900,2911,3257,3054,3356,2971,2402,8987,2364
3318,3840,2371,1877,6974,3029,4143,1041,2151,1350
5177,2878,2302,5094,1112,5217,6177,4394,794,3025
5989,939,5790,1879,7439,1564,5735,8759,2159,5190
7714,7671,2956,1976,142,1226,962,2901,6318,3246
6070,9086,5177,1504,2334,5573,2576,3847,587,4177
6334,1977,1976,507,3699,1769,417,1930,2173,1020
644,4385,246,7180,4413,2961,2966,8397,225,943
1779,1224,8392,5216,8379,1953,733,748,3704,3878
3406,772,2359,3226,5822,4155,7155,5556,4294,1307
2572,1876,8084,2172,8544,3310,7750,6725,1028,2051
7393,853,5734,3431,2369,1977,1087,8395,7891,7428
2047,2016,5229,2971,8158,3233,3838,2334,1143,2159
7413,1465,2965,7364,5754,6503,6801,300,20,5344
1244,532,5161,6656,247,7371,2048,7345,5772,5560
1171,13,5712,4612,8941,9007,660,4109,5590,3970
3205,789,2755,6162,2320,2027,5228,6656,1824,1285
1528,8755,709,20,4413,8696,5804,4096,652,3310
730,4077,4631,3966,8703,8909,3313,532,7709,6342
6833,4413,4026,8886,5569,7164,8173,3083,1020,3223
3661,819,6312,5237,1787,1877,4631,3185,268,1977
2334,8571,2047,7696,2062,8780,5104,1226,22,6191
2440,4889,2957,18,5976,7443,263,6069,2832,3029
5822,1252,2171,2575,7443,5179,659,8657,2369,8687
1886,3712,4233,5621,5559,2882,4964,4413,8441,2062
4520,5559,6785,6014,3853,5083,1528,134,4799,940
134,3845,1619,4425,2172,5887,6650,5559,1018,8748
3999,1305,8487,8269,1167,1824,2214,1481,2047,219
903,640,1550,1971,4178,2145,1809,1027,5196,481
7127,2198,772,2604,4388,3953,5206,4364,2371,7216
7487,2188,6508,1976,1448,5184,7480,2151,1812,5757
3659,639,1787,3945,6491,7494,637,659,2552,5418
6384,6018,772,6092,2173,3905,7162,1240,4962,2911
3878,1566,1876,4964,1930,1596,1356,978,1769,1612
6347,7115,6503,3449,6091,1524,3869,4850,4388,3187
2780,3308,3282,5197,6053,2364,8524,8885,3243,7889
2941,8447,6091,4058,7113,3184,1208,8746,4586,2931
251,8399,6685,599,872,2364,2150,2173,3313,6500
5241,5188,2258,8546,2367,2051,3449,3869,315,28
6939,4704,7369,2334,2062,7372,846,646,2056,3289
507,5794,1459,6339,7288,5567,5172,5266,3010,6019
1233,6845,6913,26,1495,6660,1971,2159,6345,2610
1251,5210,337,4455,1588,2217,4107,2173,3892,1250
3029,5173,4962,8961,6024,4172,262,3951,1407,2181
1878,134,4895,4459,132,2359,8476,7819,7686,1976
3873,5428,748,3540,6085,2172,2171,3970,6650,3842
6724,5712,7399,2056,1126,385,6651,6338,6808,1285
4544,8333,783,8657,848,1673,172,5067,8705,1527
5764,7702,6140,1108,2166,4631,5573,8749,1596,3232
4155,3817,5985,1779,4150,1599,4081,2899,8194,1574
5154,578,1022,1504,967,4516,6333,2606,1517,233
30,4535,3025,954,4520,7337,5734,7433,5194,1226
7671,5096,4631,1921,3838,1380,4562,8170,5220,2952
2894,8877,2346,3184,1623,8370,7497,507,4162,1766
2047,2159,2971,1609,4964,4572,303,5194,1044,6384
3430,2699,6651,1557,1930,581,4150,3582,2062,5197
2334,5177,3838,4280,7264,2062,5976,3942,2171,4074
1779,2159,4976,6762,3027,6197,6294,8412,4595,1787
6188,1126,3184,3025,5982,1174,2147,547,3026,2175
4317,4545,598,5217,8779,489,8941,7466,4861,177
2378,5976,1524,2895,1809,7247,1924,6035,5233,1972
2939,2223,2901,3993,4530,5182,8540,8546,2338,1812
1968,8096,3905,2359,2658,8887,5569,5597,2159,2047
1130,5559,8485,5556,5766,1769,5937,1781,2214,2062
2371,7341,3973,6502,5625,7443,5739,3918,6374,871
26,8657,2173,6640,35,2172,5233,8395,1886,7364
1932,3025,2062,1880,6953,1949,965,1291,8193,3865
1509,4557,5266,5206,2371,1110,1425,3762,2534,3409
6945,6091,5247,7664,6018,7708,1233,2371,5625,4558
7957,2062,3184,1866,2364,6333,7767,4177,6038,3878
7469,8418,1470,5166,480,3719,5564,6437,864,2334
5566,5810,1523,6091,5123,295,765,5205,1886,7678
5229,1100,2198,3433,3029,6934,7161,1488,5926,6018
915,5869,6359,1157,6015,8404,3197,8229,2587,1526
2053,3950,3027,3025,8885,5822,1416,8425,4612,3062
4564,7684,5259,1972,4389,2047,6600,4388,5822,4962
6369,6070,5151,6383,3318,1507,3412,2217,2982,2062
5712,1879,1940,2294,3847,4089,4024,6599,7435,4175
2338,8395,522,2171,1926,5048,5238,6658,3521,3738
6652,2528,1924,5159,3283,6725,4393,1880,5228,5597
2371,526,4385,1482,7221,4964,6059,6334,3830,5712
3413,7819,966,4823,5566,6419,1517,2177,6054,3184
7435,8097,4390,2813,3876,2307,2334,5230,2172,3313
8395,563,832,1130,2981,5067,1088,5326,1251,1098
4631,3976,5167,3607,3997,1015,1564,2202,5920,3289
1781,1877,8048,2359,8941,1182,1225,8637,3313,1259
5743,507,7464,7182,3019,6349,1853,6927,5751,993
2803,1879,6496,7612,3919,2143,251,1825,1507,3715
3103,7711,4385,3991,3132,5211,3863,7487,2359,2808
3789,2247,4006,2338,4536,7981,6342,3863,6944,5139
1569,825,2980,1829,5247,5976,1282,6362,1926,2899
3310,8412,3607,5252,926,3294,5080,804,595,4388
5250,3006,1005,6383,3433,2371,2159,6016,6650,1620
3907,1160,5769,7711,2981,6848,1318,5583,6481,243
3258,1256,2547,1458,1399,1493,6785,7698,3670,2792
7443,7634,831,1457,6318,3598,2587,6725,5228,507
2371,2882,3009,5793,5127,2051,2901,1877,3841,5559
2364,2062,5259,803,7556,7714,607,5206,1763,8744
4631,8623,2359,6725,219,8626,3880,3407,8092,1053
6650,2144,8789,3920,3184,3538,1932,2215,2514,2159
3185,8366,2062,3581,5908,612,2172,654,242,5556
1825,2159,6206,8472,734,9086,5690,4605,2062,1924
1071,1157,6291,6777,1809,3313,4385,2151,8941,1537
5247,983,8493,6365,478,6091,3025,2062,6785,3190
4150,6334,3526,606,4962,8548,2324,3941,3153,2576
2753,4555,7890,3205,3679,1924,3439,1366,7309,2062
4253,5195,1801,4155,618,1472,7129,2901,214,2980
1126,1769,1959,2156,1932,3638,5786,7514,8545,2364
8885,1366,3838,135,644,2211,931,6035,5865,5556
134,637,3492,2145,5712,4157,6725,6494,5556,1827
1769,8879,7374,4420,655,2576,5560,4631,4962,7595
2047,2911,6939,1076,5294,2058,7204,1580,872,7479
3998,6650,3841,6649,4734,2346,6100,1878,637,4134
7272,4902,2371,1517,1886,29,5210,2173,5804,230
8521,5243,6641,3938,2182,4324,8637,6234,2036,4849
2307,5600,6294,8431,5556,3963,5734,2460,4528,5976
3791,5097,1779,7678,5177,3981,2205,2973,6811,2151
1158,3618,1710,4730,1879,5055,3422,5754,5177,2755
5203,1041,3955,1787,1883,3445,2576,5986,4388,8885
8750,2465,8777,19,251,8490,5569,4124,8796,3308
4413,507,7487,265,1408,790,5615,3308,7092,2078
1886,5573,1380,507,4417,1658,2051,2084,6725,6091
1216,3691,2056,733,2890,5712,5804,8542,2349,4586
389,4105,2145,7941,5821,4586,4388,2924,8747,507
1555,2792,2546,8802,5842,4977,3025,2077,2113,826
2334,5969,5235,389,1912,8886,2145,893,7516,2520
2188,6339,5566,3825,3905,134,5250,589,1000,83
2056,2495,954,3863,5976,1779,1880,251,4160,6652
4855,5149,2957,6018,1063,2544,4187,7199,3410,1058
3403,1836,1095,2893,4159,7720,1972,2062,2063,1779
5556,3981,1053,2941,5585,2945,5754,5599,4385,6374
648,4388,3114,8409,3654,8237,1264,3575,3026,2576
5712,5560,5983,1976,600,5559,1963,4060,3122,2069
8546,1779,3669,1075,2914,3332,7287,7899,2755,3516
5097,7776,1972,7114,9058,4105,654,2922,2334,2961
3935,5596,5556,2334,8657,9007,6359,8222,1226,8048
507,3648,5228,8656,7898,6651,5753,8462,5734,1670
2063,4161,5178,340,7522,7454,809,4388,3581,8653
3699,507,6776,5973,8228,5250,3014,8941,773,3677
8408,2172,5560,2159,7465,4551,6939,5559,3569,134
6785,1465,3205,3678,848,3433,4974,3942,828,2488
299,1886,2352,586,1053,4134,8420,8409,5896,1977
251,3967,7454,1018,5184,8496,2159,3161,1758,2831
223,6186,2371,5870,1600,7465,5087,8961,1274,2151
4608,4388,3224,8855,5573,2172,5166,5173,3719,5187
3847,8222,6891,1116,4962,7720,8657,2334,251,4390
7635,3485,8447,5556,7191,810,3951,2338,4385,6725
1880,821,4683,264,24,3027,1287,2937,7743,3259
2902,3308,1174,3185,297,1947,5233,921,1787,4006
3511,4304,4155,654,7556,3998,2359,2890,925,3226
2924,771,7169,1769,761,507,8540,7753,1877,9013
5770,872,2051,1566,3029,2198,3581,732,1358,870
3871,8881,134,27,6802,8168,8197,8991,5073,3475
3318,6334,2546,1237,2051,2878,3993,6199,2755,2762
668,7265,6333,3792,1592,5087,7057,3308,8395,8796
3669,3413,1080,6909,1467,4016,5836,5742,2159,3967
593,8763,2889,776,6197,652,5075,1879,917,2346
5793,517,1226,7899,2940,3014,5560,1588,3246,5566
7693,5266,1877,1564,8626,2488,5894,7756,1425,7085
4134,776,5180,507,2063,4578,6018,1853,791,3515
6018,5567,5559,1126,2919,5569,2759,3514,3039,4017
8544,8501,7598,2062,2205,871,2980,5903,3777,5590
8708,3283,1173,2878,134,2172,7128,5178,2961,5786
1431,2576,5140,5566,1073,5569,4831,3778,5556,2175
3073,1532,3974,6070,8098,2062,1340,8861,5753,845
3008,4412,6272,953,2894,26,1285,507,2056,4653
862,6725,1777,3412,37,1907,1880,4551,6063,5091
4258,8420,7400,5097,4545,5266,299,2934,3745,5560
5242,1293,7846,2601,971,7835,921,3892,1536,8737
3847,1559,3141,259,6374,22,2334,2910,2919,509
4172,1229,1214,3941,2151,3838,7263,6312,134,2548
3532,6479,2919,4060,6022,6341,590,2884,1822,805
2047,6945,2130,3029,2658,1047,181,4361,2914,2159
4155,2338,7443,2334,1880,2051,1926,1785,8769,289
5573,7977,5869,3920,6024,2214,1822,6091,910,3871
3471,1769,5138,2572,9008,2369,2172,1093,5559,5373
1042,1041,1977,6974,7402,8885,5566,2965,5973,7129
4155,1042,5210,3283,2063,2334,5720,6063,28,3884
5973,3838,1782,1658,661,640,1264,2922,656,7697
2364,1926,2338,2151,1324,6146,1788,8395,1281,4060
7251,6016,1924,5178,4657,7720,1446,3315,3185,3845
29,8414,1787,3716,3308,3459,1196,1095,1779,7709
8245,6492,2878,7870,32,7899,7678,1879,5067,1787
2173,4169,5266,3878,5744,3308,1731,1210,6282,8493
4631,4800,2156,4545,188,6188,3852,5160,3838,2678
1862,5130,1129,1281,1993,1808,1883,5656,8475,3475
2205,7683,8940,8880,4962,8418,6091,2755,1880,4823
5194,7904,668,4716,5884,3420,4962,5887,2939,1565
795,7556,1290,2986,809,8395,5804,1809,2919,2979
3906,1976,7879,3697,3318,6202,7468,4962,3029,3094
5232,1879,6633,2878,4053,1496,1904,7180,9012,3288
1361,8657,580,868,5247,1878,2080,2051,1972,1377
2151,987,602,6501,844,1895,4547,5160,1878,2063
2961,2159,2747,2329,5073,8966,3917,3644,7503,1878
5242,134,874,3865,4385,4832,5973,2952,8881,7135
2151,1880,1429,7167,4631,1956,8712,2056,2026,553
4177,2964,3866,3933,5567,1963,3971,6725,6226,3036
4422,3272,4586,3294,4545,4385,3308,1565,3963,915
1779,4040,4244,1361,4176,6308,3778,134,2548,4683
1623,6139,7120,5734,4413,3318,8970,4006,654,2047
2537,294,6201,8227,8545,7061,2062,4155,1535,5177
4776,3737,5266,7858,2055,3313,2899,5831,3184,4268
2899,1777,5067,3396,5179,5955,5069,6395,1602,6282
2336,8998,3828,2576,8447,2941,3065,2544,7454,5791
3293,8100,1866,3967,5095,4331,1600,5977,2062,1588
8419,2156,2878,1144,3824,3547,2901,3838,2237,1328
7771,2159,1446,8680,5963,4631,3184,5096,4588,3447
1545,5983,3999,814,8762,2159,7901,2975,7135,3422
1779,3480,4962,4638,6831,668,134,2893,8010,963
2613,5865,8796,4155,2371,5102,1568,7454,5159,5976
826,640,239,6299,1580,7678,617,5606,8867,4155
5194,3864,5566,2159,563,7891,2051,5238,3836,1912
4171,4160,6186,5976,8657,1255,3555,4337,967,3960
3283,3053,7454,1530,5556,8420,4631,186,2341,1779
5613,2159,8546,3648,7186,1984,2179,2364,5559,8420
6594,3838,8248,5557,4034,279,6757,5566,4271,4388
596,7905,8408,6379,3988,4595,4388,4311,1976,2364
281,1787,6932,7668,2961,6657,2257,261,6517,2488
5203,6752,2329,5095,3756,6202,8894,9017,1126,3185
4968,1045,5728,3655,5069,7345,2159,1886,8087,4165
8713,7095,3538,1113,2539,213,5871,2208,2714,5253
6797,978,2289,6314,4155,5173,2886,1778,1787,805
1880,280,3211,7443,3029,788,625,6334,1989,8796
1509,3876,933,1072,5173,1308,5105,7304,6197,6383
4177,2151,5788,666,5253,5160,6660,8712,4520,3873
1583,2873,3838,8796,8579,2359,1256,2888,3184,6362
4001,5190,5822,6633,2980,1952,2608,7230,8168,6725
3896,7464,7462,2334,5977,8625,3010,3970,6833,3855
2172,984,3308,6827,5734,4388,5860,6339,5977,8877
971,5161,581,7325,3589,4155,3211,4837,1386,4985
1123,3972,5559,1417,4388,1779,8320,1829,518,6287
3308,5582,1779,2074,1053,1041,2532,1780,271,5867
8866,5979,1802,6579,8502,1264,82,4388,6833,6996
3442,4962,659,5164,3844,6827,8103,1517,6228,3838
4544,1565,7114,4611,8796,2047,655,6725,1193,3892
3749,5778,1879,1769,2056,798,3161,2064,3953,5137
3447,2171,1886,3904,3517,3184,971,789,5767,1860
507,8567,4966,4545,1839,2334,6011,218,1879,4533
5195,6336,5119,6725,1537,2051,6080,8886,507,1880
1822,8205,8499,3285,219,1777,3176,1977,3088,3289
4006,4529,2574,8097,6640,2056,5766,2540,4528,2159
2338,1271,734,4631,1779,1417,3945,2173,6192,3146
2056,3886,590,2062,2145,5560,5202,5822,1873,6709
6657,1049,8230,5204,645,822,4894,8997,3963,1857
6864,6046,936,219,4514,1089,5117,2062,8753,5556
3617,5989,134,7454,5728,3679,2369,7763,5556,6757
7563,3963,933,1027,3420,6725,3025,134,8877,5566
1290,8553,2552,3050,6628,3488,4223,265,2047,6034
1779,2346,7431,7821,6800,6362,8796,3562,1861,5976
3618,4964,1139,2755,471,5804,2934,6031,5210,4809
1015,3294,5390,4962,3966,8414,3612,6387,1230,3569
5097,5091,4533,4006,5266,1375,294,6668,4631,4962
2901,1495,3838,4157,1103,2644,5221,2937,37,7273
7459,5069,1976,28,6064,8221,3205,1825,4563,7448
6650,6662,5090,8432,1716,5902,3496,1963,956,5205
1886,1880,2878,2051,4569,8419,7697,1862,805,277
8420,7752,5765,280,6158,4570,1226,7454,8631,1366
2496,8796,4413,5166,3029,1550,654,1989,2886,2153
2035,5976,5804,637,2963,265,236,2878,696,5011
2159,4172,4380,6725,8207,3308,7132,1179,332,2364
5989,2371,3008,8100,6909,1289,1063,8885,8637,2278
3307,3422,8479,5173,3680,8756,3847,6059,272,2369
7753,1024,5736,1276,2957,1452,5569,3745,7464,584
4214,1803,8763,7771,127,3217,5559,7219,2172,5734
72,6368,6144,4159,6649,8242,1029,6197,7435,2359
1800,7771,4388,1333,1879,3967,3847,5556,6202,2375
6498,251,2089,5206,5719,6047,8691,5804,7429,6291
1779,3878,5559,3413,8107,7976,969,4960,2936,6334
4612,1878,5195,5567,251,233,2610,2959,2205,7711
8796,1032,1812,8083,5215,5569,2346,1486,5558,2180
3963,3029,1184,5568,3863,3456,1623,5976,4143,5556
1779,2338,1208,1827,5780,789,6633,6169,2371,2144
811,6081,8229,1972,8546,1948,5769,80,228,595
7578,3847,7842,1977,1806,507,7154,1769,8878,4413
1787,4155,6796,5757,2471,893,1528,2062,259,1407
2652,939,558,1983,2798,6834,8192,8793,4769,554
3653,5178,4276,2047,714,4068,5559,6181,3228,8395
6294,4178,1862,5217,4153,6383,8393,4051,2369,212
4053,4298,134,3878,1039,3803,4388,2056,3920,6831
3954,5822,1458,8809,2369,5236,3316,2488,41,3672
6147,3617,1785,5556,3318,2056,5977,526,3485,6043
8504,3025,18,5209,5585,1800,6202,1812,5160,5210
942,6827,3562,8232,2334,4023,4155,6725,5238,820
6909,2885,6294,2182,7776,251,2173,4545,5559,2793
5579,4302,5230,1391,5785,2047,1816,2063,3887,5566
1592,1923,8779,1882,7030,7447,2576,8542,4807,8420
9015,4385,4631,8625,5769,3867,3014,3001,5976,219
4142,8993,3927,4134,6891,1085,1224,927,1932,2644
5581,1448,3202,6165,6745,1587,5250,6635,2967,5253
7454,2173,4631,2264,1452,3970,5161,5766,4535,2372
3119,1526,3242,3517,1336,8822,2205,5804,1779,1977
4155,134,5174,226,2611,3025,6568,7898,1522,1479
3878,839,3014,7771,8796,3838,3367,6214,8418,2181
5556,2951,7505,2334,2159,7556,2062,1378,1039,2177
5569,8447,5195,2338,2760,3313,4783,4550,3873,8051
5878,5565,8405,1016,1886,7708,3409,1932,2341,6657
3889,2051,6785,1041,507,6331,6725,8171,4020,2878
1977,5582,6030,5766,6201,4570,1568,4520,8487,3959
2534,1184,2825,8177,2814,5569,1787,1545,4528,578
5173,2062,1991,3967,5689,5796,5766,2359,1948,2338
178,2658,8016,5607,5559,1930,3963,4631,1157,7454
6725,6055,1623,5239,2173,1101,263,2408,3711,3308
851,4962,5560,942,5958,389,4960,5596,6725,6146
1488,1801,3449,3642,6362,5569,1079,4024,5260,6101
4077,208,1345,8420,3406,134,5559,1205,6091,6360
1224,1082,8776,7678,584,2981,2062,5104,3789,6911
1609,954,2172,3258,2051,5591,7464,5559,4585,1769
1095,8654,2369,507,3026,644,14,4612,539,1227
6772,3863,6041,8769,219,8961,7889,5976,2965,3352
3419,2981,8170,1785,2919,7956,1873,4004,4148,2151
2061,2062,2015,4280,2856,1126,1824,7164,8885,5194
5140,3155,1972,5730,259,2047,241,8215,3321,5113
2145,805,8783,2941,8877,5204,7242,134,1039,3992
4964,7129,2956,1712,7443,2533,7706,1989,9007,7437
2177,1880,4385,17,3915,5976,2921,478,6937,4226
2239,8542,8796,2047,8395,2151,1620,6092,2898,8630
1977,3025,3584,5225,893,5976,871,5567,5160,3643
5573,2051,40,2894,2844,3164,3029,2371,5121,1498
3878,2338,6043,2056,5976,6059,5565,3447,1908,3514
6024,3409,2341,7430,2334,1075,2359,4528,1873,1417
1878,8418,5123,3025,968,5573,1328,5209,1252,1085
2681,233,5791,2554,6725,2572,2334,864,5786,1779
4020,3497,1886,2173,1528,4973,3999,8766,5193,2051
7948,5978,3691,1809,2426,3380,2981,7499,5212,3837
2549,507,872,2051,5769,2064,3025,1882,3294,5569
1779,7114,5973,7706,5559,5822,1272,1059,4290,3843
5973,4612,6017,3532,4560,6018,3514,2477,2051,6796
4024,1812,5559,5785,8103,7480,6294,2576,5253,2205
2488,2755,7677,4539,3938,7372,1024,5250,1417,6518
5893,2943,8761,1291,6725,4392,1164,2878,5116,4134
5569,507,6725,5196,948,4088,4155,494,6093,3025
7904,6287,6202,7135,5973,6225,507,2047,7454,2369
1195,2334,5102,1050,639,811,3894,6388,1208,3691
1182,5973,6914,6050,6633,7454,1111,8212,5566,3025
6018,5221,3282,3606,3878,3184,5560,6278,7094,7354
2755,893,2172,5785,6054,7164,2548,8884,4413,7903
8395,7309,6817,1924,6782,3219,5556,4388,6339,2159
1881,5559,5266,7416,1229,5102,5242,4350,735,3903
7324,8777,7454,1315,1924,5266,5259,7750,1464,8395
2239,4561,4413,2205,2964,3865,3029,8886,7601,2051
5383,8504,7711,1464,8881,8960,1972,1882,1262,2011
507,1921,7410,5973,6070,1421,5977,5560,1438,4155
4155,5202,2156,3014,4153,6314,1024,507,4040,3006
7454,5238,893,7122,282,3932,272,1976,4545,846
8654,4623,3310,219,6305,3406,2755,7185,3418,5238
6641,2171,4284,5714,1972,5190,8409,1301,2056,6283
4043,1058,5390,2371,7304,5753,3907,4590,4911,8746
3312,2432,8432,5833,2981,8318,5182,2171,644,5556
2981,8774,870,835,7094,4631,2177,5805,507,1361
5766,595,652,227,2369,5142,4239,7685,3412,7714
1921,3308,5168,1933,2911,2644,5577,986,3926,1809
3538,507,3177,7770,1523,579,2197,5804,2051,1769
3296,3966,116,949,3969,2052,5687,6798,667,4134
2047,5680,3878,2057,2973,5734,4257,7415,5559,251
2152,3720,2047,6022,6091,1559,405,5590,3575,3294
1365,1824,7443,5593,4385,355,6639,5566,5177,3991
5976,1515,6827,4388,3010,978,2338,2952,7678,3284
5804,2159,1197,3998,640,2359,5261,1275,1977,4143
4528,2059,859,5559,5807,4542,6651,5757,869,950
2062,1880,4074,6018,5961,7129,5022,1977,1989,2082
4609,1439,5210,7468,37,7767,7263,7717,4962,1514
678,8871,7172,177,2173,872,3539,773,3485,5712
5331,6334,2173,2151,1609,733,1016,669,3951,1107
1886,1267,1059,8542,3847,5973,481,2369,2375,5232
2172,2423,1863,2159,3686,4385,3766,7091,5174,5559
2410,5174,3357,4274,3890,4388,1880,6070,2890,4413
7610,5191,1788,2899,6091,5559,5976,6907,2051,4390
2356,2063,3490,3613,3956,8191,1468,1458,8637,5578
2901,2172,5266,7483,2056,6520,1015,5804,5247,8542
5142,805,2334,4213,3945,6640,807,6909,5090,4385
8439,1738,6136,2359,2172,7746,134,4028,5741,1389
7334,2962,2047,4158,1966,5566,3905,791,3027,2040
3445,5559,975,2574,41,1879,5976,3010,1541,3938
1989,1731,5229,5772,6633,5557,5559,2901,1104,3847
1543,1143,1044,6165,5573,2205,598,8942,4962,7274
3185,5243,8172,2939,5174,5263,612,6018,3753,1877
2375,3075,8395,8637,1184,646,1862,6909,8233,6008
6070,6082,2688,2369,2159,7291,4305,4230,5566,2173
3053,2340,47,725,5730,5566,2053,6660,1877,8757
2885,4557,7060,6191,1787,5822,2149,885,7711,2981
