8755,5573,8545,1800,7664,15,3917,6318,3075,2273,4883,3941,3296,3283,5559
3847,4770,2016,6657,1211,3420,5795,1536,4516,1301,1223,1058,1111,1384,1173
4649,3768,6216,3841,3533,266,5556,972,1302,1308,893,2181,1015,6343,8409
6091,2981,8879,5228,6656,5227,3384,32,7164,3318,2803,3010,968,3053,8003
5978,6400,147,2205,2841,3184,3098,1454,4024,1866,2755,4962,6833,6091,734
505,8741,7121,2172,6553,4134,734,70,2159,7876,793,2939,5786,1801,6499
2019,3615,5769,1365,728,5559,4414,2054,6016,5712,8103,7915,3022,7750,2159
3308,3878,5266,2950,5712,659,3116,1769,915,7428,1879,3520,1809,1787,7325
578,5894,597,2338,700,6605,8475,5564,304,6070,5266,6334,134,2151,6658
7761,4611,2205,5728,5215,6048,5166,5232,1499,1535,134,8415,1184,5567,275
1787,3208,915,1779,1559,2359,663,7311,8097,1096,6188,6503,2644,794,3777
3313,6154,8880,2885,6552,3545,5186,134,5804,1000,2334,6343,5090,1769,1976
8880,5245,6294,5250,5973,8543,6649,773,3081,4751,5177,7666,2980,7547,6336
1264,5804,3953,3845,8395,6655,1884,5989,3025,2939,2959,2576,1706,1064,1230
3606,4275,1545,6156,5753,5844,1364,943,5560,3882,3029,5174,7373,6284,3517
1198,2921,3022,8395,3597,5193,1566,8103,5185,5123,6374,2922,5166,5822,2411
2173,1474,3582,2334,1567,6716,507,6159,7020,7692,4215,5741,3687,2364,5976
1971,5920,1825,4520,8627,3685,8222,5560,6633,2056,6782,3712,6611,2151,1407
2578,655,2338,3778,5090,5198,2901,7240,6137,2899,3863,2576,8886,2981,1528
4611,568,2056,299,595,4413,8770,251,4155,5753,7369,8796,3735,6939,5344
5559,1459,5160,3847,6569,3838,2771,6145,1866,6832,1095,1609,7711,1880,2151
3244,1745,1788,8940,6347,5217,3029,2338,2239,2755,4042,2695,1733,7164,8546
608,4006,3999,3883,7479,4694,2171,2126,6503,5973,4385,5087,4973,251,7429
5266,1039,2901,1983,5973,3648,26,8938,2564,785,3942,8712,5753,1184,2965
134,3432,4545,1800,4520,2216,2326,2699,6280,874,6202,2172,3025,6091,2409
2993,3066,5162,4804,6503,2172,134,1317,6309,3277,5560,4025,1564,2334,2159
2878,6091,4368,9000,3778,4615,5127,975,2755,2632,1802,2056,2408,590,1360
5732,3039,5603,7324,8739,1878,8759,6279,2217,936,2369,2981,2356,5182,7335
3517,507,7324,5596,5569,1921,1976,2958,1208,933,8219,6554,783,7168,5617
6641,1362,3026,1240,7164,4169,4109,3878,7721,6914,2159,936,1566,5617,1006
3910,5244,5220,2364,2369,3963,2887,6018,6494,9043,5178,1472,2901,2051,5559
1485,8657,5712,2774,2536,6070,1921,2172,669,7711,6909,4082,2655,2151,2371
7472,2901,2334,7324,1405,271,7726,2562,8474,3738,1812,3406,5734,4330,3940
4388,6036,2587,4226,849,1882,1170,1550,2051,6660,2755,1326,7433,2574,1779
5160,2063,3088,7856,6965,5573,4024,1378,1810,7135,1587,1769,8430,1866,225
2159,2051,6909,7082,8880,7213,1824,2894,4696,35,4962,6926,5728,5130,5213
1375,7601,2159,6324,9007,7690,7144,6037,832,4535,5087,1201,6206,8432,6891
21,3966,1042,7853,5233,1362,475,7297,2153,507,2336,6024,1886,6186,2346
794,7585,727,2334,7092,3274,610,3853,868,134,5067,7334,1276,1610,5207
8641,1559,5186,8317,7204,4072,5709,2369,2051,644,2062,8395,1167,2901,7604
2334,1477,159,2830,780,3296,7324,2205,921,4631,9003,6154,1984,4611,7678
2934,22,299,1886,1517,794,1879,870,1727,8881,3869,7164,8418,8316,3958
4630,1976,4327,4766,7341,5569,1880,1126,7037,6641,6287,1614,2890,7269,5211
3310,8319,1058,2177,968,8264,6091,7671,4520,7164,1983,3922,1452,2173,2062
3406,8447,2409,1076,2878,1234,2520,934,5173,3184,942,1045,8430,2890,2472
1886,6499,1285,996,2062,1977,7125,4600,1976,4704,721,5243,1207,1882,1366
6656,5194,3433,2362,8885,308,1104,1797,1968,3967,6510,2378,2151,1921,5569
1302,2491,669,7115,1020,3963,1809,7443,5976,1769,7416,4006,5618,1977,7485
2051,7133,3447,2644,2063,302,5391,7341,1816,2535,3950,3030,5739,3963,7416
2371,4045,7456,3967,7273,3409,4163,7309,5670,1504,5560,7164,5250,4566,2083
4807,868,8542,1878,1126,5560,6974,2971,6284,5097,1092,2172,4109,6018,7904
1045,6942,1559,2981,7484,8756,3618,2172,2056,8960,4091,6345,7443,1874,3760
8657,219,2186,6031,7881,5567,1972,3185,4895,2878,286,2051,4858,507,5753
4833,1989,1168,7484,6833,6144,1787,5785,733,6309,323,996,7332,8654,3314
6946,2169,921,6087,1787,174,2051,3229,507,938,3759,1876,612,4837,1971
8168,7577,3763,2801,2411,2470,7431,4038,2549,8447,3169,5178,6062,3246,5210
293,2062,1417,5567,5224,6091,5266,5721,6020,2548,6982,7160,2173,927,2883
1015,303,8868,5556,8941,5569,3981,2548,1894,7061,6047,3184,1986,1769,8168
4413,7577,1045,3481,3406,8193,4388,8745,376,2499,4539,5390,5925,8495,3504
5242,3838,3967,3951,6725,5140,7889,2375,5241,3083,6386,3026,1317,8219,5804
7138,8759,5745,1021,5581,1787,3971,6827,2550,7897,1873,5167,4545,62,5096
9041,2359,6091,6337,1370,3422,1480,4413,1072,5573,7720,6944,5712,8395,2536
2371,2334,3955,4239,2172,929,4692,2002,8412,2047,2027,8222,3590,5231,671
5182,756,8545,1811,7897,2063,3963,927,8669,6294,2048,4134,9058,3692,1225
1926,3645,4323,5712,7185,3006,4284,2911,582,4969,7726,3570,3014,6524,8240
7664,641,507,4006,7232,5560,1963,2338,2159,1088,8796,3963,5566,6018,3618
8796,1480,2957,3164,8993,8354,1963,1621,6974,5556,2055,5568,831,5573,3865
4558,2364,882,759,1973,6343,5238,8546,580,5557,4686,3195,1041,1565,1785
3389,851,42,2356,2062,1030,8770,7527,2352,2981,3945,8546,893,2371,4738
6909,4841,3161,1972,3943,3778,4039,1042,5973,2893,4556,2188,4028,6070,7708
4385,6708,7441,233,829,5976,1876,6657,2027,8757,5140,3838,5573,1197,2063
1882,733,8219,1941,2215,2105,672,1924,1697,3403,1977,3406,1301,4315,2725
1581,7487,3025,3179,8005,1155,7341,876,4173,4605,2201,5204,2894,5559,3405
5163,3043,673,4049,600,3283,3026,3733,866,4520,1079,4946,3090,2338,1657
7443,2062,8624,1877,2172,872,7129,1511,2570,5235,2214,1637,946,2205,1769
7708,1041,184,5191,6319,2939,3086,3863,264,29,1879,2217,8487,1015,1286
7767,2051,4099,3412,3838,5557,3244,6022,867,6645,1181,3736,1985,5125,1879
3200,7666,4631,1936,6202,2018,3247,939,5569,718,8395,1588,1447,776,6070
5559,185,7684,1588,8395,2921,6018,3377,2334,4413,827,5728,3736,1880,6024
3491,4611,1548,8546,812,3444,2904,4533,6907,1123,1492,1486,5919,6672,4413
8102,1769,5567,870,2792,3289,1568,1042,581,2950,8151,660,134,5583,5210
1058,2369,1769,8637,5817,1921,2173,4176,8409,243,4987,1016,4944,2922,2159
2175,210,1167,2363,1053,5140,4385,6054,2177,6016,6018,2356,4562,4155,2172
2172,5,2356,1787,4631,5804,622,3871,3296,985,7371,6633,134,1271,7744
8796,507,3967,5220,5973,1042,5092,7156,1262,1096,2051,6371,1879,5238,5870
1779,7281,8488,2369,3745,6008,3846,8499,871,1558,8418,4016,2897,8393,5237
2575,5569,9015,5769,6052,3195,8941,2334,5126,811,1326,7144,4539,1800,385
6649,8171,1769,2364,2878,5173,3878,600,3716,2469,2334,8624,2341,8665,7406
1576,6045,3244,3029,5727,2334,4821,134,7545,1126,7454,1873,4172,1541,3971
3039,2965,5178,3882,2338,5127,7438,8418,773,1881,664,5102,6644,649,4147
3874,6179,5842,2145,2901,4435,5541,3308,4014,1976,1032,3993,3029,2583,8097
4631,3878,2051,5753,6084,1137,3769,945,5791,1876,2054,51,7685,2077,6091
228,2371,507,1977,2899,2889,8654,1625,6091,811,7819,1561,3022,7467,7135
4041,1825,8637,3998,7284,7611,7735,648,1972,13,5179,27,2173,4077,7273
8494,5790,3912,2597,2062,1879,3379,1779,1041,8156,5221,3865,8950,5559,1064
3975,80,25,9047,5559,3743,6785,7439,4566,2981,4534,2172,6517,5976,1028
2564,6725,7185,3185,2180,804,3926,5226,5228,3506,936,2159,665,7585,3301
3967,5795,5754,2047,1883,1989,4006,493,5250,7222,6725,6599,1926,5560,950
1977,4143,940,2151,5804,1972,1779,7509,1361,2062,8859,2923,7184,8547,2901
1429,2334,733,1932,2254,3963,5381,5566,1409,5209,7849,2051,3184,2063,8545
3490,219,2159,1787,8546,4631,1769,6827,809,3967,2952,748,7297,134,3517
5573,1989,5060,219,4413,1910,4619,1208,6342,1513,7185,2028,1226,7709,940
7600,5976,6159,1576,3413,1285,1223,805,3044,5814,2319,6909,2575,599,6396
2047,5566,4555,6542,8103,8524,7906,1535,3556,4162,1293,8885,5220,3251,4256
8854,134,2758,5734,7610,1252,2930,3913,4514,6144,5556,1609,4940,6926,2159
5117,2151,6057,1036,659,5489,3601,6833,6943,5999,3029,9089,2369,134,1337
2051,6091,5156,5166,2885,4964,4395,8395,4157,3751,2844,1117,2338,5973,1745
3516,8394,3970,734,2251,5564,4631,4159,2371,7807,2350,6015,4134,3945,7184
7135,2056,1825,5560,4529,1301,7897,7671,8083,4872,3205,2211,7708,4318,1442
7845,2973,7480,3554,8651,6022,7378,7345,8517,3053,5556,1977,2047,6725,6207
939,5198,2522,5982,1017,949,7465,2062,285,805,1421,6725,2346,512,4043
1777,558,2875,3616,6018,2359,7469,1906,3878,2986,4124,3863,3960,8092,5078
660,2205,643,3029,2338,4365,2172,5189,6909,5017,2901,618,4355,1623,4885
8777,6640,8433,2217,271,5781,314,1560,3863,4807,6373,2579,6026,8708,5785
5573,7471,4177,1635,2939,6832,5804,3967,3594,5221,2371,1016,3417,1041,5728
1769,3356,5123,2462,251,6658,1960,1033,5210,4070,6897,2971,5182,134,6943
1107,3401,1045,5743,6641,2890,772,3289,8387,4928,5239,1550,5078,6201,6725
5168,8776,3308,2214,6024,4144,134,583,1965,1862,5102,5734,3964,8881,4558
6024,963,3409,950,1933,987,6347,3014,6018,6647,5567,4388,4890,2907,1310
2547,3420,2011,6757,1282,1983,2056,4001,5097,1877,3837,1783,7443,7666,6725
8748,5792,4155,43,8501,4582,7420,4006,2062,6835,2151,1488,294,608,5243
6367,1787,7443,6034,7414,1535,4312,1778,507,796,6994,5559,1118,1457,4006
1968,1886,4744,2172,5221,1878,1420,6031,5559,3413,2890,3201,507,2159,8996
2205,2172,4306,2221,4708,3185,3863,2241,2056,4389,1769,4764,778,6510,4388
6651,1932,6202,6062,1787,1362,2151,26,4962,1532,988,3806,5329,4586,7585
6649,3026,3519,5121,2192,2173,6706,5228,1812,2159,134,8980,2205,1953,3029
1535,2152,2062,5929,6188,7708,7384,5220,2248,9059,1123,4813,3413,7465,7430
5242,1111,2334,5370,5559,8755,2359,1176,3714,1198,2367,7324,6499,1968,5247
587,323,6361,5160,3056,8992,1439,7330,3025,1056,3420,1399,2545,2356,2151
8036,8191,6291,7090,1240,5206,3480,5223,5585,476,2546,6091,2942,5973,1820
3544,1954,223,5266,6648,6341,2981,7556,6140,3878,1883,283,6725,2047,5242
2338,4539,4388,1516,2578,6630,7005,2343,2893,477,4831,7820,6647,1873,6974
4143,7556,1396,9003,816,6028,3749,6048,5168,7905,1976,5608,4962,3946,1769
4155,2359,6942,8409,3956,962,4962,3805,1577,5228,4329,5250,559,6334,5028
9007,8796,677,5712,9005,6335,1559,3221,5559,8496,5822,7245,251,2975,5610
406,2893,5804,5193,7750,1878,8419,6059,1769,2173,6140,2338,613,4962,3038
707,3282,2055,342,5174,1488,6909,646,6181,34,6137,1926,4165,3231,7585
6018,731,2359,178,2047,5242,5565,8600,5041,861,6076,5167,2173,5556,1878
1993,1983,8750,6864,3617,3501,849,4962,5229,5173,2151,2750,5620,2778,134
2334,5194,1223,3478,643,3428,2051,2062,3768,2897,3920,4631,3942,950,7709
2371,3690,2063,2975,1658,6652,2973,938,8545,7297,3937,5878,1882,134,3576
3814,7844,652,6649,3331,8521,6029,2159,5102,1086,2656,3413,8504,4962,6061
2051,4155,3957,5177,6847,1281,4600,1144,3864,2375,5566,2172,5976,8395,2159
6914,5607,1993,807,5556,3981,2182,7122,3406,5236,5127,5565,6334,3313,3025
1024,4257,2941,2036,2364,860,8988,260,7154,2061,2549,5925,3449,2824,1606
4385,1769,9063,3475,5226,4631,8941,7715,893,2700,5556,4293,2159,4134,4055
2151,3836,2359,5560,5569,1956,7679,7697,3029,5221,5042,4155,1862,3756,2973
872,2369,5559,7324,5173,8500,8557,2338,6331,7577,1448,2885,1031,5192,8749
5976,5753,7556,870,1769,6342,8051,1976,3915,4312,6383,3244,2334,6360,1157
8320,21,1257,3029,7184,6001,8455,6900,5744,1278,4432,3184,134,1499,5559
3586,8762,251,3461,2338,4631,2336,3089,279,6184,2893,5073,5734,4058,2159
1368,8712,6827,1819,1208,7164,4260,4177,8921,1932,2182,2310,1878,2205,2334
3115,1976,2346,5795,6020,25,5067,2173,8774,4155,7423,1377,4358,2893,8393
5185,5173,3173,4413,5140,7603,1769,1825,7485,5566,3873,2035,6201,5764,7332
231,1126,2755,288,1369,1375,3887,7603,3878,3891,2842,3595,8020,4348,2340
6801,4172,1324,1884,4850,7757,5569,6605,5266,253,5370,7324,1261,1921,7129
5559,3966,2981,6034,3674,345,3864,8542,794,2341,5230,2161,2159,2338,2927
1788,2334,6156,6024,1886,7879,8447,5603,5875,1051,3399,5067,302,6503,8736
1686,6305,3878,6091,42,4962,5177,1769,6008,1883,2950,8950,3691,5753,7587
6830,6091,1016,1232,6647,1787,2336,2952,7187,4293,1983,8941,2151,2159,3906
5173,8487,5556,157,8889,1466,962,3865,7556,3308,7956,4385,869,2975,3863
3923,4574,4388,5982,8119,3541,5987,5757,4964,3497,3318,1507,2173,3447,2761
1568,5566,7443,1787,808,6006,7709,3083,4640,1883,2464,1524,5198,2856,2313
7711,4951,3838,6347,134,1324,1429,4400,3029,6024,308,8737,1020,1976,1042
5573,8180,2172,5870,3618,3196,3025,1886,8936,2159,4223,5061,3863,78,6060
2658,604,6725,2371,4964,1924,4607,796,6647,1196,4962,1403,7433,646,4506
5753,1989,3485,5586,7654,5926,5921,3714,2371,1560,2346,34,6347,3931,2669
3536,5166,512,1507,3052,1779,8766,3244,7770,1878,1866,2343,1966,1448,8762
2893,7711,6725,5091,575,5160,617,2047,5804,2575,1217,6633,1095,22,9082
5173,5215,3812,2334,7748,5557,5560,954,3841,1477,5743,4631,7369,2062,4293
6062,3958,7720,3504,4167,5568,7569,5018,2939,3444,8542,2889,8087,825,8796
8177,2901,2334,8941,8395,101,6884,5217,7956,1976,5370,3025,647,8420,8557
7193,977,69,8769,7556,4984,3843,6211,3654,7228,2175,3838,6373,1880,3762
2175,1093,7351,4369,832,1976,4636,385,4799,5140,2369,8242,134,8642,4520
2024,3649,2575,8796,3953,5234,8881,6019,7709,700,5766,5841,5594,1236,1464
15,5189,5728,1021,4388,37,593,1123,2159,1976,1208,3953,1167,6356,6018
5221,8880,59,262,7431,134,7263,1977,7843,2051,2151,3490,7345,1447,1808
965,2371,4239,7678,5569,1471,1976,3367,5986,639,9009,2208,4148,3010,2062
6181,5177,2465,2063,5147,1812,7711,7678,3963,4134,327,1564,4388,7135,1976
7340,8395,2035,4306,1104,2899,6015,2924,1612,5560,2452,8542,3252,1130,1825
5624,2755,1419,1565,3116,2921,2951,134,2359,5976,1882,5124,286,7475,2051
97,5041,6227,7461,1523,3999,2665,5741,4413,4526,5569,300,1068,2542,6345
874,2371,1372,2981,4134,3289,2466,5699,6145,6170,3308,134,3835,6188,5262
4239,1094,2948,8048,9040,1519,3966,1731,3336,783,5734,1082,4413,2337,4155
3956,7465,2346,7618,3037,3208,2151,2889,3991,6066,6360,4641,4962,3878,2180
4413,5573,292,8504,2063,2893,8418,2339,7614,5560,5150,1976,2359,8542,1204
890,6166,773,4385,1431,539,8880,5565,5822,3972,2973,7708,6719,1003,2949
1565,2047,5559,3257,4962,3255,7465,5220,6128,4807,2156,3318,4520,1977,8408
6907,6660,3963,1779,5569,3313,2951,5973,6349,5205,6284,3866,936,2895,3294
8952,1431,3978,2981,1197,1283,5174,8427,1933,3097,3968,2332,6359,2151,4038
2961,1826,5772,1976,2846,6896,7180,1892,5247,5174,8397,1560,6165,5161,2760
2338,7480,7,5096,1112,8399,8763,4978,2334,8661,507,5573,8169,2062,669
3919,2556,1423,2173,871,809,5198,8048,2410,6640,6197,1403,3184,3833,303
5178,292,7094,8796,8318,1621,5174,5863,4109,1787,2890,6070,7151,4176,3043
871,4350,227,6058,2878,251,7324,1595,1989,248,2371,3030,1509,471,1058
3011,3073,3991,134,8048,1490,2062,4413,1560,2175,2771,3313,2981,4066,4960
1862,5175,1167,4535,5173,8941,5804,8487,7234,8006,4561,6091,7135,2967,7372
585,5976,1263,4556,4173,1208,8885,1535,6091,6500,7260,987,7135,6293,3184
5119,2893,2063,6015,1461,6024,1245,600,1591,1499,6197,1779,655,2256,2173
1977,1809,2159,7952,1878,2371,5229,801,1927,3527,5266,1126,8219,7168,3878
1293,1882,3475,7440,1787,612,1878,6812,4998,5321,3981,3693,2237,6061,1182
4964,1559,173,955,1458,5573,8543,3397,2550,2755,2356,2338,4284,5566,7852
32,2519,5173,3026,2156,1021,7671,328,7848,3053,6664,1242,3967,4115,1015
2573,6027,7439,3838,6160,219,8419,5180,8567,2338,3508,1779,3960,6013,6018
6725,2346,7482,3786,4560,2885,4278,1862,6202,3843,8750,4177,1038,8881,5734
1926,4026,4556,3774,5559,6849,3025,7678,8779,9088,5569,5174,5560,5684,3967
6024,7897,2788,7702,1027,149,1587,2901,3061,4083,8097,1921,4885,810,3920
3367,2371,1779,4124,1234,5183,4297,5087,6046,2172,1866,1150,1094,8395,1308
1407,7519,253,3078,5367,1045,2047,7372,4514,4709,6293,6645,3598,4976,1285
1517,4960,8762,1428,3967,8450,4060,6644,2338,1880,8420,6662,2488,2047,5375
4066,2576,6334,3389,7372,5559,5116,8545,5319,6326,1113,5360,474,2435,2369
7912,2045,27,2147,5861,251,4631,299,5556,6927,5568,891,6302,6334,1877
2047,5585,3315,2173,8541,7457,2172,5210,4164,2056,3025,3856,2159,8993,2371
507,2526,818,1499,5606,3738,5238,4284,795,5556,7235,4053,1608,3282,2062
3305,6018,7692,5790,2051,1176,8782,5236,9013,370,5076,1417,742,1769,7326
1285,2646,3560,1116,778,728,1374,8886,3945,2215,617,18,3423,2371,6042
1350,1239,7649,7323,2901,9018,2338,507,794,5749,7161,983,2893,972,764
8380,7759,4555,1977,3599,5125,6974,2951,8941,4136,794,1464,2338,2755,363
3996,8705,4155,7819,5728,1455,6379,578,1185,2346,2338,3969,1968,2359,251
4160,8172,5804,8479,6510,1463,7335,7236,2878,3410,6317,3557,2369,4368,4388
5559,6405,8399,1499,5232,6275,6511,5253,1051,1363,6019,6645,7822,4962,1742
4533,874,2062,1285,3025,2520,2975,1204,4000,7674,9007,6001,1167,2173,3026
6725,1816,4727,1525,5976,1285,230,1880,7374,1769,4611,781,8761,5730,2573
1991,3024,2056,678,5103,3434,8245,4515,706,5437,1932,733,7124,6402,1779
5210,8885,5730,2564,2924,2063,6339,4134,1822,5560,4556,5595,647,5204,5977
7708,2062,6293,2173,8630,6401,2940,8204,6818,5381,1449,2247,3660,8686,476
3308,5283,2930,2943,5976,7090,7742,7304,123,5597,1834,1557,219,2941,8626
3034,7868,8111,2371,7135,8633,3967,2576,5973,2173,7372,5232,3607,2151,2757
4962,2477,2364,4106,1741,3498,8107,3315,5228,5567,1730,5178,5267,6378,7332
298,1613,8703,3339,5232,7980,4520,2214,5584,26,6223,4247,5220,4177,5982
6909,3613,2842,6092,2051,1160,2338,6047,2975,4714,1265,2354,1112,1514,1787
2986,134,2690,3184,4608,8833,3318,5556,3774,6202,639,8471,507,1532,3048
1104,1176,7517,2058,7168,2534,645,6054,4193,2027,2235,134,8393,4867,227
5557,1879,3026,3594,694,4898,5228,4631,5764,20,2156,8395,8097,619,4308
4024,134,2358,2063,3185,2951,5691,3504,1173,5094,3412,8657,2922,1983,2171
6848,5569,4819,7717,3333,5567,6379,219,1357,2899,5244,3029,7612,8407,1640
5732,3687,5160,1758,1479,1303,2334,8432,5198,1187,4568,4062,776,2901,1166
7131,986,1769,3029,4169,229,8545,7664,2658,5758,1862,3315,251,1538,6944
4027,3855,3967,2062,5559,2535,1311,6858,2056,8637,2153,2973,2471,5804,4388
535,3876,6186,2371,6757,8761,6725,2062,219,6783,3496,2147,1886,3205,3681
7567,9013,148,219,2334,439,4631,7854,6602,8255,1866,7720,3966,2088,1024
8881,2051,1880,5569,5560,3433,22,3282,5229,1541,8547,329,1481,2957,3459
1516,3235,1020,6091,6366,5136,2893,3718,3420,1787,6136,1800,6725,4297,2939
1564,2051,3205,2252,4060,1779,6939,3433,6312,3362,4412,7221,2159,5,3412
1391,2965,7527,2205,3409,5159,5764,966,8440,6833,6633,507,5586,1524,4124
5210,2172,6457,3864,4001,2500,1825,1771,3711,6598,828,628,7096,307,4539
5734,3025,3542,3478,8608,3183,282,2159,134,1779,2336,8963,932,2951,2156
1457,1069,3890,7179,5266,5804,3749,5176,2359,1879,2056,8225,3417,2576,8882
4962,2975,251,7487,1020,4420,2056,3211,6345,6008,2755,7093,5585,1028,1880
3538,7771,553,2062,1886,4413,3841,2336,7556,1015,1544,2878,831,2334,5745
3498,271,5073,5601,5753,209,592,4409,1328,3905,5067,1989,4134,6338,5982
7900,5976,4631,3025,971,2369,2062,1410,3872,8466,1303,3491,8418,3410,7042
4635,4555,4060,1880,5556,5804,4413,4134,2975,8757,4155,6725,4362,6177,7429
4105,396,1499,5734,4357,2549,6335,2214,2895,2062,2063,5569,5221,4299,8796
3406,8970,2159,2047,3146,1976,5804,2172,3587,5556,3674,5233,283,3967,5982
8354,4520,3878,7902,5069,584,5595,7184,1787,8318,3966,267,507,2541,4595
8177,2895,6648,654,4838,2051,6687,6091,5973,8498,4930,1787,7581,1098,9013
8443,5564,5728,1126,2334,1041,3083,1787,6091,1200,592,2587,1822,7199,605
4155,2159,8540,4631,8383,2126,3909,2755,6096,1877,3261,5559,584,3433,6848
2063,984,5764,5784,1488,5173,7851,7750,1769,1926,2047,2159,4368,2945,7897
299,2369,3308,8420,2366,6129,26,5073,4239,4714,2173,1384,2922,8372,2180
993,1458,7022,5556,7612,4369,6651,3420,733,1185,3982,3412,779,4159,8471
2062,3282,7431,17,4553,5556,2214,3967,6057,5116,6043,4017,5559,3981,3073
5177,942,5976,5567,6060,8418,600,2499,5684,825,8806,2952,3987,1041,979
5782,2939,8189,5822,8748,5615,5976,5566,1214,2971,288,7369,5390,6641,134
1777,3573,5805,2062,7733,586,5569,774,7400,8395,295,2172,3959,5976,3843
6049,926,6375,5556,3012,3598,2204,2369,5902,734,134,3459,1524,8567,4388
2350,1587,8007,5383,793,1824,5073,2062,4631,8991,5976,3952,3432,3294,7184
5118,2249,2334,528,7454,4006,2356,3412,3410,2981,4109,1123,8459,5599,1877
2575,8987,2971,1977,6145,7184,6186,6485,5220,5569,504,2172,3905,2181,4105
1904,542,2063,2338,3298,5560,1644,3007,134,4413,2198,6091,6641,8097,3934
1042,2056,8395,3420,3618,5137,2159,291,5138,4545,1257,3557,2889,5732,1878
3025,7152,8446,2056,2173,1879,2877,1006,28,7755,3554,2338,805,1769,8622
6520,1417,1104,7068,6391,2408,659,7465,2548,3205,5228,7556,3412,2897,6031
3871,2054,7711,8796,2371,6043,3118,3289,7061,4559,3991,1436,4385,1015,8940
5177,7154,2936,4556,775,3991,1930,6002,1270,3956,8836,3318,251,1879,2644
5586,6276,5083,8776,1182,1016,2340,4413,5069,4322,1130,3960,6070,2062,5599
6185,6725,2371,2172,3538,7094,3134,2334,5802,8487,15,2983,4631,5812,5590
6294,3769,893,3618,2051,6649,3701,4296,8412,3238,8409,642,1133,2878,7431
1977,5210,5249,7488,5214,5691,7324,4092,3863,7711,5887,1398,1228,8997,8515
179,1779,1083,2371,5595,2282,3904,2364,5201,3762,1526,6261,1391,5566,5173
614,6924,8668,833,1178,2699,1824,2371,936,763,7223,5375,5140,1400,2018
1779,536,2051,1469,2192,4581,2576,7369,7750,1930,4636,7184,6651,1172,3308
2292,7164,2701,652,7519,939,189,871,588,3061,1613,1440,2952,5232,3453
5171,4069,6680,6510,3025,134,3433,1218,7454,3188,4388,6374,4413,3791,4987
2410,5273,4155,3970,2364,5173,5178,1640,4583,6946,2770,8647,6654,4385,222
4413,3029,3878,1878,4946,6498,9092,2173,5567,5712,2530,3836,3989,8996,2334
3925,4591,2121,5559,6031,3368,3433,7883,5269,2930,3049,76,1219,2529,7334
3057,7556,2179,2172,3863,4807,134,7369,7750,6477,5173,1880,1620,1257,5712
5217,2246,2957,8971,7243,1407,3010,5556,5087,5843,3185,2051,3307,5232,1609
5712,6503,1600,3999,6142,178,8881,1146,1809,5199,8601,4134,7868,8546,2472
1364,5764,1099,2198,2334,5229,5695,6657,382,972,8757,4529,2893,5117,5976
5770,2159,1809,2546,9008,8051,7465,2064,4385,8657,1355,1769,4309,1800,1276
3841,2156,1882,16,646,5208,5206,1787,947,3025,8986,7411,3244,6294,2901
8755,1886,5558,4210,7297,1238,8395,3058,5250,5188,2062,8736,6943,2359,7312
1407,4001,8684,9008,4961,6018,5569,1108,1883,1328,8546,1295,6503,6476,1498
8766,811,3703,4413,7372,1226,802,2373,6334,1972,5946,776,2367,2062,2338
5135,6366,2051,922,1977,6950,5258,2474,6018,7286,1453,8654,2336,1017,1410
6725,2047,5903,5234,1880,3618,3286,8655,287,8881,1276,5804,1879,5566,7556
6831,3989,1195,2988,5597,8528,8796,2131,848,1517,7257,4807,7116,2971,3025
8772,6827,3942,1564,5204,8024,6649,838,3244,1785,7466,954,1212,2062,9007
2172,2753,6458,5247,6727,8881,584,1057,2192,5982,3209,2818,3991,228,3770
1208,5859,4056,2056,2899,8796,5161,5555,663,874,3070,1886,7671,5174,625
2410,3496,5559,5473,2030,1402,6043,6052,9088,8196,8097,3169,5560,1445,8885
5087,3981,1787,1972,6024,9052,4329,6649,7956,5559,1279,1976,2901,3025,1529
4155,7464,860,649,8545,2151,2371,6141,949,2749,5741,4966,2969,3843,8418
2336,3177,7599,6014,8851,1546,1614,3406,1787,43,6079,7443,6811,1812,6922
5749,3117,7599,3033,786,134,2971,1015,3185,1457,2899,3591,6279,1604,5247
3878,918,1184,3315,8548,6939,270,5712,3029,3246,5567,1394,4388,1252,7708
7396,426,259,9056,5804,635,4876,5569,3029,5178,7556,4001,3310,618,3025
5785,2922,6091,2173,2371,1862,7711,1094,4088,2035,1543,6291,8430,794,4388
3967,1706,2893,5569,5202,7603,6693,639,2159,1878,6195,5887,1972,5247,3025
923,385,6924,5102,3123,8993,7465,4134,5732,915,3725,2889,1035,4388,5178
6280,2951,6686,4962,259,8177,8997,3025,8796,4388,7372,5140,5898,1977,7146
2056,7200,4529,7416,1687,1464,1024,8423,4296,2369,7263,2371,8769,1930,7180
5973,3556,7268,652,7556,4795,3413,7180,3835,5556,6090,3302,1976,4157,2173
1879,5132,9,3932,1095,5253,2457,1042,2587,1878,1499,1603,6782,5734,5266
5530,5266,3991,608,1883,3451,8498,3766,7009,8543,1419,5160,6314,7451,3653
5893,1017,211,2601,3406,3778,4570,1020,507,2371,4145,6545,7308,8925,4565
3406,3758,6679,2341,3019,4385,2344,1239,4413,8168,5560,3030,5098,1314,3959
7330,828,2768,3773,6334,4177,5693,7443,4389,8961,5791,5206,2998,6492,5734
4040,5560,5556,3064,4529,5595,5176,2671,2172,5126,7391,1326,7129,1093,4605
2466,2549,2971,4155,4413,775,1669,1453,6652,7242,5786,1417,2537,2899,4223
619,7454,2369,2336,2536,1530,8630,2047,2202,4217,1921,8880,3944,3997,2338
6054,2062,3876,2371,3184,710,1467,5488,25,8717,6188,7720,5560,2302,2051
8546,2333,2897,3208,3589,2208,5208,4006,872,3184,6909,4413,8639,5712,600
5069,5559,5595,2297,2173,2151,6785,1985,4675,8652,2897,253,2056,2062,3360
6395,3963,7982,3029,6923,227,1779,6334,2989,2364,1968,8129,4170,6833,6518
2047,5246,727,2921,984,3864,5546,1839,864,4962,5073,8048,3998,7711,2151
1123,1800,4542,4134,6725,1865,996,3692,2172,8546,7438,1850,8399,2056,2147
1742,5194,1126,8796,6054,2981,6647,2062,5973,5568,2465,5229,2901,665,2951
1972,265,4385,3014,7341,3409,5693,5573,5229,1421,3517,7290,5228,305,1228
2172,6183,5097,4514,6081,8451,507,1234,273,3285,3341,3640,5769,1976,3887
5556,1779,8796,5566,1467,1367,8097,1587,3029,1527,99,2062,2145,921,1455
2151,2668,1989,2173,734,385,6018,3641,5556,5205,5763,43,563,590,134
1809,1866,6339,5975,2549,1466,3971,5601,268,5766,6645,7556,655,1877,7361
25,4962,2636,4516,218,3029,735,2172,2552,2364,4577,2217,7662,1239,1930
2936,3184,8229,3294,1032,2971,4413,2939,4150,3520,4673,1015,345,2929,1983
1015,3943,977,4888,1993,5822,6499,968,5105,5736,4623,1507,4876,1866,8443
8991,1378,1498,280,3478,5573,251,4605,2897,4413,1541,5822,1033,5390,2534
6009,3853,3238,242,927,8228,2346,385,2961,7711,7439,5585,6294,923,4249
1535,3654,5800,2063,6280,3991,3244,6339,7551,4388,3841,3649,2365,7618,6833
4077,3981,635,2973,8750,2171,3184,5080,1033,2204,1330,5569,1443,5343,5179
7942,5904,2950,3932,4514,4163,2151,2899,2133,5558,4556,6909,5204,8882,9001
3967,869,2338,4984,1021,1403,795,32,5569,743,828,4077,6632,1946,4388
4006,5088,1326,456,5217,1271,2576,2369,2051,1769,5097,1058,1569,3010,5976
2334,1110,5786,1105,8225,6640,1088,1932,1879,7889,6974,5235,3709,5101,5203
2245,5340,1570,6374,134,1528,1769,5712,3883,2334,3185,1430,1194,1787,5194
8759,6725,3909,3412,3765,6726,1031,625,2047,985,2575,2981,4169,2901,5560
2049,4388,1866,1021,5678,2957,1787,6054,277,8796,5580,2492,2152,5205,3392
819,3226,5973,1286,2371,3584,8409,2329,3595,1976,8719,2893,5569,5168,2172
1825,8396,5138,844,2375,975,1429,3297,8409,2939,2192,8928,8418,2056,3952
6008,805,5556,5573,6024,3114,1873,8753,8233,801,7899,8744,6091,595,1603
6351,6314,637,1122,134,9005,801,1041,2618,4861,4160,6649,6302,1952,8168
1882,6372,1779,8176,134,5597,946,4146,6144,5559,3412,3905,3516,7706,4520
5182,1562,4413,6651,2047,2755,2644,4031,2063,3970,2055,1554,2341,7092,6024
8737,3289,6815,2171,3981,4385,1794,8418,5189,5889,5370,3319,3569,6833,2056
1878,330,2166,3161,1517,841,6208,7508,2334,9000,4119,1779,2890,2346,507
2062,8546,7714,573,8958,3653,6647,3313,2670,2338,1879,2778,3919,5067,5822
1290,1769,3959,1475,1538,497,3025,1284,4170,2556,8769,5559,7483,3318,5765
2644,5569,1953,7139,7720,2570,3739,3915,6091,1801,3185,3865,8546,1769,6062
825,2644,6520,7682,2878,5597,7656,1862,7523,1825,3998,2534,5764,7185,827
1212,4175,631,2338,4170,6671,4385,1509,6031,8545,7369,3938,5556,4944,2543
2901,4388,8493,1989,5372,5567,3878,5392,1788,1016,603,7434,4544,3378,6080
180,5566,1862,5973,2558,4348,4876,4667,8431,1350,1385,5178,3666,1906,2375
5785,1801,6015,1930,1779,509,2359,287,2338,1230,1550,7708,2973,3999,8998
6331,6143,6725,5769,2993,5194,3029,3838,6014,4318,1182,5226,1880,5076,5105
5770,1879,6656,3449,6018,6034,1928,1880,8451,5556,5559,2159,134,2173,8637
1866,8398,6773,8149,8508,3878,4389,4160,4578,776,818,5973,2172,834,5558
5390,5117,867,1466,8738,3910,4102,5228,3412,26,589,3967,2205,8432,6095
1287,921,4077,2575,6011,2371,1286,8542,5114,2550,4253,1407,6293,6091,2334
2159,1553,8568,8832,3838,7460,3449,1284,1800,3029,5976,5127,1823,1525,3123
2062,5716,7720,5871,7056,2288,3751,3925,6640,7433,2001,8642,7842,3184,2874
1368,7671,1256,5987,7,5210,5989,2981,1983,4158,4964,6147,2198,3311,6043
4631,2062,1862,5795,5753,1250,4807,2173,2371,1390,651,8757,3025,4177,1777
5173,8546,4356,7114,6168,6763,4563,5220,2062,5791,1862,1769,6373,3871,8847
5976,5935,1879,5599,13,4983,3905,8737,3941,227,3171,933,5604,5161,5097
5199,2159,8182,4018,5220,1440,5804,3991,8774,870,6479,1906,2901,292,8541
3574,2894,3259,4566,7868,5570,219,1779,6022,6049,8885,6153,5822,251,7671
1949,3863,2249,3025,8271,1012,639,3991,1374,9071,5185,8442,7708,4542,1436
6362,2936,1769,6291,3095,949,576,978,1824,2364,4413,3318,5160,26,6201
3456,6347,7180,973,1583,5052,3987,5814,5769,1326,9050,7151,819,1258,2051
1631,5734,2369,3294,6273,2047,1878,1977,1081,600,1622,3999,1308,5822,7396
4132,786,4531,5253,8633,1866,3972,3969,507,4960,6725,3026,5262,595,3697
5156,8796,869,855,3451,5567,7864,4172,1989,871,2895,873,6801,5967,3762
6022,4060,3029,5221,4802,919,2063,1820,5370,2214,7324,8316,5846,7721,288
3242,1804,5753,2894,938,75,2562,2334,796,1284,3388,6367,5067,5245,134
5728,2175,7671,1464,4799,2688,8051,4896,871,1866,6061,1005,2371,935,2852
6301,3282,1541,2334,3409,3847,7051,1326,6655,3244,4558,3786,3184,5791,844
7273,3485,2457,3058,2346,5804,1926,3111,8102,5131,1863,8412,8637,6647,4551
8779,3268,5559,2578,1063,1570,1882,5596,3184,7389,4834,2215,2090,7330,5982
6052,2564,5989,954,268,8197,3795,2056,1862,1769,6331,507,4134,2055,8994
3941,3971,6640,1212,3184,313,1825,987,2063,5245,2359,4445,4217,639,1609
3427,3428,2166,2173,2051,5183,2334,1241,5804,2359,526,3954,3967,7750,1517
2506,6767,8567,962,3220,5217,3181,9019,5560,5624,1972,2878,4150,2359,3217
5785,5166,5225,2897,1167,251,7372,3452,3887,4388,7184,1779,5732,3960,5245
8193,8988,7879,507,667,2971,5035,4790,3613,797,1612,4940,5130,3433,1523
35,5130,2755,5565,6347,8083,2229,2051,4962,3972,1769,5623,4734,3697,655
4310,7438,1226,7436,3013,1874,2878,6018,1216,1184,2172,6070,809,5201,1921
473,4412,6091,8626,2063,4962,8418,5616,5177,1109,1369,3318,828,2911,1055
6065,4388,3456,2574,6785,3459,4975,3706,1267,5190,6334,834,2207,5976,3161
1977,5976,5069,1866,7469,6909,5559,2205,1528,2359,3430,805,3967,8487,7505
8543,2205,4408,980,345,6355,507,5712,1035,3837,7487,4562,6191,7466,4040
251,5924,1466,4848,7199,7178,6907,2051,1831,3981,805,5753,4413,6971,6909
5569,5208,3289,4307,3940,5236,6644,29,307,7721,784,4150,8541,1049,3971
3282,483,1123,7121,2062,1878,5556,2047,3873,134,1972,8526,868,1642,1349
8624,2369,2371,1591,733,1271,4134,5786,8545,3912,3938,1883,6024,6387,1866
8952,4714,2173,6014,3945,251,8706,5266,2882,2151,1232,3950,2051,1133,3025
834,8532,3235,1954,1429,3965,2252,3591,2981,6312,6018,5096,1097,8412,2338
2058,7180,3244,1480,8395,3538,7268,4035,7945,2752,1252,21,269,9057,3797
5194,622,7011,4542,2563,3692,8657,8886,6351,6027,639,5622,1769,730,21
7819,6560,8412,4317,3310,1881,5573,32,1839,1658,2352,1873,8540,2172,3433
6651,1976,3025,5370,6738,809,251,6725,8952,3714,7487,4964,8089,7436,5204
4089,1378,2369,3057,5804,4535,6018,6503,2266,1216,803,4962,1025,829,6186
2169,5730,3798,5559,3712,7428,5088,2172,5567,828,797,2338,975,2941,30
507,3244,7585,4854,5736,5982,250,2483,2939,5559,5253,8192,805,667,5976
1456,3094,971,6091,8796,1977,5559,219,8540,3044,1015,812,2062,1991,1788
2051,2939,4229,7556,4388,7464,8193,4726,2873,5125,5734,1249,1358,3029,224
4329,1800,3185,6015,6742,5565,1809,4134,4964,1240,8736,2181,6560,2338,8796
507,1030,668,2202,5556,1862,3581,3093,4388,2047,659,3205,6935,4413,1123
1852,5204,6203,1494,4060,3114,3940,8193,5139,2755,3950,219,1430,794,2543
1862,9086,3838,6339,8048,2172,2173,939,6060,6018,2061,1260,6725,5166,2062
5728,8212,8545,2452,1976,5898,5095,3838,2564,7114,5584,2519,2541,3594,7306
2352,5688,4001,5556,2172,5012,8942,2371,1003,213,9078,2755,1637,6334,5116
4612,4266,1543,5206,3682,3283,7697,3910,6293,3058,2973,6640,4006,1879,2924
3457,3259,6202,1879,6633,2516,1059,1431,7435,5234,4155,1801,3999,5980,1874
8763,2216,5560,6785,2172,3828,6654,2878,3922,5973,3882,3419,330,7369,1176
3025,8239,2025,1283,5204,5564,5600,988,1977,2216,3223,3478,4561,2151,4002
2371,1972,4321,6159,5976,2555,1621,2364,2205,230,9076,672,7098,251,4551
4362,7823,5223,3887,2180,9059,616,5930,4385,4354,3838,3244,8168,3312,3187
25,7436,7253,4305,7889,7190,1264,5556,8880,3470,6339,8082,2371,4385,2182
4581,2901,43,5376,2923,965,6294,1621,3618,2056,1594,9007,3872,5247,5976
4055,6024,3085,7438,4385,873,2755,1769,5361,8993,4962,3456,2359,2159,1777
1968,8741,2347,930,3917,1963,7517,2371,8755,4413,3064,7899,2369,4962,7819
1924,2882,5559,1880,3703,3552,2901,1486,8501,3844,3898,4001,8763,3270,3538
4162,2924,2546,3244,3029,5113,3774,219,3838,1769,5559,3513,7263,5215,3424
5556,5204,2159,4134,5065,8168,6028,283,832,3863,6785,1453,3237,5973,2807
1877,2919,668,3388,2192,5785,3406,5786,6605,1923,484,1058,643,6785,7522
4229,2973,2172,6091,1586,9013,5559,6343,2981,5173,1024,4029,619,6725,5595
2341,2952,639,3294,3258,5139,7369,2911,3967,6640,7851,8881,1866,1977,4403
2546,1225,6725,3644,5162,3737,3838,2159,499,5095,6644,7714,1276,5804,5266
858,6030,4042,7179,5949,4146,5804,3184,807,3283,3301,1048,2371,8546,1879
2369,2644,1976,5784,7711,6355,2841,5991,5753,1796,3795,4962,1212,5136,5973
7372,2535,6091,280,7819,3727,1795,219,5976,5559,5137,5242,1880,2181,5560
2975,2960,1952,7061,1167,5177,5754,1880,2901,3863,2151,5069,6577,5236,3878
5132,3453,3838,5024,7263,4134,1917,1977,3959,1862,1523,4536,6517,1050,6808
5236,1367,5246,5559,1528,998,1684,6070,4962,4035,7473,7989,6299,7766,4599
648,975,1499,2157,1801,4823,4042,823,3457,2541,5804,6206,1076,667,5226
493,1277,2156,2159,2179,5560,7436,4200,5683,1866,1213,2546,6186,954,6652
6334,2981,1587,1097,2293,3816,1053,1368,1989,8546,2051,2047,3845,5088,5232
3010,3143,2338,8796,8259,4060,944,3510,1308,219,4562,3223,1362,7522,3749
6206,8877,2340,5198,3294,7585,3899,8757,1895,1779,4966,6372,3592,1393,3406
5655,2056,1474,5174,541,1352,5753,8763,3778,3308,4354,7341,5247,1564,4014
3172,5236,4240,788,5220,7750,3449,3247,3119,21,532,8513,616,2936,6651
1804,2371,1989,2051,977,3977,1467,1217,4545,4136,4238,1980,219,6202,2349
4383,7443,3762,2055,5215,5238,4390,4411,2193,870,2901,3838,5973,1879,4719
6291,6016,2981,6070,1809,7328,4962,7684,4006,7739,870,6692,7341,2061,5266
6379,2917,3406,5976,2063,8763,5564,2214,6026,5079,870,6035,3010,8529,2981
177,1921,7585,7323,3406,7714,1525,4962,8767,3882,5223,2749,1873,4178,5556
21,3240,4388,3887,1273,578,5221,1779,7123,6055,5815,2981,2205,251,6784
6906,6018,3409,4105,7061,1234,2981,6091,1600,544,2334,3602,264,500,4054
2801,6337,2051,6942,8430,2173,2062,1882,5182,6651,4138,9068,3480,8412,2814
2159,7125,1331,1981,267,8490,2958,7151,3867,844,4985,7465,648,2340,2576
5193,6091,1507,5902,6361,3240,4257,8219,5194,1152,2077,2763,1787,5976,831
4811,478,1060,2546,8868,4412,3029,7144,4548,2988,2545,1018,8774,1880,2410
7556,4294,1208,284,7465,1301,1823,5560,1930,2214,1095,639,5559,2160,4155
5239,4301,1972,1769,3954,8757,3490,791,2223,3872,5569,3913,5114,1113,2939
134,3184,4640,2151,2437,6007,1787,4550,2969,2171,2350,4177,2878,3864,660
2222,8470,8796,3904,292,3607,1785,5728,1285,2321,5973,1608,1769,5193,2056
37,3185,1123,4264,8761,3963,5569,5211,3014,6463,2930,5766,2145,3203,2205
2056,1985,6643,3757,7664,7714,2642,1787,2240,7956,5556,921,2172,3066,3406
7373,1565,6662,7551,3025,2901,3258,6276,8292,8796,7778,6502,2062,2177,2502
1777,2520,5173,2214,2578,1976,1799,1513,4819,7720,4051,1167,2971,1528,2919
6633,871,251,2371,5753,2338,2894,7709,6338,1302,4257,3838,8168,8987,2177
5876,279,5573,3757,4177,2942,2930,6202,4175,8439,36,4072,3878,5466,4388
1285,2534,1397,2925,7686,6294,3632,4413,589,219,8471,8820,1926,20,2172
5214,5764,2182,6347,5573,1865,7694,134,8490,1537,7759,3103,8542,2048,4385
5220,223,5390,507,8414,7144,5822,1930,5865,2973,173,1359,795,1031,1977
2062,7552,2214,8395,5266,8763,644,36,2434,5215,4819,8886,5177,507,4310
2901,7841,4539,261,6503,1308,6510,2056,5795,1560,3971,733,5749,1781,2369
8637,5598,1977,1575,2897,3583,7410,2925,3246,7714,270,5126,1094,4545,3693
2576,7768,6018,5162,5920,5130,3342,7671,1623,3412,7454,6602,3029,3955,1828
2151,7691,2325,9021,3244,4631,6035,1194,8545,8748,3184,4785,831,7141,8024
7290,5192,8469,1261,4962,507,7164,2901,1452,3760,2051,1541,5804,4006,5569
1550,2173,6834,1941,2080,9048,5569,986,3172,3556,1823,950,5206,2338,1473
8881,5878,2056,3414,376,5228,1366,3883,8633,4930,5188,2371,3025,6024,7714
1407,6035,2172,6974,8940,6091,4662,1528,2961,1936,4025,5177,1879,5567,2551
2064,5166,2061,1801,3922,1178,5553,6725,1779,5717,4371,7678,219,5569,3404
8468,3909,5182,2517,2172,8414,3647,2159,2198,8745,6823,4220,1049,6008,1069
2901,6725,6204,5766,2875,1122,2122,2048,3803,1984,1921,8461,3292,7819,8489
3074,5213,1514,3023,2192,4520,1877,5307,2792,7143,3746,3581,805,953,8485
3433,5247,6091,733,2217,2552,7843,9015,4388,5090,4274,6633,4401,7154,2159
2755,6087,2952,2911,7671,1992,1609,2056,1886,2062,5804,8387,301,6833,8395
4231,5585,846,6188,507,6070,290,4966,2939,8997,4052,2172,134,8738,798
358,6833,5559,7372,939,5569,3970,7891,3185,2036,1600,8766,3058,2552,1084
1830,6335,6291,13,134,4679,1828,4006,9007,6024,3536,4807,734,6383,5976
650,1828,7094,2901,5557,7432,4367,1607,5167,1107,8637,2971,4561,5978,6091
1825,8025,1977,2432,6974,6528,1812,276,1612,2981,6928,788,1419,7714,5976
1361,134,7125,6001,3286,5239,2051,1989,1184,6347,2151,4970,7185,2179,5160
7473,3056,8106,8881,4388,4044,2895,5610,2338,1634,5603,4988,939,7114,3510
2981,1971,8420,7716,1472,8097,2576,3413,7720,1015,6650,3934,5753,2971,7351
5887,5754,5766,6054,2981,1730,6011,6801,2886,5238,7585,5931,3370,7866,7474
3422,3025,7154,2686,7696,222,1878,2899,8446,1361,1932,8624,5568,5065,5560
2035,4973,6055,2056,4631,3714,2957,21,5556,8657,4175,4608,8796,2172,251
3793,7324,3433,2056,578,4003,7417,3220,4285,3615,3838,5173,6091,6018,8640
1787,1863,5744,8274,1190,2895,5840,4388,8048,2975,1196,1968,9059,5266,6086
841,7709,6076,5201,7010,1360,8657,1971,1483,268,2534,2427,385,4388,4239
610,2886,5684,8886,1425,5184,6091,5764,6018,8476,5096,3029,1106,7842,2125
6734,7717,5242,3505,5087,5584,654,6767,3539,2371,3382,5625,5566,2975,134
4172,6294,2172,1444,2161,8544,492,337,4150,3517,7487,3883,1219,2927,3878
223,3778,7454,4033,1326,5605,1932,5160,587,2878,4006,1039,4578,5270,2975
2889,8626,7321,3878,3977,5764,2674,4631,1429,1580,1378,5586,1509,5192,1825
3108,2172,6725,4631,2472,4001,577,3246,1324,4302,1226,3845,2063,2056,8859
4608,3963,5560,3381,298,3406,6197,1800,1825,5244,939,5569,1102,2369,2051
6575,1099,1769,848,2334,3184,1921,8400,5688,4676,2936,7167,1932,5822,4049
4385,251,8080,7443,2981,8393,5986,3940,2205,2652,8409,5976,1224,1977,2882
2056,3315,2188,5243,5569,2359,7952,1443,795,2173,1977,8409,4571,1126,669
1637,8206,2151,3967,2425,8395,6836,5202,1862,5749,5836,5510,5982,8657,2208
3749,589,2549,5278,2151,6785,1087,3308,1769,578,2878,3881,5162,4536,5753
3185,8387,5139,5306,7337,6851,8244,245,4155,2172,1560,6194,4522,5173,134
3954,2151,3867,8657,5224,2063,4631,4984,1866,6651,2351,2981,1208,922,3979
2364,8395,3792,639,3111,4353,5141,2047,5976,1085,4411,293,7980,6334,1027
6092,5598,1926,7717,6949,5560,6093,1777,2364,1104,5898,5146,599,767,5238
3863,2063,1879,4742,3184,1924,2054,4347,8770,5559,2893,192,2343,2051,8544
636,5173,2975,8880,2217,2371,2151,6725,2051,3838,6651,8947,5239,2062,3513
5804,25,3863,596,6337,2205,7238,4399,1430,5270,5569,7889,6070,1976,2338
6020,2205,5691,8087,251,1976,4578,2217,4533,5822,2214,4027,2572,8996,2952
1302,1285,2175,2173,5987,7522,2899,6022,2371,6909,4524,3604,8625,388,3863
9057,4966,6136,8880,1069,2047,5560,6300,5586,596,600,2604,1058,1055,7316
5728,7650,221,828,8103,3490,1015,2172,2996,35,5770,6725,5229,1906,7258
5745,8395,2878,1223,2981,2644,1976,5174,5795,8885,2061,1779,7902,2576,8412
8129,8395,2123,2208,371,4021,616,1984,4146,5174,387,3237,1976,3025,8219
5566,6372,2371,2063,2971,28,2096,6475,1375,5833,7752,5194,5206,8806,1877
2152,3010,3502,3967,110,590,2878,2172,3008,1824,1039,8885,7708,5230,2173
3291,4861,4025,5569,6651,12,8750,7448,1951,5766,3925,1976,8857,3472,9028
5747,4385,7599,4962,1976,2056,4388,655,5556,2177,2602,5976,7121,1293,1039
2971,4067,2189,7191,1564,4966,3184,1363,2981,3294,306,2048,2371,2886,4890
4109,5569,968,6293,661,2338,2548,6054,2062,3310,2178,8796,1769,2343,5559
2847,6183,507,654,6018,2062,5181,1070,8097,6651,2266,1282,1769,2919,7694
1421,6339,5795,288,3749,8796,5069,3083,5804,2056,532,1779,5098,5712,6191
4335,3951,1020,591,8654,219,3697,4275,4018,2159,1184,7372,8154,3864,3294
2173,5217,984,2063,5183,8567,6272,3029,4179,3826,5247,6831,5920,1524,3076
6917,8941,6895,2334,4523,1879,358,923,4831,612,8996,221,8796,1038,1926
5625,3999,2642,1827,844,2338,1769,1375,5622,4165,134,6341,6144,1215,4631
7369,4412,1878,8886,1090,4578,1048,3963,4065,1801,5569,3802,2917,3014,5166
5096,2369,4461,7942,3027,6043,251,4042,6360,2051,2032,5127,6018,1089,2337
2369,4297,7714,321,7143,6163,5756,5178,1801,298,5559,1953,979,3892,5755
2056,5584,2173,6939,2338,1375,1787,2980,3884,123,2047,6091,8626,2632,5898
3240,2892,6978,1825,5712,8782,4171,5236,6651,455,4724,2375,8168,8796,1924
8679,4026,1407,2369,5166,7669,818,2334,6725,1359,2047,2062,3878,8796,4124
3998,134,8761,18,2047,2173,7093,1921,2159,5087,1972,2546,5606,974,5976
1779,5769,617,7720,4001,803,4006,5810,1900,1866,1387,2917,9029,2520,2056
6953,6796,8744,3942,4587,8546,839,7369,1024,4560,3504,1992,2981,3268,261
3310,2159,5608,950,126,4413,2047,4172,2547,1453,1878,1685,6091,1367,7766
2289,3220,7711,992,3310,5976,1866,3777,2897,8546,1977,8389,8462,5734,1947
5598,1194,1886,6645,2935,2576,950,1583,1861,5383,2359,4536,2180,1787,3498
8396,5600,1876,5976,2055,3026,3047,4514,15,4001,1963,6091,1779,2172,1473
5710,2159,5728,2244,6909,1018,654,6924,5982,841,3838,8821,1787,831,2056
1549,3009,4024,8881,6797,6191,3355,3878,5374,1949,6725,4125,6294,1082,3985
2080,1390,4570,6630,4385,4281,11,710,5804,2016,2334,5597,1977,6001,8650
9024,734,5973,4388,844,4810,5754,5976,5207,1033,5804,5584,5368,6018,1085
3963,2051,3920,3029,1968,970,3471,3025,5809,6380,2546,6090,4388,6342,2173
5569,1186,2338,3938,2032,794,28,8097,1202,4053,2541,8557,6647,2172,5127
4519,5618,4084,134,3963,3646,2881,6333,1800,604,3177,1886,6206,5600,2899
3161,2828,6639,1027,2182,1876,2971,2975,5568,5769,134,3025,6725,2582,2981
2670,6500,6334,4343,3716,3165,6378,1391,3025,1208,6091,5569,2885,8744,5973
2172,7185,8633,3433,1879,2535,3296,4388,3029,1482,4052,848,2047,7288,2981
753,2941,7907,5220,919,7870,3580,5215,4799,8232,7873,4343,3853,7479,3673
2047,5573,3517,4545,921,6640,2901,7443,220,1864,3185,1182,6649,3847,2159
3958,578,2941,1104,3406,6018,6154,5069,3838,8409,5165,8048,5569,1710,1300
201,2056,1777,1753,7443,3987,5556,6725,5013,4124,4385,2931,7461,1606,791
2563,4944,2051,2208,134,776,5041,3974,5390,3701,1177,9008,1883,2129,2901
5174,8997,7337,3198,4387,587,8625,2457,4413,1126,1404,7207,3878,7956,2260
8418,2871,1797,4553,1972,251,6182,4001,2886,5804,5728,5754,1038,5973,1281
8393,655,5177,3052,4263,5248,2047,5268,1878,2051,5569,1344,8941,134,2534
2056,1522,5569,5759,3718,7463,5566,4558,1930,1529,6020,6091,7273,4395,3682
2332,918,2056,7143,304,5229,6984,5215,2239,5804,5443,3777,2801,8857,2338
893,5209,8546,5556,1886,5218,251,4962,578,6214,1769,5878,789,1221,4748
2834,2911,7610,5569,8881,2957,300,1086,3887,5116,1986,2901,5736,2241,4539
733,5734,4631,1524,1042,5976,1694,6293,2774,1020,5140,1208,3841,2159,601
4324,6337,7009,563,2760,212,8408,4964,4542,2192,1777,3491,3878,3268,3973
8219,2173,7642,1924,7402,8230,2172,7599,2375,2338,1103,8653,3308,5566,7297
1779,6718,4292,6657,575,1297,5250,2364,7604,5804,4205,5556,5876,15,6018
2081,2409,2369,9001,5105,3963,870,5178,5560,1947,3971,2371,5785,9008,4155
1881,8409,493,2604,3000,4001,5976,6725,7454,2543,6475,5198,3876,1508,2237
8885,6351,1620,5209,3878,8447,6334,134,2576,7369,4159,8520,8420,2214,1876
3241,8711,5625,8519,3029,637,5172,4326,3945,5228,846,3709,2981,994,6827
3413,2901,5236,6658,7668,3838,5780,6660,3945,7678,6725,5617,4155,2558,1989
8881,1195,2500,644,6725,1028,2173,1685,2356,2026,2159,4055,8567,2890,2409
1361,1926,28,3887,5114,8393,5566,4566,26,3657,6773,3285,2369,2051,4962
3029,5161,2352,3618,6907,2047,1063,5976,1561,6439,2886,2061,8493,6022,7469
1930,2348,5560,8881,1822,6386,1185,7714,2894,7487,4545,7369,5217,4939,7289
5769,1809,5067,1645,1976,4231,2878,3442,669,5785,3863,3424,3239,1886,2981
5161,7620,3759,1027,5734,2145,1024,1824,4059,1126,2878,7438,5876,1941,2172
1387,856,5573,7332,5728,2364,6922,6297,2062,2047,2492,4305,4523,5804,6054
8417,5210,1245,1673,5102,1237,3841,1886,6018,134,1991,8881,8432,7714,5597
4519,6291,6499,1219,3845,5604,3205,3447,5210,1779,7480,1051,2917,5559,1111
1158,2159,3594,4163,6173,4631,2056,2652,2530,844,5109,5591,1789,2257,5179
2151,3945,2531,5114,1787,1879,3296,149,4542,4235,3029,7312,2878,8048,4169
1769,2899,3941,2755,8508,1158,8997,1449,1977,3195,4134,1708,4852,5192,6141
1666,8941,3510,2179,5194,2550,4001,6725,5804,7180,3604,5164,6491,3030,5728
7267,2051,3389,2491,5769,3583,4799,5168,3458,1880,1379,3647,211,2221,1954
5560,6503,7429,5127,5140,3999,2062,1254,219,6422,6022,2890,2173,610,805
8422,5573,2893,4147,996,1886,6148,7394,1417,3963,3933,3244,7252,3490,1197
3141,3282,2334,5205,6336,7624,4155,6576,3237,2235,2177,2064,563,2662,8546
5239,949,1924,21,2062,3206,3701,4258,2172,3749,2047,2952,1567,5831,6650
3233,617,4558,3864,3235,7465,3239,2371,3490,1222,2334,3184,403,5640,933
4554,9076,1879,2981,2261,1969,971,1254,3905,1157,5221,3965,8540,8317,2499
2173,4134,551,2175,7094,6725,251,1787,2334,1769,3956,871,1041,2338,3481
1383,5560,6018,3838,2671,5173,8547,5569,6086,1394,2451,2371,1926,2197,5130
5210,3025,120,7469,2056,6725,936,1872,1240,1812,3787,8883,1517,4310,1926
3413,278,3788,3786,2064,2670,637,915,5243,8796,2973,3247,3966,8396,5757
1955,9076,5973,3294,4804,3556,3924,1200,832,1421,6172,6647,1546,6651,599
7184,1989,1886,8732,6145,3029,2453,2061,1708,7455,5221,4539,2205,1880,2369
14,2192,1459,4594,6636,4177,4104,6650,919,8225,1021,2760,7436,5573,1541
3197,1861,450,1005,2217,942,3909,5193,2562,3926,3226,552,1909,7087,3010
1264,1642,6054,3042,8546,3669,973,6145,3244,3959,2371,8500,3420,3864,2688
2564,3225,6294,6171,4388,5769,5569,2047,1977,6334,1880,6725,8395,6018,5131
3471,6292,4350,3991,1873,5613,2662,3685,2198,3010,5559,5266,2359,4551,2893
1779,5140,1936,8403,2371,3472,4103,5764,7443,5198,1995,4776,8409,7899,3770
5804,6951,6197,2062,6034,4631,4389,251,8546,2159,5560,6974,733,7678,1470
941,2897,5250,933,5238,18,5734,1425,5867,5232,7294,8993,5102,3843,6505
5368,2793,5373,1881,4840,8737,4413,1976,3998,3010,5795,2369,8395,5567,1750
8881,5199,5266,5206,5087,6757,134,7372,7149,7365,6503,4962,1864,3867,7425
604,2755,1130,833,3087,4933,3878,1198,1787,5712,667,1880,1421,6051,4088
2344,780,6206,8232,5177,8827,1816,1603,1976,7400,8961,1781,3289,1157,7355
4060,7323,5162,1788,5736,8219,1263,4962,2319,1062,8712,2890,7522,5130,593
5566,3161,5464,4716,1015,6013,2371,1002,6467,2159,579,2892,2410,5785,8370
7337,5556,1375,1932,7368,5804,2062,7573,3308,1743,1779,3406,2152,7144,1812
2950,1185,4631,1123,134,5022,8796,2153,3766,3699,541,1229,2151,1926,5785
8674,1122,9,988,8637,2520,2331,308,4962,5973,7889,7372,7198,5121,1769
4786,4413,1825,8544,3838,5585,2885,8393,7720,2939,1524,6732,1642,5566,2159
1785,6386,5822,600,4598,3433,5976,1557,1849,3284,7186,2359,1218,4264,2364
5104,5206,4053,507,1419,6831,1000,8238,3971,3318,5973,1018,1825,5598,2763
7465,134,4250,3716,5560,7430,2552,9039,7443,4142,5804,1812,6803,5194,1198
644,2890,8051,563,5178,302,966,2256,1989,2981,7372,1045,4962,8447,3287
3609,2750,8425,1103,357,2860,4948,3313,7709,1517,1769,2152,2151,4906,5566
2890,4703,6091,3760,1227,2047,7245,2334,3658,3694,2550,655,1873,2546,8138
3967,5810,6914,5604,3878,7494,7912,1032,2558,9008,1417,8518,7048,2369,5132
5160,1989,8222,5231,8877,4144,6018,1759,1821,8395,13,2177,5262,475,3077
8420,2172,2364,1912,865,2659,1779,35,3024,2961,4413,5712,4388,2981,8236
5596,1658,2159,3184,3025,582,971,5096,3878,4388,644,6725,8395,357,3046
4177,507,3412,1383,8202,1100,4800,8657,6651,8393,3470,1291,2369,4385,2952
3229,1777,7709,3547,5569,3406,3950,1787,6768,6055,5329,2508,7912,7467,7454
100,5976,514,2214,5239,3184,8510,8,3025,3246,669,5565,7771,5728,6146
2159,1976,559,2892,7899,7325,3999,251,8940,2481,193,3510,1862,4542,6725
8626,6091,4766,2763,646,1587,1787,8504,4551,5851,828,8877,1024,7328,4610
7750,2364,2172,1971,5194,5173,223,5835,5976,5248,4390,1028,4159,3308,2952
1765,6914,7842,7453,5073,6025,5569,3184,8757,8649,3887,1281,6001,2063,1208
2322,219,738,8737,3555,3025,3412,5975,5161,1525,5166,507,3838,5753,1568
6034,1567,7649,3168,1151,2063,6785,2526,3025,3800,5736,8941,1976,8412,1878
3878,2055,5902,8782,4962,1021,8498,7290,953,2159,6412,2882,3489,1976,3719
9038,4535,4044,2324,8176,5769,3692,8657,7372,5569,2338,7400,6725,4236,4315
8886,6974,5244,5566,4016,8572,2338,7536,2047,7952,507,3981,3970,8439,4520
4873,7397,1966,4390,1565,3945,8056,507,5130,8500,1769,2145,789,1049,2965
2350,3333,3406,9007,5253,2171,3459,3238,5804,2301,5559,3408,5232,1267,963
1174,3392,7752,3052,8961,5728,4161,6519,1787,8393,507,7094,2051,6499,3456
7897,3841,3229,5116,669,1021,3838,7428,3289,1787,7135,5728,1277,5223,77
1223,3592,8626,6188,6084,4388,2313,938,6046,4962,2477,4413,5176,968,2371
5073,973,4147,5769,9007,1977,8782,6188,4969,9013,6727,593,3958,2173,2939
2334,5172,4309,1787,5573,2527,4151,4520,2159,907,2338,5566,5565,2172,2371
2346,2062,5102,5161,999,4367,5244,7596,5618,2334,1472,8796,4631,2550,2172
6494,3029,6201,3865,4667,5976,1383,3490,2047,578,294,5367,660,1024,2369
7305,3420,1196,64,1880,7092,6799,1522,1884,5599,156,1450,2537,7129,2371
612,7164,3318,785,2063,5174,1787,2027,6643,7430,5556,3958,1866,5229,2369
3121,6499,8436,1562,1391,3903,1787,1510,2145,6468,8755,5566,3106,1155,8993
3917,607,3318,5586,2173,834,2181,8750,2477,3792,3838,1908,4413,2515,5766
2061,1777,1800,4088,8627,8546,1769,6342,3036,2845,3014,5371,5795,2063,5250
6188,26,7524,6841,933,6024,1968,7378,2359,1882,8409,1787,3052,1399,7249
2895,805,1886,5976,2658,4388,35,5566,772,2062,2939,8746,6652,3863,6831
2537,774,7956,6248,7839,7479,1517,7641,5159,7883,4539,7065,4951,2205,5976
2572,1051,3420,2546,4142,6383,765,5624,5139,5745,2048,4563,5257,6939,5073
2893,5569,1327,2153,587,507,2389,8546,1126,1932,6334,2257,915,8654,134
7628,8557,1779,5734,5695,3413,1014,965,7976,3428,4388,3574,5566,2179,3832
258,7135,1251,6725,4962,8418,893,4053,37,4177,2837,7753,2964,3878,6019
6725,507,3422,1090,2338,4631,7978,3029,2346,133,1393,5556,1184,4545,7700
4265,3999,3838,3083,5266,2364,6280,993,8441,6956,4109,1324,378,1964,3503
5734,5601,2965,4596,1587,8000,2173,2463,1993,1877,9075,3184,8219,7090,2062
1779,3495,3099,3828,2981,2757,5976,2056,3760,280,2885,1809,2172,2882,7060
3915,1401,6494,8225,5479,4611,9055,3420,4413,3010,8459,3112,2322,6978,6062
645,6159,6335,2338,1442,2550,5232,3296,1779,374,8546,958,3233,5376,2894
5253,8885,2056,3285,3556,2622,507,6091,3294,5215,2218,6647,4337,3795,2890
6061,1777,3879,4124,4964,3462,5241,1041,1930,6487,7128,8104,3906,6335,134
5976,5174,816,3691,885,2172,2363,3848,6061,6974,2369,5193,3876,7466,3811
4964,7720,6091,8439,4385,6349,8961,2230,1873,2217,1126,8951,5160,4545,7350
7426,5194,649,1866,2205,3025,82,2893,1568,1873,3029,3776,4541,5231,2159
2239,1258,2350,4038,5603,2217,622,2334,2576,4984,5610,3615,4134,6043,5123
2542,6801,134,4413,1637,7999,1545,1883,2507,6205,4021,2446,6908,860,1039
1354,5920,9007,3793,2575,3188,187,1567,574,5178,1779,4385,4053,3646,772
3063,8940,6939,8546,5712,2537,2952,774,1523,8796,2338,8202,5969,2541,2445
6345,3599,8408,5709,1369,3982,1977,2151,5569,7556,3947,2181,8546,4631,164
2878,7283,6141,776,847,3364,896,5178,2924,3029,2047,7221,7369,5976,2172
3027,3409,1385,2558,2051,7697,3967,2047,1477,4562,2576,3615,4413,1971,933
966,5218,6339,8796,5266,1886,6091,2576,1825,5862,2056,7268,2894,5556,1565
5194,6206,4611,6990,230,8420,1977,7750,1866,1759,2217,9061,8373,2049,1880
3830,5052,251,5179,4157,3561,864,2885,4329,1355,3878,2919,306,1985,8412
8233,1687,299,1740,4053,2194,5812,8395,2952,3511,4631,6034,1107,616,5745
2172,2151,2182,2062,8672,5017,5238,3413,6725,6359,2173,8453,5898,1886,3406
1125,173,1580,8796,2371,1930,1567,8395,4164,5568,647,6043,2336,2359,7232
1926,3579,1508,5232,6830,4388,5166,229,8885,7770,1302,8941,5173,8796,5712
818,251,5193,8180,2062,5559,1516,3014,3580,8191,2219,4346,2543,5558,3123
5253,2056,7443,3086,5238,4962,2201,6744,2159,2893,3557,853,1123,9010,5551
7228,3364,4019,2356,1779,2895,8409,507,4386,5102,2062,1535,8272,1245,3887
5753,7771,2939,2471,5228,1622,3537,983,2062,6725,5983,4976,2972,507,4960
5104,2455,507,4708,3847,7344,3286,8387,1355,3755,2930,1825,5560,134,7138
7522,6091,15,3769,608,1490,2252,920,1926,5559,1963,8941,4417,1800,3296
2901,5809,3666,6231,6046,5712,6008,4413,5198,3413,1930,134,4556,5178,1873
1184,4413,1495,3207,6334,8412,1478,8638,3892,7634,3078,4631,8885,966,6785
1862,5173,8941,6020,2971,1068,5198,2926,8411,550,8129,1094,1827,2369,5573
5822,1259,6114,3422,3381,134,1567,1517,5559,6070,3838,8447,3925,4854,2159
4520,8762,1293,2054,2217,965,7123,1283,7761,2151,4124,9008,2338,1972,21
4975,5069,6070,7297,6562,5209,3373,1020,2797,2536,5174,8395,1800,5188,8770
669,507,2943,1801,5408,4060,5441,926,6700,812,983,6952,3296,4962,596
2058,1983,1059,5556,8997,6071,2334,2222,7094,812,2172,3184,8449,1066,1574
2656,7164,1992,3865,411,3838,3712,1877,2205,1113,3714,6331,2369,8941,3294
3181,5174,2047,3433,3184,7466,506,6725,5976,8840,3185,3083,6294,4962,1886
8755,2061,8796,5230,7480,1834,5102,1490,4244,3356,2755,251,1224,1769,4305
3601,8418,7148,6024,2057,3406,1779,1342,2557,8402,1325,6360,8393,7333,2925
1022,2975,8567,6826,7029,1216,5565,645,531,1968,977,2182,8880,5073,639
2961,2359,2062,1063,4962,1769,4155,134,5102,8406,7164,6018,4177,1574,6070
6202,4962,8393,1977,4165,2205,2369,3200,809,5266,2334,2926,6807,4324,1425
6201,5198,6806,6785,2159,2171,306,2205,4631,5173,3034,1499,299,7677,2549
1264,5217,642,4343,1020,6201,8881,7758,7487,954,647,3838,1824,7899,3427
1007,5087,5374,1769,2917,1878,4885,2750,7992,3034,637,1522,1526,507,7391
7343,5035,6821,1801,4631,3911,7184,805,1743,2543,5432,1777,292,3892,8796
8895,3029,8763,1587,3123,5776,5573,2051,5973,5453,2159,5281,4962,2973,795
2546,1880,6489,2177,6942,6144,36,4388,837,3681,5569,5205,893,5232,1886
6271,2941,574,3406,8428,1787,5812,3577,1989,6772,3433,5753,3951,1883,7432
5559,2314,6148,3867,2364,2148,4385,2063,2159,5989,2172,1769,4966,5230,2950
5976,1573,2016,5560,5266,5559,4034,8991,6091,6022,5822,4006,6163,280,5901
7131,2875,4359,2156,2296,2917,3549,1801,2981,6915,2878,3912,7522,6339,1399
1879,2336,4631,134,4738,5255,8796,1020,2056,1213,6387,972,5769,5852,5876
7135,5466,6202,3545,2063,3912,2350,5976,1842,3056,5139,5403,5173,3019,5869
1886,2173,8839,8558,6651,5390,1977,1298,2062,4105,1402,1526,563,8418,6519
8393,1968,3966,673,2016,3965,2338,4052,2159,1787,7454,7037,35,2214,1989
3229,2338,4966,5261,348,5235,1878,8437,1455,3963,1976,1586,975,3929,2369
6827,1338,8508,5556,2984,1155,6649,5569,2897,8099,2179,1532,1812,2047,5266
8657,2637,6380,5921,8780,1498,2175,922,5156,7681,4060,2159,1779,6925,8796
1015,596,6909,8418,4631,7172,2062,6927,5241,833,7122,1879,5268,8546,1363
7224,1285,6831,1380,4297,1801,6052,5727,1419,251,5052,5766,5569,7151,1514
2937,6914,6018,2371,4677,4556,5569,7249,2057,892,2338,4169,773,1976,5210
5706,1880,6293,1509,43,5319,207,6725,3310,8679,5559,8190,5266,6767,1866
972,3335,5177,5753,7454,2501,2935,856,3938,6645,6914,3313,3817,5217,1235
5976,1063,1971,5067,7431,5804,6942,1301,5171,1924,2952,1226,4961,7851,5586
871,8386,2062,1779,653,2214,2546,2924,2051,4413,5381,5569,5200,6501,2159
7135,1015,5262,1779,4221,8080,224,8420,3489,4606,7134,831,9004,2521,1218
3025,2159,2210,6338,2063,2147,6015,2853,3678,3960,3111,1053,6312,3492,6188
4587,2202,5597,4385,669,1491,2980,4388,6656,8885,2056,3951,2173,8395,6016
939,1800,1467,1827,646,7714,251,1407,4327,5253,2576,1064,6011,5556,5073
1244,5556,55,7873,7164,3575,134,607,5876,6049,5743,5228,5764,2172,2217
4056,4902,955,3954,4166,6334,1886,7476,5730,251,1769,1033,1880,5250,5558
251,1825,1492,1414,6091,1126,4974,267,2356,4413,3225,3838,2159,8006,581
1827,4388,1348,3184,3971,5560,4154,4631,852,7723,1877,3412,6018,134,476
319,1878,3729,134,4056,1234,1930,3915,7192,2951,4943,3945,4178,1883,5804
6008,7010,2359,3867,4926,7330,2184,2548,1879,8395,773,3433,2350,5973,928
1507,7428,579,8109,795,507,1043,1984,985,2369,1361,6833,5559,3211,6938
4821,4279,4565,3184,6725,3766,6890,1657,6084,4699,2334,6054,1862,1106,2214
1136,4966,1129,8043,3878,4277,7168,4028,8458,7096,863,666,6201,1882,6797
3933,6059,8987,1305,134,2205,3920,3816,5069,7767,3013,5566,3967,1168,5625
5712,2317,6974,8796,2063,4545,6016,8546,1524,2359,1673,5557,2975,3810,2549
3966,3318,1879,4962,6934,1809,8884,3878,7754,3436,7771,7517,1972,7418,272
2371,1787,8634,6862,7328,1878,7872,6011,1339,1568,6137,4053,6725,8395,1431
6206,8168,9059,1286,2371,7325,7880,4087,3360,2205,6341,3843,3999,5220,3878
7221,3838,6334,789,4585,5390,5276,4413,2062,308,6497,2809,2375,2359,6091
8941,1567,7742,2936,6640,5096,1551,1006,6288,5234,1888,8420,3819,8542,6009
6802,2172,6510,8777,6202,3026,700,6697,5215,4155,1863,893,1787,8880,1306
2364,1989,3119,1932,3620,893,1921,3180,265,1233,3305,835,251,734,6050
2340,645,669,3682,5606,2147,6545,4988,8881,3029,7907,3729,4388,2575,2171
5162,6091,2082,2217,984,3184,6015,2369,4305,3294,6339,4964,6624,6000,5976
8633,6834,3185,1301,3891,7135,8754,1517,4124,2062,1779,8750,3910,8630,5166
5586,2159,8051,251,3673,4963,2901,2217,5566,6008,869,8408,2896,3938,8993
6099,5603,2334,9053,4144,4514,2062,1509,5160,8193,8828,3258,3416,7134,8219
8891,5242,3485,1264,251,8941,3981,8475,3244,8827,1524,1357,3650,4388,1959
5140,2173,5895,3184,2930,3950,5558,3868,2165,4545,7720,5745,2151,7993,1358
5242,2371,2757,5130,5556,5246,5712,2056,1800,3029,5173,1564,9016,3926,2172
5245,7897,2463,1977,3951,8627,1812,6008,4155,4631,26,5976,923,5160,5753
1787,6383,3988,6276,5569,5556,1488,7454,2047,6649,1317,9008,1976,3977,2929
5194,1878,5785,8129,2062,254,8414,2182,2047,4284,1620,6503,3825,5573,5191
3766,5731,3185,1976,6419,1187,5556,1824,2465,2064,9049,1777,3289,1038,3516
5210,2450,3674,5838,3025,2251,3047,3185,5769,983,6004,4172,6091,5585,3282
4759,3548,4962,2024,2543,4282,1769,5567,478,2867,8092,1954,998,4152,1779
134,4349,2051,4385,8796,5253,7037,8420,2469,485,27,1763,6799,6343,4545
210,5976,5165,4024,6084,7135,4276,6372,4171,5556,1971,5184,6339,2062,6939
392,1407,1523,4766,1275,8881,7845,231,3200,2159,2359,4170,3747,656,7428
7898,5230,3184,6334,3181,6510,4390,3960,1801,1305,5556,1283,171,4385,4415
8637,3986,2340,7753,6499,5569,7475,585,3531,2181,5559,5250,8943,765,8412
7237,1495,7499,2172,4297,5177,3246,6091,8940,2546,733,4597,5569,5733,6387
1345,5585,3809,8752,5150,3841,2375,5804,2185,4385,2051,2541,3864,6725,2056
3025,5573,507,3204,1184,7289,4176,4239,3557,37,1787,1115,5559,2334,6198
732,5994,7324,118,6395,2897,6146,3778,4962,1106,8712,7337,3878,2329,5804
3282,2217,1413,3014,1937,4583,3963,3308,5214,5346,3527,6145,1873,6091,5226
418,2062,1226,6419,6024,3185,2975,3967,7709,5559,8201,731,2051,6018,4215
5982,7180,5206,8766,251,3990,2371,5556,3506,2901,1166,1748,7183,1620,2223
3308,2336,8127,2205,3025,1214,2371,641,5872,8885,8996,2153,4396,4962,5712
46,8996,2063,3883,8941,5804,5567,5560,3986,5253,3479,3029,7428,8952,5263
1880,735,3838,1971,2356,7847,2151,6024,1718,1976,2056,251,7462,7136,2371
5567,5973,2173,5573,1977,2080,5359,610,5734,7061,637,6091,5113,2177,2464
3932,8496,1567,3867,8540,588,823,3838,4388,1199,3185,6018,921,5112,5266
1573,1072,8080,1488,507,4966,6936,8555,8546,5764,7922,5557,7610,1787,5753
2009,8418,3029,5217,1873,1976,7164,8543,4060,2688,3454,8740,3123,7913,1045
4155,7480,4799,2515,8117,1375,4631,150,7619,876,2369,8192,5383,1800,2192
7186,4077,5566,922,820,2371,8796,7168,990,4254,2364,1569,3246,1424,8783
22,3285,6445,8572,1878,1874,2217,1977,6062,3147,7135,2369,2973,7708,1005
3967,2151,1618,2062,1951,1003,3760,4389,4949,5976,6330,5017,805,5585,1386
5717,1930,1731,3014,8190,1712,3181,4605,1112,8416,8172,4275,6502,5109,823
5560,783,8418,7372,2056,3246,4141,7443,4566,4160,3403,5188,3938,3960,2307
2885,4544,4155,1707,3311,8393,1879,1308,5712,3917,4239,2151,7182,1807,4214
2899,5556,4951,5185,5253,5569,5166,2979,1866,5560,4545,1824,4962,1028,5559
5565,3714,1261,3060,4564,1977,4959,3920,8634,3024,359,6031,3029,6640,2755
3853,4228,134,5804,3185,654,3498,1370,8427,4164,2471,7745,5102,2999,1640
7729,3760,4915,5976,4178,8999,2061,1218,1157,5872,8762,7512,2172,7487,2701
1941,7235,6906,6887,5195,3851,3570,870,1169,7709,8500,2644,212,3863,5753
5822,6605,3863,7127,4357,1458,5973,4960,2371,8450,2755,2341,2063,6955,1055
7311,6725,344,1924,4944,5233,7472,2217,8395,3308,1423,1566,6491,6651,7060
8738,2114,3900,2160,1153,3185,7378,5584,1184,639,2981,2924,3729,5689,2901
8180,6091,5792,4631,3454,5823,3029,5585,2587,1930,4160,1495,2564,1080,4385
877,611,1387,1312,5097,5204,4169,3960,1673,8503,6819,8359,2208,5976,1041
2053,5104,5559,6010,5569,6843,5865,5681,796,1830,5973,1878,771,5141,4978
8374,1245,5559,5613,1265,2369,5804,4134,5985,7750,6202,8940,1879,1877,2371
5262,3282,3056,1256,4272,8971,3749,4165,1559,3838,7341,5769,6325,1822,1976
5209,6043,3838,6146,1198,6725,5566,7323,2366,5804,8650,4388,8876,1825,1517
8796,1921,1408,6651,4405,22,7343,1583,1063,3238,3945,5556,3308,6338,7218
8626,4715,4970,1989,6070,2451,1547,8229,6031,5556,8487,2878,133,4222,5173
2901,1567,1777,4413,3193,5904,8546,7776,3184,8425,5185,3025,7197,3699,5072
1069,5153,3366,996,4413,1472,7161,651,998,4962,2051,5569,1777,5185,1375
5836,4164,5371,1054,6034,5757,6725,134,3998,1882,5175,4035,3671,639,1880
1609,9092,6605,2364,2919,7230,3345,7708,4413,2371,7061,2159,1812,1203,8395
5318,6335,2159,1041,4236,3289,1241,8395,1880,6725,3853,2063,3947,5982,1882
7283,6186,21,2371,8776,3863,809,4599,3402,3422,4055,1458,2750,5230,2755
5880,6549,2338,8993,1982,1423,2901,1559,2047,6668,5569,5973,6647,4962,3749
946,1641,7400,3220,8219,2549,1769,7132,2531,2887,669,2925,1126,1177,9019
1544,1876,8940,4023,5745,4155,2371,7430,5556,6795,3869,3184,3010,1285,3618
134,6939,2484,3010,5712,5884,5207,6639,8255,5560,6651,8796,6649,2254,7334
5105,6280,5975,1827,5233,2548,8418,4876,1880,2097,5556,2047,5728,5712,8880
4679,36,8941,6722,5976,1866,3022,5573,2952,1240,2151,3185,4134,5258,8193
2056,4320,6379,6036,2680,3044,828,114,4631,3757,6832,1474,8192,1877,2901
5209,5560,596,294,6099,4631,2973,5095,6469,4574,1448,8941,385,5753,2975
8757,3536,1407,1041,5181,1989,1972,2746,3926,5822,134,5887,3920,3387,2159
975,1822,1986,8543,4004,8170,5896,5069,3420,3025,8223,8152,7839,5195,2200
4385,2205,1877,2223,4124,5743,7341,618,712,3021,2178,2466,7448,4077,4545
3871,2901,3308,2097,5973,1607,1400,3853,2047,3749,5073,299,3495,6645,1932
1491,8796,3886,21,4567,5973,6851,819,3847,5228,3184,953,5566,6054,1787
4831,8319,5556,3447,4877,5182,5069,8395,1513,4360,1403,1769,1020,7566,4388
2957,302,4388,4144,4069,1977,8540,3217,1218,7340,2575,3878,3026,2755,1000
949,6210,2359,719,5977,7522,6018,1080,5096,7841,1367,370,3932,6414,2172
5231,5224,5900,1024,3406,2941,1123,965,542,3951,5568,8745,2056,6770,1929
5805,1063,7668,2292,2369,1305,1977,8796,5770,2269,283,3517,5804,4388,6186
2955,482,6650,1053,5245,4545,1587,6342,472,6648,2922,5569,1950,7328,4160
9092,6070,5177,4974,2975,4520,2464,2882,6188,2371,7453,2410,5173,4631,972
5266,3718,1866,5104,3185,6944,1711,1977,2755,1212,2901,1621,581,2334,2159
5743,1158,2334,3878,5559,5234,6294,2172,5730,5289,5770,6918,1288,507,4962
7154,1812,2051,6334,1797,1472,4066,4962,3838,2113,3490,8100,5989,6953,4082
1989,8499,1921,7551,3338,2937,7090,5221,2347,971,2056,6719,5573,4013,1765
841,6018,6798,5247,6757,4576,1480,4880,1254,1264,1071,2671,6924,5559,2922
1878,6054,5586,4853,3247,1779,1557,2369,3406,4006,4388,8545,4173,5237,6312
8423,2173,3029,314,655,3480,6813,3913,7178,4675,1930,6294,3393,2930,5285
2217,3838,6449,8953,332,2181,8419,2901,6008,4388,582,3412,1559,8408,6015
4060,7369,2364,1157,5556,7092,6356,3868,5221,5569,2465,3413,1878,8395,5973
2652,6201,3841,272,5028,7665,5730,6503,7184,4077,2172,7168,3981,2062,3967
5834,2578,7221,871,7464,292,2047,3184,2042,6643,1569,8393,3794,8750,219
6634,2359,8546,3283,3184,2543,5127,1879,1878,3806,4704,8991,3022,7454,5976
7433,4631,5973,8875,2172,5177,35,590,2153,1887,1769,2371,2755,134,8626
5991,3517,2063,8631,3875,3982,1223,251,6832,7585,2359,5215,4653,4019,5237
6202,8432,2408,1038,4637,15,6172,2223,534,3438,3422,6725,3044,3451,3414
7476,3257,4514,5585,6015,1877,5085,3184,8048,4001,7428,2051,3840,270,4596
4840,7556,4155,4504,7125,3504,358,2981,8169,5730,6280,5976,8991,8736,3244
7212,1378,5138,1972,6022,1985,580,640,2153,6085,4537,5559,1407,1880,2200
4413,3470,7609,4238,1674,6334,5560,4019,4294,2159,4167,2975,6132,4155,7378
958,1086,2853,219,1354,8546,20,7129,5559,2575,1124,4155,3985,7012,1104
7997,6186,6659,1826,8107,2166,8961,5811,2359,1006,3251,8395,7678,5247,1391
236,4962,2971,6565,7273,3963,3584,3233,5819,134,3448,2292,5712,3244,8395
1864,816,5976,8777,5753,6366,833,787,5573,3016,8097,8191,5929,3973,2051
251,3981,1012,8097,1779,5560,5243,21,1812,3838,507,2152,3600,6341,5102
507,7369,2377,5763,3038,5177,4413,2371,2051,5712,8323,6345,5898,5390,2151
4555,4578,5872,1815,3025,5247,1804,6339,5046,3029,5069,6043,781,8051,3607
6725,8796,7968,2878,5559,538,5250,3184,4155,3103,2364,6072,5804,5569,3403
5222,6668,3026,2334,5973,4704,2035,5556,3133,8880,5822,1976,2172,2203,1213
5977,2172,3050,1109,2205,4037,831,8880,6022,3542,1769,4553,975,3541,1972
2499,2938,5228,153,2534,2547,4060,7830,3945,177,3709,5822,3406,2492,6018
835,2016,2172,2464,7400,2576,5976,7239,4850,5235,1977,2533,1070,8420,950
5160,5177,3294,8739,868,309,3037,2371,2151,4388,5198,5829,5569,6725,3065
6378,5567,507,1564,8462,6202,5556,2056,2298,3026,1926,6605,8952,6186,6833
6335,5266,2369,863,996,1900,7217,8885,1565,4605,5973,1033,94,1992,2371
6365,82,2780,643,7556,5585,5804,2632,6605,1098,8832,8755,5084,5556,3699
5185,5253,2198,3244,2062,8485,1227,1528,3845,4006,4550,5878,3025,4240,1112
6483,3406,2464,2172,5885,1972,5114,8395,3841,1157,5949,2579,1381,3942,92
3010,978,1611,6007,8239,5585,3496,4962,6785,6091,3618,251,1880,3184,3669
6092,1488,3027,1984,6652,3562,6351,3184,5014,4521,2755,8856,1769,7128,5723
2708,2961,1404,3890,1886,3749,5785,2159,5231,4574,8412,4966,5247,3069,2488
7454,4631,5175,2755,1109,1427,4599,3010,2885,8546,6145,263,1976,507,5565
5068,3229,4578,8885,1809,7204,3289,2886,1021,3607,2338,2375,483,2520,1196
6491,7383,7157,6374,3320,1457,6024,2175,8080,6291,3052,2975,1801,2172,5121
6222,4222,5140,7045,2301,5231,5556,2369,4578,5573,2047,6094,7686,8796,8187
1041,8501,3420,2082,7428,547,3412,4389,8315,4962,277,1930,3981,6144,922
7123,8235,6650,2464,598,2576,6387,1564,7552,4388,6018,1983,7709,999,3845
1041,3025,3208,4413,3026,1977,229,2797,5976,1766,3315,3657,8545,6824,507
871,2334,4611,6022,4590,306,2062,5229,2550,5626,978,3142,5119,3913,5245
5073,1254,4324,5229,1976,5973,1984,1098,5559,3315,4006,5161,8540,6334,5035
3029,2205,8657,1858,2159,7850,8783,2082,8219,5092,8542,2369,2336,1126,1104
6824,5172,6347,7492,134,1886,3517,8796,4171,7372,722,4960,6935,5568,8567
5976,3079,968,5556,2819,4166,4631,8541,6804,7082,8097,1575,4799,3353,3974
4164,3799,5569,2182,5168,6850,4024,5559,6019,6385,4631,8493,3959,5556,4399
3892,1930,3838,4098,8168,979,2537,5981,1977,7551,5566,6339,6378,1262,844
646,2364,6640,1787,7577,2056,4388,1825,5973,5067,7484,7711,8885,7369,7720
1429,5976,3871,1236,8881,3927,5606,5239,4856,1972,5817,2957,8757,2056,659
1812,881,1020,2334,5764,1374,2901,1784,5218,1126,5604,2200,3918,6370,1010
6206,7328,6018,7579,3413,6283,8395,8546,7239,3701,134,8753,1573,5559,5190
1785,2724,6034,2549,3422,5753,4962,893,2878,3910,7466,5766,1463,5922,6031
8050,5168,1877,1882,6915,5753,8496,6649,7250,2217,933,2364,8692,1582,788
5976,3847,8393,8758,5194,3853,4962,5042,2217,610,6521,25,3184,8395,2622
6099,2576,8559,1167,8886,1134,3037,1073,5109,3244,2205,5178,3794,6725,7473
5976,4387,6201,6091,3901,7391,2338,4134,2364,3749,5766,5206,3315,7443,5194
5556,81,4550,978,1362,5585,1989,2062,3954,8102,1548,1018,8544,1876,5573
8940,5127,2890,6725,134,8180,7912,3595,1285,4578,5558,2214,2334,9089,3845
251,1184,3593,2177,1651,5569,2755,8561,1359,2422,6091,1279,3282,1785,2172
2750,3221,3757,3878,3883,7609,7273,5976,6189,5560,4246,3403,2231,6252,4198
1874,2893,4155,5161,1549,8177,3052,3505,6018,2051,2369,2981,6779,5567,8418
1614,1417,1977,1407,4172,1172,2951,1824,4006,6313,1499,608,1003,696,1022
5553,7454,7706,2371,6605,5069,7508,2338,591,6187,4171,6382,3953,8412,3421
3029,5804,7632,2182,6307,6018,2922,271,6656,7263,7948,6773,3966,7697,5166
5373,3159,5734,974,1718,1155,8639,2975,849,6817,1600,7586,2410,4350,2549
2369,807,5560,793,1471,6480,4385,6018,7180,7445,3238,8044,2930,2300,4475
478,8124,1034,3449,3838,1769,8774,788,1880,5810,3459,8657,3756,3470,6725
939,1509,1812,8417,2550,2188,8679,8232,1725,3365,4545,5201,3238,5096,4631
5567,1010,3357,8756,507,788,4036,8763,4581,2901,210,5215,7439,2899,2062
1252,5559,3598,2172,7464,7708,1883,3886,5766,5511,2198,1238,1382,3010,5560
3712,3838,1977,8637,5173,4146,4985,2371,5370,4352,5097,8546,1779,5153,8749
3420,2153,5094,3945,1824,3506,306,8796,5262,134,1785,237,5156,6633,1878
8544,1924,2151,5183,772,2735,5248,5556,2939,6201,7466,672,2147,662,1932
2051,6310,2364,5730,5130,1470,7429,2061,2063,3944,7466,5094,5236,4890,6512
2901,2062,6633,5166,12,8004,5559,7287,7708,8991,6008,7771,2576,893,7522
8487,5556,2193,586,7697,1517,5566,2565,4388,2334,8241,973,7475,5374,1208
5976,2495,5370,6366,825,5245,4385,7193,775,2922,219,4355,1976,292,8657
7164,6091,5318,7166,6140,2338,5207,2951,2016,1862,2047,1503,3240,219,669
5560,5712,3940,2986,2410,2369,1972,3313,1076,6647,6725,4388,3460,6201,3701
3954,7325,1977,3967,2579,4968,2552,7714,274,4118,6018,3564,1022,2952,7181
2172,2151,965,7522,2205,3963,4631,7771,2224,3142,6146,5194,4962,1044,3184
6725,3029,1429,4962,1947,809,2680,3965,1886,8474,3863,4366,4961,3052,3722
5346,1286,2364,2357,1445,1513,2172,3471,3029,3356,20,5885,2884,637,5569
2626,2807,5759,1879,8886,909,5199,251,134,2901,2056,796,2878,1499,1100
7443,2408,8886,611,1564,7368,3013,8943,7666,4631,2182,1035,8738,6785,1644
6373,1948,1126,4159,7319,1769,3019,6188,829,5831,7263,5621,2893,134,4545
5229,3026,5712,2924,5174,6049,3648,3526,5573,2062,3395,3618,3910,6499,8776
1017,4335,5804,261,6018,4069,1300,17,7179,7443,1175,5168,511,3184,1373
8039,3596,1085,4006,6652,1371,4966,2058,4413,1932,7180,225,1769,3853,35
1003,2151,578,4390,2894,4177,1879,8961,3308,5745,3025,5766,8624,1445,7180
1879,2173,3238,6593,4656,2159,3025,5559,2981,1609,2952,7140,4551,5755,3945
1413,1094,1240,3892,7182,3692,2173,809,2335,2151,8750,6091,2198,5173,6044
4030,4006,6748,21,3648,2205,7705,1779,4315,2917,6725,5560,6372,8496,5734
1290,5194,2047,8420,7820,6725,1171,3516,7697,866,507,4388,8226,1399,5734
288,2578,3602,8442,6091,1097,2171,7481,5231,5177,3184,3556,5236,3955,6833
4242,8553,4390,1389,7842,6206,1226,8170,6334,2047,6827,1550,1623,5102,1401
8168,5769,584,3265,3913,3963,711,6987,5559,4134,1087,2371,3025,2027,5854
6018,5734,873,8455,2059,1328,3608,2939,5233,5782,1769,5822,5590,5654,733
8545,8762,2371,5228,965,3991,8229,6386,1564,4631,5073,998,8100,5794,8180
4412,817,6607,5245,8885,2364,5566,1787,8880,6651,1268,5556,4964,7426,1347
4155,955,2528,1316,6338,6052,5876,3237,3283,6018,1569,3318,4413,4044,3873
827,2051,6347,559,2587,3716,1128,3318,3762,2172,1784,2159,1623,5203,8399
3954,5734,4314,1267,824,8097,4177,872,3838,1991,3144,3073,1882,3058,1736
3983,3965,2901,2359,2172,3025,4388,9052,5119,5173,4553,3908,1886,1018,3052
3842,643,6815,5370,2159,4620,5769,4389,1560,8355,8460,3954,6287,5177,1301
930,2047,8739,7135,4954,5585,5232,8233,7334,134,4348,1880,2951,5136,7332
5790,3289,707,3969,8499,3729,3938,4631,2159,7324,6312,7517,5573,7994,14
6034,6070,1644,7912,2280,3116,8499,6347,7714,272,1881,3882,8543,6656,2062
1456,2878,3876,3029,2576,5886,3201,9006,1620,3474,2172,1825,5174,5069,5958
4388,5976,1083,8940,1591,5734,7290,6891,1238,1355,4170,2172,7666,251,7466
3841,8941,5586,3308,1486,7888,585,13,4520,21,1923,1096,2578,5880,2541
4175,6188,2058,5804,4530,4155,5567,3956,7325,3976,5163,6018,772,3878,2576
8344,6643,6834,4155,1094,510,1480,6186,3598,5553,5573,7125,5556,3467,6141
279,6796,5556,8766,5569,4413,2359,6331,1574,260,5568,3084,1932,7090,7697
3070,2546,4962,2934,8750,1879,3025,8418,949,6202,3522,1498,7484,8493,6726
5156,2151,1787,5185,3289,3404,4518,1201,5174,2052,3007,1886,2991,3406,7614
2491,2350,4413,8943,4661,7711,97,3375,2371,8796,2151,8627,6499,6199,3838
2156,4542,3318,9086,4037,7718,1063,234,2056,2062,1667,4295,1867,4724,3025
3838,6061,6091,1166,2890,5204,7742,3591,5177,3184,7372,6171,5736,2051,4134
2859,4388,3244,3552,3708,5976,3966,9036,1877,5973,110,6396,8708,5073,3963
1972,1462,5569,4385,3404,5222,5557,134,4960,1565,2173,7451,1886,5228,3184
1976,5559,5753,1588,1201,1044,4413,7338,5594,1769,1880,9081,5976,3025,5734
4062,2062,893,2644,507,5228,2899,5618,8750,2280,6379,3607,6229,7160,971
4134,5727,1989,7879,5096,578,8376,1024,5094,2755,2172,1086,2051,8961,1515
3869,2550,6286,3184,8504,5822,3519,8391,7585,5560,5973,2172,2051,1196,3998
7440,4006,1924,2369,1885,4093,226,2338,824,6627,2644,7454,571,778,1777
823,512,933,1809,219,591,6833,7290,1325,1879,360,6827,2936,7168,6143
5230,710,6294,166,5102,5973,6499,1886,2950,5556,2338,8626,1175,7711,1063
8774,7311,3308,6773,2208,6062,507,2156,4234,4155,2371,3864,5804,6668,8427
1523,2051,1365,5177,4545,5233,3838,6294,8776,2016,1923,2981,26,5574,1541
4545,4036,1787,7666,4963,2760,8219,2147,1935,2172,1977,6272,6725,3950,2364
4124,4963,1879,5585,2334,4134,844,5346,1006,6049,6629,967,1971,1976,5266
3025,3757,4155,6377,2665,4006,3013,2177,1588,585,5804,4223,4631,4595,8507
5198,5606,2338,1468,2056,6010,2346,2047,6483,8738,984,8275,3133,4631,4413
6909,1612,1506,2341,2755,6725,7168,5734,7443,2334,6049,6633,2172,3123,5206
8464,1769,6034,1318,1315,975,2047,8080,4599,1976,3727,507,5680,4631,2062
1779,592,6208,7484,1024,2069,1094,21,569,5247,5989,1281,2205,2323,6137
6020,494,6052,2128,939,6065,8104,6742,8233,2056,1425,965,1488,2452,6206
5567,6052,639,4545,942,4006,6208,8232,6428,2123,3589,7164,5976,6795,893
8761,1053,3515,6091,7690,7517,5559,8097,5170,134,1186,2173,8220,2371,6338
268,3238,7547,5351,507,4575,1886,6006,4962,3864,785,6228,6640,4150,6634
2951,1223,1803,3868,1989,69,7379,8828,5804,2182,8883,6039,753,6091,5109
3913,4631,4545,2173,7341,1524,5160,5556,2364,3420,6034,3517,1480,2643,1058
8546,585,4299,5585,614,6031,612,841,5559,5569,6892,6282,8724,6670,6018
