6024,8745,6657,827,5104,1930,4142,2575,6159,1327,1862,3509
1787,1019,287,1729,3026,1976,318,8891,4388,6057,3950,5560
6510,5739,3492,2819,3991,8414,3967,5101,7061,2575,2062,8796
1618,8208,829,5113,5184,4724,5822,1787,2048,3029,1569,3406
1873,389,2922,3433,5556,2061,805,8395,1435,2878,5804,1475
507,3081,3954,132,2159,6841,5202,134,6047,2284,7443,5253
8541,2901,5691,2047,3447,2056,7361,3424,1787,13,1212,4983
232,2658,3013,1769,6054,6656,6206,2338,1392,2077,5198,1286
4388,2063,371,3540,871,4124,3687,2787,6869,2035,2051,7692
6457,7956,5496,8494,1210,8387,2973,6939,4388,8886,2338,3966
3699,7362,6008,1611,4962,7686,5558,7114,3838,4631,8543,3967
3679,1976,389,2197,4036,828,2465,8395,6091,8386,645,6921
17,1421,7708,6008,1281,8742,5185,4062,5166,3960,3736,3774
2558,2152,7780,5727,6333,2035,7820,5253,1367,5930,3763,264
1588,3945,6087,4246,3308,2214,1877,4165,1194,71,3517,1968
267,5217,3029,579,6258,8635,2159,28,3413,5976,6180,1439
2062,4565,7956,4631,7496,3289,1873,2878,2334,6202,4298,4277
5250,5160,6070,2205,134,7842,5113,2035,1866,5988,2252,4631
7204,3838,4528,2047,6725,1247,3308,3289,1454,6650,3043,1876
7757,4331,5218,3433,8668,3941,2051,7190,3607,1044,5581,4143
1883,2510,5182,3238,2371,8544,2332,6034,4172,3131,2369,8796
2051,918,7061,8485,8996,6335,5266,8776,1315,2315,496,3207
2064,7364,708,2670,5183,3022,6522,3029,8997,2062,2341,8796
1646,6944,8414,3847,3963,3061,4385,918,5262,4534,5780,5790
2922,2159,5830,5125,1862,7475,7241,4157,5869,668,1219,1989
5215,1509,4385,2062,7165,1769,3894,5766,3296,3951,20,5804
2885,8230,3420,3714,3789,3838,3029,2056,5166,4678,507,1977
867,5166,7123,3749,8769,1241,6457,1883,3677,1285,4452,2175
3771,3504,2343,3963,5243,2537,6024,654,8796,2359,3060,977
1930,3489,5595,6031,2159,3171,7233,134,5117,4545,3738,5989
1559,8409,3654,3971,8087,1812,4806,2924,7239,3029,2766,5712
2173,1417,1126,1827,2049,4736,1577,5221,8796,6091,507,5245
3266,7144,4067,3013,251,5556,475,7372,3205,7431,5725,1787
1053,2939,4799,5140,5185,219,1301,8395,5247,333,5569,3812
1779,6018,983,4385,2912,18,1879,927,5804,1283,1056,5566
3773,6372,809,4010,8408,6734,3516,7332,5161,2882,1880,8355
2933,8335,4550,6195,2364,1461,2062,3621,6725,3838,1518,5140
5583,2205,4660,2531,5170,3509,3519,2062,7403,531,1132,3313
2047,4134,1241,3070,7708,5799,1349,7164,6099,2364,4962,6147
2878,1517,7184,2002,5976,8409,507,3406,212,5184,2173,2150
8425,2334,3960,4217,3205,7711,271,5140,3043,3029,43,2882
6132,7185,2149,7599,3258,2332,3025,4731,7311,5192,5754,134
4309,3922,1874,5992,6656,3468,6018,1564,5195,4682,5229,5976
5976,7061,7095,7487,5276,1866,5087,5556,1971,2063,1880,3613
3073,3641,1769,2393,2969,3308,1399,8546,3246,8738,4389,1445
2957,619,8168,1159,1458,5556,7465,2056,3878,4153,5236,1769
3945,5559,3942,507,2182,1468,5730,642,2153,5119,2961,2245
3969,3615,8960,8645,839,1800,1041,1950,1606,7898,2576,5894
5173,7372,3025,2055,1167,2957,8508,3847,5179,6503,7629,2332
2343,5168,6842,2755,2047,2931,6082,5109,8200,2658,1769,2470
2340,5896,1179,4631,5742,1532,3562,6046,1462,4349,6199,7556
4388,4631,6054,6725,4296,7063,447,5068,5990,2035,2708,4076
1400,2063,677,1277,3863,5205,4631,1866,3505,4545,4914,6725
5178,5556,1662,3056,4556,267,853,7462,972,8391,4578,4388
2172,3841,5560,2047,34,7273,6952,2214,3595,3014,2585,5904
3026,4962,5804,5569,5160,2217,2151,1779,251,588,8597,3967
5226,3920,1530,5215,7854,251,6942,1862,2205,3756,6491,4006
3056,1977,805,219,8877,4739,292,5560,2159,1926,2343,1986
1407,1553,923,7868,507,5266,842,3302,2047,3886,776,5604
1443,6974,2056,6834,4515,1779,4053,4134,5247,4385,6633,1225
5880,3184,260,6605,3966,3967,2917,2177,3970,2054,3838,5764
6339,8395,218,8567,4631,4515,2151,8634,2338,7308,3863,3876
2334,1245,5973,2643,950,8793,4981,4670,1370,3787,4534,2067
1576,5067,859,6647,5761,1021,3871,14,1194,5220,6031,3838
1213,821,2371,5734,6024,8443,2338,3372,4713,3865,7819,4076
5597,1264,6757,2159,6282,3595,6920,1506,1358,5174,7135,8395
3598,913,4870,2205,1607,1312,2151,3828,507,1876,7180,3999
3063,2525,2156,6249,1746,8103,2205,1136,1317,7135,2469,6625
6647,4962,7025,8941,5123,4150,4057,1883,4385,1637,3892,5560
1801,3308,6079,893,637,5195,2051,8186,1507,8941,6024,5785
1941,4388,2173,4389,8546,1787,2057,1807,6955,3184,6206,1244
4514,3762,2587,5159,1800,8748,5923,858,1931,5178,286,5770
1070,5604,4388,7273,3289,4872,1873,3838,5736,3294,4170,5556
3184,1429,3282,2051,6725,1254,7138,2056,5870,1576,5559,2952
2878,7709,4558,6715,700,8630,2951,7214,7323,4157,8232,8180
1033,8727,6091,954,6206,2961,7678,2897,8559,6070,5764,7290
3838,2973,6070,2056,4176,6020,1866,6725,8941,3295,2565,4174
7233,2205,8051,1053,3669,2268,6036,3029,3430,5033,805,3025
7428,5559,1883,6091,1069,6339,8776,5973,734,4193,1777,1877
7819,6057,8395,3200,853,3041,5560,2755,1930,1866,1517,4530
8941,4195,5598,338,3777,3356,1522,5163,1883,8796,2371,5266
2576,15,1976,924,2164,4406,5976,6650,3838,1924,3841,1879
1606,2372,8432,7527,8880,8543,1471,1961,1989,1787,1878,2350
6833,6647,2755,3738,2937,2205,5573,3905,1866,2173,5712,1803
4154,637,4605,6143,1886,3025,7480,3872,134,5976,5736,581
2159,8742,5067,5566,1977,5976,8219,7668,729,1878,4155,6503
4338,5130,5642,3616,3593,3025,7115,5870,8745,5804,2359,1000
8736,4712,7161,216,3702,7668,2455,7400,1921,4020,6091,6775
5234,4519,3878,8820,6650,6168,4020,661,2334,4006,311,5572
826,3073,1000,1242,3842,1326,3705,3674,8942,2911,5266,7714
8993,4155,1465,3963,1991,8447,6091,8546,2349,3538,7369,1489
1059,2338,4072,919,6803,6318,3044,8399,2369,4539,2901,7454
3171,2840,2957,1062,493,5560,4964,1779,922,2172,2170,1045
5230,1138,6909,1330,3838,5069,251,5097,5168,2173,4413,1468
5569,5238,2576,1769,2474,195,7842,4530,9006,7423,6091,5732
1976,2882,5210,8636,1924,2338,3892,7364,5753,2834,2472,2794
7061,2062,5067,5585,7135,3960,2958,5938,5179,4413,5228,2928
2159,2347,6050,5215,2930,1262,4566,4395,6725,472,8885,6175
6702,2356,4545,7152,5831,2425,4129,4284,999,1526,1873,1532
6294,5681,4355,3489,5785,3865,2172,933,5096,2980,7899,4407
1787,8097,3491,6372,3456,6651,385,1567,7372,2901,1016,1378
4124,4172,919,1614,4388,4542,9006,6647,2051,1015,1517,607
773,5804,6202,4413,7418,3051,7248,1588,2364,3723,5178,8633
5556,893,7221,1957,73,1993,1462,7530,2535,8853,1045,4343
3951,4545,1076,1779,871,8626,5973,5197,4579,5296,3128,5885
5728,7556,1471,4267,5091,2051,8766,7747,1989,5097,4388,2062
2371,4803,8749,2051,392,2172,6008,7140,3308,4564,5982,4388
5370,2364,3185,1809,8567,8712,4413,6909,6725,1959,2151,710
5724,3133,614,2151,2099,1276,2173,1878,2641,6909,7286,1208
3422,3579,3289,4574,4556,8419,4998,4413,1301,3699,5160,2940
5073,5569,2688,3964,3668,5601,1015,1221,3595,5166,4609,8194
4631,8168,2223,1880,3145,3194,121,5770,283,582,2894,2356
1928,2151,2270,2359,4413,8796,4962,1450,2205,180,8197,2159
7526,2971,2998,1977,3867,3016,1499,1779,1483,6742,283,6091
5734,2217,6159,5567,2313,8432,1779,3310,8232,839,1878,8229
7720,5598,1367,3294,3308,2971,7473,9038,1878,834,1991,1020
2371,1167,841,6186,1877,3991,3903,1879,8630,1886,1488,3019
183,3878,6535,490,5236,5830,5804,2172,5617,4545,5600,2047
660,7151,1467,7720,3865,4078,8744,6656,8409,659,1983,2051
4141,5262,3873,3942,3283,5899,7235,6660,4523,6280,6633,251
6521,2760,648,7772,6031,2051,1506,3954,6030,5253,2375,4148
2971,9045,4962,735,225,4136,6281,4154,4216,6027,5804,7306
4837,5585,3940,8323,5559,5333,2936,3781,1472,2180,8782,6648
1086,5266,5868,2334,5242,3678,6660,1513,4413,3318,1528,4542
284,1496,5116,8932,26,8766,3762,1924,1992,733,3999,2893
2368,646,3070,6018,4578,1071,2485,488,7828,3310,4350,2064
6939,1882,2647,172,4550,3091,7257,4385,3029,2620,1286,3285
807,5030,965,3420,2016,7116,2338,3433,6687,6018,5977,5596
2159,5559,1488,8882,178,837,5712,3973,2180,2668,1246,3238
30,3991,3027,3019,7297,2173,1419,6135,4571,134,3083,5837
4385,996,1779,4547,2878,5204,871,640,3547,2688,1879,1545
5556,6055,6331,2893,2172,3918,2755,2051,251,4385,1507,2208
4157,3878,8174,3397,1779,6024,6625,3448,8796,2110,4257,4924
1170,5174,133,7164,1328,2215,1506,835,733,2159,5105,8779
4134,5976,5560,4177,8048,5234,2341,3173,7131,6637,1005,1587
219,6554,1223,5221,2369,4061,4631,5804,1886,4304,1252,2364
7184,8896,2054,5374,2172,5559,5070,1612,7711,962,1866,6640
5972,3282,5296,2192,1825,3010,3294,5734,2088,8193,3920,7692
3905,8226,7480,2532,3540,2159,4385,2147,1528,1541,6499,5560
8129,5215,9051,3422,3025,2063,5190,7484,5237,2279,3026,1058
5757,1612,7708,1708,7454,1407,3184,4148,494,6767,3878,8657
2371,5097,872,2369,2346,6610,2214,3221,867,5556,1812,7877
4274,6831,1234,5982,5745,2173,6141,5559,43,6070,7463,251
1225,8654,5757,8626,6410,6188,5390,2151,975,1017,3761,5573
2878,4272,3422,3497,3513,6426,2901,1400,6507,2576,1550,6772
7205,4962,3025,7135,1769,2477,2808,6502,2051,4178,3692,251
734,4492,5610,1825,4777,385,5247,8495,2498,4388,9092,2159
2159,8418,1886,3873,5379,5976,6641,7901,2334,2350,4605,1932
2056,1800,7184,6503,2575,1964,2627,3019,5121,3552,7402,4631
2917,2069,4385,1019,6189,8920,3205,5982,7185,1054,4134,2901
5762,2492,2941,3022,3171,2214,578,1972,4385,1769,6294,4631
6064,1432,5734,6166,8641,4876,5028,4882,7332,7662,6926,1879
8796,3184,1543,3587,1082,7819,1326,6195,2652,6234,788,4413
8508,1488,3941,5804,1223,5586,1926,5161,2059,3921,517,3420
5786,6202,2901,3010,6206,4124,8624,6356,3019,3293,801,7436
159,4385,135,5172,7443,9002,2882,71,7429,5815,7649,1883
1779,1105,654,6016,7944,2341,8657,17,8203,3838,5804,5177
7121,1977,5973,2159,6102,5569,6475,3933,5764,5753,3029,8879
2063,8209,4134,7246,5567,7158,1879,2205,6018,2371,5590,1866
6725,2595,2971,1976,919,2981,1779,1235,4312,5584,5985,4311
3954,872,600,631,1423,1932,601,3581,7880,8545,4979,4134
4053,7903,3406,871,8542,2477,251,1488,982,7871,2051,4631
5976,6294,2575,6290,3963,134,3185,2906,1231,4158,5172,1886
5745,2338,2287,1977,3641,251,2051,1906,3449,3237,8997,1940
4631,2371,614,7756,5040,3942,3296,3456,1472,2334,7329,7901
4517,3963,1163,8749,4413,3105,1779,7093,1282,5753,5822,1293
6347,6139,732,3300,3963,8782,2047,4966,7767,5878,1779,3315
3118,8576,932,3025,3967,5228,3294,3658,1020,3050,5859,2073
3444,21,6644,8763,2151,5973,5097,2205,2881,2062,3308,2368
696,4545,6273,5573,5559,2056,5560,1976,5262,4893,7708,6091
4545,9059,8796,494,5247,7135,3838,6283,8677,5569,3752,2151
5160,8881,659,1886,7334,3268,6092,1801,3961,4364,1603,6003
5982,7597,7430,6499,36,7439,6785,5107,2173,1226,6492,1881
1507,923,2151,3025,1423,3838,6841,4172,1769,3261,1896,30
604,1535,4413,2205,6801,1976,2543,5585,3955,6482,5194,2971
2051,1862,5976,7685,4539,2341,7324,2173,3409,6831,6159,7702
1452,1948,1785,1886,3184,6803,6898,8316,1604,5168,7164,1873
8751,5238,7135,1561,6650,5569,1134,861,77,7443,6091,1074
5205,5228,3185,2017,6818,8880,1021,6339,6347,2576,507,2805
8085,3497,5862,7709,3413,3878,3025,6022,3940,1787,2495,7321
646,3037,2047,6489,7343,2159,3777,1926,5228,2051,1236,8653
7452,616,5117,2172,8734,1140,1408,5556,1834,251,1862,5569
7374,2278,932,280,1972,585,949,1921,305,4144,2217,385
8763,265,2950,4176,7361,777,1111,6651,4346,8941,4155,2879
7242,5736,5073,3296,7523,1172,8745,2893,2159,5174,1779,4157
6831,2939,4973,6499,3655,1862,5973,2408,5102,2051,7081,1131
7666,6649,7369,4515,1989,26,1107,8454,1880,8763,1787,151
7464,360,870,2062,3271,923,7440,5556,2140,2214,5976,1214
2755,5982,5822,593,7325,1252,7197,5970,5894,4833,5921,2578
8231,6024,6334,6920,3963,2051,2894,5250,4388,6091,251,1162
1216,589,8242,4353,2755,6334,2182,6442,1977,3995,5556,3963
2916,4161,1570,3925,7185,4062,3618,4134,996,1543,2051,1517
3108,1594,4964,8547,6091,3412,4385,6833,4419,7435,8048,5228
7184,5069,134,7770,4013,2939,21,1567,5194,1020,1966,965
2341,6016,98,1787,3010,5605,4962,1963,8135,6847,1877,8460
7844,7599,3960,3863,3184,3878,291,2369,6849,2159,5560,4521
5183,3313,7443,1735,7426,2205,5067,2755,4045,2159,251,3413
3294,6147,5836,3025,319,4545,1005,4109,1801,8419,5233,6282
3579,1924,3844,1753,4962,8412,5215,5741,655,8205,4105,3185
2369,5728,7437,8239,5046,1921,3999,3413,3050,1506,8406,3782
2593,4225,4385,1880,6844,6562,1539,3240,6350,8757,5804,5219
6339,5976,1397,639,4962,7340,195,6281,3864,3571,4705,4385
5753,283,4155,5126,1274,3365,3172,3185,6022,6212,4965,5221
6907,796,3179,3566,4141,3413,3014,1972,5224,1425,8657,4160
6403,3039,5966,2766,6091,1886,3184,3417,2897,2371,8546,3010
5982,664,4939,8703,5560,2054,2543,4984,5976,4297,7842,2062
2346,7759,5763,1165,5091,2159,2919,2371,1812,549,2547,2205
5753,799,1407,914,2062,581,7899,2123,5604,18,655,4581
3037,6849,5894,5745,134,5166,610,4143,3857,1109,3965,611
7900,4631,3184,7432,1801,358,6799,260,3930,7590,1112,1575
5973,6683,42,2051,7770,1421,4631,1287,277,8943,3581,2835
3536,854,1779,1879,2172,3998,5246,8859,6660,2056,2047,2051
6725,5734,7233,2338,7164,8778,8439,3406,4964,3029,3991,1787
3357,5721,5220,5127,1880,5973,4154,3320,2369,6484,6939,3406
2508,3836,6334,2338,4631,3480,3025,1777,7288,2375,7692,5976
3594,15,1407,4152,231,3246,1286,4342,8546,5728,7485,688
6237,2051,1031,3014,5878,2173,7650,874,3697,3951,8395,5266
6171,7523,3406,2047,21,8159,5770,4964,1367,2229,2192,5976
2961,6497,7903,1093,3490,2410,7431,1866,2338,6520,4536,5730
5559,8546,2408,1607,6937,6502,921,3887,5586,1871,1779,1285
5712,5982,4607,3072,2047,4385,2036,1061,3741,6503,3539,3054
1976,1977,3232,8487,1883,1172,8168,1787,986,6174,2878,4962
1886,2062,6926,270,1564,3412,3091,2213,1182,1972,670,6648
2171,5209,2460,1015,3184,6284,2047,8737,8749,517,1397,8399
2205,4413,1809,6657,2371,5222,3845,5166,441,6136,7643,1968
2971,4239,5766,2939,7406,1787,5566,5765,3942,8395,1477,2182
5232,7133,3436,2062,6346,4984,3838,2882,8796,5193,2893,2367
5785,1001,8000,214,1122,4962,7324,1976,987,5753,3927,6725
4034,5220,7323,6091,7098,134,2062,2699,2576,3406,4960,2369
5173,5560,1779,1172,3289,4984,1880,2261,43,6725,2981,6071
2047,6337,2073,2359,3355,7479,4081,280,5230,8546,5764,1779
2329,2666,1876,1822,798,4130,3886,4589,3480,1371,1560,7898
1838,1883,5024,3033,4155,9037,8880,2962,5976,1989,7334,2981
4961,4924,5160,2915,6630,8890,4332,6336,5279,5730,3634,134
1618,3029,8418,591,806,8540,1007,227,1880,3433,228,4158
1880,5228,2951,7454,4962,2061,2939,2047,2958,5231,1977,2548
7215,6450,3237,5569,6145,1472,2901,1226,796,6939,6829,4284
777,2635,8518,4174,1022,8796,4388,2981,2408,4077,4413,1507
6281,5220,5160,1532,2151,3595,2218,2981,5031,5551,3478,6031
5247,1254,7556,5567,969,284,940,874,1255,2151,5153,2981
4705,8989,4304,1977,1252,650,5559,635,5865,2356,1976,6359
3838,2205,3217,893,4087,7684,2893,3282,2237,2364,3791,8759
4962,1554,5319,3158,1406,733,1469,87,3420,8026,5603,3185
1976,8637,6008,2529,1565,7846,6091,8057,5227,8796,8595,3412
3184,4146,5712,4561,4006,2062,1940,7379,5560,3433,5230,4388
5573,1407,3184,5736,4077,1110,5140,6166,7135,1097,3732,746
3783,4079,6484,3903,6188,6319,3618,1202,3406,5192,521,872
2878,4631,6909,1171,3526,6206,7671,288,3952,1972,6018,6766
4006,3878,2882,544,1778,787,521,2338,869,3760,1480,1447
1124,8739,2056,5786,5163,3966,4413,5566,2507,1043,1281,3973
2151,2182,6321,7466,3704,2838,2374,6284,2056,873,2035,1276
8859,5113,3975,5221,5346,36,934,6334,1883,7454,3025,220
1947,8638,7369,5560,796,2939,1454,1972,6939,7436,1977,3423
3864,1094,228,2175,4739,3707,4297,5573,3472,3196,6734,5569
5556,1980,5807,3672,4563,3502,2760,3677,4807,1822,7601,6345
3025,6785,2454,6791,3840,5558,6197,823,8395,5266,8796,965
5183,2173,6070,3025,5233,2364,2205,2359,8432,5882,2338,4329
6660,2058,2941,2334,8941,7434,2755,4631,5753,3778,6247,5804
4264,2159,2369,7092,5567,1705,3838,221,4063,2173,3117,4413
229,3115,816,134,4962,6147,8473,2338,3490,8546,1886,2341
6018,965,564,1971,3492,5763,6656,1428,4134,8098,3824,222
8796,8496,605,8323,4973,3867,4006,4990,3863,2350,1976,2056
1035,7908,3967,8885,2408,6297,7688,2062,5715,8458,7338,4332
8190,2418,3932,1516,4984,2056,5199,2371,7483,8637,8856,7585
783,2205,1431,1126,787,7185,4412,3967,1569,2487,1928,5898
3838,134,5728,5139,3762,5739,2579,5556,2369,5160,6132,9011
2660,8996,5238,5963,7556,3068,639,3013,8654,1779,7094,2881
5556,1878,8487,3043,2218,1006,1620,2632,4177,3412,1819,1126
6201,2703,2201,3886,2369,5184,6054,251,3184,4565,1977,8754
1318,2063,3286,1569,3413,3930,5559,5804,931,1281,8880,2894
5753,4005,2334,8285,1439,873,1924,3697,251,5319,5166,3094
6057,3026,3913,3838,7639,5178,7091,3897,5101,1879,7125,6166
5560,1673,1033,4134,3796,5198,600,8395,3029,4388,5253,8176
2064,2369,274,4807,138,5728,7114,2310,1216,2159,5597,6231
4959,1171,2051,476,6197,5174,7547,2369,2857,148,5836,6692
1881,871,8796,8624,3676,1953,3175,288,3072,5770,3155,4419
5557,507,7363,923,8714,6024,2338,2369,3184,3155,1286,1957
5556,6652,8546,3963,2350,802,2384,3315,1797,2151,3757,5379
5236,8228,8941,8395,1237,8098,7694,1498,4388,7248,2572,8418
1779,4388,3191,2102,5249,2893,5894,4165,1116,3308,6347,251
8880,3864,1993,2678,5228,6201,5245,6339,2359,1301,2172,4389
5173,4539,1494,6301,3025,2062,1474,4134,3864,2047,297,5174
5174,5973,5204,5247,7090,3838,7464,3010,275,1880,2063,1470
2087,5765,3878,2173,1498,2016,5232,3969,3410,481,607,5745
6091,8395,6074,3185,2491,309,2334,6061,2375,2056,2214,3054
2152,637,7697,3693,8542,872,789,4001,6043,941,3185,5976
807,1375,7666,4001,5174,7435,3238,2576,1926,4793,2058,776
3192,1859,134,5178,5224,4962,507,2981,4974,389,8774,8176
6939,3878,3246,7718,1468,1813,2975,3022,5973,5559,6655,4984
2051,735,5712,2047,6023,1924,5162,3795,3029,585,8943,5228
5560,4388,1762,5557,3941,6339,2338,7369,6927,1984,3960,3954
7409,3553,1777,2061,730,1779,5556,5560,2027,6659,492,6811
673,2495,7385,4413,1121,7904,2214,1238,3025,8657,1936,1880
2576,7150,915,5977,1407,5095,1155,979,3049,2172,29,3771
1182,8935,5712,1984,8961,3919,2063,22,5204,4631,4388,7416
8877,1638,3867,2457,12,517,7458,1051,6316,2051,1918,4388
5558,8447,9009,2338,5567,2047,2024,3029,3356,3064,3214,734
4160,6015,4989,1505,5769,873,3903,1281,2196,2056,1006,2062
251,809,1219,6640,5560,2981,1932,1779,2336,4542,1972,832
2171,1777,7099,5095,2977,4227,1968,4975,1976,8657,2578,1247
26,5193,5597,2476,5569,2369,5175,6483,1111,3480,7185,1430
2524,8395,507,4664,3794,7454,8777,8940,5822,2051,4006,2662
5573,5160,3412,7899,7128,1111,6019,5976,6922,2334,6709,5559
5556,800,2280,3919,5085,5567,3393,2151,1157,45,1779,8759
8323,4388,5981,3998,5973,1254,5976,134,999,780,2056,3701
7943,1787,6334,1084,2894,3433,2537,2371,6394,5560,7708,3863
507,3184,9052,6335,251,2766,1977,3760,1549,871,4006,5822
5236,3533,4178,5014,3420,6185,1399,5866,1886,1871,2063,1917
4413,5102,4056,4807,1273,1566,1570,7639,5556,2027,3075,4544
7162,2077,2878,6928,7179,6366,5194,2893,8080,2924,7708,5976
2338,1429,7161,1253,2062,2961,6725,1825,2899,1400,1977,507
3019,6143,580,5266,2885,5712,1284,5764,5854,3955,5973,225
1612,2338,1629,5807,5567,6656,507,3025,1843,3878,3847,3185
1238,3967,507,4964,4165,7450,7833,3931,8395,2063,3469,1236
2343,4542,2958,6682,7443,2151,1989,5769,8542,2755,3090,3997
8394,1873,2047,6645,1287,7428,7877,7942,3510,5139,1926,2371
7651,7580,8961,4560,2172,4316,3738,3865,507,5772,3958,3161
1000,2350,1972,7770,1277,7443,2951,2302,251,5559,3972,6598
3602,2546,3327,5205,6649,2062,3471,7154,6188,3796,8409,8447
3864,1107,3083,2939,2082,2465,6635,7454,2576,2755,3847,1462
5606,5160,6148,920,577,4962,5556,1769,2334,4254,5973,5780
3860,479,2539,1769,5804,5247,1218,2212,4007,6022,5976,1801
3025,2181,8794,1015,2985,5235,8678,4077,253,5745,6645,3838
3010,6928,224,507,4001,5207,6145,1864,3966,5846,1525,1812
7078,2951,1525,7609,4593,4535,7135,6829,1068,4545,3073,8750
2145,8546,3942,1959,5220,8880,5219,5559,4948,3682,1036,2151
3499,7569,8881,2208,860,7888,5556,7664,3014,5568,2369,5237
3133,4006,8229,9043,654,5073,7604,2952,6725,4605,5559,5688
5712,1921,5559,107,5769,5218,7065,4146,6955,6974,5069,8204
6503,1390,5597,2755,2885,4160,5248,3012,134,1976,1927,3841
5804,871,134,6650,4239,1058,6347,1779,2214,6816,2371,3447
1317,6848,1886,6974,5749,3420,5977,4545,5174,2173,1508,4001
6331,584,5898,134,4962,4542,7344,4922,1878,6018,2151,7588
5559,8766,5221,6499,828,8233,4631,6053,3519,1132,8414,1968
8546,1620,5204,1374,2576,2356,2371,2182,294,8427,8993,2688
7427,3863,2812,3967,7162,6054,8548,1027,2336,967,2198,8395
8097,5176,1267,1407,2352,7709,830,2364,3863,8199,6787,1972
2587,3228,2192,4530,2338,6725,368,3729,2172,1862,8880,4631
5573,1880,6995,2047,4545,3999,6725,507,4565,2159,4962,8754
8829,5246,5769,251,134,5990,1622,219,1122,1991,5755,1735
1722,926,8504,3938,5982,2975,5872,5822,4520,4129,2151,1007
5976,8715,8879,5116,5569,3684,3601,6503,1517,3289,5753,6725
5753,587,4742,8425,5566,3029,5567,2123,6942,6656,6292,3242
1126,12,3919,6725,695,1825,3594,2151,5772,843,43,8080
2197,1361,2303,7128,2454,610,5753,3738,825,6202,3484,1878
2217,4962,7369,2177,28,5976,6339,6347,1308,2371,970,3027
1968,8775,7324,1107,4960,3779,1991,4284,1779,2341,4330,4605
3014,1880,6650,816,4556,7345,3856,1787,918,7199,5753,4988
8546,6633,1234,2755,5560,5728,8232,4118,1310,660,4819,4631
1921,3026,4580,2172,4516,3709,507,1285,7466,5207,1977,1212
8445,1007,2343,1932,2688,1006,8882,2062,3197,1924,3847,3718
7586,7061,1787,1769,1564,2883,7443,8450,1878,3316,2205,5443
6314,639,4708,5174,279,7600,2159,6022,8952,2156,1900,3085
2923,3865,6018,7443,1886,1504,4339,507,1779,6331,3297,1080
3887,2173,5566,3010,5990,2334,1787,1258,6091,3943,4413,3999
1545,1285,2171,5973,3185,2214,2035,8462,6216,2369,6230,3838
5210,2338,6715,4631,648,7443,2136,6578,5160,5973,6345,2534
3720,6334,7193,1526,1102,5586,3998,7154,5177,4545,5766,2334
7465,3475,2952,5904,7142,8779,5560,645,8051,5211,1862,2175
4167,6645,7164,2981,1022,5127,7480,5176,6149,2639,5190,2952
7714,3749,3185,2410,7135,1876,1777,2202,2334,672,1316,2051
4119,6043,7185,8772,3268,2205,4388,5822,552,8979,5173,3878
134,251,3532,1208,2886,2371,1448,1569,1924,26,2205,4553
2151,1769,3362,6008,6145,5560,1777,5524,3954,6047,614,7360
4368,1926,2911,8757,3184,7334,15,1886,2652,3991,1470,6024
7341,5136,6148,2574,3878,3924,1930,4964,3702,3490,1167,1580
5566,4487,5096,2062,4200,1940,3963,2941,507,3681,1779,5194
3025,8995,732,4388,2056,1286,3057,2217,251,1779,5242,5209
3301,171,6334,4561,6092,3285,2359,6022,3376,4542,8542,6499
5556,7720,6018,3286,2981,2878,272,2363,3727,2901,1242,1883
6923,6091,3265,5230,2371,2145,5782,2364,4631,8545,1264,2035
5285,767,2546,1521,6943,15,146,2159,3246,4028,1967,2981
7997,1769,999,8907,5087,1486,6660,1565,2759,1157,3029,3
8657,3025,1993,7178,8232,6054,3898,2587,3857,8502,7151,1824
3741,972,5556,831,2153,5374,8176,3659,6849,2217,3168,251
1348,844,4548,2371,5091,5976,5585,2652,3517,1166,2340,1977
5140,507,5159,1212,1977,1734,2820,8630,3029,3247,7127,2932
3864,7621,6172,8501,6196,1779,2369,3743,8399,5177,5245,7426
5242,3878,2063,6649,1866,2051,5976,4239,7335,2981,983,5785
3735,3938,2934,1085,8885,7431,233,2181,3356,6640,775,3084
2894,251,7716,821,3294,7334,4413,4982,1866,1769,4981,1880
389,6275,4612,3449,1779,1497,134,5556,6030,8737,774,6362
3836,1880,212,4004,3025,2055,8881,3887,6651,4962,2755,3456
2205,6291,3966,5285,1824,3960,7384,8190,2011,1299,3967,5199
7091,7711,2205,5246,6091,507,6024,1517,3412,8885,113,1809
6091,8763,6372,595,4124,1812,1862,1077,2051,2370,2062,670
7708,1365,8994,5610,940,1873,7431,2205,5559,2051,1972,2944
8174,1199,1769,2051,635,6071,1089,819,3536,3360,5601,6175
5173,3014,2393,7443,7276,1496,2369,1880,4631,2893,759,1084
1249,4528,4522,933,3010,3841,1880,849,1541,2894,168,8118
1194,2181,5590,593,832,4155,4177,8420,1025,1529,2159,7443
2369,7759,1536,1880,8418,6939,1798,4388,964,4586,2159,8735
2901,5567,6809,7678,5566,6140,2359,575,4385,2811,7454,6149
8395,8941,2371,825,7819,1614,5253,7061,3447,8988,4631,2159
5866,5907,3864,2897,3981,7092,3845,370,7716,5468,6057,6757
6091,4105,2056,971,8155,2182,67,5262,1078,8436,1212,8168
3681,5586,1226,219,1787,33,8228,3963,3828,7898,4053,298
1518,5625,5712,1093,1301,5097,5242,6334,3843,5898,4985,2864
4172,734,2973,7692,1252,5052,8657,2106,1124,2369,1237,528
5560,3645,2816,8386,1878,7522,6414,42,3283,5734,5982,8796
2062,1234,3313,3335,8674,6827,2375,134,1439,1567,3029,5989
4586,1989,2143,1398,2152,6018,2878,2173,7330,611,1058,2371
7402,1087,4535,1779,5171,6099,1751,8985,1882,1241,3970,3414
1500,4027,5982,6091,4545,1407,8546,4060,4132,315,2334,1421
30,7431,6202,8471,4060,22,6634,966,3185,4561,6798,2371
6091,6909,6725,5160,5569,3654,1431,5928,8419,1317,2334,5926
3684,2552,5105,1222,4962,5569,5215,2055,7395,3699,5088,2584
2062,6649,1880,5976,6633,4965,7545,6186,4226,1879,7838,4056
2167,3569,1122,2543,579,3006,5556,1301,7341,5559,6866,2452
181,5069,6725,4217,2981,1185,5808,3907,3291,8392,5566,2056
1637,4060,3951,4528,1779,2205,1788,6294,8886,881,1081,3175
5206,1498,809,4417,1166,7442,4962,645,1085,138,7213,7332
6356,7937,7767,1800,8796,5706,1216,1436,4572,8144,5073,8546
507,2532,5559,7180,1779,8540,2886,2539,1800,2047,7939,5598
3973,185,8796,1569,2539,6091,4154,1823,8504,6649,1828,2488
3763,3308,2759,7556,809,7685,5161,8761,1416,3938,6379,2371
3873,1977,5177,1063,4388,5307,8474,8078,1126,3238,8447,1877
4968,6497,6952,219,2063,3583,5976,8771,7804,5180,5559,4060
6018,3308,2063,860,4413,1565,775,3240,1472,2062,5734,4155
1300,1664,8414,5769,1566,9035,2051,2052,5127,5266,2937,2159
7603,7462,1769,5759,6514,791,2981,6833,2463,5229,2576,6163
5141,6161,2956,2364,3967,8749,5202,2371,5559,1779,1801,5124
2151,5172,1809,661,7466,317,7094,1758,4115,4001,261,5073
2590,6943,867,1880,5825,8546,1983,7255,5229,4567,3954,1356
773,3205,1439,1807,2975,5624,805,4962,2550,1184,7437,3991
1532,6145,6369,2172,848,823,1465,2177,6052,9008,6312,146
8541,2180,6333,3137,4177,1921,6091,8395,3920,7166,5973,3025
8519,5229,3922,7859,6345,8420,873,2151,7461,3575,223,3029
1779,2901,2751,1821,6140,2146,778,3239,1974,3099,5266,3749
2951,3014,1039,5559,4388,5976,6339,3961,4294,2338,134,9022
27,1678,4388,3026,2371,6154,2171,2058,6280,507,3185,4077
1033,3838,1133,5160,4135,734,3038,2338,923,6651,7094,5691
4277,2890,3878,3406,2173,6909,2411,3725,1565,3310,5266,4235
771,1364,858,7587,6039,6372,6651,6091,5976,654,3016,787
1779,6334,6657,7709,6163,6360,3838,8763,6086,659,5804,8187
2063,7188,643,2576,3856,3184,3878,7519,1977,7680,5745,771
5264,3843,1446,8951,7678,4240,1219,618,1457,2342,2205,6982
3238,3077,3589,6704,134,4520,7678,3981,848,6156,1564,2062
5804,7523,1378,9040,8545,2951,3517,932,7845,3244,5102,5183
3533,851,5206,971,8886,1479,7180,4558,1877,8423,2371,2338
6102,2603,6178,6757,1565,6640,129,6043,8224,2886,4578,2978
1018,2334,2092,2371,3055,3559,2217,753,857,2893,1103,4613
3294,7556,3161,5136,475,4413,8491,4177,7144,2941,5976,933
5753,1109,4175,637,1458,8080,2047,3247,2895,1293,3242,1876
3422,2169,5156,5220,3204,2338,7880,8544,3403,8097,6334,6782
7487,1686,5597,5569,2364,1787,4294,6043,8191,2047,6588,5174
7100,8941,860,7290,690,4006,3296,3083,6018,6284,3185,5770
2941,6454,5113,5559,9041,4040,3963,2047,188,3949,507,476
6916,2338,5560,2173,8461,7092,2843,2579,4388,6725,1317,5734
545,303,6725,3463,299,2620,471,1448,4385,8395,3967,2062
8796,563,4821,8427,9071,2332,3054,123,2882,7456,560,3787
7716,6191,1929,1208,4413,3283,7273,7469,5982,8151,6939,2159
2063,8222,8894,5758,8170,7186,5262,5207,1100,5091,969,6034
7482,855,482,7432,1058,1779,8881,950,3433,7033,3029,5091
604,3415,5861,7,7164,259,4631,2264,5976,5599,26,8646
5793,5177,6092,8447,8228,6018,8546,1673,331,9000,1972,565
3758,6057,6136,6294,4155,7848,3184,507,5569,8749,7466,1126
5842,2051,3010,3149,3744,8408,4520,6712,7709,7094,7125,1976
1807,5728,7290,5366,1862,5559,6993,2205,2558,2159,8395,7255
8796,3308,1881,251,5804,2371,5234,4388,3135,4412,6026,4016
529,1270,1932,1879,2047,8230,1984,4413,3308,2371,812,2536
5064,2755,4388,8945,1977,3749,2172,5876,5804,5247,6347,4412
1067,5772,1976,3114,5569,3308,1906,2798,1085,3259,2409,6652
4388,1880,5162,327,2919,1977,4703,134,5384,1591,7115,2453
2775,2051,4631,4514,3439,6755,5194,2137,5174,4078,1286,5871
2338,953,118,4006,6953,5970,8776,7471,3333,1882,1543,3978
644,2965,6091,8545,1157,1291,8885,7216,7435,5580,1637,6018
1527,3065,8219,2299,1317,5174,5569,794,4388,3707,6833,8051
1348,2550,6633,832,2371,2173,5229,6649,1564,860,1858,2971
5174,3940,8625,8885,3025,1488,1991,8521,2359,727,7665,7706
2051,6345,5560,517,2890,4520,5769,1862,1020,8796,5177,5556
5468,3050,2369,4925,7559,4257,7340,1824,6084,3029,3878,990
5900,7714,6447,5559,5753,1873,5804,5228,5107,8423,6875,134
8657,1918,1623,6498,3094,1240,5233,868,1769,6495,507,1873
5266,968,6024,9005,3540,7454,5136,2781,4105,6654,2238,7480
5556,5070,2671,3247,665,3450,7313,7711,5817,1561,5236,5560
5826,6726,3442,5231,6070,6137,733,4600,3928,6333,1496,330
1031,6725,1673,3974,1053,1366,8152,2893,3111,6015,251,6640
2159,2346,2364,2901,1862,3682,621,4134,1254,8881,5924,937
2334,2159,2172,4025,7517,7174,3969,7706,5105,2359,2048,1436
2334,1533,953,579,6652,7184,5734,2047,3539,2541,2595,2911
1024,5900,3718,7201,3184,1439,3420,3350,8418,2524,4385,5091
6503,7522,4388,8985,2208,8961,7668,7337,3175,8543,9041,1800
4572,5156,3027,2064,4413,7152,3223,4558,6001,2205,2334,2055
285,1436,4978,1779,2346,14,7387,2334,3406,4141,28,6795
4807,1812,2173,7146,3539,5170,9005,2943,5235,2843,4542,5097
7755,5597,6911,5785,842,674,2338,1525,1769,5559,3853,3313
2332,3903,1591,6091,2961,4578,5569,8393,8409,197,1561,2159
2971,5231,6813,8654,134,2364,3832,3184,5160,849,1960,2051
3308,2214,741,4267,2217,1787,2893,5973,42,1873,6605,3838
2981,3843,6648,1382,6651,2338,3749,4556,3185,2172,5973,592
7947,4413,2051,6209,1226,538,2981,8319,5559,1444,513,225
251,3863,1517,4323,4531,3838,2338,2214,300,1438,2664,7487
1468,9009,1185,6018,8447,5139,6846,8546,1020,4962,8397,5174
8996,931,1524,2172,4006,8510,5560,3927,674,5266,6336,3025
773,5973,6334,2466,3905,7711,6831,1024,5109,3504,5173,1184
3609,2371,6334,1601,8420,5254,4569,8473,6091,8754,8796,1976
4006,3406,2062,4962,2487,134,1480,8777,1456,4225,2156,2993
771,3459,2971,3283,1779,1288,2359,7454,7065,2755,6350,2172
7723,3906,1036,1776,4520,3025,1305,5217,1317,2346,4553,7663
4631,5727,6054,794,1787,5194,5210,9011,8409,2016,3238,1675
5556,4499,3302,4385,2924,1380,4515,5250,1265,4388,5206,6382
578,5130,7054,1918,2051,6018,5073,7728,2462,7458,5161,5132
1157,989,6192,4158,1589,866,808,2338,2393,2173,1677,1972
2534,5238,7375,7430,1873,1089,1983,1779,2151,4708,1161,2976
1880,581,3308,4359,1237,2899,1401,3420,3887,2172,2371,1883
1171,8780,8601,251,1425,4722,1284,6091,4516,2051,2750,3185
1534,1812,2487,1809,1252,1148,179,6445,2878,149,2939,2151
969,8796,1972,5531,268,3244,2338,2755,5096,1879,3081,9008
454,6070,6339,3864,2205,2532,5734,5206,2629,5253,134,4052
7556,659,1866,7094,2334,6652,2843,2182,3308,5124,1873,1949
1020,1308,5559,5173,3878,240,1769,2930,5119,3881,7692,2359
3749,1238,4631,4051,9006,8541,6641,5069,2901,5732,2576,3792
4662,3519,5167,8418,4539,6022,4134,2338,833,1039,7474,8220
3832,3019,3116,7875,3308,1403,7194,809,2371,4001,2056,1303
8874,5265,8190,3026,42,5976,7094,4514,2051,7846,1472,8893
1769,6834,3659,7398,6018,7185,5569,985,952,3923,6520,5281
3025,972,5880,3887,2217,5973,8548,5215,507,4963,5834,251
2054,792,6355,4550,1044,6702,6973,298,4060,37,5193,3029
1493,7426,3064,6339,251,5566,3526,2762,3517,8540,5621,3967
7585,102,5294,4175,1779,6050,5390,7,2938,4950,5712,7623
7469,5161,1785,4134,5973,1541,1564,8317,3360,1301,1402,291
2371,1769,2173,5560,2930,4561,2996,3952,7372,5120,4172,5559
7750,3315,4329,3953,2975,1229,671,6725,8637,3966,1033,1977
1880,3838,2159,2363,3967,5229,7670,1113,5804,5871,4233,4413
3313,5218,6294,3973,5977,1623,2051,5178,5785,1307,2172,5976
7094,5559,8396,1607,2371,5288,6291,2411,7456,7213,8854,8006
6832,7352,5868,1410,671,3742,7184,4077,5933,882,3195,1926
6385,7707,2297,2047,8941,1211,8492,6334,3185,7307,5822,3013
113,2784,1882,8546,6151,5243,659,8626,134,2159,9055,2051
4116,3185,7454,4322,5100,3863,853,6091,1024,1787,8833,3828
6891,6488,1924,8545,2047,2872,1779,3406,3549,5567,4545,5127
6649,5569,134,3029,4543,7087,4006,295,1532,3038,4834,2889
5753,5887,8001,864,1810,4385,8796,5795,3955,5590,1490,4413
7297,5590,4390,3618,8546,6909,4545,281,3999,4572,3413,6347
5804,3244,4317,5566,4734,827,1261,1886,3595,7195,8737,3054
2575,953,4289,4518,2878,6373,2334,2899,2172,2173,3981,929
1196,7417,3263,1614,2981,6034,3960,6970,2172,874,1061,2177
5559,2552,3433,8755,1125,4631,2151,4177,3506,5569,2755,6202
5097,5898,1024,5559,8432,5189,5987,5804,1779,871,2902,6339
5569,3123,6143,1882,2194,3034,4413,7268,1989,8927,8493,2051
811,5559,1779,2371,15,7166,6361,8406,2167,3878,6411,1924
8547,2903,2156,5822,3066,1143,3447,6809,65,5228,1852,3963
3904,1208,220,4978,4649,5734,4527,2252,3864,6008,3412,3447
9007,7466,873,2217,507,5173,2359,4587,2214,8908,2173,4631
3433,3029,1812,8929,1596,5979,4563,8567,2056,3294,295,3501
2364,4831,5153,2477,4388,5042,2113,4390,5623,3598,5238,386
7428,1472,2182,1247,639,4818,7889,2051,1565,5378,2334,449
3902,556,3289,1882,3853,5137,3749,8998,4962,7603,1866,5183
2423,4631,1185,3697,1517,7324,1359,3308,1417,5314,251,805
4723,5753,6605,1989,827,5973,2890,2063,134,6942,1992,4964
1236,5556,5569,2927,5266,7324,5104,6145,1422,5245,134,615
6202,4385,4520,2369,6091,5976,1123,3951,4347,4545,1779,5097
2173,5569,2175,5087,1852,2369,2047,5770,8109,7709,952,4544
1049,6785,2371,7400,7123,791,2205,4631,4959,7247,5177,2878
5831,7464,1880,7765,1879,8395,3433,617,6641,1977,7443,5556
6145,3674,5228,1632,881,644,3029,7185,4605,2223,954,5102
214,5811,2051,1972,1906,4631,1631,3029,7454,4293,6088,3296
5245,4545,8774,954,1197,4388,2369,5798,1474,5762,4066,2334
2971,6483,6785,187,2936,6048,6070,2181,4536,7283,7324,4962
5569,3185,3289,5559,6503,1345,6204,2973,7902,8211,1930,5772
7845,1591,3942,1989,6091,2550,670,2338,4545,2376,3205,1968
3029,7439,3025,6278,1032,4124,1215,3927,1779,5037,1873,816
2125,281,1880,5248,5804,7765,3796,3069,3025,3356,787,1037
6785,1161,4143,8674,3377,1880,2172,8738,7185,3838,3878,1349
5672,7155,1825,4539,2171,858,1883,4631,1878,5603,2334,8938
6018,5732,7439,3246,3836,871,5814,4134,5556,1880,5116,1095
2182,6613,6014,2652,5204,5483,2082,3963,5126,3257,1880,5162
4354,3963,7337,2667,3038,6145,3213,674,6725,3062,1041,5977
5559,103,2369,1238,4155,6335,5242,5166,7680,5769,7428,1286
2338,3025,1947,2145,616,22,7750,5178,1977,3591,6128,3886
2371,6018,2760,2539,18,2901,5973,6383,5622,5691,6047,4575
3752,1428,507,3947,5976,5266,6502,3159,962,5233,2556,2329
6633,965,7114,3294,1977,941,4399,2173,1878,8941,3878,3310
6952,5097,792,1298,3952,986,2882,5976,952,1932,2371,4411
1867,6164,5569,4556,2334,7472,1528,15,486,6019,1447,6077
5192,4550,4329,2166,729,1440,4155,2943,8395,6294,4520,1779
2981,2388,612,1207,5728,2364,7684,8031,5103,1044,3878,768
230,3054,8546,7328,4731,8877,3025,5973,2051,971,3778,7842
26,783,6380,3974,1430,3845,932,5094,1142,5209,5569,3488
8796,535,7364,2047,5229,2534,3062,8213,1565,68,8191,3909
6144,2859,5573,3393,8637,3791,2878,734,4218,5109,2013,6923
2973,3972,3014,5764,844,6347,3184,5139,2901,8222,8263,5098
39,3878,6741,1977,1787,3838,288,1822,2047,1886,7400,7199
1787,5198,1769,8796,6588,507,3864,788,983,1873,8432,2564
1364,3508,5568,935,7263,3562,4795,1108,67,1471,2177,5753
6213,2359,8508,899,5979,8396,3922,6725,1882,2981,1877,15
2864,3654,1042,6623,6572,1559,251,6660,5804,2942,7297,507
2051,2939,2172,6057,1972,1971,4775,5785,1980,5861,824,2350
812,9011,3878,3951,3161,1408,3963,2047,3612,1448,3926,1526
7289,2596,3282,3814,8637,942,2293,4799,2927,2173,2936,4385
6091,1417,7290,2371,6741,9007,2971,616,3583,8816,8025,8408
8420,3986,8168,2950,3954,2334,5076,1612,2455,1787,1299,3978
141,1483,5556,1056,9059,3477,7473,4631,7857,1580,6018,9048
1585,933,2047,5566,5237,1058,2878,4195,3766,8420,507,2049
1960,8395,4807,7166,2878,6503,805,7185,1184,6150,4536,5865
3999,7460,7095,7114,3521,6397,949,2056,1378,2897,7461,2534
4556,1425,4631,1812,2212,2874,2062,3184,134,5556,7585,812
5569,579,5562,3864,3857,6827,4947,1782,3433,4636,2356,1059
8657,6801,1290,2172,5594,301,2878,7586,2873,5381,2508,481
1254,3673,7838,9085,6186,2063,2173,6024,1488,637,8757,8520
1390,7556,1284,1392,5025,5097,4089,3963,5267,3685,3205,6725
2578,8419,940,4006,119,4563,2338,1921,8491,2051,4177,1821
3867,1787,3231,8885,5173,2062,5560,4228,3963,7005,5262,6091
507,2051,5804,4357,1041,2558,1520,251,8462,2047,2917,1806
2334,1779,6662,251,228,1195,1568,6613,3967,4077,507,4807
4325,1991,2901,1977,5568,5266,3757,5225,8513,8500,5804,976
7145,2180,7714,5102,4388,2173,5232,4239,5191,2371,6128,5712
1535,2063,2488,9013,1980,4295,1027,8080,7188,4563,6264,1293
5087,1037,3052,3878,284,3283,2995,1432,3029,2882,7156,5370
2063,1886,7400,5177,3760,295,5566,2173,644,1983,3618,8395
6092,5097,3814,5242,3525,1877,1504,1606,4169,3878,2153,6501
3838,8103,2152,944,4147,5097,3746,8941,3007,3866,1495,2338
7454,30,1769,6520,4342,6334,8191,3841,1290,4024,3447,791
280,2930,7585,1286,7858,7185,4178,4365,4352,4987,5559,4155
874,2511,2857,931,2644,865,6425,4060,7090,1438,560,1827
3388,869,7135,3841,7708,839,5764,2208,5587,1968,7714,7184
2062,6159,3409,3941,2332,5835,1769,8341,1301,7328,4962,2051
507,2775,2334,6140,7471,1879,8176,3963,2840,5822,7090,5198
3413,5569,1932,4161,6939,2051,7135,2181,6605,1853,3025,3449
6093,1455,5734,2564,233,4218,3061,864,1024,775,1535,5266
7443,2056,7234,3289,2330,5976,4278,3026,8405,2192,1006,8048
1787,4159,2659,5291,3967,2334,3663,1367,3519,4388,1195,1769
2205,6054,4955,1366,3298,1876,921,42,8395,2546,2528,2961
1769,2172,1867,3025,1568,5822,4400,5785,1157,1558,8737,2755
7412,2371,1779,1878,8546,8317,251,6096,3991,4151,1041,2205
3878,5228,3412,1547,5822,2217,5567,5370,3420,5975,3929,7780
1196,4177,3961,1878,3184,5783,2961,4176,1115,2578,11,1326
1302,3422,5753,3038,1779,6226,5982,3622,5069,5804,8657,2408
1015,1063,2878,3140,3606,6091,5242,2774,6648,4925,8048,6500
4002,3838,1058,2572,7696,2808,7714,3965,5976,2878,5240,8412
37,5804,8393,3325,4171,6144,8875,7249,5214,4560,2346,5611
3810,1477,1514,1517,1862,6201,8425,1779,1407,5231,813,5266
7263,3180,3318,3798,6660,3308,8245,5073,3850,4306,577,1825
3743,5568,4134,5894,5132,569,9059,1977,1802,6769,143,8323
2576,1036,1779,4876,7749,2172,3231,3078,2951,778,4178,1879
1064,2755,5764,5220,3868,6372,8432,3838,8405,1358,3607,5162
4770,8546,923,8447,1438,507,5172,2063,1788,5565,5556,1439
3141,3923,3010,2549,4008,6334,1212,3406,1361,2579,1963,2346
6018,6054,4984,2575,4106,5203,2217,1040,2149,7485,4077,505
2359,1157,2173,2175,6339,4545,507,1407,3025,6052,2338,761
4413,1617,8796,4559,3037,2055,7462,3131,5566,2056,8432,5734
5728,4305,1259,2878,1923,5163,2062,1886,5140,5166,6649,7114
3999,5073,1273,4843,2965,1241,4545,3289,796,2981,5558,7165
1056,1606,7709,5785,7328,3887,1781,2894,4155,2063,1036,251
1862,8744,4304,2369,2172,7136,2371,5182,3229,1424,1825,4325
1879,3064,5560,2300,2178,7666,5757,2579,1208,8427,8993,3791
1803,18,4539,5976,2056,1063,4631,5070,3029,993,2981,6505
8867,4543,6032,2936,4588,1257,3525,1526,8989,6633,4413,7010
796,6198,2971,4984,4566,4388,5255,6652,600,3029,4962,2755
667,4177,3282,1980,6496,2893,6185,3959,2755,3025,7853,659
4077,6651,8191,6295,4006,2525,1912,2951,5160,6918,5236,6002
1524,1812,2556,6026,507,8493,5976,8048,3282,1470,1535,5210
3932,5976,5114,5982,2192,2115,2047,1862,4036,2981,37,5559
2159,8965,6008,6091,6342,1612,1308,5685,1976,3420,5166,2163
1921,8796,2369,8657,5087,8168,1866,5769,3211,1020,1499,5206
5188,1499,3958,5199,339,2371,6650,198,2892,2214,7819,1173
3019,6725,2356,7898,2334,4985,1769,6024,3537,2179,1932,8395
923,4982,21,6053,3446,5745,3451,5804,1224,5556,1879,1161
3169,1751,2576,3445,9089,5610,2151,4388,3318,2172,4171,6725
5079,8442,3883,5566,4173,3918,7430,3947,6831,8201,2198,6725
2574,1499,8412,6018,2301,3351,507,8396,2082,6286,5183,1517
2035,6510,6076,788,4962,5745,2550,6334,6043,6394,5161,7235
5245,2026,1058,4253,2433,5228,2895,5387,1418,2205,1245,2172
1564,2455,3369,3397,871,8567,6372,2338,7577,7135,4105,6511
3389,1836,32,5166,5568,5757,6057,2923,5060,1275,5766,2228
4388,1787,7116,2349,5712,3313,1878,6649,2343,8168,2975,2369
3406,5896,2901,507,3315,2549,7464,7184,2172,1015,7697,6089
1219,4223,3784,2924,2172,5730,874,388,1266,7665,659,8393
3971,1301,4390,5734,6914,3799,3933,8633,15,1866,2878,5104
5221,6522,5559,5194,5033,8546,2901,8543,3981,7603,8451,7711
2063,1305,3140,5567,5018,1015,2159,5559,2334,939,1042,5092
5229,5012,168,4250,1072,3029,8796,30,1878,6725,5728,7765
5178,6024,6517,7708,7099,6351,2061,5798,5804,2173,8878,9008
1736,6590,4394,2536,284,4962,2409,2056,3025,2371,940,796
4962,1069,219,3184,2369,7392,4089,3974,3406,2334,1252,1251
794,2901,507,5556,1976,3290,2173,5166,1886,472,3014,6347
2055,3025,1618,5822,5976,3903,3037,6179,3777,5573,8630,2652
3843,3333,5221,6077,7711,4973,6833,5117,5179,5712,2882,5559
2975,1980,507,4932,7517,1081,1182,5224,8991,5712,8037,5056
1194,7443,1880,2895,5559,5160,2151,598,6833,3872,4389,6252
7553,7384,4016,2981,4302,5878,3556,5559,7324,5370,5260,1976
4708,1886,2971,507,1787,2981,4284,4388,6974,1976,5905,7443
4296,1883,8421,2494,8409,6651,8545,828,3749,4413,7556,2646
863,6346,1159,7436,1614,134,3847,6457,1587,4388,3967,793
2027,7553,5870,1814,2159,2375,2051,1930,1551,784,1184,2047
3691,2919,3878,611,1779,3971,4544,4288,2961,7472,2062,1216
2543,6263,6300,6475,1209,6070,4563,3841,1425,5097,2364,872
7603,7267,6334,2359,860,1438,5567,8474,8475,262,1450,1184
1560,2409,869,7709,6725,7465,5763,8409,2338,6293,5121,5247
8494,996,1613,8877,7745,2051,3890,4520,6018,6220,4962,4631
6015,189,3736,7618,3954,1528,2371,2062,134,4631,5976,5178
733,4757,3967,918,5976,2049,862,1787,3963,1224,4245,7186
3557,2543,1559,4157,4143,2172,4114,4520,8202,3029,4583,2338
1192,4608,1541,4143,2151,5178,734,6096,2890,7369,921,768
5728,3247,4807,72,5191,5160,7932,8412,5177,1228,1472,3857
2961,4611,3945,5556,251,2971,3029,3010,5597,6725,4970,2173
1800,1440,7184,8545,986,5214,2024,2047,5558,660,171,6070
1201,8420,1112,7256,3025,4517,5126,6725,5220,4388,5098,6253
4155,4443,1268,5233,6383,5559,7164,6312,2878,2893,2047,221
3920,3861,1166,4779,2364,1235,6188,5753,6484,3449,954,4554
1788,4581,1020,330,2192,5221,7671,8877,5437,6909,539,2172
591,6773,4057,3971,30,2156,5560,825,6387,1488,5759,2901
7349,2810,7666,5734,299,1285,2289,5116,2406,2200,2047,4962
6725,507,2151,1769,5214,4582,2302,3612,1553,2032,7709,7209
2171,3988,2172,3185,6279,5804,9050,1822,1567,37,1108,1466
7400,8541,4962,8204,5898,8490,8487,7024,6503,3913,3025,776
4209,7267,4964,9007,4045,864,2474,8780,2173,2991,3022,5879
7122,2172,2051,805,1769,3709,1475,1897,5897,266,6366,5162
2334,3735,2662,4558,3696,507,4561,8419,5559,1968,592,5753
1989,2882,5566,2172,4165,5891,7386,3838,2047,1993,4388,7609
5569,3951,1291,4335,3940,4545,3953,8863,621,3409,1561,5162
3920,7324,507,1883,267,8267,3863,6201,6639,7443,59,5712
8229,2171,2971,4388,4962,152,8881,2547,1490,6499,1126,7301
5251,871,2193,5178,4631,1785,257,5132,1445,5217,1792,4385
6499,1281,6833,1460,7343,7897,3220,5242,7540,3014,5709,5390
8949,5204,3947,3958,2047,1334,3029,3905,6384,3084,2895,6784
2576,4388,6018,2364,1886,952,4962,8395,1556,6642,2901,4539
9048,3762,6297,6350,7868,134,1020,8103,5261,5822,5266,867
1984,2408,7076,585,229,2878,1785,2952,3981,8626,5266,7678
5567,1800,1103,8997,2274,3054,6633,487,1796,840,6503,596
2371,2056,5569,6091,2090,8756,3863,5194,942,5166,1389,5031
3963,1879,5236,1873,1779,1866,3910,1499,649,2359,921,4833
2062,2375,6277,3025,5236,5173,3029,8985,5556,972,7253,2205
7692,4172,2173,3433,3284,279,2957,6666,3308,1612,3748,5556
8626,4001,8498,1779,1024,7126,2427,2173,3200,5865,1126,2051
5804,2193,5173,6651,1024,3406,1968,2156,5560,6319,2688,4962
7519,7384,3029,3451,1297,26,1179,5559,1707,2159,3910,370
3412,2214,2217,6365,8865,1976,4545,9006,3958,8750,1862,4514
414,2192,3029,4389,7534,6630,2338,3426,2973,278,8637,790
1361,1824,5206,5578,1717,2371,1326,3025,2901,8941,575,1517
2159,2878,2973,3932,2913,1027,6909,6827,1977,5804,2051,8757
1977,8224,4388,4571,8432,2952,5194,5567,2632,8396,4177,2334
4155,35,5198,8131,4033,5568,1769,1930,5229,7644,7061,286
5753,3406,7711,5173,2371,6649,772,1033,7184,5976,6202,2502
7770,9041,7750,5876,3014,1612,1977,4053,2062,7230,8540,3963
3313,6202,6334,5162,3910,6137,2205,2159,2062,5559,8992,1866
3884,3433,6075,2548,2755,8870,6061,2150,5161,1375,4568,1175
2364,3745,1779,2151,4962,2534,5370,6091,2694,7194,5739,5982
1878,5556,5569,1126,4388,4157,1064,5105,1779,1523,1051,1229
5566,6809,1787,4520,1455,5556,8631,5753,2159,5174,602,4385
1804,1746,12,1552,2537,5976,1408,2194,2334,1773,8544,4296
2550,1043,7528,3308,2047,7770,7323,7065,8418,7164,2173,1236
5069,2063,1543,1000,5569,6803,3607,3406,8545,7696,6833,3161
6704,2901,2056,6297,4550,1564,4545,4152,596,1779,2058,2755
4413,7093,3184,1237,2173,1987,2264,788,4631,8561,1235,4155
3082,6660,1983,4134,8544,1989,6641,4024,871,2893,6571,8419
1562,2177,1504,5094,295,134,7957,1214,780,5130,8881,216
8418,1233,1400,5973,4640,2975,7484,7247,1109,5194,5816,8413
2369,3192,3866,2755,3873,1565,603,8397,4056,3111,6656,6941
608,8796,5572,3308,8735,1924,8123,5173,4528,5585,4170,916
2481,2945,18,3244,1499,523,6499,5166,3714,4385,2359,3967
1878,7678,5728,1606,3575,1155,4105,8789,1227,4006,8540,4157
2346,6339,5140,2930,5635,637,2359,6705,8048,2906,5569,3231
1238,3991,3206,2182,1366,1866,7454,3025,7433,1787,6395,7427
2427,7164,4125,5973,7184,2939,2930,2171,5559,6063,8395,3368
6552,1779,2961,2159,507,2062,8409,7234,9007,2369,4940,2205
4536,1418,1972,1155,2128,5568,1809,1940,1788,5199,3320,704
1837,2172,5105,22,2153,1860,4176,2214,1779,4556,1469,1836
1779,848,8540,6052,8212,268,5221,2901,4987,4545,8418,8344
5597,2930,3714,3313,4974,1926,5215,3864,3673,5772,2,2151
2172,6752,8449,2488,6512,5243,2359,8634,2205,6206,2057,5896
1769,8048,1574,2371,4077,1873,3310,2051,2055,134,5210,38
648,3958,2056,5175,2578,5982,1779,7482,373,3318,1592,2952
3691,1883,1041,3676,2975,5556,1834,1878,8110,6801,5757,134
3006,4284,251,8368,3841,7487,1301,5973,4523,4017,589,6327
2882,5556,5982,1326,5858,6106,2061,5898,7012,7770,2952,6853
276,5174,26,8542,1972,4343,5732,3025,1299,1560,9087,1275
7711,6186,3970,7324,1878,5223,8737,1477,7139,4675,3838,2217
1453,5976,7597,2181,3791,891,5785,1155,1011,3890,4799,8395
939,5753,5560,5188,8219,2047,822,634,5207,6725,2172,5105
1459,1155,2480,1400,2363,751,1546,415,2576,7016,3668,134
3315,2889,5556,5976,302,7400,2145,4268,1976,8547,5209,2425
1405,8061,269,4134,1058,3477,5712,3938,7899,2911,3878,4964
2369,6141,8635,3492,3422,642,3756,1886,1586,7529,2151,5556
2574,7186,8432,2957,4883,2103,3882,1391,665,844,1126,805
32,2172,1878,5188,8431,4962,3809,7481,5206,5757,3618,2369
1421,7372,2205,3308,2440,1429,2214,3838,1486,6725,8941,6697
5202,1024,2056,1886,1208,2205,134,1883,6647,6651,8540,5097
2159,6518,7705,5569,4613,1718,6018,1447,4106,3929,7464,5566
1882,7338,6383,1028,1447,5139,5894,4705,2279,144,7123,3029
998,6640,3999,7180,4036,6091,7427,1041,5559,2575,3904,1567
6238,3235,1317,3297,3045,3247,2371,57,3029,1434,5872,8988
5131,6145,5560,6363,3991,2485,1866,6334,7428,2750,8949,1644
3963,5747,1273,645,8881,5097,5804,5989,6480,1237,1263,3940
2371,4232,2146,6725,3601,2062,4390,2151,8755,8884,8218,8030
4962,2056,6426,5965,134,7297,1880,1070,4157,953,5769,1977
1114,4002,1559,6725,5247,7186,3510,4155,1528,5682,7400,5736
3490,3010,389,7341,3282,8546,5567,4961,1779,4284,6347,8361
1924,2056,1769,823,6696,1252,8168,4388,6834,1285,6091,5355
4248,5174,8051,7472,5565,5102,1881,4157,5556,6785,1759,7094
891,1922,3029,4567,3963,921,3221,1486,4031,998,259,6206
668,5226,7660,7897,2371,2910,6649,3766,1365,4143,2156,8502
8657,5804,1906,2228,5776,1301,7770,2939,5192,4631,5266,2894
2469,8408,2063,8399,5235,5568,1787,4297,42,3313,5712,4831
1253,8865,3247,2051,6933,1324,5902,5976,9074,6660,2897,3165
2371,2971,1022,8637,2546,8994,5898,2329,3315,996,4631,1517
6334,2376,5568,3853,7180,3010,2893,794,5376,6430,2562,5573
672,8542,1417,6293,8420,3123,4631,1992,7185,4535,3850,6621
2938,134,5214,1024,4413,2270,558,1972,5596,8565,1574,4053
4578,544,5795,644,3645,1779,5863,7462,1407,5156,3881,6827
8766,2683,5982,8414,3861,2565,2369,5139,6832,1886,5980,5556
8881,1112,5204,3244,7889,2364,7596,1297,3832,4545,3954,3052
5728,5976,4053,8769,6151,507,8409,6400,6383,5567,35,597
669,2408,5584,3021,2907,2056,4172,5238,4083,2051,996,5149
3184,2541,7487,6798,4805,3162,2801,2957,8277,975,1620,6140
2175,8498,6772,9087,230,2223,1289,2156,5236,2890,5190,133
6725,4526,1111,7969,1492,2576,5876,2915,9020,3954,4631,305
1200,3897,4962,3406,7279,7085,3644,7889,4066,3589,5571,874
1657,5237,7129,6036,4948,1233,279,6022,2359,3966,2175,2843
1238,8395,4134,1976,5989,1265,4001,7443,1588,2062,7268,7276
1507,1425,7697,8168,3863,5569,3308,4545,4077,1976,4799,3607
7135,1324,5069,7184,6013,9006,6091,5243,8419,4105,3971,1708
2173,5559,5190,4354,3738,1491,733,2975,7466,6934,5202,7479
8419,4036,3939,2069,251,832,2890,8412,5190,5734,4124,5228
5266,1886,3878,4146,1940,6188,1863,3618,7342,3843,5897,8148
3909,7520,6027,92,3315,1882,2911,2369,5978,1769,8184,2217
5559,4543,1877,2062,5375,8796,3207,1606,3959,4413,1361,6633
3185,1866,8048,5223,6301,1474,584,836,3315,734,1039,6022
2047,5227,4388,6725,7190,8397,8641,277,6024,5804,1963,4134
7157,639,832,3025,4664,1769,2051,2219,6013,831,4124,6141
6331,6202,5982,561,1540,8102,4388,5560,6943,4978,3956,8189
1804,8540,7151,1977,2171,1779,1886,6091,798,2763,6725,3073
5234,7877,4134,1486,6091,960,2749,1527,6039,1785,507,4155
2899,6942,5688,5073,4608,134,3999,7868,1517,4533,386,6785
1622,4069,7487,1157,2629,8191,7134,7325,1361,183,7556,8051
5590,3945,2371,1880,2534,5973,921,5116,5804,7380,7697,6605
134,1466,2205,3014,3284,7256,5190,3957,6347,1324,5398,5753
1924,1235,9056,1215,843,4770,8225,4560,2063,2193,5566,1417
876,3470,1976,3757,4157,8127,1809,6909,4071,8455,6015,5195
8447,5194,5804,1879,2233,7204,2926,8383,6725,3991,1877,7907
4362,3971,1024,370,2966,5722,3310,5156,5093,6091,7960,2899
1879,939,2755,2981,1234,6630,1403,1977,4413,7720,2047,1880
8492,4002,3164,7168,1507,8941,16,2061,3413,5233,3029,2214
6909,3409,8634,1814,5206,7131,655,1963,1787,2074,6008,6036
2552,507,2981,292,1878,251,8776,3019,968,7372,3342,3847
5122,5804,4807,8941,2558,8657,2613,5087,5230,3392,973,3972
2371,2945,4962,1977,8486,8048,17,5567,4631,8795,8636,5095
5810,5206,690,5262,6918,6091,6334,1408,134,5266,7484,1024
7709,3184,6091,7912,2249,2171,7671,2173,2343,8451,3892,669
6660,6329,2894,5569,3878,5214,3981,507,2051,1144,1112,8706
2699,968,8654,8408,225,6650,3525,1458,5904,268,1021,2356
4295,1906,1252,3484,1809,590,993,47,2332,4545,8877,2172
6725,5556,2338,3841,6018,1881,4520,3951,1769,8390,8395,5569
8025,7335,5976,7480,2204,2056,6634,7158,3184,7678,2652,2252
1812,5161,8876,1056,2887,2063,7720,1529,4141,7556,2971,3729
2604,5753,2539,1209,3863,8545,4535,6312,5578,2708,7697,6295
6658,6372,8657,5172,2205,1185,8363,2051,1886,6650,8886,7872
6801,6641,2574,7711,1285,4921,3191,5378,6833,5769,5241,270
2509,5266,5174,275,2837,8886,134,3993,8395,5790,3184,976
7714,5246,5178,2173,3456,5170,5584,6651,5769,1286,4537,8755
1743,8750,4966,3029,5769,8392,2951,3399,6091,2572,663,8218
1881,8496,4390,3892,9,3943,1564,599,5266,134,1528,8420
1286,3025,5076,5866,296,2334,3467,5190,8636,2878,2981,6803
6493,3876,1876,4984,1977,5117,1384,6285,6647,1016,4545,1517
7842,953,2930,259,4528,8191,6633,8881,4854,5653,1515,8543
6725,2063,270,4368,1976,3038,1060,7061,3413,5171,1807,733
3943,2371,3285,5370,5977,4412,870,5556,7711,149,827,2359
7534,1264,2488,3025,4056,4332,18,2575,1877,225,507,2893
1924,3026,6645,2205,2051,2930,2971,8782,2056,4866,578,4155
652,4388,8766,6889,5230,1769,7429,4058,3294,7842,2893,5221
3185,134,7880,2507,2950,7870,3298,798,5976,5073,7240,1245
5011,1879,7451,7129,7454,3337,1286,6661,1005,2462,5073,3865
1283,2171,6949,8427,295,3189,7185,7039,2051,327,1407,1983
8464,6070,2172,3773,1560,1540,7162,5603,5199,2338,6378,6623
6024,3337,251,3238,2882,1879,2558,853,5179,3318,1959,1599
3938,1968,5556,5266,2198,3863,8423,1807,7443,2488,5112,5569
3865,3056,1908,5556,3863,3767,2128,2901,3310,1042,8097,1977
134,5573,2356,3030,2177,2537,1924,305,5560,7481,8750,5863
8735,8418,3459,1212,6206,5174,1640,2278,4155,6140,6811,299
8940,6335,2056,6340,5921,3425,4001,5963,8637,3184,219,507
1236,7598,7716,873,3736,735,5764,8634,5292,24,6022,2151
8431,251,1472,5370,729,971,1157,15,2338,8776,366,2955
2288,2755,2580,6725,3601,9059,3026,6141,5090,1777,2958,7851
3930,2957,985,1123,5567,1779,2051,1042,5204,3025,3413,2173
2321,3542,6725,4875,3238,1977,4385,3724,6287,1488,2056,2576
922,4964,529,2338,3406,124,3029,5067,1408,2422,4105,6064
4962,3864,251,5214,3953,7333,1532,647,2056,3966,8949,758
8993,1535,621,3636,6020,237,7372,5804,5556,6282,2172,2051
2329,1769,2159,507,2371,5613,5975,7467,7556,328,2369,6091
8632,3185,3592,6652,2969,6658,1946,6180,5560,7542,4155,4120
4558,7135,5919,387,1517,6818,3244,7332,3828,818,2371,710
6024,864,2293,1769,5234,1801,7795,5560,4985,5266,1244,6477
2975,6018,1421,1524,2051,7135,666,2849,7618,5753,3029,662
3893,614,493,6651,6286,4388,7502,5229,8766,5556,1785,8757
2824,7304,8493,3607,8409,23,5573,5822,2576,3618,5608,2334
8463,7750,1367,283,5606,8634,2951,3791,7304,5573,3360,7480
3747,2849,5390,6160,8744,2901,2056,2242,2172,6091,4413,2648
233,5732,5598,1787,5073,8769,8623,5266,7325,3406,4537,1504
8711,3878,9007,5190,507,2016,691,5753,3026,6785,4006,1424
5238,7604,4413,4692,8796,6140,5373,5822,2680,2548,1878,5245
1223,8542,3313,4388,3413,2894,8965,3951,8637,3308,3967,2110
3195,5198,7134,7364,8478,7465,7750,3827,893,3882,2205,1886
3887,3030,5763,2919,6064,2369,5976,4257,266,2051,6086,4304
4155,5214,2369,9006,1993,276,234,2051,7261,1039,5178,5105
1199,2338,2566,3318,7437,4643,8443,2359,6285,1045,5898,1461
5238,1453,652,4542,261,2369,2151,9011,2371,287,5585,1522
8409,1976,4559,5199,5898,4052,2051,2334,1779,2208,4726,605
1238,7153,1862,7671,2913,3690,3409,6283,5849,3403,1219,2051
4105,1091,3878,654,5626,2580,2961,2051,1211,4975,1289,2410
1615,5763,5266,2981,2064,860,3949,2144,2063,6342,4536,1370
6018,953,1886,7241,8129,6168,2411,6654,5786,8796,6725,5560
4147,3185,5597,7767,2755,2578,3850,1290,2598,3760,5938,5199
920,7588,4962,1469,3729,8395,2023,1886,5566,3014,3517,4542
5171,2656,5795,6645,6311,4631,3025,1924,3283,6159,1207,3963
2214,563,6284,5194,385,2971,1427,2761,8877,6831,6334,3769
6725,2665,5139,4984,3575,2036,2205,4558,7556,2911,5140,860
1241,660,1787,1452,2172,3532,5880,6725,7488,1317,5379,3021
2172,6061,8080,5730,5162,5782,1259,42,2371,654,5383,5076
4002,3738,1644,1485,2477,233,1924,5228,3433,6294,8623,6330
2371,6091,2939,2051,6519,8412,265,2173,6154,8885,5203,8545
2562,5728,4387,3244,1807,2047,3420,4169,7890,5559,2208,1258
2881,2062,5569,4240,4293,2981,5559,2526,3971,6143,1328,2957
3422,6725,2901,12,2644,1378,1917,2755,7384,1976,8657,4060
3890,3186,8941,1821,4413,251,9073,2435,1596,2054,8766,870
5566,2209,8116,2172,3887,1880,2222,3648,2576,1983,6202,5976
5973,4682,3979,2947,1517,4006,654,1977,5876,953,2369,1579
7069,7718,2755,1185,1777,649,134,2208,6276,2151,4565,8796
3659,2924,3999,2907,1038,4385,1878,2334,5872,1880,3014,773
3963,1429,4388,968,7848,8699,607,7324,2346,2057,2144,6202
302,21,4385,3412,1879,2153,2982,2546,27,3940,2193,2062
9008,1779,7026,4157,8220,6204,1440,6503,9059,4807,5390,7883
734,6725,1834,6640,3838,5712,2062,5653,3164,4962,4539,5573
35,3992,389,2047,816,1875,3954,2016,219,4631,1039,5585
2363,7161,2364,1921,2907,7556,7832,7709,8560,4157,4156,4960
8471,2893,8219,1098,8996,1072,2051,6909,6166,2599,5183,6362
1866,6091,1162,2059,251,823,7956,1072,1879,1676,5712,2369
4964,4962,134,1224,4607,600,1875,4388,1824,5172,6650,2731
1175,2205,2334,4305,1989,134,7608,7119,7711,6370,7603,5567
1878,8746,5198,6725,7842,5800,7487,6008,3519,5615,7520,5228
2369,2051,5224,3289,6141,6052,3244,3821,6434,2951,5161,3675
2636,3010,5804,7443,5613,7614,6210,6914,3529,5585,6197,5182
3878,1869,6018,4177,5173,2882,1056,7708,1930,4558,3014,1174
3926,3924,4608,8414,6372,5174,3847,5976,1956,8224,1884,6979
17,7133,3019,3037,2172,637,677,7095,4837,1787,1779,3406
1184,8432,5556,1612,5102,197,4631,2552,1516,8479,3244,4545
2878,6044,5102,259,1880,660,2893,4105,5245,2784,1414,1784
8796,2408,3747,8497,993,1375,1048,3847,637,6167,1301,2177
2048,2531,5245,2177,5234,5194,4960,7487,8265,2558,4388,7164
6284,1432,2142,5166,3940,2172,5976,4389,8395,3182,3519,8880
4086,4963,2369,6014,6725,5174,3283,5785,1282,7184,8193,1403
2890,1972,1924,2894,2371,3588,5573,2155,265,7850,6381,1879
5096,3184,5140,8953,3777,1877,507,8854,5853,8194,1544,5559
591,1877,1373,710,5243,5558,5127,3406,9059,4249,1809,4545
5898,181,3433,7897,7443,8886,2051,1384,5556,8479,3933,3971
3963,3025,134,6206,6722,5247,5174,2948,591,1243,868,6018
954,1779,1879,5898,251,3672,2172,8796,4545,2886,8769,4412
2062,1952,2064,4962,2408,292,2159,4988,6137,1274,8409,1092
1924,3972,1389,3289,1787,6039,1779,1802,116,6685,6816,6849
3913,7750,3353,2562,8989,1084,2539,2359,1736,637,3853,3013
2926,5367,6268,6927,984,6954,2205,2579,1862,2911,4239,8542
3086,1976,2062,4143,6004,2570,4413,7708,28,2371,9,4983
2958,2414,2407,7853,3971,5560,1070,4172,6801,2198,3318,1294
3932,867,2971,7426,773,2952,1989,4351,7439,5832,6914,7471
1580,3402,1779,3308,3026,3977,1777,134,1528,1769,6649,4388
6632,7678,8395,1984,6371,7611,2958,3422,1308,1273,5175,5065
1989,8180,641,2576,4155,5556,3976,2951,6191,5711,1291,2371
1370,3291,6909,3029,21,6284,4342,2371,1167,4516,3997,6091
1787,2552,8941,1972,2274,8418,8881,4545,5262,1977,2951,7555
1972,2840,85,1779,5197,2051,3071,885,662,7207,5569,7757
4001,1977,4537,4295,44,4251,5567,5822,950,6725,8085,3406
7155,3959,6055,2193,5769,2217,7237,260,3838,344,6140,7644
5266,854,2334,5395,5092,1769,2890,4613,3838,4777,5199,8637
5973,860,2539,4884,1491,1155,7004,5743,1024,1801,1880,3967
6312,1830,5242,19,1769,5721,1882,8092,1976,3974,6650,7801
1173,4586,1123,1390,2063,4224,6162,6015,2051,8544,1787,8399
6643,6718,7698,7127,5194,5753,854,5261,4962,288,6188,5757
5381,3831,1866,1600,7164,2359,2047,4220,7290,8168,8961,4166
8753,3913,8763,6379,314,4566,8412,5982,2159,2455,6141,2755
3998,1375,1541,6018,5967,5140,5785,2975,1787,5763,4962,7526
2971,8439,6757,1514,8796,1474,6660,1507,1172,3185,5262,1657
3318,7504,2338,2177,134,3878,1801,7164,1486,2889,7076,6470
6139,6091,6725,2295,4578,3352,3616,6188,2051,1016,5560,3308
5242,2359,5228,1877,580,6093,1290,3919,2343,6395,1462,3026
1976,6018,6334,733,3083,3297,5822,1212,5753,3519,1877,4978
2971,6201,8395,3883,1991,1184,5194,1488,3053,5557,2151,5370
7135,1287,8993,422,3416,7434,2171,251,1972,8232,7324,7664
2172,9007,1972,4631,6648,6015,7135,2882,5160,30,8993,7138
7759,3185,8880,2364,1812,8232,3288,3607,8796,5243,4962,4841
8881,8089,2156,3791,1229,7324,1238,1496,1091,1291,3475,3406
7425,602,7465,6273,5262,1873,7333,7369,2159,6101,1879,6024
5920,4001,6284,1600,3184,2359,8796,6768,6395,385,1266,1566
2205,6810,938,6087,844,591,4962,2585,1085,2971,1932,7678
4542,193,6206,3010,6499,7322,7180,6136,5443,7185,2334,8519
3096,2863,2893,5565,2755,1622,1607,1028,5185,1753,1966,3029
6092,6605,1003,6070,481,267,4757,6802,833,6342,4159,2894
4413,7325,4388,645,3289,1876,3235,4622,1615,3447,2364,5606
3200,6428,4385,4558,1930,5160,1596,5603,1976,3912,7061,4961
21,6342,5185,6383,8111,2338,251,2494,1787,6341,7899,4390
7135,8757,1136,3657,7288,3422,6652,5559,688,2734,134,3052
7456,20,1324,6652,8546,1559,6680,7363,6549,6692,5606,1801
27,4520,3747,4631,8756,5976,5566,4388,2755,6206,8090,2172
5621,8048,2205,1185,5198,1394,1769,2981,2549,5145,4536,6013
5560,8543,6368,8110,5866,1932,1375,2049,2816,8625,3297,5243
3987,733,2172,4239,1787,795,7282,2056,8080,2887,3847,6336
1787,1291,2369,2159,3308,1824,1167,8542,7671,1560,933,542
3791,3847,1984,2047,2181,2578,8388,3026,3366,4811,2214,2364
4066,4063,8168,5822,3878,233,6945,2886,8419,2356,8409,714
6341,1467,7400,597,4962,1021,1407,233,8082,1779,1177,1167
3551,2198,2410,8106,3186,8796,7908,2151,5194,7428,259,7985
