1886,5786,5560,8171,3029,4985,8129,2047,7151,5976,590,2215,2063,2359,2214,2346,5804,8390,1459,4023
7454,903,490,7585,4291,5180,1218,1947,2173,5236,1978,251,1041,8404,2159,954,2057,5569,3506,4388
4173,2363,1785,7369,3967,3864,8991,1241,1271,8513,5976,2051,6833,1015,3288,1286,2893,1881,2885,4158
4611,5559,5901,2576,1087,3029,3922,3471,2919,5217,3182,8881,1230,4413,1886,5266,4240,3991,3422,1866
2463,563,1072,6503,5238,1126,8097,8418,3541,6725,5229,4392,6801,1202,4105,4388,2193,6909,1787,5183
3752,3841,5811,3963,2543,4081,1801,3447,4060,6022,2762,7139,1790,4631,2177,6091,5618,2172,5246,7416
2341,2181,7287,563,3027,2938,3879,1459,3161,2944,6347,1825,4342,6645,4294,3184,1020,885,5734,1644
7092,6043,2159,1223,4939,7649,2234,5784,3449,2576,2061,1915,4033,5091,2941,134,3768,3310,2173,3778
4564,2159,4169,8473,2172,8657,131,6655,1586,1517,4962,2678,1779,2583,8546,4586,8693,5556,5559,7304
2576,4605,507,251,5982,4155,1359,5764,8886,2930,5815,471,2750,805,942,5804,1906,169,2369,7040
4413,2346,1374,6274,37,1991,1877,5973,1779,6769,1290,1982,1564,5559,1769,4564,7230,8103,1208,216
1222,1876,5728,2334,6633,1880,3752,963,1216,6292,1886,1450,2217,1528,1297,3920,3185,4412,8441,4962
4134,3029,4333,6294,8796,2059,1240,4155,6091,1562,4385,1886,4605,2377,1824,1924,6018,7465,4989,5712
5183,2973,8151,2878,5503,892,4124,8941,7890,2755,1212,3419,3777,5804,1777,5905,4908,8771,2926,1011
4385,4581,828,7490,1880,2159,966,7714,7616,1588,3999,5804,7867,5073,4123,1930,970,8880,5982,8881
4631,2658,2546,7182,251,1560,3453,8373,622,4167,6941,8542,1157,7556,2056,1779,3749,2878,1825,6832
9008,6091,4118,4186,3934,6294,2338,6072,2548,8387,3139,2217,7435,3958,1300,4177,2369,1769,4413,8961
8542,1035,4413,8761,8546,7063,5262,8993,4414,3865,5865,2326,2501,2885,3184,2047,2951,3095,952,3701
773,640,4562,2923,3747,1540,7551,8409,7919,251,8223,4951,842,8757,7297,4074,7813,1957,7790,2063
2051,4001,3204,3029,7899,8639,6343,3863,4585,1812,600,6135,963,5776,5069,134,2369,5266,5712,1787
2877,6725,4631,5266,5868,8097,2364,3999,4388,9007,8880,7472,1058,5228,8233,6091,5115,3951,6062,2171
6047,996,5804,6145,3034,1095,6018,2409,1524,3406,2369,3184,6091,4631,3644,3540,8172,7008,2890,8418
1779,4221,812,5173,7443,7139,3495,3607,5836,1523,5102,8500,2824,5584,3847,6334,5556,6562,1791,5692
6633,8051,2062,3618,8487,2371,2901,7457,2482,8742,735,5126,5162,5867,5238,2063,1926,3796,7678,475
5753,5266,1921,3406,4528,2500,2151,1806,4359,1989,8796,134,7425,8856,2356,5812,1886,3838,8395,1285
3475,4279,1079,927,1779,3856,6725,8662,2159,987,3010,6294,5067,2016,1769,3046,1806,2984,2549,3654
1686,5073,2045,8546,6652,6645,2048,2975,7246,3431,2685,7848,2180,3318,5127,3577,4470,2821,4537,6933
8910,3184,1399,5250,1157,1075,2951,3025,1232,35,5184,6013,1825,3504,2173,5753,1285,2056,32,8752
4964,1764,6817,6206,1101,4385,8455,6725,3967,3447,1609,5559,5173,2252,1972,3161,2901,2056,1003,1976
3155,648,7711,1968,2205,3863,3354,4790,1259,2950,4807,5253,1324,9071,3447,1170,5976,4962,1882,3405
8898,5560,1194,1769,669,1281,1283,5559,2047,3050,1609,1825,1425,2882,2878,5094,7454,1364,8883,2750
251,575,5625,2355,3498,6510,2004,2192,8412,4233,4333,5285,3221,7186,6008,3261,4555,2173,4631,5237
5102,3945,7714,2539,5123,6832,1216,2205,1866,6830,2172,7135,1993,7247,4079,3599,2062,6372,879,2981
1489,5804,7605,134,1123,8798,5266,1963,5380,1467,5191,1564,6725,1403,2901,2341,1580,1276,2398,8625
1044,8657,2901,4060,1977,5556,8393,3979,3537,8877,2201,3522,7599,7164,5982,2205,6785,6909,4077,7978
7877,5564,2951,3240,1812,3029,66,8547,4545,2886,1886,5126,864,1328,7035,2759,2507,6909,2804,6510
201,3895,1567,8961,2919,7840,7907,2359,1030,1020,8821,3016,625,8796,6350,3954,3970,1245,280,5238
7756,1836,134,1419,282,3777,5556,5250,5786,2497,1281,6334,4413,3838,4545,595,1881,1785,4276,1024
386,5608,8418,1041,6768,5730,3531,4413,5556,5893,5206,4264,1535,844,5391,1063,3025,3442,1799,7430
5222,5556,2177,5095,6640,1078,516,3888,6018,930,1254,2051,8168,8827,8738,3947,1177,1502,5217,3869
2426,1079,8546,7770,1878,3406,3950,5569,3053,9059,5973,1609,8476,3283,5556,7617,940,4388,4620,2371
5603,4962,4273,1879,8395,4022,1609,1550,7757,5197,6521,6061,825,1036,2549,2198,9007,5228,984,6015
3963,3778,3920,3029,2056,1086,2543,2991,6347,3863,3420,1486,6214,1343,5162,1809,1511,8504,8246,1779
2172,3406,6008,5880,8425,2885,2546,5753,219,644,3030,3907,7454,5096,2913,2063,3014,7129,5229,5769
6378,1787,8452,3477,5887,6091,8769,1765,2574,5112,5198,7452,6909,5140,1866,3963,6136,1822,5753,2334
2893,8637,1879,6091,2919,8729,264,1015,7230,3951,7443,1787,6484,6068,3308,845,1878,5961,9062,4975
1878,5160,4962,7879,1532,1813,803,3313,794,8234,4385,2172,820,7603,1472,8626,8395,1971,2885,3718
1880,7957,7244,5973,3967,6457,3025,8195,1879,7443,5753,4053,5170,6018,8796,6683,6842,3308,4385,8418
2175,5391,5976,805,4357,2173,1872,2576,220,3029,3965,8547,8395,1931,5828,7826,4619,1883,3996,8941
264,4413,3920,1062,2442,3029,3841,3184,3294,2177,4964,2170,4006,7889,5976,8389,6650,507,8071,2047
2051,944,5560,7443,2474,4053,6725,4964,1482,5409,1879,2293,7842,1866,1976,32,585,4388,3944,1886
2334,1673,3947,3580,5228,8885,2464,4465,2343,5973,1906,1861,2899,1989,5734,225,1219,5976,6341,3751
7672,1129,7197,3308,3944,2051,2172,2159,2252,2549,8413,832,6903,2901,1877,5730,5177,1574,9008,3226
5228,8877,789,3025,974,6935,3445,5831,5370,5766,2951,5926,2967,5215,5230,1564,5556,3116,5757,5374
5977,6294,2193,43,3607,2951,4819,7770,4239,2172,2901,5556,3838,2338,3014,2447,2264,6691,4545,625
2192,1878,1932,6091,3967,3422,6725,1785,6137,584,2486,1277,8637,6311,1921,3828,1242,4385,134,6206
6725,251,1469,5601,6360,1464,7686,4962,302,1063,1824,336,9007,8395,5559,1972,2212,5624,3791,4340
7767,2334,507,3025,5712,6822,5569,6091,2546,2173,2346,1592,4006,5166,7061,6043,1474,7458,8932,3615
8399,4142,5117,2930,1048,663,7425,8219,1051,2878,7392,4520,7344,6146,8230,2159,2151,2981,6070,6140
5566,152,7556,2576,7753,4056,7416,5854,5921,826,8546,5772,8824,1809,1126,946,2177,1861,3904,8048
7898,1245,622,5104,5140,5243,2231,5026,7837,4684,2063,2179,3110,4799,5876,5804,5924,201,7454,1801
1612,2930,4121,2369,6042,1504,2151,3799,507,1064,3403,4035,8778,6186,2173,3488,22,3828,6887,1866
3517,262,8626,5228,2056,1769,6146,5087,7599,8941,8990,5183,7556,1033,6202,3855,5712,8485,5229,939
4053,1921,3021,3847,8809,272,3315,2214,6725,5766,9056,6378,1977,6091,3981,6785,6808,3308,4266,1991
3294,2828,2642,1259,2535,636,5898,7556,2334,8941,5065,7299,1448,5214,2056,5804,6057,6064,7372,5862
1483,2334,2503,2151,2922,219,2641,5069,3294,7369,1508,8048,7250,134,2062,5104,4390,2152,6647,1010
4351,6642,1210,584,8567,5566,2106,7845,2107,5728,2371,5446,8639,3863,3822,4962,7487,5131,2937,3828
3540,7345,5976,3790,3863,3974,975,4570,507,2334,18,2973,134,5892,6325,1241,3025,5712,371,4657
8766,6054,5876,1976,8657,2444,1769,8544,1161,5266,2537,5189,4390,3169,1972,1779,1778,893,2971,7601
4125,7488,1041,8417,9005,2152,2578,5560,517,5772,8885,7659,1594,6054,507,6927,3050,2818,846,975
6280,2151,8885,3164,3459,2409,3315,8496,6656,893,1372,1879,973,4164,7094,1977,8952,2893,2295,4814
1384,8757,2488,6813,1286,3475,6656,6312,2341,1458,2063,5728,6521,9087,3716,5753,6974,3449,5556,3838
69,1226,1326,8765,6576,5569,2122,5173,8051,1368,2750,5177,4182,5160,2334,309,2151,8409,2016,1441
6372,5243,2047,6172,2172,2894,6458,4436,3878,2369,1812,4413,8432,1825,3838,2090,4962,4520,6974,6833
1227,4907,5112,7407,3759,3447,75,7369,134,8634,7372,8546,1769,2899,2294,2205,1976,4134,871,8048
4413,3025,1425,8103,1879,1569,4974,3205,3841,3926,4545,2167,512,5194,862,2252,3967,6080,3992,773
829,5173,1126,2047,1769,6022,8180,2530,2957,692,987,4981,5245,4001,1408,6521,28,2356,2336,3308
8503,6902,2364,4173,3809,6202,1873,3941,3971,5270,7556,6359,1921,251,2398,589,5556,1191,3010,4289
3744,2177,1788,7976,5973,5556,7950,3307,2754,4966,8409,2123,3918,6725,5196,7479,5560,6326,4576,5156
4024,5976,4060,2965,4302,2880,9086,5237,6135,826,6018,5753,824,6641,2255,1800,2939,8796,2145,5242
2334,6939,798,1880,2557,3027,3960,3184,1802,1035,2203,4631,2549,5215,7096,1281,6909,608,6491,2410
134,3057,3782,5560,5229,7466,5101,2364,3863,5174,1951,590,2409,2054,3308,7179,3246,7454,3025,733
6914,3026,4053,5116,4528,3838,5734,1614,1308,8998,3963,316,7131,2088,1976,2166,5976,3385,3558,1873
5116,4528,1360,5772,2159,1779,4807,1878,6650,1530,53,8633,7443,6353,8429,5308,5560,6200,1879,1977
1787,3904,5804,6018,531,7671,276,3556,8885,7037,4251,831,1977,1769,4631,578,5822,8779,5565,2574
5976,4522,1044,2156,1977,6018,5573,1864,8436,1769,3757,8642,3920,4637,6387,8238,5556,507,4385,2873
2889,6651,3872,3447,5253,3920,3838,5821,2546,3607,4045,219,1560,3412,7753,6498,8395,6946,2341,4525
3749,1203,2950,3406,6143,1041,3414,3294,4550,1873,7551,4134,1488,8657,7270,2359,3882,1498,5230,7265
1873,3887,7179,7471,1777,5936,6144,854,2981,1972,4337,6948,2243,563,6291,1778,4984,1951,4399,795
2047,1504,828,3847,319,8639,6359,8759,5126,3029,8744,3736,4864,1878,5712,3461,921,7714,5072,5232
3052,7345,3525,5804,3963,1390,1612,3180,2051,8660,507,8635,4691,4388,3838,8393,1302,2975,3569,6336
5732,507,4550,5245,2364,2901,1127,1231,8880,1879,5987,1880,4590,134,1554,4549,5591,7671,8648,1564
5559,2172,1800,8766,4351,1499,3956,448,5929,2140,3185,1645,8989,4722,1522,3029,1628,2049,3526,6191
1739,3294,4144,5569,6347,4134,1212,2981,7671,6939,2890,4683,129,807,8322,1100,1870,1866,251,1177
1021,7923,819,1785,1588,8097,5183,2699,3663,8546,5262,2334,6825,1880,6147,1971,5745,7730,3999,5236
2173,2359,1976,6922,2539,3940,2229,251,5234,5885,4859,298,3913,6660,4413,7697,2369,3640,8881,7034
3342,2051,3510,6020,3608,5973,5097,5204,3713,952,5556,5022,1801,5573,563,5569,7678,1564,1866,3692
5237,2981,134,6015,4680,280,847,7092,8546,1419,4961,6022,5625,208,5091,4962,272,1985,2310,4172
6799,5559,7454,321,4413,3669,1095,1777,781,1438,3025,134,4529,2547,873,1157,6334,507,8737,8209
8981,1167,5976,5569,7443,5804,3184,1880,3010,8543,4132,4556,2364,1922,5585,2641,2576,5822,2177,3867
4631,1611,5783,776,5104,5156,8423,2192,383,5976,3282,1930,4385,6140,1126,1877,3863,1779,2488,2173
1655,1407,5973,5598,2159,6501,3878,2151,1184,2364,3991,7365,6207,5559,1886,2975,2205,8941,1880,5831
1977,4389,7197,1886,1499,2159,3160,7671,7326,5982,4164,2063,6656,5820,4413,3893,2893,388,7443,3406
5626,1882,2575,2923,5975,5229,4051,4962,3847,5559,347,5567,3184,3863,8902,4961,2688,5785,3738,9006
5559,5981,2939,3712,2198,8191,5228,3240,1989,5556,5633,19,6166,821,1932,8877,3979,3915,7723,1560
3299,1880,6091,2205,3107,2346,2056,3499,1069,9057,42,6281,893,2062,5569,5187,883,3123,1208,936
2842,8545,8116,5734,7325,1862,4514,134,6091,3687,5613,5206,1038,8885,2911,1779,3864,2792,2166,5119
8395,4964,563,3029,4962,612,1787,3406,2083,6018,1085,1769,7200,6091,6503,7714,6909,4413,1991,3569
4155,42,1588,3967,1900,3838,733,1504,1524,1384,8546,796,1528,3749,5569,5894,5556,2965,1488,5559
663,7678,1564,5559,4605,233,7137,1522,4555,7888,6974,3815,42,7522,2408,871,2500,1407,3932,2056
5770,8761,1716,8023,6334,2371,1745,1862,1097,2159,134,5569,4998,7466,3183,874,1058,1800,8961,9048
6928,5736,2198,2364,5096,4643,2269,1977,1985,4042,199,9059,2755,5821,134,5431,4876,4177,3363,1090
2951,5559,4526,387,4984,4264,7047,587,578,122,1876,1119,8761,3967,3970,6136,8996,5804,5174,1226
2930,5139,3185,3838,5604,2159,7372,32,6091,2334,6650,4966,3412,1361,7877,3797,8998,6070,5214,9058
2338,4539,2062,5250,5109,3956,385,6631,45,2177,5262,3661,5594,4342,2371,5728,4963,6044,594,7556
7750,8941,5319,251,6070,5804,2750,893,4077,1886,1825,787,4006,3749,3883,5094,3037,7167,5568,3275
5198,5560,1924,5163,1574,1801,4578,1882,507,6280,6362,5094,3878,2114,1921,4530,6018,7092,5230,2227
1769,1250,2009,1989,7136,1499,5795,6031,3184,2942,484,7714,7426,1095,1015,1834,2919,5804,5387,7443
6018,2981,5595,1769,3433,6833,3777,8395,2063,7341,2208,8961,3967,1392,1011,2982,1036,616,507,1499
6186,8633,5567,3094,2338,5896,4388,6020,8544,6022,2048,1977,1290,6070,5973,3026,864,2128,5512,3025
8503,2534,4962,3517,4602,1578,5568,5160,1879,1977,8996,2177,1769,5203,5236,6939,1412,920,4155,1095
7142,7157,1377,1522,174,4539,2890,1028,3938,2912,7334,6339,3315,3603,2635,5556,618,134,6309,2172
1878,5559,4059,4782,1886,6043,3200,3747,5069,1084,3259,8418,2939,5804,2334,2897,1196,1238,5756,3994
3955,9040,5228,1039,4551,1160,1880,4631,3967,3838,2383,3940,4966,1425,5204,5556,1356,1732,4337,2981
5121,7481,5622,3989,3599,6816,5371,5230,227,5217,3985,550,581,6330,831,3025,4385,1474,6640,8661
5977,6295,7443,8418,7102,773,6827,8420,7522,1983,6016,4807,3225,4123,1281,2893,5847,1910,5870,8440
3010,2159,3912,2549,2172,5753,2175,2051,8657,5179,4154,6092,5214,2952,3437,2885,7164,272,8359,1878
1524,1862,1375,2371,2564,251,260,1924,3296,954,8542,773,1254,26,507,2894,5266,2051,7182,1366
8464,2369,1878,8096,1818,5161,3308,90,1886,3864,3778,5202,13,7136,4177,6589,3184,5567,5179,3496
2364,8232,1609,4962,507,2268,2507,4413,3867,8395,3244,1326,2171,2062,5220,2192,6909,431,449,4631
1825,4389,8745,1417,3308,1332,6026,6660,1779,6909,7454,8657,4962,2334,3121,5174,5569,4262,8523,228
4355,2644,5236,1486,983,5976,588,2051,6207,1227,3412,1535,971,5117,2159,8652,2171,1359,6703,4010
631,1326,6379,5988,5096,2193,103,936,618,8092,8531,5559,788,774,499,8999,1600,3917,1932,9
5982,4371,1406,7945,5745,3010,3616,4685,1252,7166,1208,3456,3217,1290,7364,5772,3920,231,6091,3326
3777,6985,3152,3001,5223,7711,4686,3026,3406,486,6766,2214,8412,3886,6833,4631,7150,4962,1372,1947
4631,7425,1525,955,7599,953,2878,232,674,3749,3963,1883,2051,4545,607,5812,4260,1787,5560,2973
8543,3414,4550,5573,5556,2488,1204,4544,1407,295,1989,3822,261,6334,5178,4768,1386,2369,3863,2894
2644,134,8391,6018,8048,1141,2371,3221,654,8412,4831,7697,7487,2334,1600,8886,2173,231,3469,1972
5096,2490,1453,8543,2317,5198,5266,8529,1825,6399,8546,3184,551,2901,1003,3749,1204,8228,4964,4385
1812,2632,2338,761,2755,1577,2572,4349,4590,5097,1326,1439,2971,6145,7714,8861,4070,2048,8409,229
5068,2159,2172,3538,5733,5204,3406,2558,3037,1824,5073,5898,2890,3704,1637,1165,2214,7714,8395,7842
5140,5803,3966,1737,6318,1876,4155,1915,3778,7450,3029,2338,4556,2364,7443,1977,5880,2181,7135,6018
2051,7942,60,8168,7460,645,5560,6140,1972,5073,8765,3026,5205,832,7297,8418,5096,5637,15,1660
1880,4574,3382,2051,5804,6188,2334,5573,5260,7191,1886,5569,4539,2047,1370,6656,4909,596,3340,8637
600,3184,4385,5693,363,3519,9059,8680,3490,4561,6785,4961,3415,389,1621,3014,8884,1976,1977,893
8222,3412,3838,2413,3026,1063,3029,2699,5260,2063,5898,2543,6725,6782,4171,2047,608,4553,5795,2153
7061,2930,2951,3838,1317,785,4302,1976,5686,2506,1157,2151,2172,3615,2981,1485,2061,4514,617,3865
5586,6196,6054,3886,4252,6031,822,1802,4014,1504,1957,2539,4300,3852,5167,6043,4170,3282,4119,6144
2198,4088,6055,1787,1167,7128,3878,860,4318,2181,3951,3070,1257,818,5976,872,7720,6914,1207,2056
4150,3412,3333,2894,1787,5073,1267,3313,4545,4177,1056,7510,3025,5597,3270,1211,716,6640,6202,25
7443,309,1218,2644,7981,3184,4006,32,2062,9012,2239,8540,5266,7120,4228,599,4043,8881,481,805
4311,3883,8548,4388,1420,9058,7556,4940,4830,1976,3864,4150,2964,7096,1822,8168,8633,1972,45,2576
283,5790,6091,2217,1208,3029,5688,6062,2428,5559,2961,1805,251,6275,3972,8763,5221,1977,5603,5556
1105,1886,3967,1497,5556,1989,3926,5868,7164,5222,3315,7400,1364,3029,2207,4550,2878,2172,5466,1308
3310,7706,2047,2359,4134,1157,6057,2151,5982,5569,5709,6070,2351,1675,2548,984,8819,8775,2167,7913
1678,2901,5595,1989,6484,2375,8541,654,3186,4542,5930,1234,3164,3868,1305,804,5931,6031,2338,5166
3467,1880,1429,3604,1488,4837,134,2047,7552,1976,3184,219,7847,6094,1866,5140,5166,563,593,8586
3487,2878,1582,6013,2922,5230,5559,2011,3313,3974,2287,7577,3855,2082,1031,1788,4925,1419,2338,2576
2082,5202,1020,5976,1107,5803,8736,1932,6721,6091,7240,597,5872,4973,2878,1645,3930,4830,3245,4575
3920,3864,8877,1971,171,4520,885,6002,7599,3485,4219,4631,2246,7436,3533,6726,1813,2564,6018,7018
2981,5156,1877,1866,2061,1989,1403,3261,1884,2893,5699,4158,8874,637,3511,3924,4632,3838,1168,1609
4578,6091,3871,3653,473,8941,2340,7383,3485,5822,1080,3014,1275,950,1391,644,4915,8240,7465,3244
7409,2952,2466,5976,2755,3998,8626,979,3025,1495,5556,844,6342,4412,2221,3878,8408,5753,6812,5569
8763,8542,7714,8880,1963,3025,5987,8048,1787,1876,3412,8567,1438,6503,4799,4520,2061,2452,7061,2755
1375,2205,2919,2324,5871,3440,1024,1779,1577,4929,975,1262,5566,6008,6197,5558,7755,7248,2487,2901
796,6144,4985,3966,2467,5075,3010,6939,8877,8529,5195,2334,8543,2105,8423,173,5736,1936,5825,1285
5161,6191,5973,2359,1517,5712,8998,3575,5173,8493,761,824,3430,4221,610,2688,2755,3290,2408,3169
7662,8045,7393,5073,5229,3337,654,2363,3847,3749,2950,6338,6704,8255,8168,20,1027,2062,1526,4564
1208,5223,6276,15,7464,2925,1813,7727,529,2056,491,1930,2949,2350,659,6726,6098,2901,6651,8168
8546,2173,6036,1481,7752,3569,3014,3866,2051,1986,4605,2151,5691,1126,5566,5763,6725,4631,3271,6095
2981,1812,2056,188,6725,2156,4631,299,1587,4082,3289,2961,5228,288,3863,3185,6297,5577,6169,5785
3941,6339,1561,2047,1762,64,4520,3912,2890,2528,3060,3083,330,3867,2160,2062,3019,5266,1211,2268
7334,2584,4385,8885,4390,3706,2537,5238,2906,1694,984,363,4055,3268,2919,1926,5261,7710,1878,5977
1182,2937,2703,1048,1566,5734,5185,2369,24,5940,5069,4001,2056,3847,2051,2371,1621,277,6650,5171
6030,577,3947,5987,3963,1438,3026,3832,7135,5806,8409,1223,3296,2151,2063,3598,8219,7556,5890,2981
1545,5095,5822,5598,1273,6206,2359,8748,4631,1488,2857,8546,6652,927,2847,4167,3318,1560,2047,2890
3342,9086,5567,2800,3855,1658,5205,4260,6770,5247,3706,2172,8546,5871,1567,1926,1355,489,251,4964
8395,1963,7285,1878,5569,4006,2931,1308,1449,2950,6476,7556,2159,5174,7325,4964,3504,2943,2128,2575
6334,6649,2062,2160,3308,3873,5566,2654,5228,1308,2027,3729,4388,2379,2205,551,2042,2975,6834,3673
4807,3892,3838,7556,134,5841,1243,219,1769,3406,2463,196,6054,7191,1039,7037,3991,4924,179,3294
6847,3271,3410,95,4300,7452,7839,6008,2344,1769,1951,3991,5901,3487,6125,756,8940,1283,832,2472
5210,7650,4962,251,1281,5861,3053,7172,1787,6331,2061,8209,8420,2576,3308,3246,295,7673,3832,5573
2872,4521,2173,5560,2536,8168,8881,4124,1252,1879,7877,5370,4413,2899,5921,8418,251,1543,1801,1301
4962,6563,5190,6091,1381,1878,1930,2477,3184,6849,1880,5096,2939,5743,2062,3844,2159,4637,6202,3070
1184,2371,4155,7435,733,5976,7438,2369,2446,1098,3025,8802,2901,7297,4413,8168,1623,5234,2552,1777
4806,6201,5556,3945,6034,312,3532,6344,6913,6591,8757,6014,8051,4876,3598,1079,8083,2346,7461,6182
1976,3029,1551,1246,3942,4118,2047,2151,3266,1021,288,1201,7578,2341,2198,2522,6034,7500,1389,251
28,1879,4233,2359,7487,8961,5221,6054,5756,673,6651,3841,1285,2644,507,4410,6206,3247,1036,3963
82,956,7182,4160,6334,4962,2488,949,4330,6491,298,6337,1028,1515,2159,1881,5250,4545,5569,5976
5247,7714,2959,8734,2047,6801,3970,2062,5383,2159,6765,1972,3153,1924,3294,4413,870,2449,734,2173
4388,2371,2492,7206,794,825,5174,1932,6119,552,2051,6163,3504,2549,1194,1363,3025,2885,1167,3886
5585,2338,5214,2159,3029,5569,7324,3701,233,5734,6833,2047,5176,6518,4772,6197,5712,1983,1063,2554
4155,7737,8885,5081,5560,4809,5976,5804,6640,1017,8500,2410,6037,5126,2941,841,4962,7320,7086,3878
1878,6037,3313,2957,5177,5566,5195,6061,1107,6383,5586,5825,8740,2062,1300,1976,507,1474,2374,2172
5584,1185,2182,1588,8541,2016,2925,8657,3999,5382,5250,1223,4545,7228,507,1880,3930,2371,1492,3235
184,1876,950,1812,3915,8418,1932,3878,3185,1984,5780,2172,5066,7668,8886,3932,3728,1031,1976,1103
1234,3083,8766,4545,2546,817,2951,4,8540,228,3184,4413,6140,5898,3025,3920,134,251,5728,2901
5178,5566,1014,1041,6066,1254,2863,2363,5559,2051,969,6043,7135,134,2886,2056,3184,3940,647,8542
2471,3581,578,1822,1108,1592,4604,3318,6288,8913,2965,7548,1769,1620,3967,2145,2181,7466,3384,507
1880,2172,2531,1195,8625,2981,8637,8546,8170,7320,4263,6371,3452,8544,6024,8080,942,3056,5804,2893
6013,5139,925,795,1207,7739,6024,1618,5976,2205,2937,6271,532,6651,3967,3843,578,3738,4388,5804
4962,4413,6929,7290,6020,359,3294,3247,1486,1977,3863,5736,7481,6652,8736,2172,3655,2371,2547,7443
3762,1991,2151,8420,2172,5976,9008,4060,860,313,1879,5739,3595,1252,1985,5247,2062,8657,1861,8542
5730,2217,3617,5556,8796,1019,1226,4647,2151,6808,5560,2971,843,3433,1779,581,20,1926,4171,2364
8496,2419,6633,8455,1622,764,1175,2346,471,5569,2214,7443,1777,5127,5898,1024,1264,3932,6914,1878
8757,521,3355,5384,5976,9055,734,4150,5242,7709,2047,2755,8735,874,4962,2056,6310,8630,1877,8567
1078,143,3654,3878,3238,4865,1779,8081,5586,2971,1517,2062,1949,4036,2205,2063,8993,5606,2334,2051
3406,5184,4257,240,1245,4275,2061,2172,5560,1085,5989,3243,5236,1838,3645,1285,942,3762,8171,3298
2338,6025,3963,3838,5569,3315,1285,6657,1532,5217,639,1787,2413,5232,2057,4590,8546,2359,8168,8877
640,5973,4961,5804,42,1606,2369,2145,6660,5199,5693,2882,3406,5829,5691,1866,2062,5559,6091,4669
1095,1618,3315,4105,3818,5560,134,2636,3486,3886,7443,1252,8744,618,3244,3991,1477,5754,2360,7425
1809,6605,5728,5734,5804,5206,8796,5573,5569,4539,7697,134,7517,8102,3065,5253,2334,6351,4155,2056
6642,5114,1287,3029,3601,8859,3989,7454,4723,2359,2153,6280,8766,4882,2056,2458,40,1055,1157,2901
3864,3967,8168,4105,8418,1499,5235,2237,2171,1629,6347,2644,3406,1880,3238,5163,6091,6759,1374,5559
8547,2947,3383,8176,1028,3247,4998,4552,1779,6202,7369,3843,2562,7714,3838,1921,2056,5989,6201,4154
4080,3999,7432,3654,2369,4385,3238,7290,507,2981,7556,2408,3315,1879,5954,1977,2933,6091,4876,4388
8548,8546,2063,8757,6051,362,1015,7585,1173,1084,4078,4155,3294,2334,3606,1244,8405,3525,5754,1880
5973,1334,5734,1412,4949,5234,6825,6008,7471,1769,8036,5816,5559,2193,5835,2062,21,802,1777,7581
5073,7482,4210,2171,3298,5734,1264,2346,1255,6018,4960,6055,3841,998,8319,2336,1989,1158,6588,2127
592,3673,1989,8952,1528,5559,5586,2574,654,965,5195,7400,3505,4981,2172,2369,3318,1564,5592,2975
3963,2056,6140,2047,3887,5624,2271,3878,2364,8961,1977,4105,2571,8639,7767,1234,1515,2153,2371,6496
5609,8418,787,4889,2755,7309,1270,8024,6338,932,6140,978,7714,3184,6179,4157,3456,6069,3819,6490
7454,3014,1800,1621,5102,2802,260,1787,965,7678,5052,6522,8504,2656,2762,4388,816,2897,2375,1797
1379,6034,7464,1880,5117,4262,5736,1779,7323,4087,871,1021,7712,5569,3971,4135,4526,7128,1640,8395
4579,5559,1206,4559,2878,2193,344,3692,3999,295,1785,700,3313,4555,4631,2886,3029,8941,8634,4556
1779,1064,2382,1604,7708,8412,1769,1883,6198,6013,4006,3447,6091,7753,3991,1697,4631,4053,7867,3828
3971,6139,1779,7527,1098,5976,1812,6640,3717,8881,1355,3750,2172,2047,3615,5608,5559,3827,5560,4866
7092,1779,7870,2264,7309,1612,2338,1800,6725,2371,977,2375,480,1252,2546,1866,5573,2205,6236,1032
6633,2145,1390,8626,251,5160,2051,1972,2172,4914,6645,5564,2928,6657,3420,5734,301,5598,3999,3643
1787,6075,8434,3748,1455,971,821,2939,637,2632,2340,2952,1099,2172,2062,3406,5804,2331,5595,5786
695,2102,1238,5379,1779,5556,3359,3947,7128,15,5784,8500,3025,4965,2572,1091,585,496,2047,6182
8439,4413,507,6561,1744,7711,6043,3963,2060,2047,2410,3924,2924,7366,2575,6650,5033,2878,2899,3185
5976,6018,5804,4386,3741,5753,4294,787,4607,1400,507,4545,4521,3184,2547,4631,2452,251,7123,4550
5173,1461,134,2203,3920,2063,915,2924,28,3878,986,6034,4389,264,5232,4390,6485,6339,2939,1440
283,4413,1646,4263,2062,1621,595,4412,2056,5732,1977,5734,3938,5215,3037,5822,2883,2957,4561,4253
1015,1240,5753,2159,8418,4631,3258,2359,2056,3967,1245,5095,733,5235,5266,8796,6057,7246,4157,7842
3838,3963,1883,6914,1924,2371,5080,4037,5194,1276,2062,7683,5230,2173,7143,6988,7272,2901,6308,5149
3014,2529,2356,5132,2338,2890,1685,2271,7090,5250,8744,3171,581,8769,7092,1071,8941,648,4225,6043
3838,5179,506,6630,5173,1787,3184,1508,6034,7155,1207,2035,893,1524,134,2173,1126,5772,7609,6033
5192,920,5804,3412,1254,5902,251,6206,7238,3490,2062,507,5887,847,6647,3050,5982,2942,2939,2056
4514,2173,3838,4060,2205,2907,8320,618,8761,3244,4177,5785,5569,2549,2338,5194,3777,251,6336,6347
2973,1761,2338,5073,6725,5973,7889,3313,1138,5082,1383,2449,7281,3447,7324,1066,5982,6386,5732,4072
1450,2156,219,134,1216,5556,2950,3847,844,6633,3398,3932,7482,3673,4158,3137,5266,3967,891,849
1977,1580,8628,3967,5224,35,5247,2587,7897,1516,3878,2975,872,2352,134,1126,5556,2603,5262,6202
3026,1211,6366,674,1252,3999,922,7122,2669,3184,6897,3973,1255,6600,5567,7853,3865,3950,6827,859
6206,4876,6652,1806,5567,5560,2521,2058,2917,4880,7166,5976,1971,6650,6945,2047,3863,1576,2971,5728
5559,2364,8725,2012,2930,5569,5096,1977,8880,5597,2182,795,3736,3184,337,2878,309,584,8033,2127
2338,5566,1073,4157,5223,6645,1613,4304,6014,5363,6575,2901,5516,5560,2371,4981,4388,2159,668,3839
8048,6347,3516,4159,5178,6019,5822,773,6194,1246,5210,5167,7289,5119,1587,8949,1879,6647,251,5376
1866,7787,2410,8546,2205,1921,7541,293,1016,5194,5117,3996,6079,4733,8637,1219,5161,1989,3470,2901
6359,4528,3289,2056,4356,1822,298,1264,5764,5556,5202,632,4568,3194,7819,5205,531,7325,1284,669
4154,6360,3556,3513,2967,2171,5102,595,7378,3864,3954,6025,2578,2151,286,5560,8432,5728,8387,1376
3289,2364,262,3220,874,1400,7310,1866,3209,2338,1558,1880,2466,2016,8420,5309,6719,3268,3796,4811
507,1607,2236,3520,1879,923,8880,7197,2911,7956,9007,5731,6664,1769,3917,2056,612,1514,8180,4388
2880,3403,3847,4240,2145,134,6561,8664,2173,849,1528,2901,273,3640,5229,1689,568,6938,2992,5248
5228,8796,5603,2047,2369,1976,134,5795,7324,283,5443,5871,6206,4579,22,6069,3280,2334,8923,3456
1880,1511,6087,1464,6956,1787,6374,3479,8987,6335,2185,1561,1766,2338,5319,4389,2062,787,6716,4617
2063,4631,2159,4661,3863,8546,6091,773,6963,3029,781,5537,3093,1126,8048,2369,8796,3214,6182,3749
6478,2336,8985,6938,251,5160,7372,7258,8540,8880,8941,1769,4550,2341,5556,6334,4545,4301,5734,3456
525,8203,5161,8184,3191,8766,1428,6945,3831,3420,1779,5779,5243,1488,2961,5880,1976,1824,8399,6974
1824,4250,5161,7480,2965,5772,1483,2205,8420,1769,8483,6651,1123,1778,2051,1576,1613,3591,2550,8392
5734,1335,2951,5368,839,3864,7297,3478,6008,3060,6920,8395,2546,1968,4542,5390,8400,735,3967,1761
5976,2062,780,8565,3943,1039,1360,3304,3237,869,7121,873,6144,6378,5206,4799,4950,3883,5982,6018
4593,4417,7224,8542,1285,5560,5235,3889,2334,5098,5250,6347,1450,8736,4061,3308,6015,6059,5204,1878
1159,6917,8777,5559,8395,1226,6274,6725,1456,2051,5168,7581,4029,4419,1984,1123,5712,251,8419,606
2563,5084,8420,1800,1587,1722,6785,1396,2488,3838,2971,8527,2479,7386,2173,5178,7061,6030,1825,2945
3207,3029,2893,3016,2649,5804,1285,2369,2371,2338,385,1226,5976,3967,2546,5173,1409,5235,3814,134
7462,6294,6018,5096,1162,2550,3314,1451,8168,4777,5267,3550,3847,1687,2061,3010,3873,5123,795,5173
5804,7145,3654,233,3922,7526,997,4177,5166,6654,4169,6091,893,2359,7482,5560,7443,1014,1544,1089
5804,5245,2549,8684,6018,5242,1880,8123,2334,385,2688,1079,6652,5746,8547,1620,7429,826,4105,1976
1878,4964,5559,1007,7857,4786,7610,2699,7466,7475,4147,3731,1403,2897,5266,2205,8546,6157,3184,6197
3597,6273,7172,1878,6914,4017,7767,2575,967,7443,7429,8493,6174,8412,2644,7585,1266,2151,1283,1561
2930,1824,3999,3926,3692,8548,4056,13,8051,661,6020,2159,7340,1031,4015,2064,5043,3980,6285,3070
7364,2172,2182,2371,5567,353,1874,841,5822,8933,2641,3289,640,8657,4292,5569,5229,3158,5865,1407
1500,1174,1175,5804,1939,765,6633,8431,2922,7604,3184,2159,4631,5231,2579,6298,4768,637,809,1834
2359,3310,8782,2369,8395,2217,2051,2595,303,7185,985,5215,2145,5754,5560,3954,1234,4710,3740,872
8545,3552,5097,3999,1972,2549,1271,1949,3603,6264,5879,6521,1235,6075,3315,4940,6339,2558,6725,3420
5132,5423,1118,6670,3581,1787,2177,6725,4105,924,3184,5173,1089,5590,4337,2922,2172,2886,6741,8999
3689,2214,8867,4499,1364,607,6334,8411,2371,4342,3478,7218,5845,6141,1359,8755,1508,4157,2063,7208
6206,6091,1862,32,6656,8628,4623,3053,2205,356,5556,3761,979,3927,1355,2793,5205,3882,1986,1166
2062,7168,1906,4246,1429,3010,5212,7443,8880,4415,7697,134,7704,4880,861,8761,6092,3838,3184,38
1769,2574,1463,5401,4239,7162,577,2047,1069,1285,3905,1293,3878,1417,7556,772,3989,168,2092,8219
5976,6043,4024,4389,5168,2338,5223,5205,7250,7453,8230,8417,6708,4631,5730,3029,3177,8796,3910,824
8990,5160,6911,5712,8098,5753,4964,5104,3991,3231,8508,6032,3932,7338,2886,2059,5234,1878,5795,3025
4738,5194,15,7465,5220,8388,6280,5190,5734,7503,8885,7179,3308,2349,1304,805,5790,1880,1393,2961
5754,7898,3474,893,1827,8750,8093,3014,4962,5228,8219,6383,5221,5955,2338,1297,6043,1582,3135,5822
1017,6036,5889,2558,6022,14,2951,1130,654,2454,5357,2939,5559,5770,5119,6015,939,2410,8754,8476
829,7191,938,2539,2181,1415,2055,7856,2062,7171,7076,1027,6827,1058,6725,1041,1507,578,507,3797
1826,1276,818,1440,5266,1810,1877,1226,1977,334,6022,1176,7186,5560,1564,1866,2334,7898,1494,5215
6651,4105,5822,1971,3279,3195,5239,1866,7165,3354,1560,2950,8449,1077,37,2541,268,2364,597,4961
8947,2574,1977,5130,2175,215,3561,6007,3478,2173,2062,8425,2172,2898,4962,35,4413,5559,6785,1183
3865,3738,4605,4076,3310,950,8488,6827,1989,8955,6909,2230,819,3777,4172,5559,307,2924,4391,4155
7664,6605,4413,2359,5073,982,5556,1208,7372,3310,1873,1921,3743,5573,2894,1622,5933,4150,2056,3749
2056,4413,4524,1221,8256,1769,1787,1020,8739,6156,7129,1452,2177,2955,6085,2051,5599,1402,8759,2364
5194,4155,4521,1930,3930,7770,4499,7324,3932,6347,3967,8480,3065,13,7400,1546,7206,2138,8782,2856
6379,4631,2371,5090,8881,6126,7956,2408,8418,3971,594,3967,6291,1878,2058,7852,4239,6061,1371,1977
3025,3863,1226,7616,5096,3205,8017,4830,2058,981,5230,1880,595,3922,5624,2062,1224,8395,3967,5399
565,134,2991,7408,4797,617,3029,7140,1560,507,4545,1177,7306,4154,4631,2533,7480,5566,6827,7483
5266,134,1991,4413,1809,8881,3421,8827,655,6062,3416,3029,7482,6652,3843,1925,4631,642,8990,533
5161,2784,5299,2047,7454,2159,5177,1298,2893,3296,5734,1769,5566,1945,4964,8395,8782,6091,6632,9024
2016,7369,5976,6649,974,2051,1561,3298,1769,1182,7907,5556,5370,3838,3315,559,5567,35,6519,611
5559,2981,5389,1049,1104,2922,4169,1468,8419,2952,1058,2755,4002,1824,4522,6202,6467,5556,2051,1212
8506,4158,1574,2411,8134,4024,2364,5560,3294,5568,1787,821,6492,7466,1030,5223,5199,1324,2961,5387
8399,8769,1070,5228,8880,2334,872,3979,1686,7712,6650,3866,4385,3838,7481,5769,5161,5734,8626,2755
659,1777,2336,5559,3618,2047,4563,1950,2359,4060,8451,5753,1404,3258,794,648,5208,1880,8548,306
1374,4604,6725,7425,3261,507,5296,4024,2968,2051,3838,2047,7116,5246,2338,5264,2159,4771,2214,1033
6191,1230,1528,5105,219,6092,5247,6001,2252,5559,1559,1489,5174,2051,5161,6206,6186,4962,2735,3960
6943,2063,2159,1241,6254,6140,8796,611,5185,6337,4818,3912,1417,2217,9002,1578,927,1809,2371,4364
5940,600,3886,2406,2893,2546,2663,1886,6330,7614,4539,5769,8494,2159,2843,5712,859,3169,8168,5253
2402,5728,4540,1537,6651,8432,4528,2539,507,2051,1419,4388,6374,4014,3308,5231,7164,1184,8132,1084
2882,2558,4357,2100,6316,5095,1532,3358,2063,43,3185,3433,3828,839,5728,8866,6202,4917,1769,1620
4109,6651,2950,6091,7400,844,4176,8796,3967,1042,6549,3202,2477,1825,6008,3029,7752,1787,8051,3863
2371,1200,8857,1020,5190,5878,79,1883,5266,177,7977,972,4077,1866,8543,1579,1825,8409,6725,5125
1926,3522,1126,827,3456,1226,6288,8419,3409,1873,5976,2062,4413,1559,6840,4142,7697,269,1297,5786
1022,2878,3841,5231,1528,3838,5973,1968,2758,4035,2540,298,227,2156,1976,1509,2550,1143,3954,3600
1769,5753,1921,2062,6060,3407,5905,6091,6923,6725,6647,1502,3878,7390,1378,9059,2371,1787,7454,5198
1877,5121,1356,8989,220,1591,3952,1077,7720,4964,8886,4385,4388,6633,3313,1186,6588,4680,1565,9006
5902,5565,2275,1972,3353,5221,2205,7336,6656,4631,6197,3337,6330,8386,1407,2899,6008,6091,8139,7434
8750,5932,4134,7848,3315,7095,3701,261,5811,4631,876,3838,5556,5753,3406,2217,2359,2051,8080,5158
5608,4240,2644,6091,6212,2885,2359,8318,4965,3865,3963,5743,8634,2971,6642,7135,6909,5228,1862,8395
3189,3315,4155,1298,6662,7478,4605,20,8194,7466,5076,2334,2901,2359,8448,3029,595,4692,4631,4053
1560,3490,4880,8639,4545,1612,3491,8056,219,507,2016,4631,3206,3367,6510,3958,3947,3991,2657,2331
3994,6635,4169,7142,5161,8439,4037,7551,1524,2837,7768,7435,4325,507,5569,5162,2338,1809,6652,5130
1281,385,63,3871,5976,5643,3967,5149,4692,3752,1024,4277,7184,833,5250,3029,1245,2893,2878,3406
5803,3013,5859,1769,2334,3866,3310,6651,2214,2151,507,2576,8430,4499,3478,6846,6070,6347,1375,5976
134,7708,3981,4851,5691,1812,2205,2971,8085,5976,5138,3025,7454,5573,4578,6533,5097,507,3878,1473
3169,4602,5506,1455,2156,8743,6374,3516,2961,1365,8736,8395,5573,35,1862,8418,4960,939,3866,4393
5173,2574,3449,1208,2283,6326,4302,3185,3029,4575,511,4155,8420,2575,1779,6036,6584,918,5174,2369
6934,1407,5266,7261,3083,3280,5753,3838,4545,1535,3863,1972,2338,3791,1015,5804,1226,3867,92,8546
5558,5559,5976,6091,4413,939,4973,6831,3024,3999,7264,3412,5205,5624,3184,2151,5014,2575,2546,7133
802,4216,3941,1862,4038,6091,3244,2145,5098,8636,7629,6508,4331,1991,1423,5894,1878,6206,1972,3981
219,2062,5246,7250,251,4964,1787,2056,2375,4962,3878,1286,208,5739,1403,6091,3111,3294,860,5194
1499,6018,3029,2446,1612,5229,1984,6150,3903,2369,1407,5388,2367,4962,3704,6660,1769,8435,1895,2363
5389,2151,604,2051,3952,4564,7948,5556,1775,2177,6008,18,3184,521,2897,5805,8998,1976,7888,1442
5591,5569,3714,324,5173,7728,2895,7678,507,1683,8409,3298,4704,2949,4889,5390,1779,2941,1877,6342
6294,6018,2172,5207,5789,389,3541,2047,4570,2205,5174,344,949,5334,7843,5178,2625,6519,4962,8403
7255,1612,4973,2214,2951,3607,5139,1586,3999,7678,6734,1976,3289,1041,1983,3838,5204,5073,6773,2143
5248,1712,3026,5198,5838,2173,3479,7128,4240,4030,2359,3699,1448,872,2056,1126,7747,3210,1018,5011
4519,5976,6786,2780,5556,5215,5095,1397,597,1453,1157,2898,6517,765,1905,8092,4545,5567,3184,615
3640,4121,822,874,7770,2882,15,2177,8235,1073,6633,6647,2408,6137,8737,7435,576,4169,733,2035
6343,5585,134,7527,5569,2230,639,3294,7324,6339,7480,7698,1880,5977,6019,1581,8451,2369,1060,5785
6034,5173,6091,1598,1878,1524,4016,5188,5805,8540,2975,3838,1203,3950,6024,609,5556,319,669,1308
3238,1304,1825,1989,4962,4385,2062,6191,4258,2048,2885,1801,1577,5058,1532,3029,5559,2056,6631,3404
869,2159,7133,8180,942,5159,1977,7709,6725,5579,2172,7185,4175,1108,8048,3841,3406,2062,2027,2579
507,3910,7469,4413,6725,1400,251,8101,5989,3712,4631,5560,7186,1438,4388,6634,3042,4352,2235,2534
7770,3638,8955,2528,5764,5804,2951,4791,5101,6197,4520,2981,1218,8881,6456,1777,7156,4155,6091,1126
8757,1417,6334,6656,1879,1886,832,761,2024,4984,3169,6652,7095,4277,8395,6725,3317,3470,2177,1006
6091,2205,2961,1006,6291,3556,5239,2587,251,6132,7135,8749,6822,669,3564,7770,8493,5205,3945,4060
5973,6007,1293,8454,3403,1779,3696,6018,2878,3029,8448,6186,2334,3847,9087,3315,2981,8941,5569,1834
2173,3933,5770,1801,6001,3029,2369,7443,8744,7707,8943,7654,668,2051,6225,26,2047,6378,1254,879
2941,2901,4385,6197,1208,774,2062,1358,1450,644,5205,4498,2205,2159,4962,1769,5156,1430,8219,7230
4345,8941,2177,6459,4155,3468,2418,2750,3762,4107,1985,5228,3029,8219,1005,3777,7750,2469,8970,7842
5230,1036,4177,6060,5262,3054,1535,1218,6016,8135,2971,2193,6658,5381,2035,1576,1779,2021,1977,5229
6366,8147,2364,1311,7364,3882,5354,3054,2776,3847,943,5604,8824,2345,5764,3315,5023,507,4033,7400
2369,528,7297,1056,661,5556,2886,506,1812,507,2047,1737,4353,1877,8796,5573,5067,8420,3692,1858
1330,3185,1972,1208,2950,3246,6792,3433,2644,4021,3967,5566,66,2894,7240,4256,5571,1024,1204,5728
2893,5712,6089,3283,563,2338,1348,5880,6024,4520,3026,5174,5757,385,8404,608,8763,6128,1101,6827
2755,7521,2941,5982,8503,7369,3282,7146,1878,1779,4413,2375,1787,1877,2205,6091,3927,6818,2371,5247
6503,4134,7716,3285,2051,8103,2353,1044,5976,2967,5103,2371,5094,5295,3406,833,299,6206,1421,5569
792,3237,7558,2364,1791,134,5559,92,8783,5236,8744,2061,4155,2878,3750,6652,928,7898,1800,3952
2346,1528,5712,2364,2063,2201,7948,1886,3878,178,600,1551,5189,829,859,7129,6696,4304,1972,8320
3014,7178,8381,7711,4339,3325,7514,8886,8880,3558,6084,134,320,5982,8395,5097,2897,1214,4044,229
996,1361,2574,7819,6521,5559,7709,5042,734,6001,8750,1456,2369,975,1880,8441,1873,2051,2455,6633
5084,1264,8997,1158,8443,6652,1873,7272,8080,276,8409,7193,3184,8571,6716,2615,4539,8798,2897,3960
8761,8796,2483,134,3867,5245,1779,5217,8203,4516,8408,3478,4040,1579,5753,5567,2151,5130,3310,8542
6294,1127,712,1787,4539,6827,8133,1881,7556,3940,5599,3517,1041,1972,8424,4070,7875,4962,3847,5579
1101,9040,5119,4291,1441,7144,5569,1879,5177,4631,5559,507,8481,677,6091,8796,3088,6402,1968,2062
5232,1596,3774,2971,1882,2172,2622,3283,4562,3488,6345,251,1968,923,6840,2056,954,2893,7565,3470
5764,3706,7310,3029,3749,8224,5194,924,1248,1930,2047,6031,5728,4134,965,5215,1926,2371,8757,1787
2047,2051,6650,3786,1504,5926,5198,1543,2535,6130,5728,2593,7753,3893,7262,2145,5387,7064,8539,4545
2919,3841,4962,5559,4961,4388,5585,7556,30,4559,8565,7443,3838,2933,8418,7770,1226,4172,6276,5764
1069,869,4304,5804,1326,7637,5229,7164,5226,2886,5566,5973,1210,2542,1972,6140,1238,3246,644,8985
8418,807,3406,5560,8395,771,3847,1921,6091,5321,3025,1698,6785,4631,7184,6018,1769,3940,3356,9058
7428,2172,1585,2369,1264,6395,1204,3029,639,3917,7889,2562,7435,6944,4125,4166,1968,6197,1930,6387
1229,1876,1883,4962,5920,8476,1880,6835,648,4042,6829,1606,3193,3847,2120,3029,8796,5976,5732,6177
3878,3302,950,3025,5903,2171,5559,1968,589,828,5770,7096,15,8763,5185,3879,8449,3259,5973,939
6934,7322,2449,6202,2371,1882,1976,6022,1963,2159,8845,6018,5130,8418,6909,5599,2962,472,7428,3406
3410,6660,1286,1123,5691,1745,5171,8397,5560,3043,5728,5204,4962,2575,848,5744,1464,6831,5164,4413
773,7374,5069,5556,6020,6294,5255,8419,3043,4705,4605,8103,8877,1592,7244,6724,1954,306,1878,2196
1530,3669,1005,1883,1175,6384,6334,5242,5973,4641,5593,1862,5977,3859,7463,3873,608,9076,3498,6293
5083,5215,2941,2173,1495,8747,219,2897,2199,2371,5734,7400,7564,1769,2068,8679,2047,6055,7671,3863
1407,2981,7454,860,6206,1708,1989,6725,1058,1782,4385,4712,1792,3462,1610,4962,831,2369,5278,5181
5266,2845,3385,3185,4589,308,6013,8395,6974,5559,5754,4961,618,1208,892,5173,3967,1231,2359,2547
4831,8624,893,839,5205,8856,2894,1100,3014,3229,1779,5712,1239,1232,1787,6238,9003,6649,5253,502
5183,3828,5318,635,5125,2930,5556,4105,7968,6725,2696,5134,597,8757,8408,5073,2979,8106,1800,3315
3777,3415,7898,5770,4595,8232,3379,8415,2952,8762,5087,134,6834,5560,1788,3693,2755,787,7708,5266
5785,3757,1374,1517,4984,7431,134,5973,3878,1279,827,4960,6018,6297,8388,805,2334,4962,2371,8080
4124,5125,870,3749,2901,3659,2205,563,5097,3631,3025,6633,1866,8500,1880,1777,2016,4528,1921,2334
2334,1024,3999,2557,5262,5556,3029,6176,159,1976,2156,7476,6995,4282,4124,2055,3434,5041,1878,1079
8540,32,1611,4964,5743,5000,2062,3958,2290,2587,2524,5881,3766,4155,1254,871,3244,7852,8412,5586
586,2369,6650,1233,1018,4961,1734,2755,7443,6091,8466,5560,1932,2122,2346,6066,6307,4223,5567,1315
1181,1877,4077,7903,6217,5728,3412,3409,228,5973,1481,1155,5221,6785,3184,2930,8624,7405,6064,5976
6052,2215,3868,1407,8474,225,3883,4134,5762,2062,5559,5370,8998,2173,6492,7306,5178,5206,308,2380
3034,1880,1507,2173,2208,1924,763,2911,2364,8955,1478,1877,1972,2151,6354,3026,5210,4413,5569,1113
15,3757,2927,4545,2338,6092,7264,507,8176,295,575,4962,4134,251,8427,2214,3760,3025,6725,134
7707,7742,532,2062,4279,2156,2056,6337,1878,5190,5155,7888,1622,1977,1587,7219,3971,3840,8547,2199
599,1877,2684,5332,1317,4550,5162,8993,1382,4035,2172,5559,7638,3184,5556,3938,484,5898,9083,927
8657,1779,4542,1242,3991,1224,1024,6036,5560,5262,134,3420,7399,4163,8796,4611,1304,3760,2177,7485
236,2427,819,5822,6651,8736,6710,893,5712,2059,4117,4066,546,6013,507,4545,5039,2221,584,6339
8961,1673,6091,2064,2063,924,611,2173,1944,134,8546,5734,1237,3863,8585,1543,303,3872,2486,5586
5610,4853,1886,1645,8409,4317,1560,869,2449,5160,6191,5177,5567,6202,6864,7750,3878,871,1417,5830
5253,3081,1972,3315,2063,4962,2939,1308,4940,733,511,3308,5810,3185,3012,8205,6233,1523,4521,9056
826,5560,5065,1041,3155,8545,4514,4413,5732,3282,4278,6725,1504,5691,7247,7918,1459,2428,2061,2546
6008,3308,3318,6091,378,5123,1878,860,5556,5097,6655,2538,5370,2047,3661,4257,2056,8647,4385,1879
8180,1921,3966,5266,2951,5734,6091,1623,2371,292,6457,1218,389,4245,2205,134,7184,3022,7901,2670
8242,4164,2984,1003,7443,3832,1559,4413,6649,2338,305,3025,4962,978,7256,507,7430,1236,5232,5127
6914,5559,805,5804,2205,507,1689,7430,3161,6362,2356,3749,1880,7522,1886,1033,5753,7273,2371,4631
809,1064,1126,971,6725,2173,8674,7720,2893,3684,3193,3838,5976,1824,6560,6557,2906,2198,5973,5712
3973,4631,8877,6640,2639,6605,8418,5585,2426,8881,4520,8466,6080,2688,5973,580,1873,2173,1874,1167
7267,1882,5087,5556,1499,2604,8040,2504,3083,5073,4866,1785,6780,2205,754,3966,8545,3029,3069,8880
3838,1877,3205,5188,809,6,7465,2885,316,1027,7323,7133,7612,5178,2159,2180,7413,6725,1282,814
5178,8557,2369,8657,3384,6485,6018,6294,5785,5247,7290,3958,2154,134,3607,5118,7508,3025,4978,942
7184,3014,1976,1866,5976,2795,6905,1022,8625,766,3643,1787,3762,3071,1391,5185,2492,1873,2051,2755
5232,8796,4172,4385,1879,3863,3967,2173,5976,3896,8993,292,2056,1970,6640,2201,4413,6360,32,50
4388,1212,1428,4962,5560,7462,650,7324,3310,2054,5217,3243,6144,1566,3490,1880,7989,2172,223,6312
5224,3310,1006,2386,5565,869,8501,5135,3878,2051,2159,6061,8432,1569,2173,2016,4412,1972,5567,1371
7094,2899,2290,2467,5228,7387,5235,1824,507,5381,2047,6359,2056,7323,8548,3155,3421,2172,4006,8546
6194,2802,5044,8400,7556,5266,7094,1481,3308,1932,8885,8796,1801,7087,4595,3678,3995,3919,2334,3871
8544,2469,4417,4043,5566,5976,3963,1877,8993,2338,6647,2576,8243,873,3029,3738,5559,2622,2051,3908
5215,5238,7200,7523,8829,5557,5822,8796,644,4016,3569,791,5947,8501,5246,4631,2051,3246,7201,8219
5560,5976,4246,6206,1769,1015,4253,4134,837,3238,4155,8419,4631,6008,2113,7164,7454,6018,1524,8881
3975,2941,6844,3244,3407,1027,2201,5770,1511,3185,6091,3247,2177,7481,5242,2680,938,5688,1308,3221
5162,1465,1880,3183,2047,7905,7306,6024,5573,2051,2338,1284,5210,564,1184,1167,3037,786,4150,1467
5183,5904,3029,5753,5556,1866,507,3838,2051,8339,608,3863,1060,4835,3079,1297,2150,5194,2969,2811
659,1600,2338,1976,3169,870,2159,3204,3216,9008,6051,1878,1517,3838,7094,3214,2371,7369,3954,5745
1769,654,3025,4602,1417,8450,2572,5182,3029,3060,1947,928,1891,2576,6347,6091,1815,3546,2334,5370
3460,4018,7441,5685,2159,1971,1779,1972,1989,5764,5559,7287,3070,7017,1587,881,3970,4535,4388,179
5573,7267,1769,3645,1080,1866,3578,1989,5753,8763,8548,5560,8885,4288,7678,3185,5569,6145,2492,8750
4024,4878,3838,3412,314,37,5538,953,5195,6184,7711,1488,1073,1883,4962,2182,8880,4413,7556,2215
1989,1385,4771,3987,5265,1877,3901,3296,2182,976,3762,5121,3026,599,8881,2371,5222,5067,8755,6397
3054,2951,4755,9007,1244,498,1202,3368,134,389,6499,1383,6940,1882,8679,2334,5229,1546,637,3030
8844,5804,1924,7708,954,3425,1167,2309,5127,6725,1157,4385,6091,1769,3413,1886,653,322,3485,4114
2755,2452,7187,3967,8419,5695,5113,946,212,4134,5117,5804,2894,1454,2062,3184,5193,2177,5071,8219
7556,7472,2063,3672,734,4854,1029,2359,1207,6008,968,6284,3026,1812,3841,1324,1024,216,1609,5198
2056,1114,4388,1877,1005,3838,3481,7443,771,4060,3243,8432,4412,5173,5728,3749,6966,5557,5190,1158
1455,2214,5173,6334,8625,7694,3029,3318,2911,2562,5127,2336,1976,600,5569,5791,4533,3878,6089,4172
2159,4017,4500,3029,7443,6018,5618,2901,4982,3308,154,1983,4962,3442,5734,3025,2755,5166,8051,4178
5559,7369,1615,4021,2576,1612,7395,572,1785,7680,598,1535,661,6312,3688,1123,3890,1317,1880,1173
5560,6909,7426,8048,5559,5174,6334,1480,8546,5712,7372,8195,8444,1886,871,755,1111,3522,5130,1801
1624,3857,977,933,5097,8229,2173,600,2576,1078,3282,8487,949,3913,5617,286,1406,6018,2171,8823
4225,1361,2350,584,6052,1873,7156,7577,1182,2062,2500,5221,5968,1308,6459,5559,6725,6739,5566,7366
1559,473,5804,2205,3968,2153,5560,1417,1161,5245,4150,3310,4608,4266,3989,8966,927,6091,3868,4551
8447,1866,7135,5319,951,1878,5270,4034,8132,4545,7172,5804,8422,819,5242,8659,2531,3741,3963,8409
4520,5626,5585,507,8218,5568,4876,6475,1362,3258,2173,2504,4388,3937,6943,1787,4948,7282,5973,3998
1408,3185,5795,2338,1063,4107,8487,2490,5241,2939,6917,5766,3967,4803,2480,6186,2996,5357,3184,7466
1787,8880,8657,4631,3422,8514,1208,2252,6067,507,5556,3421,1520,5786,1096,6188,8239,7820,3892,2891
5625,2375,5221,1933,5862,8885,7443,30,1499,3221,3892,2047,3981,3813,4648,6091,734,1383,8168,1467
2211,591,1400,5753,2056,4695,5976,5573,844,4976,868,8641,1267,1085,1977,1809,9006,1208,5157,2334
3185,1809,4124,6013,6034,5753,2051,1077,2338,5097,2047,2945,270,1443,860,4024,1207,1212,5712,5226
7164,1877,30,2173,4545,7429,6197,273,5102,8886,2981,3184,6047,5406,8796,5804,6785,1514,8354,699
6846,3054,134,1849,1822,6628,9048,6725,5976,5242,269,8676,2002,4964,3525,5973,7332,3031,6091,1769
5253,1779,1035,5566,9053,161,5176,780,2338,5266,2496,3449,6066,8083,1075,2369,3951,3246,1862,2151
5206,7750,507,3887,5210,1866,1769,5157,848,6201,2215,7686,7721,7003,563,37,3967,9039,2173,870
2334,2533,216,3027,5734,7443,3029,2973,3756,8991,471,1591,5225,1769,3576,3025,1522,2750,6191,2549
2151,5556,6940,5266,1516,7431,6649,7059,3359,4146,5560,1906,2334,4978,2047,6043,1924,233,1383,5265
6021,1226,8825,5975,251,6205,6785,1646,8540,1906,9011,6000,7800,8395,1632,3184,4807,3083,8320,7092
5383,1921,3184,5976,2334,3056,4155,2477,1372,1963,3873,3644,8419,5559,2172,5212,4805,8759,1256,7125
5242,8542,5160,6178,1087,5597,5862,8712,3019,8432,3406,3863,7720,2344,134,4029,2350,1219,1880,5238
1809,8226,3825,1038,2051,6091,3991,2658,4965,6362,1109,1963,2171,5732,6062,228,8657,1514,4284,8520
2056,8671,22,6641,7643,8480,2334,5232,1216,6738,6725,8991,5230,5902,2919,5730,3963,5163,9006,4388
4832,1779,2911,2576,1494,796,1081,3645,7324,3838,1390,4393,5373,3796,3996,3967,5608,3412,6417,2971
5033,5559,28,3285,1827,3883,4413,3185,9006,3538,1976,2371,5221,3692,4306,8881,2576,7982,5125,3131
1569,2572,4054,5788,4164,3036,1218,6657,6037,8992,1976,4588,1794,2063,3967,21,8415,8993,2488,7270
6827,1546,6914,3308,84,2981,1367,5886,3510,7517,1569,5560,3026,5763,2541,4385,1877,3991,2173,4337
8225,6945,8540,3878,6201,5391,5556,8522,2425,2971,3283,6833,2369,6019,8395,8219,2878,1296,2056,6974
2491,907,251,4909,1167,2210,6294,6941,2369,5228,7685,4150,5202,4625,4114,6647,3618,3828,5862,2027
5745,1501,1432,5088,8504,791,5174,1000,1882,1350,3838,8796,5792,2338,5236,507,1498,8657,1532,1769
4608,3308,4388,6294,1800,5840,7887,2214,4724,2063,4413,6647,5794,4101,3770,8389,1058,5247,8796,2159
5132,3964,8425,251,4535,3134,5749,388,5264,6091,1174,2558,1560,1983,270,612,3382,1342,586,5795
219,8420,1093,1977,3056,8168,939,6060,8487,2062,2063,5745,5977,6202,1491,4146,820,2338,1473,7464
3974,507,6725,1020,5976,921,3926,1469,26,2056,3308,6372,7465,251,2549,3819,32,4723,4154,9009
719,6697,2930,6382,5965,7094,8048,4412,5757,2917,8523,7877,8665,642,5016,2547,2371,297,7493,4516
6031,3406,3838,1882,963,4523,6182,3904,1167,3689,5869,4177,934,266,6499,6054,4389,805,7454,5706
4725,5231,6018,1873,5772,5559,2882,5569,1866,3010,385,6334,303,6629,1877,6191,2047,5556,3777,1971
2477,1932,2205,385,4889,7169,2466,3406,5182,579,5898,8241,1226,5559,3184,3922,1879,3469,3878,3275
1301,3912,3294,4413,4611,5359,5976,2576,4325,1024,8501,4962,7876,1381,4698,1248,6091,3202,243,949
2346,5784,5228,3999,5248,4062,1972,8501,2371,92,6849,4413,1428,1145,2047,4343,5822,5567,5569,3308
3497,7178,7290,471,1093,3546,6632,775,7309,5626,1779,7416,827,5586,3878,6001,3999,3867,5982,2547
8395,3882,1714,3025,7672,5206,2878,5161,5716,1389,2930,8934,6725,5025,3926,2943,3073,5804,3945,5176
3184,1877,1801,27,5218,7475,7332,2182,2894,1374,2961,8941,3841,6091,6785,2930,6061,3760,8832,8418
8110,1233,1513,3847,2516,251,3893,5973,6785,581,5590,927,6018,611,3204,3998,7941,5210,191,5229
507,8224,2364,7497,4976,3406,1862,5073,7847,3991,6024,3014,355,2214,7335,3413,4611,1785,7337,8180
1779,4542,7837,8004,4862,3956,6283,2205,8761,7709,3420,8626,279,2369,4413,1862,4388,5228,2159,2899
3285,3998,8243,3506,5238,5198,5977,4037,2421,2151,4537,6294,3412,3738,8751,1540,4981,5573,2056,79
2546,1136,3598,8420,2182,3471,2159,6136,3459,497,940,1976,7505,927,5894,1020,8241,3714,869,5569
6645,4390,2056,8858,4177,1971,3941,1158,5180,5609,5261,1976,5161,507,7858,8240,1358,5556,1804,996
8993,2051,3778,3246,2897,2957,4388,1788,2062,5097,1651,6816,1785,1062,8391,5102,4178,2481,6088,8168
43,3315,8548,1878,1421,3838,2051,2372,4534,1184,7284,3583,251,922,2924,6940,6739,1302,4323,7912
5769,5978,5102,5161,8754,7164,2172,3867,8942,682,2346,5242,3510,3644,8418,8498,6091,2062,4807,5566
7180,3050,5682,2172,1825,280,7842,7454,5567,6054,2338,5712,1110,2878,5763,5160,4450,5790,3942,8323
1609,4155,3161,1879,3152,507,8493,4631,9008,8172,5823,2359,5569,3510,5734,5110,4597,3022,6660,7182
5141,1021,5204,1801,2894,2047,5556,5568,1290,8861,1264,1777,1972,4981,2051,3478,1977,1822,3925,3791
805,5225,1884,7878,2182,3648,5573,5220,7465,672,975,3945,251,5822,2173,5585,3282,5556,8490,7897
3313,4560,5126,8529,6052,3581,5822,2239,4962,4542,5162,8626,2574,5073,2840,3639,2433,2961,5769,3308
6091,2980,5757,827,3926,2056,1732,5568,2359,8850,4053,8824,7823,1988,5349,5573,4074,5560,8941,2338
6091,5178,3963,7443,6128,5167,2336,5712,710,507,8258,2919,2359,4388,2528,871,1881,1461,4965,3617
5973,8637,6660,8168,3448,5383,6362,1564,2352,2051,4066,5567,7889,5921,6355,6024,5566,3871,5203,3966
1769,5174,4595,2056,8487,2755,2359,8796,6202,4388,3853,2369,2189,3185,3503,1541,9081,5210,5765,2937
3963,8600,1980,863,5567,4089,6645,646,6929,1825,3025,2552,939,1989,2173,2572,5822,2047,6022,1565
6716,8639,819,2982,4051,1199,6018,421,953,2413,4545,3027,1152,5245,1222,1483,1254,5786,1267,7437
1788,3220,2369,4545,1787,1609,3289,2214,4917,1779,2911,3489,1977,7443,2334,3209,8214,6647,1777,22
9009,7263,2364,19,2177,3868,6093,7709,3980,1877,5559,251,5089,7755,6022,1194,6640,664,1977,2453
3088,6784,8941,5805,1574,5160,1252,8493,2539,280,5556,8639,1930,1517,2901,5734,5728,4385,6024,5573
5247,507,4631,4159,4413,7671,1976,7324,1429,2151,3841,1707,3063,5901,5188,378,646,4019,1391,8243
1824,5712,2495,1022,4386,8136,1612,4413,591,1977,7258,5975,6758,5206,1566,6146,5604,288,4155,18
4388,2164,982,5903,156,2466,1393,1564,3262,5559,3806,1263,4806,2983,5564,3025,8546,5173,949,5573
5207,1926,4388,6640,7261,8779,3828,3283,2371,8412,4390,251,2546,2239,5119,2338,6362,1453,1237,1031
507,1787,2172,2230,8633,2545,1461,2575,7233,5868,4388,5194,8475,4390,7288,4515,1084,8545,8683,1436
8037,8487,8541,7697,1059,4396,4962,597,6334,2062,7332,4270,5376,3038,8796,6977,4388,5556,1108,3873
4060,6201,2755,5753,260,8419,2257,5210,824,7711,8498,1357,2173,315,2051,1073,659,6294,6054,8763
1566,7714,1879,4146,3103,1362,1779,3029,3483,2371,3042,8942,3965,2950,1924,134,1787,4326,6640,2901
6202,6347,5569,8796,5136,8436,3116,999,2153,8177,225,6501,6650,2205,3042,2051,1562,5558,1208,4043
2973,2159,7479,3762,7085,1779,6633,7711,7482,8490,5139,8418,8941,7180,3511,5160,952,6517,5625,5745
260,5161,4126,2939,5810,7678,1883,4007,9012,6018,5573,7235,5693,4417,385,2579,1031,3497,3940,2961
1878,5130,952,753,5224,2173,6202,2359,7428,6093,2762,1058,4243,5204,2484,7324,1063,8545,3838,2170
4962,1147,661,134,4388,7944,1561,3308,8395,5734,2172,5577,3294,3107,7714,6015,6413,2970,8030,3025
4631,2878,1824,2091,5597,3247,2352,4385,5211,2338,22,1535,5236,1041,5119,1164,1880,4520,2893,8545
3263,125,6091,1021,2058,3557,5370,3878,1036,3967,2855,861,1495,1294,6907,1499,6161,5804,2063,8195
3892,6018,1103,8881,2248,5753,2469,7664,9047,1881,1977,4991,819,1432,866,8464,8567,5625,5566,4578
5822,7128,3184,4388,6445,3774,5294,4109,8796,6768,1080,1277,2356,3297,563,1926,2062,3863,1253,4389
3841,2543,2508,7370,825,5567,3828,4539,2055,1428,2214,1872,6070,2371,2911,4214,8949,3559,6071,6725
2051,4385,5234,3867,4036,2159,675,5073,2145,4172,19,1883,5230,3966,8193,3416,2172,8750,6019,6070
627,4528,3229,507,4158,8546,779,8123,6061,2051,734,4388,2159,2229,3961,5559,4547,2878,5569,4175
6974,6018,5753,3169,2151,3184,4604,2463,5618,8558,2576,6616,266,2279,3517,1880,5162,1769,7704,8546
5734,4631,1059,1438,1820,5736,4173,4964,2890,1998,2205,1093,6660,1747,6501,2159,2222,7767,2371,8750
8796,2205,2051,3171,2878,4172,4962,3499,220,5178,3514,6091,8548,4138,4973,5067,3459,2939,8441,6311
7890,1645,525,5804,1769,7480,4550,4556,637,7350,2576,2341,2939,2177,2051,5247,6656,3841,1873,1779
1815,1710,42,4134,2062,251,2919,2755,2193,810,3010,4143,1058,5242,2878,1489,3416,7125,8775,6909
1042,3220,6031,2338,967,2035,6362,4001,1438,2371,3635,7605,7697,5266,3277,3838,6347,2911,9009,7440
3184,1557,3838,88,4604,5560,1873,7585,7366,5383,5736,2488,2151,3943,2955,2178,7901,2678,5203,672
4847,3692,2356,4169,5237,5859,4388,8885,2971,8063,1879,5787,5893,5982,5255,8220,2047,2159,3959,4134
2894,2172,1877,3709,6877,5976,5243,5795,6355,5569,4965,1824,5177,2171,4370,5011,187,1477,4306,5573
35,3294,6315,3492,5173,4002,6656,7172,4818,7708,3878,5804,4388,1464,802,8762,5331,3996,6140,2936
2047,2364,3878,5728,5620,2059,251,787,1124,2205,3050,2371,2173,3235,223,3420,5247,62,3025,3409
1924,6281,2539,6635,3412,2173,5069,2981,3942,2338,2061,5065,7278,1926,1438,1989,5976,5734,2182,3950
5901,4922,1383,2173,3185,3988,5973,871,8395,1779,3413,1876,4157,7151,1737,1932,5266,1787,6188,8567
6180,5193,3420,5567,1779,996,827,733,1308,2214,6191,6339,6503,2487,954,976,5728,1191,6334,5014
1286,5215,6183,6649,3517,2890,2341,5113,1268,5178,353,2971,9060,5220,5347,1285,5231,5073,2062,6640
3863,971,3459,2364,6633,1882,3618,4412,8180,7328,1957,134,360,3184,2416,796,3514,7061,6018,7204
6633,1906,507,5173,2364,6359,1769,5267,1407,3238,7603,3018,5095,6031,5556,2151,2369,7481,1984,8459
2889,1496,2491,5146,5569,8168,7205,1083,3406,2576,2193,1983,7369,4631,2408,1033,6673,6843,6831,585
2177,2193,1787,8487,2364,8494,1972,2151,1473,2371,2755,4421,4027,2338,2180,4631,7856,26,3967,7454
5560,4284,7454,1267,3315,4539,8395,3760,6397,8539,2151,1041,3184,3715,6500,1291,6179,2216,5194,5253
1785,5266,6323,3315,3025,3010,1805,6318,8888,8761,6876,8460,5804,2151,661,134,7369,5875,1609,8961
5119,5069,1822,4526,5567,3233,3533,5178,5865,9089,6633,2638,4395,1521,5596,134,6802,3456,6294,4413
7431,1930,1926,5560,6725,2972,4004,1769,7976,5567,8881,5266,1000,5804,2359,3838,2548,8567,735,8750
3073,1722,5461,5734,3000,7897,6499,1413,2677,8519,765,1866,7471,6372,6649,4051,5753,2371,8040,6608
5802,1285,1498,4388,700,938,8493,5804,3688,2173,1514,1976,893,6533,5770,1985,476,3670,2576,1878
1105,8657,2576,3953,5586,2214,1252,4799,987,6386,563,3082,66,5362,1565,4962,2062,4739,1524,1123
1587,3185,8108,2047,5126,1787,8546,5764,294,3410,5229,1126,4343,9040,6334,7899,8469,420,8770,789
4605,954,3540,306,2941,8672,816,591,28,5376,5232,9016,781,4413,6144,3475,4631,7302,836,7324
6043,5559,5199,1441,8880,4749,214,2047,3283,783,1984,5556,3025,2641,6287,5973,5688,3377,170,3999
3014,7890,2375,9000,3029,4413,7874,4631,6647,7956,6801,5268,5206,3882,1127,7289,5734,5104,3878,2159
1930,2975,5141,5089,2151,2369,6202,7443,5221,6645,5973,1779,6398,4092,3873,5560,8546,2961,7480,3008
1976,5082,1086,5804,1574,2889,1239,6186,4023,1330,2051,3526,3406,2214,2369,1873,3037,6091,1402,4985
3952,5772,8625,2047,1032,7454,2056,3025,4094,816,7200,6831,8796,6044,1361,4818,6521,4394,5560,3999
7242,734,1091,8051,7454,4649,2575,7346,1216,3184,5822,4134,6333,5102,2409,6061,7716,1963,1566,2059
2063,3867,3787,5585,5712,4606,2936,974,2575,5160,1777,4985,9006,3413,8542,3032,4530,733,4155,1135
3025,1404,1522,5559,1719,1017,2179,2338,3836,3282,1417,5977,6210,2151,1797,2937,3872,1407,15,1634
2576,6022,827,563,2056,3596,2334,1977,5183,8217,6018,7270,2188,4177,4964,2296,1015,1570,3517,8793
1298,6015,4631,5556,2151,2051,2062,5569,5253,7666,6562,1972,3056,6024,5734,4413,1930,5753,6139,864
2488,9008,3853,6725,5126,654,3315,3024,4354,5182,2173,1069,5559,6061,4631,1879,1184,1507,2051,2371
3755,1769,4388,5347,6616,3947,8824,557,3749,6018,2869,5764,5712,529,4806,5728,3838,5736,5559,2940
8827,1225,1517,6848,5823,1275,2369,4389,1491,1976,2054,6141,3209,8895,1494,2048,8395,7481,3088,299
5966,8384,4048,5304,4962,776,2047,4001,3308,4134,3798,4551,1769,5712,615,3757,6339,4813,251,1924
6030,7133,528,4015,5194,5266,2364,5973,7664,6274,7429,1504,1790,8625,7425,2151,2010,3068,4134,1001
1194,3310,2878,8546,6046,7372,3029,5567,5566,2151,4037,2917,6048,5625,4055,6832,3810,1113,838,6660
2975,5601,5613,5233,983,8796,3516,4024,4876,5232,4119,6801,3313,2894,1977,7889,3878,4222,6159,2410
3701,2334,1282,3022,5976,5105,5221,6725,2172,8097,1490,7288,563,6640,5712,5772,3290,5248,2973,7991
3412,2549,1462,1489,1400,8513,6621,2198,1878,6291,5569,149,3420,4267,1096,6025,6181,1976,1795,7467
6070,4165,1886,2371,1050,8917,8106,4600,9000,9087,5871,3863,1825,2652,998,251,5006,2151,3680,8222
809,4616,8877,4545,2064,5579,1895,5270,3981,2062,5220,1528,3634,3013,6284,2882,7311,3221,132,1769
6660,3014,2359,5161,8796,596,1239,5263,507,164,3683,9040,506,7180,2750,2151,4385,1496,5560,7711
5367,2579,4002,5097,6037,304,3896,2173,5829,4578,7156,659,7759,2576,3864,5745,5566,8774,1783,3373
3926,7692,8223,4088,5576,2831,853,8836,4551,1963,3742,2893,8493,1576,7248,8095,5232,6383,1886,265
7666,8402,1178,5258,4253,825,6064,5683,1005,1355,3867,8409,1554,1036,627,4417,7278,5804,5560,6067
8232,3954,2051,2359,8457,6294,4388,1008,6024,1926,7480,4150,6725,2950,2574,6233,1184,1225,6312,6067
2901,1886,134,5262,5569,6294,1208,5566,2047,3998,1218,3053,19,4388,5742,5880,3195,1081,9086,7140
734,1334,5764,2939,7942,6288,5245,2375,5156,1644,6485,6182,7443,2490,5785,1210,1063,3052,3755,611
4017,5560,3510,5804,2051,7714,3654,1812,5589,5087,2893,1310,5774,6339,8628,1769,1591,6949,3025,4124
2919,1301,6911,8771,1637,4413,7354,1428,5173,3227,2882,7462,3406,1787,4124,8758,2587,967,5250,7487
2334,251,6091,8634,5183,1564,6651,4952,2961,6172,1977,677,7240,921,4962,1522,3244,919,1515,2816
2051,8418,6031,3869,4962,5206,4413,7536,3442,6334,4148,3421,6725,733,5753,1243,5560,7912,1596,7135
3046,1166,595,5140,4322,5785,2539,2574,654,3998,1324,7123,389,1879,8293,7708,5859,2056,2152,6197
1564,2755,654,2173,3954,6772,1513,5804,2056,4550,838,7720,3618,7898,3963,2427,507,2540,7899,5821
8443,9005,5267,946,1374,5976,7683,2051,7711,5221,1600,6768,1407,6018,1129,4385,1977,3456,2159,1779
4178,981,4489,2051,2919,3384,4549,1566,259,5976,7471,7671,4362,674,4979,1879,7714,2159,2270,261
251,7136,2359,2951,6434,507,4559,3941,2878,7697,1645,3289,2901,1824,6610,1993,1708,4962,1469,3952
4530,236,5556,919,1862,7129,289,2371,4982,6015,1779,7618,5161,5568,8103,2182,3933,6970,3886,3420
871,4105,1977,2026,1968,4388,3682,7618,1876,5753,5865,5592,2338,4124,7135,1207,4419,5160,4133,5190
4962,5569,5560,5188,1005,6197,7379,8448,25,3516,949,5556,1977,6334,1540,4542,2047,1880,7898,4014
3446,1866,3838,3296,5234,1879,1086,1573,8117,1041,4385,8733,1281,1906,5242,3967,6915,583,4545,5140
3999,4631,1825,5102,1880,5971,977,5712,4714,3986,5559,6725,933,1488,2159,2981,2334,3308,5370,8222
3817,5140,6008,1866,8796,8657,8735,507,3715,2371,6649,5203,3757,8954,827,6909,6725,3893,3886,8777
7465,2899,2051,5556,6091,5753,1740,8864,1267,1237,5764,2047,8322,6018,1005,7678,6785,385,362,3085
5138,8546,3838,3284,2016,1976,1182,1646,961,5712,2371,5123,5973,5228,5558,4388,3296,1694,7242,2550
11,259,639,2534,1976,1880,2173,5728,2064,2338,2359,2205,4542,1809,1423,8546,6377,2939,950,3456
3997,655,7297,8949,2,3841,5560,1989,7114,8092,4962,871,2961,8904,6413,1977,1972,1445,6585,8418
6061,2670,1621,6633,6705,2971,4155,6333,1977,7123,3275,228,134,6280,2359,2371,3433,2396,5559,7517
2641,2359,557,7061,8479,7164,7770,2153,5556,8856,1282,5831,1095,4171,4006,4585,1227,2885,1977,1559
8545,134,1990,4387,6347,1085,1182,1787,5232,2096,3029,3185,4197,3435,1448,3843,1271,8719,6334,5065
6022,2178,1609,5804,3987,6633,8881,2172,1379,3332,1779,5976,7819,8634,4733,2369,5097,261,7615,6725
2035,8377,5586,2970,969,6670,5173,6773,1779,2359,788,5559,2890,2574,8395,4538,3412,1241,3297,1362
7753,6815,5181,1180,4542,229,952,3485,7718,2047,3308,816,1295,2123,3778,6044,2466,2063,2971,137
1879,2874,5560,7439,3220,7443,1983,8885,3029,3341,3406,2035,5585,3111,1409,233,5266,2172,7753,3599
1459,8546,3126,862,7886,2052,6140,270,6088,3022,1924,3960,2180,5008,1880,3308,1976,4143,6828,2359
1753,1666,3308,2939,7897,8940,2961,2055,2217,6373,2332,5560,5569,3097,3481,1809,4898,2151,88,5770
4605,8447,1972,7403,6074,7163,1554,8483,3569,4631,7864,7480,4257,8733,5013,1976,5566,5734,7556,6047
1926,5785,6186,2047,1621,2173,3289,3064,7332,1097,3456,5161,4631,6655,2062,8487,733,3922,4369,6712
4147,6757,8379,2543,4053,3589,6065,507,1769,4413,2574,2814,2371,7678,8657,2036,2464,5565,2173,4582
996,223,1234,33,4002,2219,3039,2145,1090,1983,2924,3092,2886,1972,4368,8395,1477,3184,4631,7239
5149,3796,9001,7877,1785,4631,5559,8228,7435,2894,2371,1504,1464,4224,3230,5102,4547,5215,2122,2632
2965,1946,8545,8447,6827,1030,2576,8771,680,1932,4055,2062,7775,240,5990,2051,1003,7977,1208,266
276,134,2338,1963,1977,644,6291,8418,2173,5222,2055,5691,2153,654,5809,5804,5181,612,3306,7345
2902,9018,1567,799,5505,5734,281,3706,6057,6036,6909,2338,1779,2981,2576,5989,4105,5114,2159,5592
2062,4631,1787,7136,1647,3408,1822,7517,2924,1810,471,6633,4134,2104,8242,3679,6197,7328,5130,5052
1801,6935,2159,733,6095,8635,1074,5712,164,6052,6046,6073,4389,257,8542,1779,955,3919,4404,2890
2047,2227,4965,2371,2359,869,389,7324,8422,2063,955,3212,1822,507,4589,3749,3971,3164,2364,1879
9085,2159,2145,7479,1777,3584,2020,328,5924,871,1157,3904,1262,915,2981,7462,6725,283,3056,5573
2371,4318,8941,1782,4677,3091,2252,8371,4385,8885,3315,2334,3191,2375,5764,1886,1880,4807,3987,860
4830,2322,1022,8547,4284,2497,580,2051,5167,2371,8796,251,5559,2504,5990,4598,3556,3308,2971,818
733,3878,4217,6356,8315,8475,371,6349,5569,1361,864,2062,2047,1245,1989,1983,7323,2563,5598,5175
5190,4036,3294,3905,2151,8737,8996,1879,7092,1596,8408,6024,3967,5067,5161,2346,5204,1480,6031,1800
2755,2063,2146,3235,3522,5231,4006,7556,2878,5556,2893,2631,974,8436,4631,3410,7114,1192,134,5585
3207,3025,5580,6758,8546,5073,1213,8493,3061,1559,1261,7577,6725,3615,3642,3111,1952,5299,4389,6994
3025,259,4257,1785,5804,7443,1468,2480,8080,5221,4134,4388,3684,6628,5822,4606,2198,1126,1495,5373
8540,7899,15,3963,3991,9,3029,1162,671,600,1015,8745,2334,5730,6013,3925,1800,6181,6172,3123
119,3847,8880,7144,6022,2056,1925,5734,5560,563,1779,5573,8397,1580,5730,3788,2064,1926,3409,6909
3244,5181,3411,1972,3583,4389,1777,5736,6287,9002,798,7086,2293,2359,1097,6711,2336,6046,482,7551
6936,15,3170,8855,4245,2359,2941,4520,2058,2047,5558,8766,4060,7897,1773,507,2062,5040,6517,2252
5174,5096,3755,6347,8721,2051,603,1586,4304,8881,7936,1367,4167,5241,2336,223,6281,5230,8636,1474
2971,6827,19,6197,2338,5989,251,1968,5560,2151,3849,1235,2193,7706,8048,4604,864,7185,5247,5586
6503,3920,2198,6059,1196,2364,6652,4134,6773,2925,3878,7253,5559,3310,1878,2062,1926,2878,5194,8544
2056,5600,772,1265,8741,5185,2047,2563,475,6201,4394,1003,4000,7709,1204,6383,5989,5804,1769,6649
7160,2632,5239,5804,1769,3294,7184,8232,3970,9048,8943,2062,6294,1290,8993,6725,7425,3008,794,5177
1836,5753,7345,8316,3285,5236,7284,595,2364,1880,3945,5239,6202,644,1650,3966,5559,2396,2637,5586
1883,1932,8345,267,3185,6188,6633,3999,5739,1978,5785,1824,3308,4773,2172,4558,4987,6635,507,586
2576,3649,5753,2396,2575,1391,5610,7495,4572,5220,6038,1937,1112,2371,1926,2901,8320,3238,1507,1822
3025,2878,2971,8466,2214,7141,6178,2172,4581,3409,5976,2369,7325,3710,8774,1196,2051,2336,5109,8240
1513,6202,4962,6839,6647,4790,2088,2159,5560,5096,872,2051,1015,1362,7061,7258,8224,1070,7819,3971
5160,8756,3969,4631,2172,7443,8478,4966,3976,2644,4545,561,2287,297,1245,134,1372,3478,4606,2541
1618,5861,3459,1472,3409,2051,2911,5590,3525,1162,3971,2062,3721,644,5242,5189,6359,3517,262,2951
1880,1779,5160,965,3510,5556,6206,8409,5753,5126,8496,1977,1522,6076,7710,5262,6725,3863,809,5769
3890,2364,1513,2173,3289,6314,1853,908,5161,1779,7709,1880,4549,5753,2920,1637,5832,5745,5606,650
965,5976,8950,2172,7202,6048,5559,6605,8798,8796,6216,4573,2540,1337,2016,1297,1828,8234,6057,1972
6725,5131,5210,8505,1079,553,4962,5560,8634,4178,251,7369,680,3310,2056,8546,2575,1421,1924,2981
5560,3955,933,5799,5171,597,3409,4962,2363,2172,2062,588,6287,2901,1543,8872,85,2951,8078,1809
2576,4961,6939,624,4239,1252,7433,872,9078,832,3220,1070,5139,1033,37,1297,8406,1412,3654,5119
802,3310,15,6785,1779,5243,996,3409,8559,7697,4037,7771,6057,5250,2863,3887,1570,2939,8796,5734
1642,5559,6018,2549,2062,4390,2051,3049,2936,2056,2904,6202,783,8571,3386,1284,5877,2978,1407,594
5734,1877,2371,4331,6651,6043,2172,7759,2424,3757,4631,7432,3967,2150,5237,2667,2047,6091,3289,6771
5807,874,5804,3926,3247,5822,637,5569,532,6909,933,3308,507,3838,4020,5560,3653,5102,5153,1120
5623,3897,8546,8635,2902,3201,6397,4064,5095,6339,3307,3285,3858,1644,2051,6641,3584,8750,2172,4969
8943,6156,6650,3749,6335,43,3991,4413,5556,1812,5266,2371,5730,4393,371,5317,7363,7443,1885,8540
2026,6517,7610,3447,4758,4155,7369,3963,2325,6043,5559,5977,2455,5247,2885,2338,1285,1977,4388,1043
4807,4236,8051,1800,6725,1444,3878,5573,3459,7400,5140,8219,9007,2363,1514,6761,1977,1787,1883,2171
2217,273,6191,7369,1468,6909,7767,5804,3909,1880,2359,6202,2062,1862,817,3029,5734,6394,4134,5973
1167,5763,2064,5160,3025,3965,1787,1561,7222,1286,5247,1369,3863,2814,5178,1008,6062,5096,3967,6725
3867,7750,1186,1184,8985,2572,3857,2939,5976,2380,4155,6725,6689,1386,2755,6342,1963,8766,1918,2359
2369,2466,1263,134,6355,1373,5973,7908,2822,3251,5804,7879,7750,5925,1880,2941,3010,6939,7324,7649
4770,7324,3963,2402,3749,5228,1582,2156,2491,507,2359,1991,3184,3198,4951,2175,5560,4683,6155,2338
5590,2295,5174,8941,4385,831,4109,4053,3591,1769,6633,3967,2167,3674,3362,2886,7548,4545,1055,4143
3184,1045,8881,81,2375,9048,798,6911,2047,5976,2901,6725,3879,643,616,2882,5801,6146,1734,3430
2334,6181,2576,277,1879,2878,2548,4828,5804,4605,2341,817,358,3595,1452,3262,2950,2063,134,1550
4962,4959,40,6503,794,1881,2369,6951,3050,1763,8442,5569,3864,637,3878,2027,2589,3971,251,5215
1541,1787,283,8249,3016,8766,8882,2172,7397,8878,1930,8447,1873,475,4962,4172,5228,7168,4053,7709
2371,2981,6725,2408,1971,5214,7363,3981,5745,5097,2576,2173,3878,2419,3441,2369,5560,4172,631,5188
507,7416,1086,3876,5094,7369,8418,82,700,3945,3638,2205,6745,972,2912,5734,2364,3483,3185,6660
1932,5772,2341,6281,7324,2255,3749,1634,3909,6380,6153,1609,3497,5770,6541,5149,4779,5977,5559,5182
507,2371,2173,2192,5734,3714,2051,3308,7502,2062,6924,2973,5559,6186,4514,6016,3841,4719,5609,519
1921,1106,6822,6737,6334,3185,2965,960,8749,1769,2649,2582,6054,2062,5560,6091,4413,6024,2535,8103
5560,3762,5231,7266,1028,5109,5369,7707,6785,1822,3050,6757,5556,7368,2220,21,7720,471,674,1976
7455,4016,6801,5588,134,8546,7480,5210,3685,3185,4157,1865,8334,1824,1291,1881,4584,3180,2416,2062
8412,1032,6836,1873,8414,5603,4962,507,706,1800,4635,2347,677,6024,1737,2371,2172,5199,1878,421
72,4966,2541,6282,7135,6387,5712,1517,1530,3025,3184,7555,5784,5741,3960,4631,233,4388,3226,6018
1045,3904,8546,5838,4385,7135,4389,4055,8173,25,2062,4631,8881,2159,3838,3335,4209,1566,6091,8219
8766,5242,4575,7114,850,3207,5598,7095,8419,1009,6018,4024,4545,1949,1087,7419,2941,1158,2056,5319
21,4388,2527,2919,5736,287,1308,3886,2063,2578,3878,4962,1117,8883,5130,922,6091,19,6055,4930
4389,1479,8229,3412,960,8780,4815,5559,2598,2359,3449,1520,6725,4896,5178,814,8796,5753,2051,1769
1972,3026,4157,7697,1694,2106,4073,5160,1509,6018,3684,5565,2151,3310,858,5804,6186,2537,3683,1452
1407,3114,1769,4250,5102,6336,5166,7031,6633,2371,237,2889,1345,2549,8493,8629,6091,6060,872,1877
2369,1157,134,251,7443,8736,5822,4903,2951,42,4520,8905,1876,6386,3310,1600,5173,2895,6342,4006
6651,5924,4158,1862,2375,3114,5567,1289,5174,3083,849,1924,3644,5606,4413,4146,1049,7184,3406,477
1787,7188,1448,6047,6054,7429,3301,1809,3240,1873,3184,2151,1906,6372,6078,2371,8395,7445,2334,6018
3030,8885,773,1664,4605,600,1779,3449,6503,2159,5749,2369,3221,9027,1674,213,1819,4388,5838,6939
7372,5976,2939,3864,6141,1006,8540,1878,2115,507,5131,4631,1779,5559,655,3022,97,595,8774,2205
1195,5104,2878,1878,6334,4105,5566,5245,6159,4388,2364,70,8796,5224,7770,5239,1126,647,5073,2957
2172,4335,2334,1030,4966,2369,1523,6569,8477,5039,1108,2755,7288,4631,3294,5688,8454,8404,1932,7372
521,3838,507,6144,2576,3878,1866,8196,7400,8395,5377,1123,5736,855,2172,8194,1926,3511,7372,5194
3029,6946,655,5556,2973,5880,3991,7287,6653,308,1977,1010,3019,4528,5160,5770,4124,5132,5785,2901
915,3841,5370,4551,5877,2338,5248,3498,5568,3184,4150,837,5559,5905,8196,6203,8657,1886,7160,4631
2735,1989,1189,8542,7615,5132,1879,5234,7273,2051,5976,3054,1779,5342,1417,2576,5560,1399,5370,1552
4116,2981,1878,5214,2939,3420,4169,2058,3318,1102,987,3354,1963,1873,6206,2252,5566,1361,2587,9008
2894,3876,1171,3473,7709,1188,8840,5556,2356,1779,8429,8541,3182,1081,860,3873,3838,5878,4962,3411
5606,2951,7522,7228,5199,3947,5174,3967,6367,6188,6628,5567,8542,2192,1355,1080,2056,4678,8877,3184
1729,3416,7454,1989,4035,5828,4600,3971,949,507,1878,4876,4134,7854,6010,1401,2369,6091,7443,1866
8886,5598,1727,507,3308,4385,5743,1182,7466,2766,1921,2878,3405,1567,5154,2062,251,5865,4684,6488
1110,984,8430,2056,5177,2062,5228,5598,507,7930,811,8657,1620,7168,1126,7880,1880,5734,5557,5764
3666,7439,3719,3585,3904,1238,8657,5156,1876,2364,7126,963,4631,295,4556,3932,7771,3927,4177,41
2896,5804,1024,7784,5584,3029,2356,8395,8420,5178,134,2156,3010,4245,2205,4962,3207,856,1467,4578
3747,1017,4350,1115,2047,6022,1083,61,5160,2172,291,7720,7114,5559,5248,2062,2981,5234,4596,1024
8540,8796,2056,7332,1454,8637,251,3979,5228,3901,6070,3749,5238,482,1181,5131,804,8855,1550,7770
731,6946,814,652,2750,2156,2047,2930,1983,4539,1879,3887,2214,3447,2931,4227,8420,3014,7750,1936
3499,4605,5098,6943,4845,8546,8432,8082,2153,4301,1028,2837,5560,5884,2051,2369,9006,4169,4699,5366
4556,4151,2773,2151,5073,2893,2205,942,7542,4018,5973,6301,2054,826,2051,4077,1763,1541,1401,3887
7646,2151,2182,3436,6801,390,6593,2919,233,3185,7053,1977,8219,4561,2346,5734,1029,6746,3062,7369
2376,7711,2989,1876,219,7944,278,1085,1471,3035,4105,819,2032,5712,5764,5113,2180,7618,2338,7168
5567,5560,6715,7720,3356,2047,1284,5096,5753,4062,7842,588,7899,29,209,1801,3026,968,803,4417
5875,212,8475,5025,5987,1977,853,6018,5067,5220,831,1976,7747,3838,292,5576,2035,4962,7443,1932
1880,7939,4631,134,2047,5113,5242,71,1378,5171,4033,1293,1568,2907,6725,2371,269,3238,2292,8631
3422,2056,4143,3709,6276,7748,3238,7187,1921,832,4680,8796,2027,7711,2315,3503,1785,2192,1777,277
2334,3117,4137,6782,371,6198,3205,5559,177,2205,998,2056,7596,5822,1129,2159,5201,5176,6197,1989
8393,2334,9076,4162,26,2878,1882,3115,1561,5173,2458,5567,5113,134,1361,1801,282,5183,1157,1977
4319,2062,3247,289,8496,2151,2167,3422,858,3966,3810,4551,4578,6408,3960,1502,7332,1855,4053,3014
3907,3863,2922,7135,7664,3841,2177,3564,3878,1610,3966,175,3437,4291,3029,6363,3630,6309,1489,5228
3073,1809,2334,2173,3951,1053,8796,6019,4911,1878,8445,6797,1223,2051,6150,1866,6399,5753,3609,6725
5566,3749,3025,6294,4389,2911,1423,3618,2790,2338,2973,2061,1226,1324,5804,2755,2263,3778,4006,8450
7179,1879,5566,5229,5734,3274,2369,6725,7401,8626,607,1070,4703,1886,2364,2172,2755,8657,7556,600
8772,8907,4559,7322,8514,37,5567,6939,3867,3011,6923,3318,7465,2035,3060,2056,6919,939,1777,281
5130,3315,1866,473,1054,2338,1769,8567,7600,5117,8709,1458,1072,2359,4968,8941,2145,1033,1276,5695
7263,2188,945,8752,2253,1086,621,7131,4998,4172,6140,1252,1490,1112,4396,6306,6020,2151,3283,2356
5732,2911,3126,8500,8230,1787,5556,1587,637,2086,7585,1769,1804,1126,5067,5734,3103,2062,3932,1205
8546,1612,871,4973,2755,6681,8395,1469,5184,5183,3184,1397,873,1879,4088,5852,6645,3971,3967,4964
7426,7372,22,1157,5179,733,1932,305,1991,1884,580,6334,2062,4314,2359,642,1041,5236,2699,798
5231,1044,5334,8393,8736,476,4831,8418,1058,5706,8371,6334,642,5804,2755,2364,5556,3310,1718,2201
2364,918,9019,3413,3077,8497,6725,2159,4154,1042,574,4389,2173,8885,1273,6611,3496,2172,979,839
1108,7094,1448,2576,3981,794,6499,4413,143,1369,1063,4562,5205,1657,2924,1886,2338,3413,1231,69
1375,8432,1438,893,6522,1058,3185,1886,2981,1407,134,2047,5230,8418,8990,8414,794,1852,874,5734
5250,1483,7256,5821,7426,950,134,3406,6408,8882,1158,3749,2205,3185,2549,8752,1587,1429,3574,6018
1072,3308,3013,1126,4848,6312,2990,1976,8320,645,5600,5390,1211,7982,929,6201,2278,643,3535,3185
3111,2200,1123,3618,6374,5207,8880,3221,3763,6725,6421,3449,7688,2632,6803,6811,2352,248,1171,4328
3963,923,4314,1061,4962,8441,219,5184,149,3026,8189,8885,2925,4150,2369,8993,579,6331,7260,602
3882,3732,6008,3557,4173,1879,1569,3242,5712,5603,2334,2172,5976,1443,3308,4388,2369,587,594,5560
5196,3766,7164,5253,3863,7534,15,4534,1971,6889,991,4413,1301,2611,1880,28,7599,2173,8393,3689
848,224,6202,7711,1065,1673,4960,5267,951,1275,4545,4173,5839,3959,6031,134,1822,965,5170,2159
1317,1041,7484,5021,4968,1522,15,1428,7134,2151,8418,1498,915,5166,7697,3184,6018,5556,6963,6061
3967,5040,6961,5728,8237,735,4001,5559,861,1926,3744,8924,3831,2056,6725,1194,2464,1930,5692,8545
2217,295,6091,1594,9011,2172,6656,839,2901,1769,507,15,2546,3406,5597,8798,2151,2047,1921,3938
5210,4053,5569,9088,3185,4813,2338,9006,134,1129,3991,1233,5182,697,7372,580,1012,933,5558,6095
2334,5894,7471,2173,2558,7480,1008,2364,6800,1404,623,5728,3942,575,7697,6146,3165,2051,6026,8877
9077,950,984,7416,2880,5556,2364,5781,2971,6843,6909,5976,4388,8414,6293,1632,1137,4834,5237,2205
1041,2901,2051,5210,2205,2981,6181,1639,4265,595,834,2907,611,4105,3313,8742,8261,26,6929,8015
1800,4828,270,9059,654,2981,7729,32,7819,5193,6070,5586,3991,2900,808,6640,6024,1968,1024,647
8749,4631,8546,2495,5207,4077,3310,1880,7846,6334,1036,2369,1035,1569,984,2179,7276,4965,726,5576
8083,2334,2371,6924,3878,2343,6054,2062,2755,1438,6070,3892,6366,1623,2359,2049,966,8180,7184,6146
4318,2172,6052,7099,2183,1486,6708,6228,4521,1857,7556,6645,4289,2047,3766,3172,169,5976,7678,6476
7810,7908,1072,4556,1930,8943,3749,1285,6331,6361,3308,774,5766,5229,7424,2893,6202,2359,3478,6282
7567,2159,1000,5929,6073,1020,5204,3650,5613,1779,7706,5198,7143,8885,1877,1517,1069,1586,4402,8905
3140,2123,308,639,3195,3566,262,2579,2128,6188,657,7338,8188,1802,4631,3456,5887,6008,5559,940
8412,5976,1264,1035,2193,507,1249,5804,4175,5785,5168,1275,2159,6740,927,835,2579,7038,8487,1235
7678,4044,5207,3133,1825,5815,6659,7164,7341,1773,4873,5573,114,2965,8541,259,4388,3289,6725,2831
308,6660,4924,5597,5982,1580,786,1504,3025,268,4584,659,2056,3942,8519,2215,2062,3947,385,6725
5973,4545,1802,3199,2550,2546,1494,1208,6387,3244,7452,4515,3952,6206,3556,8878,8168,9063,5566,1747
7081,5556,494,2180,1863,2595,6851,2369,5067,1308,1972,3298,5237,1184,3741,4006,952,2182,4307,6649
4539,7708,2062,6905,2575,2035,3315,5175,996,5566,1812,2364,1213,3433,2371,5210,7556,385,846,737
138,19,3071,5730,7155,7664,507,5381,6312,3863,5262,2173,2338,1305,2056,3283,2364,4040,2334,2346
6365,5079,8219,1076,8885,8637,106,2872,669,1989,6024,5168,2512,3201,7240,1531,3037,6657,3482,5556
6292,5173,2051,5559,7993,1061,2369,8766,1769,8796,3296,5973,2371,6331,6832,1238,4588,5183,4171,5560
1588,5046,1989,5206,5228,5204,219,4239,2893,1375,2758,3313,2152,5804,134,3289,3308,5229,5072,5745
3310,3442,1035,6292,5237,7700,2629,267,1038,3029,1948,1440,358,2949,1564,2500,5973,5569,2889,5764
3720,6191,6054,8571,9058,4782,3967,520,8630,1448,2172,1300,8768,9011,4889,134,5560,4572,2056,2173
1881,5245,315,2284,5210,3838,7372,1093,3847,8630,1807,8480,3082,872,3967,2159,284,654,3702,652
8080,2159,5691,8744,1017,1877,6805,3878,4109,6943,3987,8233,1882,7126,3749,8318,1231,1000,6285,7556
834,5070,3184,5125,3282,1878,1809,2168,3847,2939,1886,1036,2173,5195,8201,5804,6139,7179,2688,2466
7369,8242,5745,8395,5228,2917,4823,218,1391,6018,2882,783,5181,1972,7711,8637,2939,5556,4563,7435
7669,3456,563,6091,6312,1787,5173,5876,5159,1301,5370,5753,7482,4176,7877,3934,3892,1008,3433,3420
5178,1924,4982,5745,2062,952,7018,7325,1024,1788,3923,2359,5712,1356,3313,7169,2159,5924,1866,5753
4966,5573,6725,4053,975,360,7173,5821,5199,5976,574,5250,2369,227,1984,2062,3878,2852,2077,6806
7898,4388,12,2878,749,929,3222,6800,7708,3991,7977,8081,8750,8885,2062,1565,286,3223,5178,6018
5560,7244,4695,2539,952,4273,507,1984,8240,5390,2095,7217,1126,42,5559,2338,5822,772,8288,6206
3456,7708,6395,391,6274,2467,831,1877,3289,4385,2217,5804,1631,5390,4155,6332,6832,2179,21,4973
4033,5210,5976,3473,1600,2334,5556,4413,639,5102,2173,3184,230,4412,8434,5087,939,7465,1879,2890
3284,3209,5559,169,1079,5586,1058,6725,1103,5987,1102,2334,8796,6003,1825,4962,1126,4631,1436,4412
1355,8627,3283,2550,3519,2504,4966,6935,1157,8938,4312,1562,2895,5763,7484,1787,1417,6201,5556,5976
468,1862,4608,8881,2338,5728,1517,4015,4962,2047,2836,809,6336,4262,862,1257,6090,6909,5177,8433
2885,6891,1347,2173,4597,8496,5024,207,6347,939,7598,1080,1631,6355,1535,1008,846,1286,5181,1007
2409,130,6334,4678,5474,2923,7372,5228,2915,6294,43,5896,1976,251,1886,7755,3762,5160,3866,8544
2576,2145,251,5176,7454,4413,612,8541,830,3407,5565,3456,6046,4568,5764,1226,1558,5948,5569,3866
3341,7252,2371,5558,5976,5073,2364,8694,22,6679,2172,2488,6020,4055,4484,8408,5569,3666,2173,3888
2364,5130,2198,2893,6645,5137,8141,1976,3433,6186,7425,831,8458,8412,6518,3029,2576,8128,7743,3963
893,1706,1879,2346,1193,734,29,4143,6091,3025,1338,3313,2458,8545,8442,5973,5367,4963,1245,7248
1562,1809,1842,8693,3881,6503,134,3847,4239,3701,1126,2562,987,1778,1039,1317,4578,6091,6811,2981
849,4485,6863,3417,5231,2576,6488,5194,8496,6202,580,1972,1564,1177,2356,2981,5228,259,6093,3865
5976,1284,2151,6633,3847,796,4631,3035,5238,2658,5220,669,2576,4328,1529,5229,8196,2173,1824,1769
922,4388,7708,5201,2172,2334,8703,2913,5593,6383,2173,6538,2576,5559,1088,7711,3584,8048,1769,1091
1866,7903,8448,6655,2205,4345,4528,4257,266,5560,962,5739,5126,4412,7720,1802,5140,6491,1374,7253
830,5586,5904,8484,5592,3589,5233,3221,4172,5166,1003,1440,3766,1812,3967,5222,8419,2531,3651,6494
2222,101,8395,3864,5070,226,3486,6593,3226,5554,3941,5185,1879,773,4631,1382,2159,6091,1208,4257
6629,3757,7148,5757,8408,8220,2177,1430,949,1045,8750,1779,6891,8757,3238,3025,2369,8168,1825,2371
5182,6907,265,8045,5683,5804,5073,958,3968,6645,7443,4155,987,6914,4134,3261,5559,5253,1021,2886
3409,8482,954,7259,4172,1123,1543,6018,1972,3402,3995,6049,3025,173,3883,2504,6065,7129,3544,6206
1878,1287,507,2359,3459,4413,2056,892,1971,2546,4882,6143,5204,2340,3053,3847,3749,642,1203,3512
4763,563,8546,3543,3016,5712,8395,6499,8317,1461,6919,4053,2369,8796,1438,1157,5228,5246,3289,3471
3960,1084,6201,2016,5198,5348,1281,1486,5097,80,1487,8886,3430,5597,8647,8755,513,1977,8626,5722
6832,7257,3061,2338,2978,3315,871,5210,6827,1678,5161,4169,507,2346,7706,2063,6091,1422,2283,6206
9002,4006,6496,6725,3406,1603,49,3950,2159,1619,2975,5973,974,8467,7193,2062,5556,5560,3659,2334
2526,5558,3867,8961,3636,3838,5097,4068,4343,6950,5570,2171,3647,3883,6891,1250,7907,3991,1968,8881
5175,2480,5875,3609,4545,2153,1796,8466,8048,6091,2359,5228,220,6725,6198,3308,5566,4161,936,1393
733,2936,3190,5573,7324,3938,8439,872,2016,1878,2375,8789,4587,507,3050,7255,2035,1989,2044,5173
2644,5785,6716,3071,6725,4388,4605,2573,3029,1924,3315,4309,1108,1166,2981,6339,5587,3878,624,3652
5190,2062,1880,950,2217,5245,9059,2340,3062,2897,2632,7499,7475,8232,2576,7184,6658,2495,7720,1021
7467,3063,1398,1038,5976,835,3697,6140,3749,5712,3878,5234,4419,1262,2159,5228,4027,6024,864,5159
4030,6411,8657,3882,2334,5573,6640,1578,1071,2900,3878,7902,5734,2755,2981,2876,1769,6070,1219,2632
1880,2452,6091,830,1972,7230,6833,4962,5976,3615,5233,226,8763,5712,3013,5728,1609,892,6914,5140
775,789,4001,6155,3492,6024,4643,3184,1993,2289,2051,876,7577,4539,8191,4962,5565,3205,5330,3865
2159,2056,264,4256,6018,5597,6660,4539,9052,5745,2064,861,4631,5556,2198,8097,776,1383,2166,1969
2882,4631,984,507,1800,6503,5469,3413,1208,3518,6997,4931,5768,691,5197,2028,1578,6144,7437,3838
6798,2214,3847,1983,7678,219,7684,3511,5565,6640,5850,2341,1058,8881,1877,2548,5976,2151,2541,5712
2334,3955,5976,344,9006,3904,5317,3865,4352,429,2056,3967,8197,5201,2951,5854,8048,3823,3025,1433
2205,660,3266,5569,3184,6031,3020,4334,2172,3037,1622,8763,1886,1198,2971,1779,1044,7061,3022,5822
4817,4388,1769,3869,1095,4105,1787,5025,8737,2340,928,3299,2205,5183,807,2930,159,674,3480,6046
3038,8546,589,3294,1984,4294,2056,7143,2356,936,2369,4520,2159,4691,5131,5140,870,7294,7664,1544
5092,5238,3663,4413,7649,6318,9017,5178,3956,2359,5556,1230,2338,2151,8432,8654,2497,3449,3583,7814
6491,5973,1877,1131,2340,19,8941,2334,1963,6197,1551,805,1769,3244,5989,6054,5109,3209,295,2172
1769,2967,4412,262,6679,2085,6057,1969,798,8296,314,3420,5116,1417,3943,6546,4175,553,6008,7524
805,1989,855,8657,1196,2182,5569,4514,4088,2338,3878,8409,3289,4388,251,2758,5822,3071,1976,8395
2151,6445,7187,2172,3967,6834,251,5556,3187,8232,3007,5160,6139,7591,7886,3963,1779,3184,934,134
8515,1976,2213,6181,3622,5573,8230,5556,1880,3640,8547,6909,7202,1471,6061,3433,3268,5985,2447,2576
523,5234,4262,7771,2156,5566,6334,5871,5728,6188,893,6874,5185,1284,6656,6141,3008,4077,1453,5819
6188,6725,134,2151,1787,796,8493,6334,4250,7522,3308,3472,5903,6943,6651,6201,5211,2062,1977,805
2048,6018,6942,3757,5804,42,266,8191,5585,1886,7369,72,5248,3971,7082,4164,5161,8561,8481,8395
1787,5246,3318,134,5253,1291,6054,2668,2364,5802,4390,1251,2369,1211,792,1779,2893,6147,8232,3396
5734,2499,6649,481,2047,6353,6091,2338,261,5560,6629,2981,5303,2313,4018,3838,3310,6666,3878,3798
6974,4566,8544,2572,2062,1544,5170,1800,8414,2056,2064,1779,4161,276,2052,816,2047,5566,1878,5556
7729,6725,3221,1977,2981,4177,1250,1880,1886,4006,3236,1124,7443,8127,64,8787,3406,7385,3878,2882
5593,5185,5559,936,2338,4155,6034,43,792,7246,6024,14,3200,2893,35,6725,7487,2332,4388,2951
2062,1610,3927,569,5187,1968,1057,6411,2364,4239,639,1471,578,8762,1517,6641,198,8881,7764,7403
2952,755,3517,3905,5210,2971,1673,5973,6725,134,7429,2890,6280,4000,2047,6347,5199,1147,6054,8796
7709,2203,6725,8626,3878,1517,5822,2878,6091,6339,6652,1779,3221,2151,337,2901,1158,2047,35,134
6024,3308,134,1439,6868,5067,868,5132,7297,7750,8637,3866,265,1881,5712,3887,7474,4807,2207,5559
6372,2901,1880,8796,4776,2770,5121,4105,5559,1877,3963,7386,7705,7692,5976,4176,1971,5218,6383,3867
2371,5095,4984,8180,1785,7702,5556,1814,5238,8104,6785,6043,4389,4117,848,2576,3308,4300,3409,1182
2056,4962,3738,2205,7178,2062,8209,5097,5205,7460,8567,5870,5181,6018,3828,7517,2381,2346,6139,8540
5607,2173,6647,1963,2562,3845,7324,3915,5569,8482,1210,345,2981,1041,2427,8941,2465,2177,8567,4388
3639,1930,1976,8409,3863,2051,3030,2364,6914,5569,6647,6043,507,2950,1623,1787,4534,6206,3950,8796
1801,4385,7230,8993,3062,3019,1977,1020,6356,8418,295,2886,5782,776,2952,1283,4566,3247,1779,3354
2215,2056,477,8657,7907,2895,7708,6311,5764,6031,4001,1015,7443,6944,3003,3571,2181,1126,4430,8914
2656,8657,2749,2211,6946,2051,8420,1208,1787,26,7599,2326,5076,2465,507,2359,2688,2375,5185,6691
3878,6339,3856,4807,7324,3912,8940,5712,4617,6857,2371,8487,5067,958,2267,3890,1526,2062,672,6206
3723,586,6633,6832,4177,7898,950,5125,2334,3664,5556,4830,917,1976,3867,1924,1405,5736,6656,674
1866,4157,647,6725,6419,5556,2056,1609,6022,8460,805,2204,5566,1173,1032,6018,3433,5262,5585,5712
5220,6649,8220,3029,6643,6191,4239,1371,32,5567,7135,3114,2047,2173,7957,1527,5788,2172,5322,1596
6291,1024,4545,8881,4080,2678,2510,974,6725,646,6431,4516,6502,1042,1357,8750,6848,575,6091,4777
3244,2890,1779,134,4317,8395,3416,2167,5213,1787,8778,7323,6383,2787,999,6347,6024,313,8048,4157
4575,6091,7263,2982,5625,3308,6352,320,2338,1883,2371,7330,5247,1126,4742,2548,2919,5253,4962,8209
4265,8866,2063,251,2640,5206,6347,1077,2062,2151,5189,5176,5560,1801,4025,3867,1495,2145,6633,8637
1103,1886,4177,1849,950,1540,939,5976,5728,3697,4025,4550,13,4385,2505,1380,218,1056,1076,3766
1787,1130,2578,7672,3749,5976,7472,3963,5206,5126,8412,5156,8866,18,1824,2668,975,6091,2952,7230
7593,6651,783,4178,4224,3310,259,3967,662,4388,2574,5229,6634,4584,2145,6725,5378,1073,5764,2576
637,5569,2334,923,1880,7013,5976,1172,6934,1514,5067,1878,308,5772,1217,8395,7697,5785,7956,6481
6917,871,592,2302,7887,4388,8796,2885,1580,3972,5804,4588,5087,2364,3986,3167,7390,2924,8355,8412
6725,4046,5161,7848,2494,6939,4807,5567,8657,4016,5247,8487,6079,2476,1519,2359,2051,4526,5060,2214
3286,3864,3971,6091,3953,2198,1184,7585,1609,1421,7210,2950,134,2359,2341,7523,2893,673,5559,4388
2963,5245,8475,6757,2159,3412,5202,2173,7819,4058,5804,5096,3221,7720,2047,5853,6797,15,1529,1195
12,801,4515,3014,6024,1822,2056,134,2952,3072,1560,2629,2899,2172,8190,7114,5194,2359,5734,7179
5199,3704,771,1977,3867,860,5589,1074,5266,6652,838,5262,4555,5556,1835,8796,2812,1609,2484,4077
1878,5822,251,1643,1042,8199,134,3878,584,2198,1016,6018,4631,6014,6335,385,1219,5903,5558,1769
1431,3878,1150,7443,6031,8754,5166,4395,6163,5210,4006,3246,6145,595,4272,5184,1972,5214,730,1932
4567,3914,5901,5973,604,7287,6528,6054,2338,6312,5976,5601,1943,7325,6379,21,5198,8941,1778,112
4636,4060,5569,4965,3571,1380,8736,1886,8877,2893,1022,2939,3294,8941,7438,2688,5787,6018,3532,5818
3712,5559,3704,5069,3237,9059,507,5556,8510,3954,4248,5266,2669,3955,6645,3669,3367,2369,2156,7711
6022,2214,2334,2047,3856,269,1632,5210,1450,4388,807,4001,803,729,7898,5556,3060,1964,6651,7671
7435,833,5869,4413,5556,954,6202,5238,4545,5921,3502,7848,4612,6062,3406,7443,7258,1507,4165,4036
5566,5569,1252,3010,507,4215,6725,2846,4580,8409,2981,2214,4575,5266,4295,6683,8885,1401,1977,26
8547,1938,3029,3595,6813,5712,2051,7936,3926,3308,643,4542,1056,5171,3721,5090,206,5210,8412,37
4962,4955,8546,2051,6342,6419,2192,7956,6344,2172,4147,2303,3762,126,6280,4578,1066,5771,7487,5804
7007,6660,3967,6091,159,3417,6057,2027,147,4522,1367,6145,2359,6076,6843,1263,1989,3247,4003,1708
9011,5565,6598,1878,3917,251,3564,5215,2159,4385,134,8961,2205,3184,9078,1177,1991,1880,972,4141
6647,6294,5390,8395,3575,1950,7092,2912,1972,1406,3838,3304,2901,661,6206,5567,7956,2703,5763,15
2408,2644,2596,507,872,2364,6091,1859,2177,1809,589,787,6649,5569,5378,7002,3563,7427,1886,2359
1971,7162,4528,3420,5556,496,5153,5383,3951,1769,1238,2051,3991,5168,5976,518,21,2587,1196,3268
3010,8544,3714,517,507,1174,3454,2644,7426,7898,7462,3428,5976,5102,661,2368,41,5215,2027,3767
6499,4310,6275,1543,5734,5569,3288,7842,3318,2576,6510,1883,2056,734,1071,1031,5193,954,6652,1924
7465,8881,1567,8395,7842,1403,1968,6291,5559,987,1041,6252,8544,1438,5976,7464,1883,3981,8178,3749
3408,5973,2576,8877,7671,7481,5160,6942,3575,6286,1566,788,7487,3589,3332,861,5785,2899,6326,7396
5638,6725,2881,2369,1620,1000,8229,1410,3308,2338,2973,5569,4962,75,5610,4843,1517,233,8994,9011
6140,6918,3668,2177,1809,3981,2035,7708,3856,1429,5190,4137,3320,3029,1298,5560,4077,8219,5392,618
3951,3878,2268,5202,7397,6909,609,6785,2962,1417,1536,3115,5560,2369,233,1393,2371,5766,5171,2063
1041,5404,4584,7554,2051,8083,2172,1887,6366,3419,1866,3519,4413,5559,5879,3412,7709,2145,2885,5090
4962,7719,2511,3185,5228,1024,5069,5160,5190,2924,1564,4178,5560,3029,3952,2151,2159,662,1119,6337
2621,1812,3230,6650,1896,4159,6295,1928,5598,4301,3406,3926,6770,7462,6084,1119,2159,5559,4388,6111
7151,2353,4608,5559,2338,1866,2192,1021,3892,2901,6334,5202,6499,2205,1879,1800,8395,6004,507,5115
2334,2981,3288,1787,3310,2051,2541,2205,134,2151,2939,5569,3853,8796,5222,5734,1194,1878,8420,1524
8941,824,6147,2578,7747,8082,4962,1676,6284,2172,476,2665,984,2329,2981,134,6225,4522,1862,1963
3991,3240,1468,7381,4963,3185,8168,7820,7281,5221,1579,871,3123,6206,4608,6188,6087,5764,7230,3838
6194,8742,1873,773,2095,134,1620,1673,8487,4964,7897,5559,2154,8877,5976,3532,6804,4941,8026,7842
3882,8420,8625,8395,6140,65,3950,7456,5569,3991,6009,2171,3449,6636,8757,1157,7263,2242,2027,1866
5238,1788,617,71,6462,825,5139,4369,4545,369,2785,1041,1534,6098,5230,2469,8661,7898,833,5174
1606,2369,2173,1972,2449,5390,1122,3920,741,6070,6681,1022,1692,296,7139,6832,6649,6334,6772,865
2062,5560,5556,1769,8881,5730,2591,8168,8766,3878,3237,3289,4060,3607,3447,5199,4154,1178,4017,1779
5745,5556,2356,2950,4177,1286,2981,6641,4385,2749,507,5091,3429,1375,5753,2167,4031,1290,2159,8168
3802,4109,6052,2867,5559,5174,3844,5757,4155,794,1517,2926,4388,134,2035,5173,2215,5732,7416,3010
8418,2061,6660,1976,3812,3832,785,2769,4302,2971,3013,5435,5585,3420,6018,5114,35,4586,1123,21
2172,5822,3185,1800,2532,2051,1977,8763,2250,8542,5247,5556,2056,7400,2047,1216,7324,7252,1976,3310
4748,134,6197,5166,367,4389,4580,6673,1524,1578,5573,6091,4388,6188,2576,2056,6652,7809,2051,1208
4134,6501,507,1508,275,2230,1368,809,5712,3025,2215,6499,4677,2700,4389,3775,2056,5883,648,2065
4533,3038,8395,1359,2674,1704,2051,1461,1588,7458,1883,6145,5973,1459,2171,6134,1977,1769,5990,1779
2273,2159,3386,1770,3657,5178,5166,1778,3845,5976,755,8740,2051,6031,4155,2334,1500,3444,648,2973
5210,3942,3172,1403,6031,838,4388,1118,8827,3668,2173,6499,2550,4686,5556,8192,2793,6091,5224,3840
3412,212,2755,9051,1886,2332,6725,5586,2054,4545,26,270,2364,2922,7909,219,5728,2173,8985,6347
4334,5266,5226,3244,3112,4962,3903,3998,1777,8638,2556,3026,6650,3945,8654,8396,833,3836,828,2076
3685,2514,6054,5712,3083,547,1457,3925,5785,6434,4413,1062,2057,2878,3226,962,1308,2359,3966,8395
7374,6395,507,4239,227,773,5712,1866,8546,1467,2576,2048,1924,1977,3981,3116,1862,7122,1877,2334
4388,2056,1769,3540,5770,142,1934,2504,5266,8544,5595,3042,4932,6650,5162,3752,4550,5184,7487,5209
1429,5090,7982,6633,3437,4023,821,4234,3963,2371,7770,3878,637,5210,8476,4329,4823,651,479,251
3967,3212,8546,7753,7443,4590,973,4134,8414,3247,6376,7649,1119,3878,1788,4353,8881,2338,3971,1376
288,2052,2176,4318,336,7093,7549,1812,5183,2152,4631,507,4177,3945,5559,42,728,4266,389,1989
2371,8412,1514,2770,1877,3318,5872,5247,8430,4855,2299,4567,233,3004,2943,3111,26,6914,5390,2952
6020,3029,7303,8078,2205,4323,783,5221,6725,4413,921,2048,5267,3025,4962,2045,4528,7708,854,6167
2062,1196,801,6358,5206,3019,2153,6080,5188,5096,7463,6834,2954,3029,2172,6548,7430,2047,5087,3758
6346,507,2208,1825,4965,219,3864,2576,4261,7454,8880,3420,7310,5189,5745,842,5201,639,8766,7852
2761,3338,7176,8540,733,2062,3447,7443,6685,4581,655,3010,7445,5237,4413,2371,3991,365,8610,2973
4160,5822,1522,6188,3145,2981,2056,6588,1528,755,5190,26,4861,5783,934,2159,7522,2062,3334,1977
1958,3019,3447,4370,9008,5976,8880,3200,6844,507,2338,669,6517,6187,8191,7720,6334,2562,1880,4013
15,1365,8462,7545,134,6091,8634,5206,1207,2398,8737,6833,6605,1787,3372,6725,2340,3029,1879,8504
2364,3865,5753,1924,2173,1822,7479,8977,4908,5773,563,212,4182,474,7709,2973,6571,4155,1987,5973
5159,2825,2056,4388,3014,8496,2062,3231,8786,6779,1194,2051,3244,4040,2575,5862,3007,7375,2578,2253
3963,7685,5804,1408,5764,5182,3185,1238,6484,7164,1898,5210,2371,3420,1971,7569,8409,8623,6018,8856
3543,5977,2371,7061,3205,4172,1108,7951,3225,4746,3509,1318,2919,1494,668,2056,985,6284,1800,7671
5976,5032,5185,5238,2369,6544,3338,2371,6202,6308,8636,5567,7465,3738,2338,4738,35,4605,3838,1977
2056,2755,5377,8395,5204,7133,5184,5753,4177,1429,1983,221,2893,1972,5586,5712,2159,1976,1880,8393
5183,4932,3318,2574,2958,1474,2993,6952,2971,5712,8395,3244,2152,2930,1405,4155,773,7615,5753,6187
3029,4585,2951,316,7014,2035,2205,2369,4631,7007,8408,1976,8894,134,2151,8626,776,1977,8769,733
2419,4152,7374,8657,1391,199,1787,4730,7771,6777,2957,7325,7426,5173,1284,1879,807,5013,4177,734
7307,2371,3230,2364,809,1779,5559,3283,1158,1886,3319,668,8542,5198,1880,3289,2200,7650,1071,1208
4006,8395,5138,3064,385,3725,2534,636,2950,1744,5174,4007,3971,6145,3694,1157,1282,6726,3489,2156
3607,5266,3318,6917,1283,5976,5569,6725,3865,3452,5102,4172,2214,3282,1482,1499,8877,8097,1237,7714
8796,6091,2981,8547,1736,3317,5568,662,7522,134,2359,4774,2047,8479,5559,637,3954,2062,4173,130
1825,8542,306,4975,8657,3308,1777,1877,1033,5734,8279,2334,173,2193,3406,1112,8412,134,3294,5556
4880,3025,642,4082,3999,3878,8192,7716,3863,6640,5381,8546,975,3971,8168,8626,3832,479,2492,1989
9007,5228,1450,996,8409,2350,2520,6725,8238,5745,3969,2929,8053,2159,8637,7750,1877,789,7842,3838
3433,3190,2205,1882,4962,7405,9013,5955,4631,1514,2371,1881,596,293,2352,1976,3184,4966,2047,1787
3026,2878,9038,5987,219,2537,5745,4177,5769,1785,2047,4962,5976,4155,8180,8772,8168,4249,1769,2364
4545,5757,6293,8315,2173,1275,3412,1882,608,7443,6319,6172,4514,3435,3795,1237,7053,831,3083,3981
6294,3328,8630,4155,8432,5730,6499,1009,7443,6091,6043,2334,3576,1041,5795,5262,8103,3841,2062,5976
1534,550,8877,3963,1879,5586,788,3971,6903,8941,177,4249,134,3266,5247,7697,5973,893,846,6211
3308,5558,2062,5228,5973,654,2017,2371,228,2056,2171,7454,2800,8395,7868,2047,3316,2359,5367,819
4984,7698,5024,8180,2062,1882,5601,1886,5736,5890,3836,5755,1429,2173,6650,3184,8467,5191,5822,1924
3709,6278,2205,4519,6640,2193,4650,3559,471,1208,1851,1324,7474,8824,544,5234,5178,2016,4161,6848
3318,388,8763,6094,1921,7455,1880,1821,1779,5247,2063,1879,7487,5573,4578,5804,310,219,2369,5044
1104,1265,1877,5585,15,2334,251,5887,7848,3259,1208,5880,6803,3868,6091,4388,1989,637,4105,1023
5559,1276,1798,3740,3025,7443,5560,5242,1880,2973,7324,2252,6091,6949,1676,385,1393,1971,2192,6015
1543,2371,4965,3171,7369,4134,8744,292,746,7714,3504,481,2173,2063,563,5253,3066,5559,1736,4105
4155,8393,5097,5609,1876,812,5757,3283,1977,2750,4548,3784,1983,7369,5229,3406,4545,3839,7200,4388
8104,1904,899,7369,7527,4389,1878,2159,954,733,2172,1211,5168,3420,939,6091,2961,3866,1779,3370
2670,4631,1225,6395,4388,2159,1031,5560,5804,3460,5610,7462,953,7889,7720,5569,6095,6070,2885,2755
6805,7857,8219,3184,1809,1930,4631,292,2549,6091,4388,3294,5766,6347,6372,120,2172,1117,1989,5048
5584,5973,2971,7443,2359,757,5559,7876,4011,3208,6294,1524,4597,6059,8740,4726,6356,1532,4395,2334
5596,5795,3537,5176,5087,3029,1974,2942,4170,7956,3650,5973,1202,1809,7310,2156,5732,2878,3559,5237
2159,8877,4006,5133,2346,3938,1568,5976,5179,5785,3389,5097,2064,3010,4134,3055,4001,2341,2177,3294
5266,1000,1878,1218,1294,3934,6297,4962,268,6206,805,2371,6640,2338,4118,3567,4092,1565,1274,5804
1020,2035,5566,7125,4962,734,2936,3778,2062,5389,6202,3940,4405,8524,8420,3029,6188,1543,1238,5266
6091,5900,6974,4098,2369,8796,6273,2205,3920,6054,7696,2372,2550,2408,7250,7400,5127,1398,1381,6647
5556,8151,8657,2545,6833,6372,2899,5920,8412,2893,1199,8546,609,2151,2159,2371,4464,1859,652,5559
5804,5625,672,2474,4962,2897,134,2924,1572,5800,7671,2173,6018,2159,1030,1769,834,5587,6055,4533
3981,1880,2329,809,3086,2981,7439,6186,5559,2550,2334,3618,1067,6018,4388,4545,7624,2035,7556,2047
7480,5077,3922,1561,6939,5557,3247,6945,3691,4654,4037,2053,3257,5804,5772,2068,7434,1987,2750,7556
5179,839,2576,563,4018,4216,1077,1155,8885,4605,5559,6974,2352,2047,1886,1377,6819,8546,2152,3282
7349,2156,251,5769,7908,8219,1926,1886,8223,649,639,2308,5222,3029,1084,5596,1037,5556,1517,6334
3161,4002,1092,3025,8496,295,7481,7551,2047,8284,3882,2171,6091,5976,5177,2539,4631,2205,6612,6018
1273,8395,219,1257,6026,1862,2878,6020,2536,5292,2548,1356,4006,1301,1171,5250,7368,5596,8827,5173
2062,5804,2603,8412,2977,8203,1824,3716,2214,659,6650,6938,3864,4728,2056,2860,5976,5567,2159,4077
5567,4060,3655,1167,8229,8409,2697,1126,8633,8734,5233,1020,22,4155,1006,1879,8393,21,385,6524
5229,6645,1878,2051,8630,5096,4984,5604,2882,1565,4059,2717,8545,1234,581,1921,8344,6382,5973,2062
6324,2051,8218,7257,1128,7708,3036,6928,2048,2981,5560,644,5178,2173,5026,5244,1286,5556,3412,8657
134,2172,1991,8172,1562,3950,8408,1878,2056,1461,4314,1736,2371,5898,7481,2680,6909,5381,3025,2575
6491,668,2814,578,5785,219,6336,3029,6049,2369,4388,4074,2074,2936,870,5712,1878,5976,4053,156
7758,2568,3724,2949,6656,1769,5429,8554,2270,1929,2539,1064,1787,2871,6047,8229,3902,1182,8412,5976
6054,6975,5130,286,3879,3678,8796,5785,864,5688,7421,6651,1425,5560,1886,3582,8990,7439,7697,26
1361,3991,8085,2047,330,2272,1056,4526,4542,3009,7472,18,2455,6833,1529,1886,3878,4052,1504,4876
865,809,4385,979,5234,2205,4006,5211,134,5266,8932,5056,8504,2576,7271,3184,2469,1033,3838,3695
219,3929,3244,5925,233,581,6031,7516,2981,6193,6942,5530,1387,1729,5157,7325,5568,3917,4413,6335
2019,3308,8589,6510,7517,4567,2750,3238,8766,17,2347,3986,4937,2063,8214,2172,1070,1235,3025,303
4389,5559,2056,1421,1926,647,5569,794,5367,6059,1880,1879,7666,7049,8423,3025,5785,5975,3981,3910
4412,507,3025,773,1825,7709,2952,5568,2051,1866,1886,5388,6588,288,6835,2172,6906,4035,3010,3182
4521,4161,1231,1257,2936,2051,507,2894,3709,2682,1976,557,1567,3828,1921,4390,3294,4026,5095,7299
5556,7010,2604,6649,5507,1971,6351,763,5199,8481,2252,3016,1624,7443,4124,4388,5843,2927,276,7709
6070,2172,3867,6294,581,5195,2334,7454,8780,6186,2466,844,3615,8886,2792,2193,268,3966,1500,5390
5804,2205,2151,6649,3825,2894,3478,4851,8395,1824,1825,6136,2217,4841,691,2773,940,4582,5573,1000
1769,2369,7999,6280,2214,6835,7556,6725,1825,2289,8409,8083,921,177,808,2152,1361,5982,7671,6091
7435,1215,2334,219,2981,2371,8776,4420,3843,841,1877,5114,8229,7711,6015,2208,7358,2151,2056,6039
874,4293,1958,4961,1163,605,5046,8961,2051,805,3938,2652,390,2466,1529,1609,6374,1779,15,6919
5179,2750,3878,2338,1175,5137,6143,2214,4962,8552,1800,2955,3749,7290,8107,5245,6334,5559,3317,5728
7136,6970,6651,6343,3363,5887,2409,4363,4155,3030,1882,251,2051,1201,1381,2145,507,2346,2172,7369
8459,6091,6649,5206,3153,3594,1769,3720,1202,4134,3047,963,2334,4631,3945,5578,363,1375,673,8395
1976,7443,3886,5730,3867,5678,2528,7146,3738,1314,7683,3836,3449,3863,1862,1800,8198,1250,6016,8544
3918,8955,2172,6287,6345,1126,6091,1977,2359,2196,4962,3999,1459,2182,1769,1787,3047,964,644,1886
1427,5734,8051,7122,3982,5102,2063,3674,3846,2950,3863,7443,2755,5234,2252,332,8541,5559,3838,674
8420,300,4595,4545,1877,5182,4413,640,6655,2047,6909,3447,3967,5102,1111,6291,2159,6334,1264,5180
7714,1565,5173,2027,1866,3409,507,3648,5559,2173,2280,537,5897,6755,2063,1399,7324,2338,6875,4388
3184,2893,6914,4160,1878,1886,3029,580,3014,3242,1993,1262,3960,8762,2205,6639,5173,2063,4962,3566
2973,3908,5139,1879,7369,5212,3671,5743,5810,299,1515,1438,5177,1769,8545,1922,5753,7302,1475,1862
2462,2890,5266,3974,8231,936,6191,266,5566,2334,140,1989,2363,1398,3838,3740,6512,2214,3622,5132
8680,4589,4389,2469,6091,1264,5266,4410,5556,5753,2899,4878,2062,8102,7464,4123,990,5101,4155,1866
2047,1986,2364,4556,7427,7886,3771,6353,2055,1263,1167,4297,2172,1779,4962,8858,1968,1499,3025,1417
4402,8883,4388,2171,6024,5887,3077,1035,3184,2159,2334,3905,6909,4155,1103,893,4962,4965,3433,1749
3026,2897,6140,1193,7075,3878,3406,3966,1546,5822,5574,8043,8482,7714,2901,2965,4565,5976,1524,1403
1071,3026,7443,3243,4157,3867,3967,8796,3483,4413,3998,2755,2205,2408,4051,2919,2056,6647,1263,3025
801,2894,1878,7454,5262,2153,1535,35,5728,5177,994,2951,1944,1924,1392,3495,1128,9041,183,1254
4964,3359,4517,1072,5161,3592,3847,2885,7890,4548,5785,1038,2051,2056,1600,2063,1809,1976,6651,5556
