4653,669,2939,1873,1397,3163,788,5229,9077
5566,3604,6202,8761,2173,4533,4159,838,5155
36,5236,2755,2576,5266,5391,5222,6909,3691
8177,2890,2893,6730,1273,3313,8796,7163,4397
1864,251,1421,3420,5266,6379,653,5560,3034
2894,251,2062,6372,8881,1064,6800,4017,3918
3991,2344,5592,3767,3231,2177,2496,4324,5976
8563,6645,3717,5220,2924,844,707,1801,3878
5822,5067,1208,2152,2217,8540,7369,6054,4329
7714,8219,7325,1365,5266,1093,1570,6811,507
5232,8176,5560,783,2576,6186,3034,8393,7480
141,5140,5590,7678,3581,835,7845,7711,5223
5114,507,5569,975,5243,2156,18,776,5246
1016,22,8991,6201,6070,1873,1886,4564,705
3238,1992,5804,5883,4896,2062,2364,5195,6073
2177,5734,8769,3706,6503,3993,929,8657,7466
8168,6331,7443,8941,8657,8542,7369,3283,3029
1822,5556,3727,2575,3967,6918,6342,1775,2364
1022,1446,3868,2313,1041,5073,7608,2222,2688
1194,6347,943,2052,6651,3308,3412,1769,825
993,2334,7159,3991,6091,8048,5569,6031,3221
5215,103,4539,1873,2047,2159,1264,1033,3882
4157,5154,5045,4774,6091,3566,5741,4962,7460
3164,2371,2421,1550,1488,88,3086,2977,1409
1161,5267,7321,5573,1285,6649,785,6640,7372
5976,4169,1989,5237,1879,8409,6191,3221,5266
1024,2488,5569,5976,1718,3838,5031,3026,1504
5231,1880,6080,4044,8097,2062,2465,933,1030
5573,3951,4001,3412,2476,1399,251,2893,6070
3029,8961,7329,1103,8168,722,3657,3310,3161
4385,5130,6831,8083,3406,1517,1877,3641,212
271,5820,1267,5734,1968,2214,5590,5185,5560
7090,4962,6055,6091,2056,5233,2223,5560,874
669,1983,32,2564,8545,5830,8657,1825,8796
5569,5559,2868,1406,3377,4961,5764,1007,8432
2054,1499,4002,266,64,7714,2917,5560,5556
3289,1880,3282,2901,1976,507,2675,3720,2051
7288,974,3963,5229,3356,6645,3966,6611,3024
1495,7600,1058,5178,7482,3878,6665,4555,1873
18,1112,3406,1073,6019,1286,1361,4076,8633
1121,6305,6705,1886,4984,8414,2786,1301,3474
8796,1871,4318,3308,8780,3283,1402,954,3828
3945,2159,2369,8236,6019,4172,6648,3184,8745
5185,1673,3113,7242,5827,7425,3922,5567,4060
3117,5166,1524,7678,3005,6070,3075,7519,1108
2647,6145,4124,6510,5769,3866,6018,1866,8750
3517,2051,4517,2252,6069,4561,1878,906,365
7461,1034,7820,659,643,1124,1977,3310,3420
3969,8341,4077,3310,2355,3953,1245,2939,1144
6725,4558,1157,497,6473,3892,7180,6070,2901
1015,3490,3932,1818,5204,6334,1256,5400,3294
4262,2151,7436,6022,5161,5565,3878,984,3539
6339,4177,2604,3878,3963,8469,7508,7452,3283
4159,6201,8543,1058,2541,3192,3185,5566,5970
7709,8637,6483,5374,1880,6347,4430,1425,832
4558,1488,6070,4631,1637,4412,7236,5976,134
5734,1553,6146,2039,5134,1318,8886,1374,5345
5156,6725,2056,137,1487,5853,7897,6340,3965
2541,1779,3029,3714,3671,5172,7491,8796,6831
3878,3966,3569,5691,6067,2145,6031,5585,3559
3584,3963,3959,1410,5967,3412,3385,1051,7374
5586,507,5804,5569,3412,1088,6201,4539,8514
5753,106,5560,3985,5184,2205,3809,6383,7495
5173,1971,7615,1361,1878,2359,2057,8763,1160
4799,5381,607,2666,2151,387,6656,1825,6278
4548,4631,4519,6202,2159,2051,2205,5903,3184
8667,1972,2214,6833,3010,112,4198,5208,1991
2334,2208,2878,3025,5785,1110,7164,3999,5250
8542,1276,2371,1703,4388,4169,2499,8517,1880
3225,8770,6165,8987,4981,5099,921,1587,4373
1079,2801,1924,5920,3766,3933,1175,3079,3053
4545,5233,2047,1788,8086,2952,5170,4025,3037
7438,5753,5236,8493,2444,3778,155,5889,8941
5559,6395,2882,6640,8494,5221,1769,8400,6499
4033,860,5785,3933,2056,1093,6454,5797,5804
6139,2062,6339,5766,5073,6061,6191,270,1971
1042,5214,2057,648,5573,5140,5810,2334,4389
1886,368,5569,1812,1822,5115,4119,8420,8771
5266,6205,2552,7078,2064,1880,5178,3215,7332
15,5181,6204,8744,3068,6276,2047,1157,1991
5559,7485,1787,1242,1498,8881,6091,5266,5572
2897,2576,4959,5976,8493,5569,3283,4351,9007
2981,2159,2334,43,1376,7879,3942,2531,4545
1609,2051,219,7440,631,6070,5597,3029,4026
5266,5569,2369,6395,2644,2576,5556,807,5762
6650,7372,7720,7472,1449,2159,979,4146,21
6164,1431,2130,1991,7697,1527,4545,7180,1980
2524,4975,1170,3710,616,1228,3960,2939,5982
5712,7092,6318,5560,6177,1171,595,5166,2156
7848,2173,1932,1886,5976,3132,6510,2343,4239
1404,6651,6061,4134,3233,4343,3425,2051,6403
2446,5092,7856,2173,2151,8998,8476,4735,4309
5976,7472,3847,6499,1455,7123,6091,1880,6061
2151,2051,5250,1559,3958,3029,7585,5221,1528
5567,805,3998,5246,3246,2062,2172,3353,1944
5131,6176,4177,1880,507,7180,1882,1367,7711
8546,830,3282,1862,7436,5976,2156,8782,5560
5976,2172,4985,5752,6023,5379,2171,7335,1058
4791,507,4006,8409,1564,2047,2302,2346,5769
2077,4605,1779,42,3025,2218,586,230,3373
2151,659,7753,1779,479,5020,2159,5190,5734
1607,5087,7481,5617,5569,646,2051,7603,8173
3315,1208,5469,6978,3860,8544,1174,5380,6827
1177,7603,3025,8859,8943,2878,4305,4878,4595
181,3967,8961,219,5556,871,1574,3164,2359
4324,5559,5952,6091,5173,794,2371,5569,8395
3135,1355,4855,8231,5606,1628,6943,3490,4545
7623,2763,5556,219,5094,4388,2001,4578,7262
3406,9003,5610,5383,1827,3963,3184,2182,1252
3973,4155,3449,6914,4962,2250,1989,1769,570
8225,5569,134,6640,6652,4834,1267,1806,7523
5976,1812,6091,625,6343,6564,4042,1172,5559
2051,2062,7343,4962,5586,2755,5139,6806,4163
1078,2359,6725,5081,1878,5973,7136,8394,3886
4397,7429,4177,8420,2245,3999,7324,589,1361
1086,7516,963,2172,7685,5600,3649,1801,2898
1873,2576,2890,63,3083,6864,2172,972,3863
2369,4807,618,1787,4339,5795,8950,9000,1742
15,7466,6197,3184,5206,230,507,6007,4024
294,7720,1478,2051,8479,7302,6375,5569,3672
1822,8979,1113,1540,3898,3960,8886,8461,734
4177,8484,4975,2173,2159,3422,6725,6091,8940
3375,8756,7425,5569,4807,8881,1224,1769,1439
8881,8508,8451,4257,4001,472,3310,1021,2239
5560,8446,3412,7897,5117,1801,2885,274,1263
5228,3485,6846,2338,1809,5586,1216,3184,6662
3184,507,1878,1550,1368,974,1977,3913,6483
3160,284,5770,2055,5973,5585,7435,251,6891
2056,2886,8105,251,5211,5569,2975,5753,2575
6008,2755,7779,4134,2488,8654,2893,1015,4578
1859,2056,4933,6391,5569,7197,7201,874,6308
7095,1425,2898,8229,1968,5101,8432,7149,6379
6019,2627,1105,1208,5976,6439,6585,975,3863
8881,4132,5728,1606,1976,2056,5804,3029,2122
2817,3420,3778,2177,7523,1411,8637,4006,1580
2371,6188,5367,1282,2490,2558,1253,4002,1380
974,5902,2217,3414,8856,5560,6014,7801,1779
2371,663,1123,1198,6018,5207,860,3105,3027
5190,2088,1612,2338,4795,3053,2930,2538,2878
3954,2981,3417,5266,5166,272,5559,4357,5804
5770,2214,3305,3864,5804,3323,5753,1629,1787
8941,2151,8884,5096,919,5185,1976,3233,2173
8223,1095,2455,2217,1873,3838,7462,7577,8504
6201,4973,5804,8395,8676,5237,928,1174,1358
5560,1785,8493,774,3514,5556,3996,2051,1866
8129,6279,21,2838,8006,2172,1576,3647,1565
9085,2056,6725,2159,2890,1396,370,2897,3878
7874,5119,8395,3318,3789,5168,938,2051,4157
3618,878,1881,1877,5214,4388,5717,1632,2642
1986,8413,1968,2359,7273,3649,1051,3185,6725
809,2375,3863,5876,1235,6773,8832,831,5976
8826,2969,8737,8155,2257,7875,4347,5804,1787
2159,1472,4872,8432,8395,3283,2495,1028,4039
8657,3646,794,3828,5140,3838,5573,643,9074
3981,4109,6939,5179,2901,5191,3294,5487,219
1989,6197,1788,2172,6939,5559,8852,2576,3184
2171,2172,4962,3625,1600,5982,1574,2182,2051
2273,2055,6236,2180,1285,7579,1609,271,2062
3595,2890,4060,4176,4561,3514,1787,604,2406
2249,1613,6031,5565,110,4134,1421,4055,5822
6054,2564,324,6725,4944,6969,6499,7126,4006
5559,62,4962,936,1984,18,2465,5266,3436
1882,2346,4033,9083,3504,1732,984,4346,8755
222,2334,5961,2930,5556,1526,6275,3699,2056
4388,2016,7984,3184,4255,5250,4006,2145,1055
5211,2231,2478,7323,5579,1375,8508,8638,4753
8543,6202,3615,2217,4555,5205,1989,3393,4053
267,1507,2565,3950,6354,3882,1877,6270,268
5764,2369,2051,1977,2755,6071,6018,3025,8445
4010,5174,6517,6024,2062,4533,4573,1036,1340
4831,3865,6159,75,1194,8874,3717,4631,1051
1273,4388,3184,1535,4631,578,2182,6018,3292
5266,2338,2062,3878,8219,8193,2172,8370,1609
3025,5712,2412,3184,5225,3283,1154,1769,8914
5764,3447,8399,1879,19,3010,2334,6640,5560
2056,4388,7186,5194,641,6942,5566,6189,1128
1407,1882,6395,6785,9014,8395,5087,5076,6392
3185,2683,9007,1769,5559,2151,3123,265,5381
5569,8315,2886,5022,8201,4962,8096,2476,2364
2334,1175,7766,1499,2172,299,667,5390,8657
3433,862,7131,3387,2056,2981,1976,6407,5194
5977,1968,7900,3522,1971,7683,697,4895,2051
2901,3385,4171,6833,5239,3025,5566,2063,6013
25,3026,1032,2359,4141,1027,21,8103,8211
5178,2894,3955,7323,307,4332,3519,8942,8737
2541,5266,3423,5764,1796,145,2981,5560,2153
8399,5754,6777,7286,2061,2145,8657,8432,2188
2217,1564,1927,134,6640,2334,6020,1879,6018
2159,8423,2126,3930,3655,3422,1517,1031,1025
3720,8626,4388,1769,3452,8886,6503,8796,5751
5712,927,3047,1469,2510,2183,3543,3284,7480
3720,5097,4230,4973,5229,5078,3687,8408,2550
6201,5976,2062,7770,2198,6278,2369,3317,1580
2575,2159,4545,961,2973,5569,6189,7434,5194
5082,1827,3025,5160,4157,7660,4078,1058,2755
5973,1504,303,5042,288,4543,6935,1946,1879
6200,5976,8895,530,1225,1963,4175,4006,733
6367,8855,5103,481,3318,134,6649,2369,2338
3959,6018,1809,2159,4169,3472,6188,3954,5556
1862,5899,5256,823,2063,5607,3018,1227,5973
8424,8442,8267,4245,1143,6725,6024,7122,5595
4242,8222,4966,2951,5179,2495,1215,5734,2981
996,1022,2575,5734,2884,1871,5069,5319,3838
37,1478,4395,5560,725,2173,2205,3308,5772
4631,134,9028,512,8194,6641,5976,2972,1530
7161,5766,2886,507,2618,2214,6725,8557,2981
5804,1983,7430,2971,2027,3878,3314,2062,3745
3836,2371,5712,4157,2312,7134,3431,2755,4545
7750,1862,5977,6334,6946,7805,848,2952,1972
6651,3684,2056,5193,1977,6909,4227,1547,3610
288,2062,2901,4155,1003,5089,4134,1212,8782
5560,8472,8404,5110,8493,3591,6641,625,1241
1976,2894,4545,1522,7756,4257,3892,2063,1393
783,7135,960,401,5379,2051,3213,134,933
507,2941,2546,8169,1886,3013,6302,1929,849
8447,585,2334,1157,3882,1429,5567,507,8877
8168,3025,5266,134,4052,5976,2371,2545,7432
3029,8881,6146,1877,2907,6338,8546,1972,1569
5559,22,1924,1866,5566,2172,574,6836,1168
8766,5560,5734,1504,2536,6649,2534,5112,3648
8395,3999,1984,818,3059,5210,3917,2899,5556
5167,8514,1395,1382,1880,5587,5228,6421,4304
5174,1769,603,1800,4545,2369,2371,32,5199
5281,507,5228,3114,6091,7897,4006,6301,1494
2151,8190,4006,2173,1158,2980,1953,4546,3246
8394,7456,5569,5573,4538,6202,3274,604,7443
2198,2332,2576,6146,2444,6008,3184,6846,5097
2587,2205,1932,1167,1078,4413,5073,3246,2051
3920,2352,4555,4155,5215,5804,7899,2418,3883
6649,7819,1769,5712,5556,5567,7556,6989,1880
1944,7325,4388,4060,2688,5893,1415,873,2371
2363,8048,2159,8796,6656,2056,3073,5390,266
4399,7981,1062,1044,1021,3244,8546,4223,297
1406,4105,3146,7556,2755,3618,7511,1886,5569
7167,6091,7694,596,6144,3956,6054,7560,2173
4388,8189,3838,2532,6493,7228,2971,949,1147
6337,5556,1926,228,501,2755,667,5559,7697
5187,4006,1972,7788,5559,4349,7427,3878,8961
8048,1115,2053,5232,3283,7368,2950,2159,5625
2632,3054,4036,8547,1004,1878,2047,6294,4561
507,2173,3886,2981,5804,1048,5266,5565,1637
6647,8501,2951,1589,1977,6818,3029,8650,6656
1834,223,8399,35,6091,2692,3457,6891,1825
7425,4006,1226,9059,1244,1866,5790,3282,805
8941,5559,219,3243,6175,5266,6798,5101,2338
6018,795,3289,3184,1184,5166,8395,5567,3878
1874,4388,5174,2182,7343,5926,1989,1886,370
1208,2359,8396,6172,1489,3318,80,7129,1881
6206,3838,6623,4818,8036,1192,5266,3760,3636
3044,977,870,8682,1559,4631,5976,2159,7164
6294,5764,4302,3318,1866,1878,1058,2062,6091
3310,5375,8877,3522,587,1867,1317,5573,6993
598,2056,5764,588,8395,1438,2240,3878,5599
507,8630,2153,2208,8222,4239,3836,602,4528
788,4077,1107,5769,4413,6725,2275,1637,7290
3043,5926,5569,578,4807,8393,4163,3010,3867
4011,5976,3010,8435,5595,787,5174,3749,1861
7819,1971,828,6522,6415,2346,782,4388,4162
1879,477,4245,2747,2878,4631,2371,9082,8883
1112,8546,1769,1866,1620,1982,3904,7469,3489
4298,5266,5155,301,2056,565,6151,1579,4755
732,1042,2056,5569,5804,8943,8100,8444,8496
3318,4030,6832,7312,648,8395,1082,3967,1779
6657,4388,134,871,2364,1986,595,6261,1564
3746,719,3406,6499,270,5753,3838,2151,6280
1878,8637,1123,3185,8242,2172,1787,1972,4388
2151,7369,790,637,5166,6757,4083,7297,3292
5266,1812,1783,3774,1957,805,6759,8796,8484
826,5559,1746,1939,918,2644,2047,4545,6928
3863,3160,5822,4606,6725,8220,5233,6485,832
2873,3838,2333,6521,1769,8418,5795,3406,1285
2375,2364,5556,8941,3498,3171,7664,8567,5976
5166,2062,5976,3310,6384,971,6080,3853,7129
4827,5569,873,3184,1748,7263,265,1473,7414
5890,1271,3345,5585,3909,987,5728,3478,3878
1924,8418,2647,507,5566,5173,6024,8899,1779
5229,7453,4704,3960,8619,1829,5835,4522,1880
2343,7436,2981,531,6026,43,4799,5109,5982
2341,4134,4242,7409,5861,1235,7615,6008,7956
3184,6001,8398,6424,2985,4770,251,2056,7454
8742,5206,5559,6483,2168,6451,7520,3238,4962
3025,2901,9007,2936,3981,1879,985,1208,8761
5728,5097,1777,5560,5734,979,1254,4609,6842
1947,4631,6338,3838,2205,820,2565,5113,3308
6057,848,2026,6103,3943,6334,37,8961,5192
3133,9074,1769,5880,5073,4964,3060,2939,2173
1779,5785,3005,2359,5973,3447,5074,2922,3950
600,6202,3331,7164,6830,2364,6725,3890,368
5556,2907,1785,5709,3333,5182,4134,7487,7135
4311,4962,7255,1078,521,2472,5165,7289,3874
7902,1769,6725,5606,1133,186,4838,5734,1118
1865,4388,1976,2532,1586,6091,5560,1879,3691
2476,2123,251,5804,1042,8627,1596,6833,3970
8447,5245,9081,3185,4545,5712,5903,5250,7454
5560,2519,6529,30,1507,2901,8545,5569,3687
2587,2755,5610,1265,8822,6833,3550,4631,6725
4413,7289,2576,3812,134,8131,3208,2662,1293
8176,1993,1429,5753,5247,2051,5208,7480,4158
5451,5753,1977,8546,3025,5567,4006,3204,3522
2750,1244,2543,2364,9092,2324,3838,3654,5319
6998,636,2564,6849,5390,2644,1930,3025,2837
792,1203,5567,5716,5973,2059,3795,134,7168
2465,6578,5566,1308,2901,8769,8181,1924,1621
2863,1866,1787,3244,1779,1507,1882,3835,5174
3507,3991,5198,3807,9057,5753,1267,594,1486
8382,3833,2062,4159,7250,8796,3389,4545,7162
1130,3353,8504,8417,3969,2334,2056,5728,6647
2061,2878,5569,3981,1567,6091,8221,5028,5560
6728,1787,2217,5784,7957,5228,1771,7092,3204
5215,575,8399,2878,5190,7260,1043,1429,2051
1972,3581,4155,3308,2334,4022,134,961,7707
1926,4537,5073,251,2051,3945,2226,8245,3467
1862,2369,5577,2525,3308,260,7302,2550,4389
5804,3838,8993,5757,973,3960,5194,2063,5596
4542,4155,4171,3097,6909,5973,3208,4631,4528
2961,5173,6206,251,5239,3967,6912,1046,1954
9076,3847,2159,5210,3961,211,5208,937,2658
1429,1297,644,6772,6941,2870,8546,1769,4962
3981,3412,3762,5560,2159,8447,3056,6052,5989
3029,5596,5228,1977,2047,2059,1787,6030,2334
5261,134,1407,4157,2062,6785,2035,4534,2334
3878,6946,608,2172,5245,7360,53,3308,2047
3244,1041,809,8991,3672,5114,8228,3778,1261
2550,1290,4155,5976,222,2576,1507,3053,7297
3294,2051,7310,7612,1924,1123,1984,6140,2090
1524,5369,6046,7328,539,729,954,8447,5556
2010,2173,3192,2131,3185,1017,2056,1275,3922
7770,7369,5237,6076,2364,6909,5772,3050,3892
951,1018,1208,2359,3244,4843,2641,1564,2490
2145,2352,3454,5209,1438,3294,581,2797,5069
2171,4385,4176,3643,5922,4962,2177,4518,8718
665,642,2539,1873,4385,1489,1284,8657,5610
5234,2541,1977,4882,2562,2341,1235,1879,507
3413,4214,8194,5804,1908,4389,2225,6022,4962
3720,5204,4978,4490,3878,6022,3185,8225,9011
8474,7216,8650,1880,277,2369,3941,8763,5734
2205,4230,7586,8630,3184,931,3026,3969,2173
3922,7714,2182,7767,839,1993,1185,3655,8761
5622,3920,2217,7746,7303,2193,8638,3974,4962
2364,5739,2755,3847,2338,1027,5804,8746,300
1216,6070,5820,5236,1972,1541,1236,5237,9049
1107,3878,3294,5210,7076,6725,1812,2338,4077
6725,2159,2755,4345,1873,6796,8439,5556,4577
5210,5753,8419,1038,294,5556,1977,7716,1878
4368,8759,2192,1236,1809,8625,9032,1511,1976
6179,27,1655,8393,2945,2901,5690,1828,8637
233,4109,8148,5215,4134,6725,1328,7128,8214
1862,874,7870,6024,2830,6201,3838,2153,1167
3569,2172,2151,5976,5860,2645,1126,8564,2008
3456,6742,8545,270,4536,4804,6974,2051,6055
2175,5556,7200,5976,8989,224,2002,775,2159
5183,5250,2371,7709,5206,7263,6314,4528,2604
3909,5228,7372,6017,2359,8357,2919,3030,246
5598,5871,3964,1031,1788,5556,3941,1800,2981
3184,5073,5976,668,1825,8232,3540,5557,8952
2172,2359,6400,2051,5095,2063,6061,5568,1965
600,3318,667,788,4001,2793,8069,3898,2898
1300,2369,5822,2063,3496,578,7160,819,2318
1812,2549,7190,1041,2155,5804,874,8097,3838
864,37,5166,4318,4962,6331,2408,2035,2173
2172,2548,2510,1208,1419,1779,4244,805,5183
8880,3496,251,1976,351,4226,8412,7754,6801
1211,8323,637,3952,5234,4528,1862,4323,2371
7819,8096,1546,2558,1517,8103,6768,880,3909
5182,28,8474,9018,1621,2063,5567,1977,4653
7142,8994,1160,5982,1086,3185,7711,4807,3971
2546,593,1061,5215,4545,5559,2327,6458,4349
2214,7372,22,6909,507,2172,2106,1824,223
8881,6928,1136,5745,2576,1126,6024,6344,4239
4539,6914,2882,8292,2359,5254,6186,8412,2520
6505,505,4042,8104,8395,6725,2564,7323,3313
8542,8180,3865,585,1016,7413,880,942,3025
1873,6827,7135,5219,6653,6061,3971,2159,2369
6043,6725,6020,6136,2576,5249,3437,1880,6827
1785,8168,5977,5264,8546,5514,4134,155,3313
7369,5182,7514,2151,8541,1886,4725,1252,4807
3918,3760,4413,2214,952,3960,1769,4631,5373
6057,1622,5208,1113,1400,3927,6008,2574,6628
7011,807,5739,7267,3395,4964,3841,3878,8941
2334,2338,3036,2062,6046,2364,5569,251,2560
4297,1041,1787,2062,2167,3963,2331,6090,7400
4669,5177,3615,6577,507,2371,6660,7878,3420
1906,2945,6085,595,3184,7462,2062,2291,5127
1901,5753,2159,5804,178,283,3938,1305,1880
2166,1466,932,7999,3354,6054,5822,3456,7898
1525,1074,4388,5586,3413,8712,8098,7129,2892
2913,1769,2334,475,1286,5753,1070,6045,2056
6640,3133,4084,8097,1420,788,6204,2334,1000
4962,4172,1976,2497,1126,4325,8827,4537,7306
5559,7837,1993,597,2173,1504,2364,5185,5150
2755,3387,2587,1977,1231,1694,4048,4631,8344
4545,3226,5586,2205,1126,1117,2338,2950,1637
4413,5173,1478,7186,5560,7484,2166,8622,7466
2546,2346,5732,622,3843,4799,2171,2364,2173
3184,2886,2755,7487,3217,6827,7135,7408,1621
4578,1131,1306,5266,7878,213,1042,6197,3579
8990,4006,3863,2759,5116,4283,7369,6070,285
987,2981,295,5804,568,4335,2926,6017,3847
5921,273,5202,6919,8317,5306,507,1300,1022
7137,7199,3029,1212,5687,2461,8744,8885,3243
4155,7692,2338,3413,1977,4413,4388,3853,2092
1968,1862,1500,134,4388,4807,7369,3026,1008
8901,3025,8881,1571,7428,1993,4320,5094,6408
2369,6660,654,4134,4542,6725,1208,2283,2755
5229,4388,4134,933,5785,5976,2606,6043,3308
3453,4105,1623,5161,8654,7291,1644,5807,6055
5595,5076,104,8874,5754,6965,1480,3777,1503
3970,8881,1580,2633,1517,5106,8168,4389,4539
1039,5569,6334,5247,644,7898,3049,930,5556
6562,1862,5166,3025,3406,3238,3817,3021,1822
5728,1284,4388,6037,796,611,5172,3966,8328
6650,5902,611,1822,1812,3010,42,4964,3559
5976,2159,3965,3863,2356,3413,7752,5804,5374
4160,7443,2127,6913,1436,3887,844,1382,3569
1499,2215,3456,6630,1406,5766,8653,1513,7193
8736,2418,6561,1566,2941,1291,4962,9008,8084
6201,134,7878,3035,1787,5266,2151,3420,8102
4962,6206,1036,5137,3025,4611,2930,5712,5191
7666,1966,5788,3967,3738,342,1977,3185,668
3024,2885,1986,3734,2062,8881,6219,2590,636
8769,2047,9048,3322,3422,2937,2371,1513,1779
4105,6955,4618,2936,26,7443,8523,134,4412
2343,1297,8168,8418,495,1886,2572,2409,805
8418,507,2371,2159,1058,3244,2369,6499,5565
1929,5728,6498,1024,3878,7649,507,8546,8619
6725,2952,1909,134,2145,4307,5734,5390,7297
2371,2565,5194,6657,1930,5822,3965,1123,7182
1883,5887,1862,7364,2371,4253,4889,2657,1932
43,5753,5256,2981,3315,1882,3195,8858,5601
6725,3238,8952,1450,3056,4059,6057,5741,4225
5173,798,2172,2159,3791,6272,945,626,6302
8245,4631,5224,2890,5329,4545,4257,8402,2364
2056,1673,2220,8429,5232,1084,2587,7325,3025
1429,7555,6652,2051,1267,8129,5976,3525,1812
2062,1972,1963,8715,8567,4006,1196,7708,1425
5770,846,4390,2563,2688,6305,1769,5613,6827
2410,595,5601,6140,1184,251,529,5566,5075
1051,1882,8625,6974,3517,5973,1236,3557,205
2950,3100,6278,25,7443,4413,5174,7469,5566
625,7842,5600,26,8545,3863,4545,5228,2369
8419,5266,5766,8641,4413,5560,1264,3841,5105
8761,373,114,7469,1041,6334,5266,4231,4806
2495,6725,8796,7141,27,4647,1136,1391,2355
7123,1876,1509,2369,7620,2948,6201,376,5556
2173,1788,5730,7714,8176,2338,3685,4077,8500
5141,3504,1383,4385,5567,2198,2152,8418,1425
3024,3971,6008,6927,5236,3247,3038,8885,2950
6282,639,1308,5390,1769,7842,1305,4413,6337
6061,6641,4542,7454,1809,1836,4808,975,4109
860,6800,579,251,299,4157,7611,6640,7711
1042,1237,3025,7179,1930,614,1661,4815,5381
977,5985,1873,6833,2205,4396,2924,637,2062
6934,1989,287,1232,1794,893,6018,1775,2576
2364,2369,6141,2205,6649,3505,6842,41,4555
5242,3207,4631,1198,5092,3019,1780,4009,3310
2890,2893,2338,2051,2016,7709,6847,5569,6641
3308,1041,1173,6311,3664,5242,2179,5688,1779
1274,6083,7756,233,2159,507,2878,2921,6070
839,3969,4388,2082,8766,7170,2173,7007,7599
1777,571,2151,4039,2047,519,1989,4316,6640
8233,6914,5753,4631,6186,1263,1401,7409,4590
2371,7447,578,588,5559,6052,1226,3184,5
851,4297,8222,9007,3755,219,5127,2173,8439
5559,7169,8033,5180,3085,1201,3048,1027,6069
2904,6651,7000,617,1565,4966,732,7662,5898
2575,735,5567,6008,8508,7323,5210,1928,1165
3029,6197,1958,977,1216,1825,5073,2172,3155
3971,5173,3734,5902,8409,1812,5190,2707,8515
4613,8372,1020,4962,1713,6652,6725,3268,4966
6961,6642,4710,8418,6135,543,5217,5166,931
1022,5154,786,251,5250,2268,5077,1549,1515
4388,8447,3583,2159,6022,5712,837,6436,1788
3283,5560,2334,3960,1825,3904,7956,5566,4134
764,8462,5091,7666,9079,5201,7284,5753,8496
3423,6071,8886,4583,6188,5976,2159,2919,3503
4631,2177,1972,3437,6647,8769,4172,3184,2056
3025,2205,5591,2359,3184,5804,7351,6725,2218
3612,8395,7322,639,1123,6652,4359,3275,5976
2364,974,775,8740,3930,2543,7096,2063,2901
6343,8625,3205,2151,5245,3025,4412,8395,7481
1783,3963,5197,5189,3967,2172,3086,3447,3185
3930,2359,6206,7115,229,6018,7094,6645,5110
4631,4719,869,4539,8099,1586,1076,3889,4714
5902,7666,5109,923,1454,4413,507,2912,2410
4545,2364,2939,820,6917,6407,885,7697,4356
5753,2760,2332,8395,2549,4395,1866,6945,6018
6368,7460,7898,5821,2205,1787,4532,301,3308
4388,1177,1041,5706,5558,7185,8088,4962,1849
4006,2545,5745,1175,5266,1976,4388,6141,8764
5785,2159,507,537,7061,9020,1926,4533,7671
5178,954,1117,8994,6173,1321,4388,8657,8796
473,25,1777,4530,2961,1495,4388,5557,2951
5730,3447,6022,7263,2332,843,5194,6091,6349
6400,1809,5177,2371,7447,3715,8395,2198,2579
5328,3853,3246,1058,5058,1000,5559,8515,832
6347,1779,4542,1072,1167,3890,1086,2901,6633
261,1976,3116,4558,1407,5712,2481,8657,7962
1373,1164,7820,4539,3933,3433,1270,3942,669
227,2574,2354,5183,3282,2362,3592,5560,5556
4388,6057,3616,5246,7443,6062,507,4045,2901
773,2901,4962,8758,5585,3025,8858,2214,3959
5685,3292,4814,1583,6202,8409,5178,7028,1429
871,1250,8750,5160,1525,3901,2178,2159,5973
7220,2357,5238,8541,4197,7302,5569,2056,556
3486,3406,1879,4940,5835,2151,6827,8796,2552
3556,3589,1977,6909,7448,4105,4605,2576,3920
2939,6326,893,4537,6294,2371,4561,3766,2893
5795,1211,251,6197,5242,5119,4581,5625,1541
979,8545,4413,3757,5161,2047,8548,8657,3484
7770,5604,2359,6018,1769,1977,1179,1304,2341
2214,1567,3385,2056,3294,5734,622,1246,5156
2334,3969,5559,6831,583,4161,1791,1561,7341
2173,610,8991,3117,7310,871,4124,7770,1108
5198,4631,6294,2541,3465,8886,6761,4001,3459
7154,2055,8763,5880,6807,5786,3052,1264,5242
1095,4134,4574,3556,6939,6338,5206,2530,1769
6334,6650,3662,5190,1879,8633,1264,5266,5166
6339,3238,1989,2062,1787,1020,6022,1036,8395
7982,431,5894,830,8915,5220,3381,1977,8051
8104,4717,2217,7274,7297,5349,8487,3025,6043
2220,8997,2056,6202,3954,3847,2046,1297,2502
5734,5246,2408,2359,6091,3321,6640,2578,2371
8482,1822,1877,8917,4053,5267,1637,3282,5559
5156,1921,3718,5203,1058,1286,2364,4962,8097
7889,1588,8211,1787,6909,1357,1976,1020,8103
507,6725,3423,1676,966,7095,3406,1075,3296
2173,2453,3954,2016,4902,5177,5195,5734,2856
2205,2916,1637,3966,1202,3838,2369,4930,6517
1024,2056,7949,1412,3506,3963,5736,773,507
5810,219,3406,4974,2159,788,8481,5194,2765
1963,3025,3378,42,1877,1300,8475,3243,2371
8653,3628,5069,4159,871,2047,6092,2469,6330
5603,5973,5174,4109,6349,3999,2535,8567,1983
5209,5976,6008,3828,100,548,4001,7480,6725
2644,7215,5556,3114,2957,5117,866,7443,1255
2364,1977,5566,2409,6374,2878,2057,2466,4385
307,2521,3581,8759,6018,5688,2964,4413,2047
6356,8395,3862,4828,3370,5556,183,2546,4388
6950,3955,6015,668,1989,1478,4631,8354,2222
8414,8515,3185,5096,188,3777,2375,1529,240
1485,5556,4520,1555,251,8993,5799,5585,7443
1524,7091,1516,1649,2128,5976,6330,6944,2062
1886,5160,5753,4239,1096,4962,1499,2205,1622
1991,5581,7706,6273,2346,7466,5189,4027,1924
3025,3863,4413,6093,2885,218,4966,2151,1031
6647,2752,5221,2062,253,8885,1972,602,3185
5573,3152,3971,6091,4550,5973,2890,4143,6011
4703,507,1779,6312,3205,2755,3184,2919,2063
7184,3738,3406,3298,3914,7154,788,2359,4016
1852,5178,1524,2172,3184,8152,5822,8395,5319
2971,5314,1276,6345,5560,8796,8395,2644,7273
1787,3409,4962,1381,7487,5235,35,5138,9059
563,8557,834,7605,8886,1779,5223,1562,8857
2951,1886,8544,966,2177,2901,3420,833,7163
1883,2371,3777,5976,5188,3504,2341,8657,6600
2104,1028,2371,2364,1769,26,1093,6091,3155
1283,5976,2347,3933,1098,3529,3029,8521,2057
4088,212,7624,8292,6727,2755,1976,6914,1787
1866,3841,8418,2924,3970,2432,2053,6188,2062
7822,4388,3026,4155,5569,637,294,7895,8232
2063,5182,2359,5976,4575,5177,3609,2062,8774
6345,1477,5391,8877,1430,670,1853,2890,3679
6070,6008,5766,284,2338,7230,3998,4302,9008
7977,6725,6497,4060,1862,1642,2207,1564,1725
6201,1330,1900,3240,1254,5586,4545,6891,2369
6066,1976,3914,3160,7400,4105,1921,1968,4962
3963,4234,4134,5210,5745,5559,5878,263,2587
4385,4961,1365,7899,2576,4155,3353,1609,2481
3539,8543,1524,3184,3733,4143,6033,3420,1482
5728,3954,5177,6742,6379,3876,5804,5560,5610
4294,6091,2499,599,4608,7430,2151,925,8412
4562,5866,4223,5228,5231,1779,2334,5190,1021
1467,6029,8881,2047,8753,3878,6687,5319,2166
2359,8639,1879,5179,3485,8932,4686,3437,571
8541,2899,5891,130,4820,893,35,134,8418
251,6655,1883,1226,6891,2369,6785,5097,1395
9081,8409,6831,280,2547,6510,4141,3903,2056
930,6145,8487,5730,3878,6310,1862,6659,6990
5124,4388,2173,5166,4962,1591,1081,974,5230
5210,2047,5234,5569,5976,4024,2338,8881,2894
148,8796,2369,2425,734,3619,2882,4961,15
7898,7899,8395,5170,5556,8961,1087,7132,3618
1000,6725,7887,6191,5140,5379,3456,3116,3412
3054,6294,1921,5058,6938,4605,2661,2172,6649
954,8159,3025,1224,6233,5595,3932,1862,2878
7711,2336,6024,2205,5556,6535,4412,15,1231
5989,8639,5848,3556,1769,2159,2369,1787,578
2528,1977,4839,3064,1787,2896,6650,5569,3841
473,3221,6711,5976,7522,2929,1210,2483,637
15,4823,5028,6640,5712,8796,2408,816,879
2576,6725,804,4105,2834,5566,7006,5185,1060
2214,5565,7302,5982,16,5199,2151,8736,5764
2975,6330,4882,5741,4245,5804,8094,3886,2347
4561,2343,1202,1578,4631,6001,2058,507,5194
1058,3283,4631,1404,8941,3853,8859,6290,5804
5560,6939,2564,1878,5190,3406,6059,1880,4284
689,5602,3838,3966,1610,1359,8490,3294,2156
7416,2878,5073,3959,3595,1862,4908,6387,3247
2836,5190,4055,8191,5556,4235,317,3994,389
386,919,8088,5764,2961,266,3447,8542,8546
3161,5831,3308,7711,7749,2142,2062,5566,2882
5223,4076,1004,6909,5556,3618,6293,7114,4545
1900,8129,5557,1976,8882,3960,4134,1989,8099
3963,2205,3244,3412,575,3294,134,4813,4291
6372,2172,2056,3945,3435,7549,8567,6203,2666
4611,1540,8395,5804,2576,5625,2172,1826,1218
3594,6499,2172,1007,3717,2056,8941,6280,2893
2172,4585,1202,2334,3583,4515,2359,2007,3308
3022,3339,2402,5804,2205,5753,1498,2575,6652
8954,2877,5162,4273,1779,6625,7446,8796,2901
3945,1797,8451,8771,5982,1977,6645,1692,60
5229,3506,5121,3967,3456,3838,4960,6725,2062
1058,7301,320,7842,1886,2369,3029,868,6725
1769,809,563,6075,5569,1328,7453,3966,8942
1041,7443,993,3801,6833,3280,4890,5065,507
8941,5559,6365,1358,2371,6046,3946,1976,6202
5736,4631,6343,4385,4172,2338,3053,4413,4219
2051,3838,6018,3406,5556,2182,4962,2579,8546
5600,8493,4125,2369,7948,1625,3918,1042,1977
2980,5556,5730,2159,8623,588,2346,2171,2558
7267,3893,6091,2819,4412,1882,3942,5559,6499
251,5898,2875,5188,5857,507,6091,2171,7048
2632,7855,6647,3420,4581,3847,5599,5785,1386
5161,9007,1224,2562,7758,1769,2371,1125,5559
3910,8796,1005,1693,2901,289,6649,5262,5206
7142,5094,998,874,3025,6018,871,7678,7135
2026,3967,8419,2338,1157,6651,7465,5569,1878
3456,929,4413,251,5976,2173,3750,1523,2541
308,5973,24,3025,949,7443,4896,1456,5580
3056,8505,2844,4970,996,7552,6769,2980,1866
3010,2173,3714,6640,3828,2996,2334,7714,3014
7172,1612,2359,3414,8402,8540,2217,5235,6280
5262,6645,7341,6725,3941,7157,786,8639,5804
6666,4001,4202,1141,3963,8625,6848,1753,2056
6147,6697,4091,860,3918,3305,2755,3413,8880
6777,5973,1364,103,2338,4964,1921,2901,2878
6827,7154,5242,4964,4539,225,231,2056,5559
18,6339,3289,5977,1937,1800,6029,3296,1402
2145,6914,507,5211,2208,5753,1779,8554,5247
1692,1957,1944,2957,2175,4388,6024,134,2051
2872,2233,5481,4001,3155,4318,4105,3008,634
4631,261,286,262,8943,576,99,8292,3887
5973,5160,2211,2973,2172,1779,2364,4520,5177
1769,8546,2971,2345,7750,7431,4006,5794,6982
4790,245,769,5266,1825,7114,5195,603,612
9051,5976,5973,7006,1578,962,5114,2051,2901
2939,2852,3247,4547,1878,1565,5804,5166,6337
3029,8488,4053,4962,3037,4315,1554,5973,1285
1157,7605,1467,823,2047,4134,604,1244,3963
6750,1769,2035,7603,3402,5139,973,7180,1976
2975,5560,3863,3412,7342,5734,1877,3906,3475
4526,3025,3412,4313,8418,1064,5102,2364,4631
548,668,5743,1528,8881,72,7547,1779,6184
3308,4807,5712,4537,2409,8436,3294,3495,7443
3867,5810,3221,3964,3266,5262,7234,5211,2056
2047,6510,1535,3184,2930,8796,2549,552,8638
2334,7492,2222,1289,4393,6647,1614,3245,3010
3648,3879,1609,2159,5753,7480,8766,3285,2173
3025,2950,5795,3270,251,3963,7182,1866,8422
3310,6163,4427,5306,5573,7429,1234,3863,8782
4388,1561,8408,4262,8548,35,2364,8545,3873
3872,1231,958,735,1094,8771,1880,3025,6725
57,6344,8796,35,5976,5217,7819,1673,3014
5218,5753,1258,4302,4517,7759,6651,776,1024
4516,5133,7719,733,5712,7443,138,5121,4006
1592,2549,2338,6186,8059,4154,8877,149,7556
2873,5804,2833,4282,2334,2369,964,6725,1328
1449,1290,3717,2895,5194,5558,1963,2576,3945
7287,507,4134,4328,134,1812,8395,2892,6347
7164,879,3318,4395,2173,6379,6725,1844,3971
1123,1932,2981,6651,8194,2172,9054,6070,4105
7487,5712,1315,5357,6149,2541,5559,5249,8200
8943,2369,5231,5712,5253,5113,6070,5195,3967
8821,4306,827,6206,1547,6342,4952,5898,5171
1050,1261,251,4962,4556,5556,1976,733,4388
298,983,1208,1167,6035,1472,1514,3838,3692
7454,1785,4170,2338,1989,2173,1560,3286,4793
953,4965,1293,5183,5163,5804,1077,5097,5159
1880,7332,4578,4412,7401,5557,5871,645,2333
1897,864,6312,7438,1985,5266,6608,4545,7645
3294,7129,1449,3863,594,1879,1067,4962,7443
3416,8911,2359,5976,1089,4163,2899,4973,5566
1878,8444,4001,1977,3838,4134,3922,8080,936
563,6645,1961,5215,7457,1558,8766,5226,7745
6725,8993,2574,2378,5559,5204,5626,1824,2930
5204,7681,1367,6640,8883,1130,3282,3294,3509
5804,4055,8418,1507,1878,6725,3022,3525,2027
292,5977,1254,1779,2346,2893,3920,1930,8168
1371,3960,844,2686,2893,7209,2145,9063,2016
2166,7295,7666,1375,8419,27,6672,5033,7323
1474,5734,8736,2371,7556,2849,266,134,2930
1264,4528,1252,1801,3308,3422,2377,5232,1208
219,2631,7711,2159,7324,4548,3954,2907,6280
5764,2063,8546,5712,1428,2369,1407,6499,8418
5880,2929,134,5728,4962,1977,7842,6785,5390
1880,6024,3025,3539,1879,2981,580,915,8546
7429,8199,5113,3886,8218,1451,5560,1787,2961
6777,1968,4605,5179,2151,3915,1419,2755,5160
9007,7891,6939,1251,1886,5789,6493,4014,5173
4984,182,507,5190,1779,1157,1237,6022,7338
1063,6725,8490,5204,5569,5173,1808,2939,1103
2878,1262,3023,5159,864,4545,6018,4292,3506
2688,2885,5573,3838,5242,2974,1425,2643,3575
982,3019,5174,3409,2328,3184,1041,585,8886
1087,2364,7085,1407,1877,2334,6031,1257,4708
2549,2225,5228,42,3798,772,964,6501,782
3025,4134,970,2172,2047,8219,6018,1061,4962
4561,2981,6288,7952,6640,5220,2371,2991,2943
7263,4385,987,7849,1407,6202,44,1879,6265
4319,5210,507,2981,2466,1968,8737,9013,5560
2975,2503,3308,5973,3185,286,507,1238,4413
7753,5132,134,5206,1886,5559,6194,3258,845
8745,2981,8620,9026,7671,1947,733,3294,2371
7425,228,1882,4146,7750,8323,2056,4545,1779
3889,3310,8952,5922,3025,4059,1587,1787,3381
6354,9048,1976,8418,1041,3022,1446,2917,4520
6833,276,8759,3738,2936,3092,2929,2192,6435
2334,4083,1528,1397,3838,4867,1017,5116,5567
4141,3469,2159,4172,6657,7034,2973,1276,5208
5209,2159,1276,2975,6054,1419,8083,5174,950
2364,3878,2641,3953,7711,259,5236,4962,1235
1503,5597,5253,3763,6725,2047,1049,4155,1252
1163,507,4851,1385,3013,8396,6499,5976,1560
1308,3838,6378,3975,8796,3428,4871,1989,3386
3744,974,8941,3929,3025,4060,2893,2755,2159
4388,5617,1234,625,6725,939,3055,8411,6197
385,1787,5173,642,2338,2171,6785,2578,6206
1951,3038,21,227,1087,1804,949,7443,6034
487,5107,37,6656,5804,1451,2217,2981,1024
3185,2171,2574,2357,7094,4006,5572,7468,7849
5569,5242,8317,3308,2981,5240,5203,4854,5204
7177,5763,8796,2471,5734,3640,5160,2546,4939
2151,5228,1438,8544,960,1947,2035,1977,825
7466,349,5066,8757,5753,7435,7697,5956,5097
3940,5175,52,3358,6022,8393,5931,5734,3050
1326,7261,1866,2951,2026,4257,4545,1090,5622
2172,5123,805,5753,507,5182,7708,1226,2562
2159,6344,5567,7342,7697,2063,5364,2587,5898
603,1769,1822,3294,1110,1779,5237,5175,6832
2182,2056,8882,1569,3915,9047,2534,586,3230
1423,973,2980,1759,5795,1368,2408,6821,822
3897,7018,5156,3308,1822,5370,3413,251,2153
2543,7162,3800,3999,2334,2338,780,8463,1892
5869,5262,134,1176,673,251,1779,1866,6775
4388,9008,6034,1779,3301,2901,6725,3672,8657
4228,6827,5117,9053,3184,2159,5982,4219,4021
5229,4166,8418,1882,260,6179,3204,2975,6197
141,6803,592,1971,7505,2552,3525,7709,289
2056,2576,476,7185,4605,8544,4362,6833,3322
4532,2068,2329,7129,8770,962,7618,3184,2051
5139,6292,2312,823,1921,6011,3873,5904,2208
5370,7714,507,5602,5390,4412,1992,2897,3902
1880,227,5556,1785,2334,4855,8396,8000,5109
1565,1058,2886,5770,3025,4335,3389,3569,1184
6191,8544,6650,6501,1555,236,5560,5046,3083
2534,3864,5734,3838,3200,134,5712,3406,1972
5166,5560,5564,2890,8739,6827,1977,6692,2564
5199,1801,8914,1769,7122,5198,772,1058,4545
4572,7819,2051,5230,6091,3211,2151,5215,3922
3841,1880,6019,6188,1924,1815,5712,4964,5262
5573,2910,6079,3932,2878,3184,8657,574,644
8404,1126,8540,6020,3184,155,2159,5688,4124
0,591,1977,996,5161,2371,6059,2338,1873
1091,4520,5605,3563,6725,3578,1055,1924,7745
4964,2901,3986,5987,6634,5712,2894,2172,1453
1924,6228,538,8877,8418,2761,5569,6725,6087
3456,280,3516,3308,2893,578,5227,1622,2200
7889,2875,7583,5262,7898,301,5990,5249,2952
3289,5556,5569,8414,1866,1195,2016,4013,1367
1787,2266,2656,6725,2356,1425,6220,593,2334
2748,3211,1989,1787,3876,1812,3828,5204,8087
4359,7697,507,1010,5174,5225,3449,5160,7248
4799,3762,7552,1524,5734,3549,1429,734,2334
971,2369,3845,8542,8881,5096,8654,6018,734
251,2006,5948,2924,2307,3285,1769,2364,6514
3149,4258,5087,5804,1559,1976,4537,3991,4050
3010,8991,2973,5202,4173,2981,1499,4601,8103
3054,2369,3878,1286,8190,8282,7097,6334,5728
8419,6647,8542,1041,3283,3690,346,8855,973
8961,6944,5599,214,134,42,3185,4413,3313
8176,584,5139,5556,979,2971,2901,2334,1880
2950,8093,2151,873,134,2364,5795,5096,305
2270,2364,5982,5734,146,5560,5610,7156,4962
3029,2975,2179,4962,5977,2159,2047,4006,3564
3406,8884,1921,631,6091,5569,2056,1551,7598
5234,3382,983,2369,1568,4056,78,7147,2887
844,5973,8080,8877,5221,6150,3890,6909,3963
8080,3730,3882,4175,2173,1204,4388,2238,733
8941,5187,2786,3932,4915,2051,6983,1880,6048
3533,1866,2581,4799,1881,6178,4578,3184,8542
3543,8395,4000,2501,874,2056,2369,8030,2063
5976,3042,7328,1627,2287,6640,6188,7217,4532
6795,1291,507,2549,265,6024,8418,1167,2369
7454,3475,2063,3501,4385,2173,1319,4296,8962
1879,3886,5804,5822,5205,1932,1779,2223,1619
643,6349,7189,1779,1360,8546,3025,3007,4155
870,3263,8420,1341,4101,1242,7164,3866,7454
2217,5209,6503,1866,3485,3025,6462,6202,4545
5215,4356,2369,7466,1879,4177,5806,2214,3184
2538,6054,5098,2062,3967,5804,4962,3590,165
1569,8755,6060,1218,939,6338,6339,6145,4265
2579,7343,8219,5728,7522,3786,1043,2894,6201
233,5976,1258,4315,4631,7436,2893,5804,8395
5230,2338,3333,4146,7128,6383,7428,2159,1940
1989,8470,3029,6294,2533,3655,4350,3760,1375
2217,6047,1063,2576,6474,3283,6038,3615,471
563,860,3449,4585,5973,1779,5109,6137,2901
3246,1208,1878,1430,2919,5193,1126,2334,6093
5973,8404,7193,6633,2922,2128,6523,6485,1298
5437,7135,5573,2951,1769,8397,3959,4318,7230
36,2172,37,8869,2549,2047,1246,7935,6334
8657,8455,1972,7420,2063,6725,1785,966,5938
7536,1123,5728,8885,1428,3963,5230,1093,521
2425,5804,8496,1126,4413,8637,3044,4545,5699
44,3863,1361,1976,7758,5232,6043,3188,8700
8505,1976,5161,6342,4413,230,665,2359,5989
4267,1524,1488,5266,1876,1787,2979,1516,2647
1880,7324,3865,3922,1421,4175,730,5160,7084
7859,4177,1779,6022,668,3147,8942,2897,8657
1926,8180,2011,4530,3868,9005,2644,2981,6722
6064,7598,2150,569,5769,3485,4517,4026,7363
6918,6831,5177,4962,4023,3029,6479,2334,4353
2172,7602,1488,18,2371,2564,1977,1983,1812
2657,2936,5229,3298,8051,3406,1205,5132,1265
5739,4973,4357,1817,1745,5785,7487,8772,1042
2340,648,618,507,6928,4176,6645,6339,2901
1879,819,2024,8232,1517,919,2062,7087,1786
5246,18,1028,1035,1310,5537,3954,6725,4962
7345,1933,7855,2466,3972,3845,1463,1187,5560
1502,5160,6510,2973,4707,2901,657,4963,6095
3315,3029,5569,6024,5390,2207,3294,3883,4838
8241,5242,3043,1042,3986,3801,4413,8361,3184
201,7407,1937,8051,900,812,5126,1879,4896
1809,6914,5232,8232,2981,2901,3420,1113,6636
5728,37,5541,2576,5804,8782,6347,8546,2172
660,1663,6223,2334,1989,581,4177,849,2179
5185,3956,2408,6777,5569,7840,8244,3843,5810
2171,3872,3766,5804,7648,8546,3477,5117,983
1779,1142,3094,1656,5069,8775,4942,1581,1878
6334,3041,1787,305,1053,5745,1927,1223,4172
2047,1453,8750,5250,3294,8487,7681,5560,2878
7122,4978,4631,2572,3965,5585,5610,1977,804
7332,2576,8887,5976,874,7437,3945,3963,4058
5234,4551,2062,5982,5772,3492,728,5804,1491
6651,3308,5096,5156,6136,2051,5556,493,2371
7184,5174,5977,2350,3963,3810,5567,2047,6310
2576,639,2922,7648,251,7912,2364,6093,3480
1872,2760,4388,2205,6725,3055,5982,6023,5957
2569,5160,3200,3025,8466,2431,5712,6372,7065
576,1727,7164,3841,2159,2047,3038,1475,7770
134,3308,1785,5753,984,1498,1560,1879,7114
4904,1530,5194,4962,4439,4286,4157,1787,8487
5185,1879,6339,4809,8349,5600,6347,7454,6161
2334,285,3117,8493,1286,3969,5754,1880,3471
5253,5202,6091,2907,6506,8493,5772,5556,8455
3878,5094,2172,3938,3318,266,2410,8774,1779
4958,2369,7459,8493,2359,2056,5221,3647,3185
792,4177,2557,2532,6058,2159,6024,8395,4964
1812,5712,2901,2574,2926,6691,3999,2622,1873
1877,7443,3841,7278,5976,7697,6645,1968,2975
1438,5166,4823,7871,5146,5210,3447,4631,1866
1609,3294,134,3974,7496,4175,5973,994,6183
1779,1223,6605,5734,26,2576,4629,2334,1862
3073,7155,4796,4962,1824,8397,4169,5139,5199
6633,8177,4982,532,3313,1015,4562,388,3406
1395,6050,4962,5569,7454,1977,1407,2469,1769
1883,8485,4388,4616,4874,8880,6294,3310,3410
126,5283,3845,5069,1045,5573,4053,2147,6091
3054,2409,9029,8880,4049,975,5214,7708,1878
1123,1200,8465,2032,1977,2181,3838,1379,1463
1051,2214,5099,5242,5559,2249,8750,1407,6015
1564,8487,4134,5140,8681,5164,3019,1862,2895
1916,6832,2059,3294,4824,1886,8487,7018,2313
5976,3778,7454,809,8546,5178,6645,2338,4620
3836,5168,262,8766,5346,4631,2159,8736,5556
8418,4939,2369,5560,1302,5851,5245,7184,4389
1285,2901,2173,2151,3847,7720,251,3092,1968
6144,2445,2061,3583,2035,2172,695,5384,5172
849,7427,5712,1878,3735,7184,507,8320,4228
7164,8219,1472,2469,1126,2338,1991,7094,2019
7135,1196,2047,4834,2354,1823,876,2310,1778
2941,2364,3025,507,1724,4322,734,6207,4284
5233,5822,7061,2939,6018,5559,1241,7331,6909
7556,1328,8796,6141,1565,8487,6091,2541,1024
5282,2198,3828,1341,869,5140,8515,529,7875
939,983,420,4533,6943,2893,1947,574,1777
2172,3247,2056,3406,7454,7272,3238,4799,655
2364,2950,4962,6629,8470,20,1251,1264,1290
3504,6282,5982,8498,3111,1880,1011,935,8425
6002,5174,2374,3051,5556,3026,1963,3052,1777
1603,7888,5266,2981,77,7376,2042,1579,4962
5560,8222,2369,9081,6291,8739,2466,3088,2051
5559,8103,1564,5566,3867,5120,6639,1880,6220
3651,8418,4175,1243,3998,3878,3388,6147,4412
3513,2056,500,3986,8685,5766,5556,3887,2813
4326,5173,152,7819,3773,6191,507,4413,5221
1236,6914,170,134,577,871,1787,4143,5795
4063,5094,4673,2800,9013,8755,8317,1864,4631
3671,5206,8168,5166,932,1205,268,3294,3749
785,173,8881,3967,2543,2173,3406,1985,8637
8854,5764,5598,1977,3466,622,3447,91,8545
5712,8540,4578,2578,2205,2198,134,7221,1504
4393,1024,8506,636,6049,7285,3812,5830,6024
2156,7290,3618,15,8882,7362,5734,2546,1971
3878,5904,644,6206,7838,973,2173,3655,8432
5613,5559,8796,2466,7472,6640,1882,3200,7150
3790,3310,4385,1825,1977,3456,1094,2338,1508
2217,5559,7303,269,4053,2893,1015,2939,5976
4155,4962,2641,5210,507,2159,1787,4552,2436
1801,8991,7870,4596,7114,1317,4631,7523,2171
2051,7129,1058,3549,4134,4155,1991,1877,2211
3315,417,2205,4939,459,1572,5573,1779,3926
1878,9002,3485,4388,3745,1334,6605,6070,612
1178,4229,5822,617,8423,1574,359,6519,3319
4173,3760,3244,4545,8395,2576,3246,1094,6334
5560,5160,5569,3878,4962,4164,1585,915,3444
3847,303,3557,2159,4279,2973,2901,1606,599
4613,3214,4127,4272,2205,3310,1709,5097,5976
1825,5568,5262,5976,6170,4262,1564,7186,4155
8191,7273,1779,1543,2211,5712,4631,2302,4605
2173,8085,2338,5229,1378,62,4001,2533,3283
1053,7517,1930,3685,7523,3838,8941,975,1528
5976,2220,1877,5795,2947,1234,674,1983,5178
7144,4420,4962,3205,4966,6037,6091,2885,3172
6181,772,8546,2039,3308,4563,1208,5625,5736
4147,5160,5559,2147,4172,670,2286,2890,7451
4984,7466,2755,1153,6054,2572,385,1068,2885
4631,1882,4011,5585,2151,2371,4966,481,220
1126,4536,1886,2338,3186,3921,6497,5084,4175
591,5728,1822,4554,1070,7407,1620,1880,3477
5559,4177,1323,7337,4068,639,4346,5569,2169
5734,1983,1623,8575,2981,4063,1886,2359,8561
7954,4154,127,3289,5556,5206,7710,2885,2215
1173,2939,7369,2152,3185,5804,2576,8128,7714
5770,474,3308,253,5804,3963,3233,5506,7550
1469,385,2922,15,2658,2755,5214,6054,5102
1570,2890,3389,581,1591,2755,2894,3408,3025
1543,4631,7994,6833,2666,8406,1073,7714,1926
1879,2644,6909,8245,993,5812,7180,2369,7481
304,3244,4561,2359,1706,8546,507,7708,7094
8557,5234,2151,5170,6827,3947,671,8545,3029
3433,2952,6334,4335,539,2037,4556,5973,3423
5238,1779,5822,8629,8638,3871,4240,7840,8466
7324,977,8487,1879,5559,6365,5727,7234,7135
5753,1966,4157,8796,1879,3433,8168,942,6503
7671,8546,8637,1950,3998,1777,809,1779,6504
5780,3517,1976,9010,5557,1469,2159,5167,7185
5597,3863,2973,295,6660,1924,4672,2951,3866
4107,867,5266,5804,7146,2369,3026,2359,8355
2334,4256,4078,1689,6070,578,7750,2469,608
3022,5786,1064,1592,1561,981,3736,2975,6099
1883,2952,3671,3258,3926,4962,507,6640,1561
482,1880,2878,1020,5610,3598,3838,4710,5230
4542,3890,2159,4388,507,6758,1550,1184,8769
1097,4223,6018,4549,1259,7443,2952,2986,507
6019,5102,5560,2939,2056,968,1812,6660,4582
6339,2901,2188,507,2975,1357,6955,6277,825
1881,6914,6641,1769,7646,5031,35,8796,17
848,1226,4559,8078,5390,1777,1491,539,3185
2893,3497,3644,1620,8220,5556,4172,5191,6779
1535,1989,3335,8088,3966,7952,6294,4225,3513
4105,3861,134,3422,1465,5378,4738,3941,6521
639,3878,8546,4056,8097,3841,5822,2056,1428
710,1472,5804,295,4631,134,5247,3315,5228
1880,5559,5237,2562,7164,6043,4176,8886,3414
2564,8540,999,4209,617,1873,7093,5237,1439
6783,8541,4631,3185,2882,2369,6024,2159,5102
5168,7136,8886,5766,6091,5206,7343,6725,5463
3485,5560,6046,5556,8796,2346,3196,1622,2198
2050,26,5625,7556,3206,2371,1504,8408,5211
3749,3706,7467,261,6725,3010,8862,1304,7586
3308,7864,3836,5728,251,357,1112,1510,5106
2270,1103,5567,5160,3184,8545,1769,2968,5095
6725,3798,1624,7956,656,3054,5976,2171,3981
5569,950,7763,917,6324,8048,2463,1460,5894
5073,134,1041,7203,4631,868,6191,3010,4964
8561,7244,8769,7372,6834,6015,1633,5266,4545
8742,2253,7900,2371,5567,8129,6650,3892,5569
4974,316,2172,1015,6787,7136,5861,3447,7471
1565,3447,2192,4961,7114,134,3416,1407,5559
5785,6909,3235,3768,1926,3607,8637,5745,4556
1769,6092,507,2930,1049,2911,2587,3878,2973
1294,8439,6555,4385,3414,8197,6595,3246,7719
2338,5804,2334,251,1031,6201,1940,3942,6022
3963,2364,4141,921,5607,6726,2973,946,4413
3607,1216,2574,5194,1223,8416,1208,7443,3016
4045,2534,3685,3406,794,5804,233,8629,4070
4060,3185,918,1574,9073,1364,4962,3618,2338
8100,1777,2231,3420,3037,3865,7750,670,271
8545,8885,1495,2973,3406,4388,6453,1876,2572
1423,2587,7897,2346,5166,2939,1301,6549,5585
1603,4631,507,7129,7149,2897,1878,2808,829
2062,2047,6870,8885,5595,1067,8886,5204,7623
3863,3963,1567,134,3184,3878,4988,6207,1018
5556,2546,5166,1001,612,5257,5304,1637,1866
8540,6206,8099,8567,1041,1020,134,1530,5242
5591,1921,4278,134,3029,35,6024,2062,599
6914,8078,273,3052,656,1879,3963,2143,3308
3185,964,1528,1367,2336,134,833,8881,927
251,261,5712,7135,5252,2761,3732,2054,960
