268,193,259,198,156,391,161,508,316,251,47,176,157,152,302,175
63,403,480,275,508,92,222,138,437,454,179,210,376,182,374,108
434,151,389,361,358,166,11,366,508,282,32,45,248,41,98,83
396,391,293,109,508,254,60,152,330,94,219,3,281,457,131,232
408,373,316,244,152,297,240,168,508,376,322,210,403,41,62,391
243,245,73,152,375,485,311,277,79,497,8,371,39,171,210,211
173,314,23,357,457,322,249,302,452,395,417,508,502,354,113,210
245,3,169,124,251,25,34,199,361,60,480,322,452,292,342,23
408,85,276,359,210,492,192,326,208,395,496,508,65,140,284,89
266,34,397,440,80,459,487,298,489,61,209,41,399,501,210,357
4,384,311,194,400,151,204,132,65,248,210,59,504,76,180,460
366,42,127,121,389,508,98,267,152,272,60,276,43,457,391,405
208,65,98,267,468,249,365,508,186,379,448,281,311,174,152,426
392,376,57,236,330,77,387,154,210,188,484,388,14,391,164,335
101,8,144,32,371,291,302,7,478,493,256,298,152,349,254,151
41,311,508,143,337,126,383,40,155,30,395,26,121,98,151,186
395,304,508,61,367,373,329,299,136,1,335,250,30,219,447,101
42,210,408,143,129,115,109,499,405,54,268,424,245,239,395,508
312,494,118,238,157,54,459,283,508,389,362,276,126,463,484,32
351,152,480,508,370,2,274,330,102,42,254,477,21,192,352,182
126,398,330,16,435,444,502,269,167,254,251,152,279,387,171,183
238,132,19,193,460,232,392,344,29,136,286,334,281,186,494,126
69,383,254,399,210,124,281,341,476,294,311,77,226,334,144,238
35,390,175,312,425,317,333,32,127,508,152,11,14,437,225,125
168,322,406,349,316,494,254,95,126,158,110,122,283,424,504,262
208,33,443,380,230,303,494,165,170,245,289,357,255,42,152,379
469,437,408,302,506,389,140,210,192,287,288,348,491,343,18,72
500,371,398,2,437,434,365,221,242,326,478,508,374,152,369,409
175,109,472,47,53,211,389,314,466,482,288,41,208,273,77,346
134,209,26,302,347,174,151,334,236,508,109,169,369,267,53,331
508,127,108,354,215,288,102,386,12,475,210,138,341,272,254,62
459,316,155,152,501,267,126,326,113,164,210,69,309,269,508,178
260,219,35,508,486,464,374,474,186,450,61,379,41,130,283,188
505,141,208,270,169,508,408,6,194,334,467,75,445,435,416,256
418,236,200,460,325,503,55,210,113,151,385,232,356,144,63,269
279,69,218,359,449,245,472,122,443,397,289,313,508,403,417,54
495,152,59,506,10,246,201,286,210,269,309,433,448,110,211,484
4,468,399,407,420,81,274,508,309,426,185,477,206,300,376,379
99,325,25,359,152,37,493,70,236,503,363,337,467,8,109,460
234,316,311,426,304,62,480,326,306,506,440,322,246,352,211,452
198,34,62,98,38,301,60,409,152,480,116,213,112,131,378,172
349,163,152,210,408,14,468,207,357,194,65,246,379,90,62,347
463,309,210,311,371,385,152,391,276,477,12,64,443,303,450,480
151,413,278,377,307,328,42,374,112,245,54,427,127,443,391,388
63,302,24,97,254,170,104,264,23,480,17,463,138,476,291,120
351,251,401,387,33,56,98,408,156,121,441,145,50,258,497,261
156,424,188,132,491,110,210,458,192,269,209,454,96,290,260,259
269,439,148,122,394,374,120,245,126,197,458,109,505,143,276,242
211,152,468,65,506,395,257,134,440,370,53,101,302,131,348,330
58,210,254,3,378,48,70,199,439,76,508,303,55,399,479,215
460,210,186,480,127,388,158,332,143,508,98,457,10,152,60,304
408,420,236,198,311,8,194,186,474,457,364,118,357,156,216,335
233,508,254,434,62,466,326,151,95,318,158,97,286,27,98,210
196,351,468,406,459,26,364,54,194,60,120,496,52,214,168,281
281,280,481,329,286,135,300,217,357,469,42,125,245,441,210,201
114,251,358,104,502,332,423,26,495,137,126,460,152,457,65,35
339,286,172,502,43,311,66,197,164,211,398,242,408,42,483,418
364,381,481,218,201,482,98,199,179,87,47,132,302,383,452,215
322,210,423,5,469,152,36,129,484,391,141,3,183,98,370,342
307,324,98,406,312,276,171,210,395,148,462,175,60,359,506,156
330,502,395,508,281,214,434,3,141,298,466,209,232,93,344,302
335,63,312,139,151,163,440,468,210,283,194,198,115,508,245,355
341,497,269,41,237,368,208,200,395,3,450,468,491,173,254,179
126,115,211,508,312,63,198,264,496,109,448,477,446,389,152,311
290,34,391,508,402,299,401,193,359,161,152,397,87,410,211,308
83,426,303,322,236,171,317,221,357,334,273,371,57,462,444,107
480,229,29,21,125,499,383,423,441,508,35,126,140,246,322,69
494,379,273,152,50,47,454,373,502,217,174,440,457,127,144,272
368,389,414,501,508,210,311,296,238,234,346,506,42,297,152,425
197,256,398,314,17,269,232,12,15,34,471,468,464,481,374,175
113,165,417,168,445,156,115,307,130,303,282,283,62,226,63,3
459,34,26,151,210,42,171,96,502,367,61,466,458,225,312,288
508,333,417,222,207,302,210,476,144,234,194,130,58,246,273,225
479,294,457,151,145,418,152,395,464,210,246,302,27,3,16,184
152,123,29,102,158,306,367,64,112,90,70,273,238,478,348,17
281,185,445,52,425,409,152,246,49,410,35,344,493,194,26,372
302,144,222,381,159,508,136,311,281,398,154,347,426,232,356,384
306,148,151,23,63,60,54,199,193,508,156,248,135,101,129,395
377,98,372,234,493,171,110,346,281,152,367,115,315,52,466,415
41,418,60,188,316,370,342,381,479,265,282,408,279,152,231,389
381,128,211,210,342,424,144,108,179,96,508,156,101,395,60,42
192,444,443,395,437,309,508,401,368,254,120,311,126,209,329,236
47,217,14,378,210,292,254,232,130,508,136,101,447,327,376,460
302,174,75,449,98,100,88,256,35,103,418,450,156,188,194,109
367,395,25,10,194,256,151,508,88,374,132,123,207,333,160,95
28,199,281,151,392,210,407,129,389,291,123,16,212,12,246,168
109,127,140,198,3,268,46,312,62,395,459,274,311,307,193,83
50,178,441,442,90,302,169,399,279,320,498,269,417,210,434,361
498,281,238,266,508,126,441,152,199,395,155,386,470,313,34,216
56,19,444,398,371,210,480,193,508,342,126,192,368,466,286,256
119,255,152,210,208,178,506,23,120,188,53,504,26,209,193,508
28,202,460,24,389,113,201,326,362,109,381,96,469,329,47,70
285,92,508,273,69,102,180,274,10,276,152,52,318,325,254,206
376,102,45,109,457,169,351,131,206,475,65,391,61,98,207,152
344,317,423,471,408,346,40,124,199,2,499,331,202,269,209,59
292,429,18,195,156,439,480,54,395,109,221,126,291,90,186,102
508,129,158,152,270,151,245,18,12,276,281,257,377,354,210,36
381,492,116,83,398,175,298,107,3,210,17,462,264,194,311,391
79,26,401,495,240,508,256,54,232,27,244,246,348,152,17,113
210,506,370,18,437,463,330,504,117,152,65,308,92,480,143,158
251,62,237,391,108,398,311,471,367,210,113,127,98,432,219,435
152,151,325,188,317,335,6,3,402,131,371,480,288,414,508,302
491,439,69,13,326,91,329,387,126,296,98,205,406,127,316,361
269,211,298,480,34,391,429,238,354,320,131,281,508,483,395,65
255,210,302,264,206,391,449,418,205,484,236,445,499,360,453,98
129,255,469,123,476,302,91,381,210,219,207,138,459,152,428,179
262,236,325,352,373,330,508,196,314,29,89,303,449,151,36,98
508,90,57,398,391,356,479,102,184,169,14,10,328,371,188,60
334,290,51,408,249,10,206,284,311,87,64,246,312,83,373,281
210,506,35,154,66,489,192,445,428,395,499,331,238,325,34,176
127,342,429,323,111,498,502,205,152,454,359,141,508,276,209,497
291,478,210,245,144,415,60,477,117,169,309,493,359,134,152,506
129,112,340,412,443,359,234,324,34,406,316,158,476,395,244,508
302,508,250,287,63,466,156,326,314,2,499,69,381,175,251,227
71,384,194,312,508,463,152,169,494,371,234,440,269,302,365,288
423,194,0,151,369,155,175,254,480,126,457,324,426,169,66,398
416,286,334,466,16,144,136,98,281,34,211,198,395,408,401,194
98,50,229,43,238,62,202,192,207,83,14,65,369,211,333,371
152,391,447,508,210,83,122,41,127,188,224,358,383,113,132,221
493,174,300,189,217,226,186,140,152,401,346,395,220,3,105,456
441,210,62,276,438,508,442,429,408,472,14,188,341,109,29,351
255,173,395,274,372,400,506,408,97,217,332,351,373,254,94,113
254,476,508,109,506,152,42,67,210,205,315,186,41,77,426,192
169,224,506,468,333,373,210,471,420,15,206,458,397,26,22,348
502,151,441,168,175,144,210,131,479,26,42,81,90,118,152,345
81,413,211,18,125,127,210,206,342,465,236,381,364,359,391,316
47,389,70,194,123,226,210,55,152,428,159,480,258,51,338,497
218,434,503,389,181,251,60,256,502,248,400,325,144,422,333,508
377,213,210,199,426,3,383,408,225,493,283,152,443,392,75,36
211,484,322,30,298,325,478,283,376,217,404,34,494,114,508,168
353,356,439,395,26,457,199,391,335,447,113,148,219,508,71,323
170,236,254,171,60,326,508,152,23,94,188,41,316,210,29,502
219,480,508,144,101,122,273,22,62,179,256,57,55,316,286,378
374,210,508,497,367,228,303,248,83,300,254,309,314,503,21,152
364,164,179,25,151,246,508,50,211,427,85,408,55,236,302,206
438,307,179,246,398,96,302,211,232,280,42,60,416,152,8,480
151,418,378,508,307,413,211,31,395,222,428,329,167,135,382,28
203,41,210,34,367,55,406,478,280,314,459,104,350,52,152,170
506,211,416,23,193,152,79,194,155,352,181,374,508,202,371,127
210,266,508,103,506,392,46,81,322,298,17,6,226,371,381,469
508,335,164,175,472,201,200,145,111,88,156,193,168,392,426,254
235,50,273,345,20,158,392,508,506,395,152,354,381,173,66,119
68,108,497,508,78,206,330,381,56,254,113,126,302,391,476,23
369,335,48,17,340,151,504,117,140,193,159,460,508,379,169,126
440,48,497,26,41,271,208,466,328,3,175,126,398,360,463,179
35,144,3,499,124,135,129,62,376,508,391,429,51,276,39,83
429,158,70,359,493,10,394,133,398,288,137,414,434,491,251,437
439,60,79,508,55,152,113,91,288,151,47,246,206,291,332,413
422,302,144,315,395,471,87,33,276,71,281,347,508,164,20,408
113,288,23,216,179,281,79,457,109,152,333,254,30,160,168,338
272,262,94,209,396,160,281,508,158,210,42,311,376,351,306,399
129,228,126,10,78,330,463,302,194,320,14,29,480,210,124,220
385,281,6,315,32,266,307,415,217,381,219,135,318,178,10,361
508,245,83,276,96,332,193,149,80,297,426,503,152,47,69,138
101,330,34,370,152,180,256,260,506,145,311,115,96,450,47,479
17,90,120,41,508,302,426,154,311,218,329,381,391,66,168,152
210,171,192,3,197,256,92,498,214,281,73,441,311,456,211,23
75,62,335,346,29,284,60,210,198,226,11,208,94,38,432,476
395,151,408,202,230,111,210,508,292,46,131,152,300,302,439,144
170,384,23,185,55,125,316,16,505,60,457,115,253,373,213,395
49,371,61,436,381,127,292,392,34,464,30,402,236,426,210,209
113,34,333,272,479,317,424,152,367,499,64,158,391,10,508,429
144,447,426,283,360,210,471,395,332,98,30,151,468,367,251,482
502,95,20,194,381,37,65,268,322,35,362,224,298,311,434,402
187,357,36,32,109,229,57,147,26,384,210,54,470,420,3,439
508,425,169,97,401,273,65,506,256,134,482,87,288,206,174,298
152,99,302,216,508,12,76,450,391,38,198,441,236,215,151,140
246,508,73,219,304,47,312,77,152,429,254,373,3,466,135,272
20,8,74,302,308,439,152,395,127,210,60,236,126,273,471,398
112,161,508,254,152,84,157,31,151,248,41,211,408,170,68,144
210,303,501,508,381,8,61,408,198,127,41,152,400,196,401,25
461,159,504,3,491,83,501,46,506,237,115,120,285,151,70,160
333,126,252,228,232,490,311,381,357,210,508,360,194,502,422,348
464,330,194,179,454,352,145,378,105,508,42,302,251,210,40,69
164,39,26,41,381,297,136,348,210,479,73,494,175,491,455,462
201,508,174,506,169,476,391,126,266,3,450,342,26,130,357,233
210,99,67,506,111,214,395,218,1,161,311,508,481,22,457,381
192,480,88,151,418,410,194,58,254,428,326,508,154,311,89,127
508,61,125,435,246,217,288,334,468,447,503,439,236,209,126,402
432,302,403,267,179,508,130,391,377,4,332,472,210,303,219,357
35,483,373,42,210,246,295,508,169,395,120,9,381,158,325,401
211,375,391,227,449,433,424,200,508,80,337,279,184,75,130,8
193,274,508,248,42,431,415,425,179,474,162,441,63,353,112,439
389,11,274,140,391,26,228,211,508,210,373,494,193,34,185,97
413,337,286,381,152,389,211,290,409,10,494,408,144,136,177,294
403,12,480,145,352,129,384,11,377,210,445,381,24,408,357,179
392,276,387,130,90,9,70,508,320,245,178,62,482,425,75,395
47,98,211,276,508,83,434,10,194,171,123,439,34,99,110,154
407,113,118,251,426,443,42,297,26,41,283,225,388,326,65,216
26,145,404,463,111,479,55,98,210,269,207,417,403,152,281,470
173,209,383,254,480,311,501,491,113,225,100,83,317,290,78,138
470,360,367,28,19,151,311,426,169,373,14,210,51,109,108,381
303,201,158,224,126,98,179,415,24,283,391,395,89,210,187,335
264,42,447,459,401,469,508,376,493,162,377,326,50,364,415,8
462,10,178,397,152,69,139,80,426,483,248,494,210,508,89,425
495,391,488,83,126,298,188,490,138,209,65,222,26,479,316,12
477,395,121,138,201,242,113,401,423,333,152,53,313,338,3,42
163,311,233,98,70,175,50,466,126,151,114,158,144,417,152,508
410,11,126,186,395,480,115,34,324,210,111,508,391,503,134,348
41,110,292,152,351,188,171,428,206,470,459,179,504,238,159,471
194,314,416,174,366,476,453,383,374,151,457,214,389,64,508,79
132,456,206,60,439,210,408,476,168,508,109,211,345,384,239,35
286,463,103,146,89,195,226,246,269,284,274,98,210,152,192,366
461,102,299,120,155,457,281,122,195,477,497,226,246,192,341,426
370,408,418,416,474,198,331,395,311,186,448,97,477,274,16,129
428,457,152,408,311,470,446,312,504,144,417,367,474,215,399,210
391,476,3,251,286,316,507,148,75,427,198,430,34,190,111,76
26,322,466,210,367,158,238,408,170,25,211,325,373,197,254,65
378,292,483,103,7,331,406,221,92,484,12,211,503,351,352,472
115,332,136,506,98,4,471,430,152,182,426,307,391,228,508,128
371,221,5,477,109,299,89,290,30,152,463,144,282,508,459,274
196,246,471,152,276,254,288,156,89,188,380,98,199,256,30,258
141,210,226,188,303,232,169,193,179,494,370,26,195,190,180,245
123,508,25,228,389,54,34,209,316,276,59,299,192,308,55,128
171,152,260,169,198,449,470,291,271,351,52,311,370,98,108,58
210,283,194,254,508,218,439,115,62,232,344,152,357,193,418,504
144,16,457,500,42,195,62,210,48,183,197,168,476,441,189,384
152,81,122,246,76,332,293,206,27,461,151,497,126,194,50,28
57,492,174,495,110,373,41,102,202,122,309,466,90,508,152,279
291,472,281,274,184,77,237,385,239,476,222,216,384,266,268,462
371,194,479,258,340,29,210,34,474,83,30,497,90,278,211,373
194,37,276,25,389,152,34,413,175,104,149,397,283,151,210,508
281,496,493,396,196,98,211,49,494,457,39,151,88,398,129,192
127,28,192,3,156,256,508,314,152,37,392,131,151,480,383,161
127,107,474,417,92,141,35,29,342,303,324,102,180,398,447,188
247,505,254,60,479,26,95,152,441,371,193,275,302,416,240,367
158,64,37,115,502,109,242,230,39,480,395,254,130,439,508,286
74,171,333,420,210,212,73,14,358,508,151,238,379,281,234,299
152,457,96,314,98,178,210,209,480,251,51,36,391,174,312,461
374,211,314,192,325,467,439,228,457,7,113,5,431,355,152,214
111,3,152,498,4,64,129,468,460,200,177,104,95,100,332,23
372,61,179,177,316,480,246,367,219,242,53,479,258,49,206,471
342,501,69,431,426,303,432,330,386,232,211,246,396,210,132,314
232,374,285,151,508,372,193,332,34,354,367,295,41,500,188,281
367,26,87,383,120,352,49,130,408,8,200,62,357,78,391,326
121,92,205,69,198,359,348,508,402,164,395,87,323,314,99,290
178,112,113,232,302,149,493,219,404,320,211,127,151,295,491,60
456,288,203,210,311,302,417,144,496,267,140,353,508,366,336,440
461,347,449,23,41,257,307,391,464,15,151,194,195,49,140,266
243,80,126,209,335,217,228,192,302,61,18,108,508,315,435,506
413,506,434,47,310,98,157,83,185,29,213,101,23,88,426,288
508,360,389,409,309,70,159,175,339,122,210,248,100,311,398,395
52,49,33,26,79,211,508,61,151,356,105,377,222,248,34,359
474,194,98,115,151,1,109,354,14,154,246,163,152,3,291,231
91,266,277,508,269,264,254,468,13,188,210,98,408,30,371,238
156,3,26,152,60,466,402,62,98,70,508,315,147,311,199,79
210,98,285,256,312,126,338,152,169,96,488,254,342,408,177,508
109,112,187,169,459,494,377,281,236,68,447,325,434,188,218,245
113,395,299,152,82,92,100,242,200,232,219,333,236,16,99,79
210,254,487,77,88,429,508,381,282,395,298,423,251,468,97,491
151,27,60,194,313,152,267,359,216,95,312,265,409,326,135,232
474,413,467,69,371,42,206,508,127,143,156,214,302,210,484,387
3,376,213,264,258,206,65,41,226,60,129,311,115,274,23,151
399,334,270,246,508,395,200,329,182,151,201,479,81,140,333,207
209,359,488,69,81,310,15,327,8,152,311,200,151,313,325,236
194,210,499,457,238,152,483,398,317,367,174,117,126,169,283,383
2,502,158,8,506,42,60,209,273,173,322,292,193,276,395,34
326,98,151,254,337,249,102,96,160,83,174,389,54,356,3,463
19,113,127,371,474,454,217,391,60,144,468,352,303,508,439,383
113,27,335,499,23,175,130,398,97,118,85,341,477,461,151,415
191,508,342,38,46,152,60,114,468,177,447,121,268,144,247,186
388,34,106,312,279,399,426,112,225,210,405,109,152,169,454,182
117,494,269,376,108,359,214,330,174,221,102,232,329,324,158,417
459,254,47,359,373,277,95,280,416,158,2,211,268,118,162,89
480,280,508,194,255,445,210,6,491,311,466,179,154,332,377,363
297,258,313,25,100,256,373,113,503,152,342,144,232,496,53,154
398,344,250,93,211,290,508,128,269,502,308,188,408,370,343,171
343,418,58,236,60,384,401,109,291,400,402,152,229,251,422,332
484,408,267,224,121,199,335,187,101,133,152,138,132,194,461,311
3,281,383,266,325,386,210,25,506,136,41,212,61,391,126,77
248,429,498,168,34,409,111,441,166,508,246,42,33,104,417,374
339,417,311,67,358,508,187,53,302,286,98,42,466,211,401,12
14,476,351,87,508,232,280,231,152,470,219,464,251,151,139,51
489,169,391,106,325,138,500,360,302,111,386,248,313,60,297,455
270,277,169,58,71,237,67,60,506,109,210,311,302,41,168,354
29,213,265,269,399,440,464,508,474,391,343,273,156,307,371,347
480,508,482,356,390,444,403,291,47,322,452,289,302,42,238,254
182,501,8,246,126,337,311,51,502,218,211,490,113,23,97,198
425,324,408,395,498,260,376,373,246,70,423,371,47,386,385,292
508,469,218,194,12,391,268,237,494,74,482,480,417,213,211,506
210,158,25,461,114,311,231,159,508,468,323,411,245,344,103,336
111,180,29,447,156,71,416,503,101,498,152,198,480,113,126,398
111,58,194,311,34,330,374,152,344,381,175,347,211,337,435,454
369,63,194,206,503,276,399,395,154,160,228,277,341,152,374,151
344,338,326,65,245,48,39,151,423,288,229,30,339,276,479,408
79,115,251,169,148,175,338,386,316,210,452,366,498,302,6,184
45,316,326,159,471,3,152,461,23,62,180,408,297,130,26,499
120,299,276,508,209,254,118,376,55,168,126,401,472,51,208,210
288,274,110,276,238,281,504,140,508,222,208,98,15,149,245,42
163,201,281,60,362,366,359,70,32,47,371,391,242,466,476,423
85,466,475,34,89,141,391,395,425,374,300,241,390,341,326,38
175,401,240,238,166,254,156,178,443,179,87,34,312,147,345,80
275,45,505,127,8,36,395,266,417,460,332,457,209,121,216,38
367,152,63,395,228,16,98,92,41,210,65,317,386,357,111,193
497,416,109,126,351,275,367,96,210,37,281,481,483,508,426,83
194,325,134,224,151,317,508,211,188,472,460,218,408,328,152,426
95,98,125,65,508,99,209,391,127,16,233,144,366,311,292,348
290,391,214,470,200,26,329,111,192,134,401,211,148,89,236,398
207,219,384,483,92,460,477,79,281,453,190,8,422,195,91,108
286,210,364,92,63,89,294,108,404,413,403,414,30,152,508,276
267,246,167,469,482,242,79,67,381,152,498,438,408,269,470,20
497,51,26,450,408,454,480,478,325,111,95,130,100,46,144,246
263,197,210,389,211,8,404,302,362,443,118,3,53,272,166,318
66,156,483,414,60,152,373,199,1,126,106,407,193,374,115,281
130,434,426,155,357,96,55,188,391,33,335,144,127,16,269,302
218,389,408,281,114,167,312,194,7,98,111,246,254,26,188,278
405,335,283,430,26,151,314,185,76,288,419,213,97,206,294,156
344,194,333,168,131,371,302,89,41,408,459,175,478,62,457,92
457,493,210,133,439,246,42,244,41,144,193,162,214,238,447,446
329,463,359,311,508,138,123,338,47,480,193,337,211,244,477,426
453,323,210,281,34,266,244,374,395,325,66,163,3,405,41,488
391,461,151,169,397,92,175,64,457,210,450,232,236,497,417,208
47,446,169,217,152,371,136,175,508,430,2,209,225,171,66,311
386,29,71,303,373,460,42,408,297,508,343,335,100,396,480,41
379,461,225,67,458,151,434,193,311,90,333,3,138,226,23,507
270,152,41,93,194,313,461,475,269,69,440,89,371,496,151,374
207,384,151,188,318,152,429,356,192,315,254,70,186,147,98,368
209,477,508,9,69,84,489,175,476,179,96,123,442,163,109,213
188,276,140,302,408,508,209,461,372,211,171,169,1,395,279,309
332,128,342,498,154,6,157,324,460,323,383,297,83,160,363,125
81,429,60,460,309,288,238,349,424,175,447,426,121,289,359,211
230,508,127,414,400,398,276,83,328,461,415,434,332,477,189,227
478,219,281,508,471,26,1,152,209,25,64,21,371,429,173,437
453,83,508,312,268,246,286,126,154,302,69,354,26,391,450,269
487,226,199,3,288,152,224,140,139,202,457,213,274,325,356,324
420,104,316,192,334,98,342,171,109,32,449,392,214,228,508,391
434,281,300,179,377,398,126,136,143,35,14,30,198,158,439,87
185,83,4,193,93,169,475,299,466,432,254,457,474,442,26,399
256,42,192,423,285,234,508,73,302,476,68,57,434,482,111,152
127,431,311,126,508,440,374,332,274,182,133,210,98,455,335,199
418,62,449,213,196,130,375,34,126,302,36,55,398,303,175,336
74,188,489,268,508,456,8,335,208,426,320,438,285,34,302,398
201,460,26,213,187,109,23,29,189,420,8,145,470,489,210,484
415,323,9,194,332,358,398,286,114,179,312,78,3,236,193,356
439,162,430,313,156,60,497,358,127,23,199,131,196,173,289,152
29,395,152,185,204,480,61,109,187,336,113,23,211,297,417,408
376,179,98,12,171,367,466,486,42,330,235,377,87,281,238,389
127,31,440,180,302,26,192,399,62,384,479,152,286,311,293,236
6,211,391,136,125,210,446,164,224,254,10,464,251,329,103,395
228,245,102,359,471,389,109,302,387,126,286,504,141,508,260,398
408,127,246,505,427,26,42,370,152,179,1,161,226,88,111,508
283,459,244,210,192,508,342,67,193,460,35,392,151,216,140,111
164,171,303,57,64,154,443,446,411,152,470,60,234,371,184,35
508,33,36,460,362,434,448,397,144,62,401,457,450,127,211,151
356,105,55,48,79,210,95,275,318,381,457,256,338,169,360,389
194,158,3,457,508,151,214,338,322,377,375,367,58,281,408,115
145,380,469,317,472,26,398,414,14,366,133,286,42,79,60,476
151,272,350,439,480,152,387,109,405,115,464,434,460,300,8,286
268,208,418,104,408,87,395,41,328,3,84,180,316,374,177,171
141,417,179,232,467,373,350,209,188,486,501,397,3,80,156,371
185,427,217,261,508,188,5,135,403,288,316,123,389,480,133,112
193,508,221,175,359,487,42,257,174,383,53,94,90,314,98,152
275,144,237,19,266,202,256,317,471,478,337,53,332,207,367,371
408,179,5,444,381,476,426,127,384,152,69,210,325,117,468,339
18,480,258,409,332,336,326,341,60,254,179,210,228,379,12,132
275,198,280,109,42,325,447,137,357,274,251,508,84,437,331,155
399,311,480,369,210,43,164,366,62,503,508,470,64,425,11,362
398,302,457,126,210,127,55,508,42,15,281,483,89,311,201,466
185,210,371,381,502,325,302,50,232,109,20,395,503,238,65,254
276,480,114,106,508,125,133,159,311,40,398,210,476,349,217,358
169,55,98,112,418,367,158,209,250,47,180,374,417,151,133,384
501,452,23,281,440,234,211,26,294,335,64,210,251,483,169,376
251,508,359,283,246,398,316,423,94,412,383,115,63,171,22,274
144,14,508,171,67,79,245,181,502,159,169,206,152,414,366,163
455,152,48,113,360,462,508,210,443,133,241,480,25,69,127,218
62,457,425,340,297,127,194,480,96,159,320,276,402,504,218,61
211,491,239,324,291,508,352,110,112,152,248,73,312,266,15,446
508,228,405,395,109,41,127,490,19,266,430,210,156,99,144,417
193,251,323,23,462,268,502,94,103,426,413,197,395,508,125,311
135,156,60,437,508,199,122,439,373,30,502,346,281,17,266,332
211,55,113,119,159,82,289,311,3,508,34,179,214,405,439,95
309,156,254,383,35,386,290,508,269,68,369,127,98,164,302,152
332,144,246,297,417,153,449,171,264,130,77,457,440,508,194,312
434,474,224,151,480,374,508,379,201,408,294,73,173,217,466,79
131,288,34,508,41,311,356,448,210,287,87,377,254,373,126,197
211,23,335,481,508,379,414,266,21,3,152,99,132,373,67,199
120,70,326,208,182,334,210,238,37,152,281,109,431,457,333,317
179,115,219,210,290,325,193,244,95,164,118,333,472,152,69,426
152,210,60,166,251,429,159,460,158,425,468,199,276,244,330,376
391,210,489,127,113,188,95,353,238,152,334,506,98,8,50,501
392,95,508,171,506,425,373,298,101,366,254,60,210,395,374,389
311,435,36,83,195,152,193,269,271,199,210,445,272,264,141,373
398,29,426,373,391,124,439,508,251,23,346,477,454,91,413,429
126,42,508,438,297,451,169,210,110,3,495,315,441,131,125,70
284,395,60,246,222,266,152,236,302,112,35,357,1,383,47,173
457,169,210,152,12,430,385,428,63,216,311,448,133,23,110,109
225,508,109,47,156,193,332,245,155,18,383,115,501,326,431,219
42,109,479,360,484,375,335,347,102,66,142,471,247,210,491,418
463,168,276,179,346,69,348,231,437,354,151,482,397,124,83,344
152,468,392,4,254,391,188,144,269,317,47,198,486,466,296,478
210,45,6,26,219,323,152,490,426,207,98,298,101,434,500,508
429,474,391,34,111,151,211,121,70,243,136,414,356,230,201,371
13,435,348,470,438,344,83,499,371,459,224,193,503,169,179,359
331,425,383,335,177,508,232,308,42,391,268,67,102,198,186,146
77,425,246,347,169,121,302,71,193,414,178,55,495,48,477,350
425,450,316,57,281,439,158,3,398,381,61,98,417,335,480,400
281,198,109,11,169,84,89,272,39,409,213,111,157,148,171,434
491,292,276,429,63,497,508,129,457,170,95,455,425,232,3,430
138,309,98,152,258,461,408,302,398,155,505,423,109,238,311,492
206,496,266,426,468,99,507,234,446,210,339,152,30,254,58,160
164,238,470,508,502,250,163,258,460,152,243,183,288,229,26,506
408,301,395,199,397,127,34,482,170,211,79,126,506,194,302,210
398,141,373,34,494,298,457,254,151,152,402,274,242,440,301,24
158,311,55,367,109,475,152,209,269,151,348,477,292,330,174,508
506,67,63,152,434,169,466,447,391,488,311,351,342,335,426,98
381,508,342,404,348,12,329,372,236,109,210,492,505,14,333,373
60,326,109,395,211,196,493,48,466,417,188,229,98,210,496,288
508,290,90,254,152,447,312,349,141,216,323,356,46,94,497,67
184,283,113,242,211,505,237,166,299,378,308,126,376,415,442,480
197,395,82,152,248,98,377,437,444,173,326,9,156,417,192,480
397,91,122,60,316,493,98,329,23,127,286,103,326,41,364,180
84,197,112,174,508,232,254,31,169,234,506,311,444,30,480,0
168,508,77,152,257,411,189,335,479,184,151,26,179,474,273,417
109,71,389,226,211,49,311,57,216,3,486,391,208,333,158,74
357,34,462,192,126,124,35,113,178,209,234,508,460,273,134,26
39,444,98,170,159,20,122,84,126,106,294,179,288,292,210,151
236,389,508,254,170,239,78,42,381,194,460,437,98,59,175,395
261,361,98,152,179,508,158,398,19,343,232,3,409,210,402,53
193,234,420,195,66,371,309,302,24,374,269,468,98,169,204,367
210,56,71,470,430,169,440,226,278,153,279,381,184,111,445,26
236,366,269,87,492,333,331,147,373,429,469,480,328,41,447,401
210,339,54,251,342,311,113,26,158,281,376,144,477,371,109,126
28,152,395,82,479,87,288,2,378,314,37,398,508,192,193,359
123,383,151,152,32,414,26,470,53,156,71,399,196,113,380,476
310,322,98,211,125,273,152,372,40,357,323,413,288,232,261,508
454,311,498,391,160,71,443,508,367,395,269,466,470,42,3,383
91,414,354,194,24,193,40,210,367,312,480,152,192,121,504,229
508,466,446,152,311,302,367,104,38,246,325,83,219,368,226,492
472,42,375,508,415,406,434,193,427,160,98,283,51,391,13,127
208,130,372,461,128,457,210,501,508,447,255,374,395,269,290,214
211,287,128,232,210,152,463,54,138,383,98,366,317,21,437,395
306,210,326,508,320,35,18,198,395,60,193,151,276,136,489,381
508,466,457,364,26,296,370,497,132,224,439,157,194,391,21,396
36,87,344,323,274,480,85,158,33,121,367,282,269,508,42,115
309,92,10,270,359,34,302,335,506,228,157,199,304,391,430,151
488,276,91,193,464,211,237,182,508,496,470,383,10,175,124,420
450,85,269,318,350,307,508,466,238,255,426,210,192,219,334,353
432,390,152,269,381,210,457,208,54,496,217,325,280,90,46,499
228,426,13,477,14,127,136,28,0,210,471,459,266,387,231,80
390,152,500,210,84,462,17,394,117,426,26,186,269,246,480,411
307,371,210,127,115,231,98,18,218,187,254,365,370,6,484,190
151,246,210,508,152,67,302,97,445,31,372,28,476,37,466,133
245,439,246,283,302,407,508,287,398,171,144,242,452,396,362,186
213,49,178,251,428,144,493,285,245,209,95,330,502,508,159,93
208,152,142,508,209,117,98,469,416,422,300,111,391,507,424,439
389,194,152,29,77,268,113,14,39,15,272,302,346,195,353,431
383,171,508,359,432,210,151,152,43,149,16,268,477,196,235,8
215,508,98,79,84,273,28,83,151,227,483,210,213,140,424,461
214,41,126,6,346,171,269,330,98,180,54,457,391,303,119,468
340,126,193,381,504,59,419,226,262,284,508,333,49,408,163,245
50,213,336,41,493,408,194,346,236,376,273,309,371,470,127,193
359,98,403,115,210,479,508,370,166,207,128,332,452,152,287,95
3,102,466,312,310,375,186,210,291,90,25,60,308,409,470,109
57,109,374,151,361,246,478,432,126,502,101,506,210,354,322,152
119,35,150,285,477,506,254,379,210,14,136,127,151,331,358,362
64,151,96,126,110,336,33,210,12,420,34,429,121,418,187,59
508,19,351,42,41,218,395,495,79,245,29,172,311,265,60,467
246,156,161,169,226,125,297,308,210,144,477,194,99,17,216,193
475,254,209,211,385,144,402,181,310,364,508,134,326,60,49,449
199,497,175,170,508,219,193,499,3,302,356,98,248,317,378,396
234,60,463,78,4,173,414,311,374,330,77,276,373,353,186,42
14,61,148,172,173,479,508,156,125,208,452,77,246,201,391,127
46,152,14,169,89,226,57,269,211,8,58,391,508,277,248,311
391,502,470,304,67,194,210,122,396,371,336,51,136,425,335,408
213,74,210,94,96,208,195,246,276,254,87,175,151,230,292,488
408,398,347,374,389,26,17,344,69,276,501,151,273,467,460,394
151,55,210,302,407,508,194,504,301,276,300,202,387,129,62,496
316,463,483,283,177,246,389,151,468,210,40,97,96,3,508,254
198,171,396,470,188,232,474,328,83,508,213,151,356,17,129,135
13,152,416,335,462,447,120,111,273,461,496,423,197,426,376,374
303,237,138,439,508,404,325,211,80,476,3,219,469,424,426,311
124,213,331,508,62,158,152,379,344,452,161,255,313,325,269,371
470,508,90,408,83,34,258,175,403,169,43,231,341,210,280,26
99,398,131,302,60,326,102,508,498,452,159,214,3,232,502,215
10,24,209,461,35,109,152,476,381,211,447,384,130,490,501,168
238,159,184,113,439,28,508,152,395,464,169,111,333,408,302,228
446,42,100,480,325,210,332,26,407,156,23,494,317,469,508,391
245,483,42,434,207,386,474,70,169,40,219,98,289,216,391,371
212,457,128,80,408,28,106,54,357,395,316,299,242,192,222,471
348,6,410,152,35,493,374,246,171,386,329,289,288,181,159,81
474,228,476,245,425,127,271,471,210,479,322,189,463,457,366,194
431,136,361,303,210,508,301,89,302,325,109,147,373,71,281,60
194,276,115,280,405,104,99,152,395,38,349,342,482,269,211,463
210,276,42,209,69,426,480,188,91,248,508,370,185,433,148,251
347,342,65,10,290,284,63,411,437,210,152,258,332,480,508,12
8,108,156,426,187,420,152,408,42,367,434,95,210,457,20,155
67,151,302,20,178,457,270,180,6,480,447,244,109,210,182,238
12,412,508,210,413,55,431,267,449,143,322,288,355,457,385,337
415,198,164,217,170,268,126,342,210,302,135,236,5,330,367,62
283,152,179,47,304,508,226,113,389,160,105,344,343,168,474,476
96,79,98,109,57,62,80,214,434,450,499,476,304,328,480,506
508,23,174,486,455,169,446,211,168,127,247,286,373,189,5,338
84,41,444,210,329,3,152,508,71,127,137,62,36,316,325,477
508,57,39,446,138,290,381,430,269,281,359,254,342,211,274,62
254,325,98,102,49,508,371,323,412,269,256,210,388,290,219,140
398,41,408,39,508,199,477,389,317,272,459,191,371,506,42,57
346,157,508,479,254,211,130,83,463,440,281,207,152,188,415,325
409,413,370,42,498,7,219,333,151,248,420,262,166,113,508,238
47,463,309,268,34,42,211,234,508,239,458,420,394,209,391,432
332,508,463,342,398,152,210,211,288,42,23,26,391,183,394,447
445,174,274,302,426,179,349,230,109,41,147,335,395,167,60,273
414,383,417,497,144,424,427,1,411,302,381,434,398,98,143,167
86,480,151,508,144,184,145,210,477,367,274,257,411,211,224,371
334,286,28,494,383,187,158,174,230,219,14,440,326,391,167,12
152,210,111,203,468,505,183,89,476,69,302,97,222,14,126,96
91,163,441,211,381,445,294,18,109,251,405,254,0,140,318,302
211,175,389,26,498,210,224,352,277,281,89,101,398,152,60,506
330,297,381,447,164,281,442,226,488,113,325,407,60,84,251,103
126,408,8,481,373,374,411,508,497,115,470,100,169,173,307,319
219,349,210,169,508,498,490,428,357,41,186,70,140,98,15,148
281,159,194,319,463,403,246,93,251,508,483,92,500,353,3,383
77,508,111,426,26,294,71,334,163,368,56,395,151,152,481,114
508,277,144,26,115,470,447,481,151,247,374,377,251,54,246,22
269,106,208,55,373,14,437,256,307,28,276,210,16,267,428,85
151,504,202,288,356,444,508,243,109,215,374,244,96,98,274,506
245,498,422,371,61,152,55,483,317,320,217,92,411,69,373,111
508,80,251,182,372,388,489,344,268,43,63,370,479,42,246,464
169,135,470,374,508,324,391,231,148,210,114,455,313,151,126,316
192,311,154,413,446,85,238,210,229,208,152,194,71,121,191,303
324,69,484,244,53,395,239,230,491,508,386,41,152,108,444,431
291,188,303,168,380,356,463,341,61,154,329,508,131,106,175,423
101,409,470,29,506,413,144,254,152,439,62,73,300,27,426,41
42,75,228,394,206,291,97,353,98,120,211,122,371,457,375,354
383,42,211,506,41,210,493,136,238,436,192,73,152,226,245,445
10,385,408,281,61,445,508,466,278,276,302,225,232,404,152,362
470,456,136,41,42,208,231,88,154,276,379,219,357,291,257,141
129,379,211,383,83,240,152,288,408,75,504,210,318,441,497,391
251,508,13,34,431,309,42,261,83,413,206,23,109,455,147,235
193,480,210,488,508,342,366,226,18,155,434,184,58,22,194,325
346,66,377,447,122,198,323,42,22,495,152,23,230,431,370,210
57,174,152,156,395,246,323,482,292,252,273,375,210,408,490,508
411,440,3,188,61,194,395,303,175,251,315,81,445,126,26,127
487,319,113,95,371,356,130,391,210,254,471,161,429,309,467,27
398,258,155,25,506,106,152,186,41,126,47,20,389,210,54,211
379,489,201,397,314,210,508,151,302,198,34,168,238,75,383,42
88,126,381,371,245,457,188,452,439,23,268,482,374,278,102,494
395,459,126,184,219,504,374,311,124,208,508,87,101,98,173,260
394,281,217,438,152,19,195,329,118,448,445,188,391,476,403,463
508,238,497,241,110,498,98,152,395,452,420,73,450,185,416,303
115,254,439,293,100,81,286,376,129,508,33,30,210,455,45,158
281,508,210,457,92,460,504,256,195,266,83,302,87,58,188,322
316,376,205,309,140,499,379,152,34,286,126,188,158,90,457,125
81,405,461,28,435,284,254,193,112,169,60,70,368,238,171,140
381,332,127,351,367,141,230,276,506,243,508,262,309,441,374,439
209,325,135,213,204,437,211,317,492,412,508,151,152,149,298,334
360,199,210,320,194,144,61,311,392,480,374,316,489,45,451,332
83,118,32,417,28,381,185,169,112,55,328,503,210,343,102,267
288,462,398,359,213,198,469,151,80,508,232,127,3,152,14,221
302,347,383,98,336,417,363,209,57,316,389,268,214,392,247,126
417,439,352,258,54,408,292,348,152,154,210,496,211,245,471,3
383,57,281,210,426,244,114,254,396,14,152,472,268,374,411,138
323,291,298,480,70,437,137,335,170,494,268,106,433,145,56,119
164,333,493,508,115,504,64,56,246,298,291,32,159,462,152,207
302,78,98,206,490,373,420,152,395,188,422,213,151,264,339,221
54,276,351,254,426,480,83,469,133,411,168,359,194,251,115,174
429,437,108,413,331,301,13,152,251,173,66,70,418,151,442,358
276,479,395,383,133,225,5,95,389,0,168,334,246,131,457,314
316,238,359,151,281,290,1,89,91,75,210,302,55,260,157,508
166,508,29,439,445,374,498,325,10,192,96,312,245,210,383,359
130,190,161,352,179,210,315,497,187,133,88,152,479,440,408,303
408,423,508,131,273,448,332,504,160,391,307,184,214,152,56,141
376,480,316,42,308,232,411,333,109,48,47,305,193,391,125,291
371,494,428,210,7,383,337,188,89,131,409,508,10,453,105,73
173,217,151,23,338,329,383,198,441,333,466,484,378,126,499,208
122,409,179,194,152,158,326,95,160,210,495,252,450,192,23,321
88,8,194,502,335,508,213,42,331,84,379,288,166,12,302,53
89,92,26,367,186,357,394,457,332,395,408,70,290,6,127,152
98,23,229,281,93,337,192,181,42,491,421,80,152,126,408,356
132,41,257,218,460,151,210,232,101,506,179,481,199,214,194,311
333,322,99,201,329,504,282,162,457,380,98,407,152,501,506,447
107,324,210,391,229,131,471,251,371,187,276,221,464,508,341,480
408,152,508,127,351,196,151,325,158,288,335,242,92,438,459,342
488,357,333,413,344,408,424,138,210,374,111,326,160,447,383,395
88,210,42,428,47,298,245,468,276,424,395,431,506,250,200,271
342,190,508,176,31,199,133,101,370,35,317,152,249,21,383,439
217,413,186,64,273,12,480,319,23,42,408,246,93,156,40,73
287,26,450,423,374,156,210,190,346,398,163,395,443,356,223,226
281,388,339,463,267,297,193,151,155,395,344,470,315,210,366,167
208,152,34,192,457,201,392,339,186,408,371,3,136,328,210,460
437,194,325,302,14,394,508,439,371,57,274,269,360,379,489,13
395,198,34,381,373,398,98,3,452,430,54,478,372,211,299,194
98,316,247,304,9,376,80,359,26,478,208,508,219,276,374,258
152,41,508,342,391,311,257,498,395,151,466,364,144,163,230,312
254,98,251,35,475,325,407,504,466,113,315,502,426,457,395,508
144,175,3,506,287,179,442,362,462,245,73,254,481,125,508,269
508,115,152,357,288,392,402,407,127,371,35,322,480,213,235,145
123,328,408,508,398,447,28,76,457,423,402,83,53,80,70,236
302,413,326,508,49,209,108,193,312,11,375,210,206,115,273,480
302,30,490,325,480,122,333,254,110,484,26,236,417,100,152,210
152,395,281,266,15,134,316,246,210,220,126,248,278,371,41,92
122,391,210,127,77,371,447,439,261,192,231,188,508,21,238,434
193,266,463,508,480,151,21,246,494,408,210,276,254,318,61,316
423,231,179,211,379,284,311,36,349,324,272,368,129,18,125,51
194,110,88,354,391,267,246,503,453,182,425,152,77,379,311,90
171,480,127,35,210,156,48,193,132,334,211,413,15,89,381,376
337,232,124,418,211,152,144,202,193,340,111,508,470,187,381,290
461,508,194,218,290,457,209,18,273,418,126,1,504,152,325,402
22,23,236,187,184,371,110,446,195,439,508,42,123,101,299,99
60,443,508,311,431,480,349,209,210,58,109,12,189,412,198,186
209,316,291,155,286,254,281,417,219,404,508,26,354,232,64,395
430,152,127,210,508,121,30,463,417,23,408,365,471,62,302,429
152,6,60,30,389,281,272,125,226,208,159,317,291,95,398,109
352,246,210,325,58,224,69,48,16,234,41,151,92,461,315,420
231,141,236,60,160,469,97,106,121,480,113,145,508,330,395,363
207,402,54,334,329,111,371,219,129,232,426,287,257,208,210,359
109,508,195,58,371,269,151,415,477,242,210,379,482,219,281,88
479,281,175,184,408,395,213,152,53,480,508,118,297,156,434,302
211,260,281,160,426,391,438,408,251,98,95,508,192,12,194,186
12,297,152,459,126,434,132,439,3,354,199,351,83,289,291,185
374,110,198,281,95,155,246,276,3,100,326,316,50,434,463,152
42,78,383,276,403,414,409,295,312,392,508,251,311,333,330,358
342,97,498,502,89,151,156,158,311,315,281,92,115,508,381,209
109,368,202,178,159,179,453,477,359,373,431,140,11,23,30,506
457,251,349,104,238,111,200,463,245,41,187,376,37,126,226,16
300,66,88,437,375,440,152,301,112,28,493,13,357,98,398,266
325,431,154,404,60,42,408,210,169,74,475,205,277,137,151,129
397,463,135,194,173,87,147,81,417,409,451,246,274,59,130,413
113,260,348,381,2,470,395,78,60,488,237,458,508,454,399,118
149,483,60,381,99,389,487,151,309,117,133,127,197,472,383,464
247,159,506,60,12,273,303,100,163,121,168,370,256,61,154,102
192,66,113,185,223,174,111,395,508,178,42,322,152,463,380,194
392,348,174,113,244,441,173,94,83,134,188,508,81,430,228,494
506,9,34,149,330,389,363,70,477,92,158,3,219,111,297,470
126,211,115,288,489,245,285,210,403,176,32,326,346,168,472,316
508,60,117,351,267,193,84,143,348,152,141,429,65,15,79,144
411,26,223,470,210,269,318,360,460,424,254,245,455,264,508,205
244,407,38,198,144,89,504,25,391,501,177,400,29,408,427,207
91,389,117,238,152,457,308,245,35,326,229,348,374,166,66,251
464,113,451,238,357,392,42,288,192,1,224,193,391,409,400,4
269,302,213,371,210,127,418,506,60,179,446,251,258,480,489,508
502,194,373,363,351,290,199,188,127,281,508,217,437,474,41,183
498,102,151,179,466,39,377,453,127,251,335,171,60,30,381,297
342,494,174,210,438,198,149,395,17,95,374,42,357,41,256,69
159,347,179,426,158,193,194,417,202,248,152,129,61,127,65,508
362,480,302,443,47,140,4,381,171,358,457,90,386,212,174,374
329,157,401,139,398,417,286,480,104,50,323,332,210,268,365,65
192,317,220,386,266,326,216,251,428,60,503,170,404,258,439,40
210,359,28,123,211,506,100,476,398,413,330,412,339,37,373,127
508,276,360,197,151,426,42,472,409,349,127,302,269,138,498,173
276,456,480,151,468,400,434,194,234,56,126,431,401,422,67,211
444,297,42,2,326,26,474,168,133,268,276,126,471,100,286,260
66,152,51,472,126,213,175,129,446,254,480,398,26,435,282,424
152,82,322,133,193,371,447,385,127,61,234,361,410,398,199,374
302,54,236,439,508,326,333,194,323,254,23,319,184,71,37,470
276,23,252,430,426,156,173,408,13,431,498,418,348,302,508,295
95,311,126,60,167,35,161,371,30,220,508,328,417,140,156,414
480,171,256,175,154,210,408,193,379,281,391,441,376,278,477,232
292,468,394,256,198,508,57,480,445,86,477,364,459,158,210,276
488,494,210,333,470,115,508,455,316,340,152,102,359,239,63,353
482,391,43,194,357,205,200,46,66,310,10,426,166,372,34,477
152,395,114,90,63,390,508,210,240,219,413,109,309,381,385,8
120,374,409,252,494,83,334,3,125,226,359,1,80,71,113,319
152,171,422,472,330,460,283,144,122,9,332,285,292,47,209,194
168,434,194,463,245,156,353,311,179,333,210,214,231,256,377,66
256,5,359,34,230,11,391,173,151,503,131,166,186,226,169,311
229,366,206,398,3,195,112,126,302,343,300,422,276,210,501,357
210,157,269,219,158,128,358,88,422,383,276,302,144,305,389,199
115,408,461,435,322,131,143,338,98,395,385,352,210,391,238,313
371,402,347,251,373,104,192,208,146,127,260,218,210,245,508,440
210,252,499,479,133,334,211,66,435,221,144,415,305,406,419,395
425,379,275,458,317,288,457,399,508,403,323,375,175,144,281,34
493,337,88,418,133,422,113,144,151,508,95,391,154,69,211,339
105,60,152,372,508,42,370,169,339,219,188,302,81,306,356,479
372,143,503,97,398,210,92,500,494,87,256,324,124,76,439,508
167,207,343,381,426,377,199,471,508,370,330,145,374,351,416,251
193,409,311,98,395,489,343,10,391,48,508,152,480,269,210,297
317,128,508,502,185,26,175,111,267,336,232,195,486,206,152,209
481,398,11,281,23,468,180,357,494,156,395,276,139,331,133,159
216,41,420,155,322,508,470,373,254,26,302,438,52,219,454,457
232,210,468,59,79,413,3,422,467,303,69,395,70,85,463,482
281,264,152,506,508,431,499,378,145,62,428,210,332,170,51,391
295,26,294,384,302,444,127,152,203,236,130,98,276,126,395,156
188,185,28,106,402,126,508,34,302,193,286,343,104,172,78,149
241,302,156,343,62,499,65,205,42,460,472,313,413,149,66,289
221,111,21,232,353,315,219,337,436,6,464,179,418,40,381,373
254,374,16,356,442,408,194,381,302,467,508,312,266,457,84,367
106,431,131,325,154,391,237,439,408,22,374,62,389,406,245,152
210,80,380,272,476,246,158,347,504,341,110,299,109,508,69,226
423,231,209,201,376,206,398,30,96,299,210,311,92,302,246,281
169,220,463,69,474,369,494,87,277,219,184,482,281,503,112,42
335,315,344,151,371,255,42,259,464,185,8,208,349,450,465,156
399,311,152,329,383,154,90,290,12,318,58,380,157,109,422,316
145,26,280,508,209,51,246,42,469,210,14,501,374,54,343,450
3,210,269,497,151,169,495,323,69,328,391,354,376,52,450,9
130,66,373,359,127,309,508,493,162,74,96,443,262,268,240,335
399,467,234,36,30,367,395,210,94,324,126,269,374,508,463,318
457,429,245,357,226,193,213,152,434,14,339,207,414,177,169,194
151,313,396,55,175,98,333,186,26,491,373,51,463,278,324,310
508,127,418,498,274,383,169,254,79,319,213,139,246,424,471,210
294,87,508,281,426,368,316,424,198,179,63,24,409,188,506,402
462,211,367,50,133,152,505,130,395,437,238,210,459,283,470,98
462,403,293,246,265,233,23,222,483,111,37,254,80,43,506,179
156,340,439,251,210,151,211,330,413,489,169,41,69,508,333,322
402,35,26,210,71,508,57,221,312,329,406,398,151,208,129,197
188,50,395,302,152,111,158,488,324,491,403,83,363,126,214,351
159,374,145,93,281,156,276,130,373,140,89,459,202,204,347,480
60,184,130,188,76,317,6,95,170,3,502,347,457,381,281,104
479,405,60,127,374,35,508,475,395,302,92,23,348,426,472,219
508,470,402,359,254,121,151,26,152,312,408,145,256,188,50,444
370,330,9,333,334,302,8,344,210,506,281,398,164,413,431,342
401,428,411,315,28,508,482,232,333,304,219,391,231,186,57,470
462,264,156,302,395,245,413,424,129,483,477,210,444,434,238,211
298,115,413,417,387,410,126,424,329,98,152,215,503,335,110,254
391,152,145,281,109,413,352,467,374,171,246,395,210,236,238,244
109,508,374,238,276,105,346,181,207,156,339,286,32,209,479,275
113,463,194,457,269,164,28,426,159,497,281,65,3,316,274,39
281,17,8,151,118,155,39,26,326,395,396,67,103,322,435,42
352,298,268,51,222,316,334,506,42,192,254,408,343,152,56,325
436,317,60,140,505,184,379,452,168,23,260,280,210,197,462,254
337,483,152,251,376,219,54,257,396,325,506,194,138,208,508,210
83,246,425,156,45,395,444,65,380,186,470,508,391,398,61,419
491,255,323,299,324,127,93,185,476,115,113,152,246,144,25,210
152,413,179,254,174,103,407,113,391,408,329,218,215,42,324,444
381,199,60,194,326,440,251,125,210,476,437,152,278,379,329,245
508,81,498,373,129,237,480,313,341,312,447,217,8,144,358,211
395,287,178,381,392,66,339,174,32,125,477,495,330,280,216,12
439,245,32,408,219,308,276,433,194,508,273,192,157,3,208,114
230,312,322,275,508,220,211,258,272,231,302,61,245,198,281,303
83,6,371,463,265,34,335,279,231,169,354,151,508,498,254,194
64,136,480,254,294,31,338,277,447,193,245,179,97,151,340,359
389,81,326,467,185,26,297,60,415,210,67,231,92,154,410,508
98,398,478,23,210,281,489,444,273,209,476,102,213,490,388,337
396,248,152,87,198,414,311,51,30,281,46,179,425,226,151,219
106,305,67,389,185,236,16,440,166,98,221,30,455,24,70,108
376,195,288,202,371,226,354,373,211,151,207,502,427,98,412,144
26,302,311,13,74,276,129,154,480,151,141,456,349,368,192,210
348,267,395,373,254,323,326,396,210,371,202,301,38,491,434,312
54,494,374,89,39,210,232,436,508,492,171,426,359,396,293,188
400,505,464,455,79,342,480,374,332,380,246,65,484,10,371,198
302,104,211,91,215,318,254,199,508,461,446,491,374,75,32,383
199,187,273,151,0,209,503,260,477,195,156,47,111,371,508,127
93,300,482,84,152,463,351,505,342,80,475,395,193,246,348,403
470,200,126,8,335,101,508,302,127,331,79,417,84,252,333,259
367,216,152,326,439,283,210,463,332,508,211,303,80,276,38,374
344,276,210,35,391,303,152,102,82,426,323,70,461,360,154,151
131,118,60,416,252,26,479,464,14,503,151,435,381,168,127,303
98,223,171,10,356,245,269,154,396,131,457,279,249,304,235,151
60,144,441,226,141,98,457,51,287,395,8,343,286,136,169,125
436,348,102,220,464,60,11,363,480,368,254,258,96,302,508,443
413,508,169,266,75,37,318,193,416,235,281,83,480,395,125,210
225,371,83,408,155,134,311,508,256,326,466,49,190,179,53,210
359,508,486,469,214,426,337,185,344,188,276,6,468,266,193,398
302,113,145,110,296,66,254,402,210,308,74,64,102,77,508,377
210,54,463,23,60,123,102,426,42,414,336,472,466,461,34,92
492,212,71,316,204,465,238,505,423,84,346,109,87,49,448,286
444,152,452,254,34,219,302,180,193,256,434,326,301,3,78,372
145,316,248,131,109,309,199,359,452,71,171,159,155,348,439,266
302,309,508,152,134,439,103,395,482,169,381,359,206,219,246,470
120,170,461,302,171,470,238,425,34,371,398,309,402,219,400,445
280,281,151,349,194,342,251,152,413,35,146,224,229,193,195,497
260,173,39,152,14,226,307,42,422,157,209,371,382,325,217,29
91,325,508,112,210,51,411,79,487,410,506,463,311,35,426,152
447,491,276,155,395,457,426,84,246,158,11,116,152,408,238,175
1,151,376,95,175,14,246,502,508,391,344,373,168,433,245,325
484,235,183,221,444,88,391,408,27,236,210,146,34,169,92,321
37,423,341,152,470,27,236,501,379,420,156,333,34,69,26,126
483,391,95,508,194,324,210,73,279,127,3,357,423,175,63,60
482,152,158,426,445,151,373,301,302,442,56,420,508,496,185,77
151,5,244,111,408,373,463,26,435,71,171,476,297,396,101,231
55,152,177,479,256,434,246,194,338,435,169,334,297,54,198,12
450,395,322,442,29,186,152,502,496,508,174,188,151,426,474,185
395,209,332,371,480,508,214,310,391,468,152,245,439,387,219,211
489,446,130,90,483,80,480,311,212,366,230,217,426,383,318,508
429,406,344,477,484,158,439,494,332,254,188,437,508,474,210,377
113,362,206,375,30,323,500,281,69,180,398,325,342,232,412,156
159,449,83,67,29,85,125,260,389,168,3,210,114,66,126,133
275,53,493,283,87,207,126,159,47,124,210,384,145,98,180,477
503,156,508,250,335,441,488,256,318,470,192,322,115,312,462,391
32,221,244,508,432,477,408,144,311,192,254,23,461,209,267,469
27,54,334,269,469,387,429,508,56,57,194,89,476,317,134,406
281,244,371,457,154,452,404,210,314,351,55,480,37,503,206,479
6,238,97,128,476,28,410,210,311,254,391,41,429,23,389,52
216,360,11,26,133,419,192,456,193,29,219,31,502,169,416,8
269,60,475,254,384,8,169,468,508,48,73,325,211,273,349,291
127,93,224,254,195,219,210,408,403,126,168,342,330,464,98,465
296,298,210,452,42,357,127,404,371,508,199,218,115,428,381,302
417,127,508,152,391,266,69,287,458,343,471,464,144,398,145,381
175,130,359,126,470,266,202,286,213,179,404,489,391,156,83,480
20,413,11,87,351,126,206,408,238,312,402,201,168,432,457,470
457,158,126,125,439,151,92,481,506,302,508,462,3,187,23,474
506,484,432,486,343,1,203,508,322,410,138,158,344,61,109,425
159,466,435,175,42,505,210,266,115,386,194,431,252,152,77,412
334,508,209,318,210,158,101,479,424,127,480,404,47,152,281,32
438,213,154,90,491,251,120,210,480,218,323,8,245,219,466,174
444,246,132,129,282,417,140,34,88,391,316,437,348,91,42,228
285,7,281,508,213,109,112,238,457,161,480,311,188,174,323,302
257,483,486,503,385,110,194,60,248,77,49,15,130,95,159,7
470,500,8,128,178,192,208,5,332,218,169,268,210,370,209,183
466,287,491,56,357,464,508,219,484,250,425,225,232,381,90,328
337,194,156,418,508,144,141,123,152,230,318,317,219,240,304,210
381,98,26,498,315,277,108,96,196,101,194,16,112,114,235,328
152,78,311,459,210,340,439,335,110,482,475,155,246,452,480,213
360,357,311,379,246,274,469,254,193,127,384,440,302,324,210,219
170,304,310,269,129,116,371,42,140,381,391,457,25,401,299,34
192,357,377,412,39,254,151,326,26,32,77,381,443,187,468,23
204,110,210,398,28,54,152,498,246,81,209,139,121,406,372,290
23,492,214,312,508,404,471,210,374,32,231,193,426,42,294,127
269,426,145,111,23,20,316,203,508,152,175,395,374,194,193,245
187,403,144,23,10,381,435,213,294,497,508,483,410,16,245,100
457,210,232,432,395,92,417,152,508,402,426,314,211,58,60,476
228,254,358,156,483,131,367,401,398,246,426,480,152,326,506,219
210,501,27,110,508,48,377,366,19,281,325,152,394,42,197,471
315,140,155,112,508,476,109,41,61,479,33,152,12,244,73,18
367,307,291,169,333,2,395,100,463,508,95,167,376,324,221,479
88,508,3,58,426,302,71,506,219,379,144,75,412,501,6,180
210,438,57,281,426,144,158,277,308,508,27,236,412,126,6,102
506,270,152,439,56,488,374,8,275,398,3,276,26,151,242,491
24,372,391,198,73,508,12,51,335,501,186,309,479,504,276,41
221,112,334,311,322,40,69,316,276,326,366,335,508,158,120,138
158,351,290,450,316,415,26,374,281,416,364,70,391,207,136,480
506,254,381,21,447,151,60,318,508,194,198,67,158,414,252,238
171,308,108,281,89,464,395,476,205,69,251,371,208,207,431,32
246,89,205,73,374,479,275,334,111,57,508,328,184,199,187,257
373,182,245,221,302,76,508,149,374,75,74,329,477,260,127,340
15,34,461,399,113,8,236,184,179,197,508,437,45,23,175,354
298,380,312,406,468,156,113,109,168,440,151,269,342,192,508,326
260,30,109,152,141,309,471,494,417,134,188,26,25,171,326,175
209,399,98,430,246,345,189,208,132,201,325,128,508,309,26,302
202,126,73,46,360,211,395,416,3,26,113,207,391,152,309,384
508,470,87,340,89,3,487,467,245,275,201,151,174,48,488,298
87,398,3,210,218,10,112,70,83,314,311,308,503,220,288,56
198,443,134,10,221,32,231,380,480,116,244,99,271,303,371,84
42,406,59,97,348,83,472,245,26,431,198,210,288,498,398,141
211,457,198,272,113,26,36,326,170,383,152,414,168,14,197,221
69,238,470,94,151,400,193,236,287,120,253,394,508,226,210,333
314,303,210,251,73,508,501,108,347,480,100,335,141,325,76,476
395,63,152,65,371,219,456,23,26,242,215,42,88,440,121,376
262,152,97,82,276,391,215,251,349,275,42,374,169,418,302,138
192,431,405,351,151,409,377,402,115,383,188,424,395,261,224,152
302,140,197,198,8,37,157,316,426,342,161,219,214,457,126,494
151,435,228,281,210,109,354,391,359,79,413,83,492,457,460,173
292,417,88,276,383,10,127,460,238,52,449,505,508,106,269,113
217,129,154,53,32,77,376,445,193,210,126,416,408,359,395,508
152,210,60,245,476,192,10,103,348,232,478,288,155,144,55,29
152,497,80,145,90,192,407,447,110,174,127,332,177,267,230,69
439,34,152,100,335,317,206,508,174,194,470,302,368,424,434,391
141,211,322,381,383,248,360,8,188,54,169,506,475,14,27,199
408,130,269,376,111,311,398,144,129,370,52,231,302,142,502,84
468,462,53,160,376,178,226,290,115,248,36,283,110,443,192,251
144,490,260,175,270,314,197,33,126,219,250,431,480,136,266,373
414,426,323,480,152,281,104,371,302,308,223,508,113,85,26,9
206,42,153,231,384,480,247,269,353,256,288,307,154,508,392,114
64,480,198,34,461,152,417,273,384,479,391,156,115,214,395,47
408,508,168,319,389,111,60,210,113,325,66,199,397,152,274,453
31,274,342,251,42,131,180,109,78,136,269,326,102,202,425,3
152,237,169,408,256,508,292,423,359,210,407,92,106,238,30,268
23,194,152,101,508,45,81,490,60,358,141,199,276,415,126,462
174,254,434,251,428,506,41,65,34,210,127,152,104,194,508,368
210,217,192,469,133,92,311,132,337,456,152,252,238,376,254,383
114,60,159,367,391,20,396,220,395,272,254,326,42,434,325,192
470,403,505,266,362,370,32,367,41,345,330,62,508,408,117,285
8,93,359,268,101,325,53,152,98,79,16,180,375,508,450,374
292,141,477,127,97,359,491,281,50,67,108,417,383,212,240,246
210,175,29,508,42,158,219,251,49,152,270,364,395,403,230,254
399,374,391,210,290,508,228,353,381,325,194,232,356,355,59,476
231,207,219,210,221,508,151,475,98,357,47,385,95,457,236,158
120,31,280,236,42,269,254,325,218,508,53,378,10,184,151,51
122,284,245,27,479,3,313,457,400,212,404,210,242,491,175,98
340,323,160,70,508,303,4,245,452,333,215,384,43,486,152,477
359,478,371,111,60,168,506,208,295,151,395,173,246,127,316,439
23,226,437,194,245,508,254,411,397,373,341,171,158,374,8,12
333,5,260,343,3,443,444,122,482,267,381,210,493,414,208,500
359,508,145,399,133,463,303,381,269,330,43,439,477,403,374,421
281,61,463,459,256,479,152,508,40,79,489,105,168,287,98,211
185,365,128,151,498,169,210,193,145,457,41,440,485,395,15,373
174,479,377,164,285,78,26,508,140,195,113,469,197,134,196,359
185,276,343,164,266,201,210,448,34,115,364,26,316,314,398,130
315,418,275,80,268,224,508,152,66,377,189,173,16,199,122,34
254,426,508,246,60,262,216,81,480,244,133,112,57,504,180,41
209,369,128,169,286,431,445,42,246,103,360,207,414,333,35,109
325,383,62,170,26,37,152,63,34,387,210,375,323,494,88,504
174,156,470,447,508,98,234,168,280,265,402,152,126,317,374,484
242,443,267,436,201,151,14,330,22,492,130,104,168,181,394,462
211,89,127,333,383,508,395,46,242,152,187,457,225,391,236,188
90,51,468,135,141,266,505,292,311,152,284,464,127,457,41,28
267,336,291,445,439,194,144,425,302,183,175,69,330,251,23,396
472,508,325,193,206,194,457,320,414,26,157,161,3,164,391,78
109,194,126,311,246,389,381,192,391,17,229,508,122,144,334,220
508,449,152,204,60,206,169,269,171,97,106,91,281,276,231,42
508,144,158,370,476,408,477,199,166,467,504,302,381,474,8,371
216,158,331,34,328,185,395,508,311,381,480,229,446,42,268,303
110,374,455,297,41,504,457,371,331,506,111,461,194,86,366,426
397,121,54,508,252,389,254,325,417,155,467,152,354,161,303,311
312,508,236,25,89,62,418,234,64,28,75,58,398,245,316,268
311,341,113,170,210,258,171,480,254,169,504,391,57,450,163,508
439,325,408,508,417,395,398,56,194,98,312,126,28,157,245,232
226,396,159,466,508,371,408,17,248,315,404,328,331,410,358,109
115,495,258,303,35,216,398,49,23,312,199,118,213,311,395,145
104,302,266,167,429,391,125,232,193,325,115,300,395,289,179,490
166,111,132,325,126,106,394,254,98,420,168,67,210,188,54,274
152,417,297,457,501,340,423,508,366,443,132,233,226,371,198,506
297,302,322,333,34,158,424,452,492,15,62,443,28,477,501,118
246,269,238,449,99,215,457,230,152,333,141,210,98,389,106,109
396,373,280,391,359,210,336,190,508,452,502,312,152,467,3,61
351,124,151,48,266,138,449,19,6,211,415,493,254,506,398,113
230,152,57,14,336,32,494,26,426,383,211,394,496,217,373,89
169,113,242,210,302,150,87,127,384,269,489,3,156,232,417,28
23,238,281,152,210,156,386,126,112,211,145,373,345,254,360,459
366,426,168,79,130,260,376,12,431,432,211,457,69,3,356,210
153,439,391,479,384,228,280,508,377,60,383,235,217,493,220,151
366,447,483,435,391,91,337,34,499,205,210,422,246,274,124,320
246,288,110,503,387,491,359,276,156,215,210,506,502,237,143,407
46,457,57,138,381,44,31,123,157,223,323,508,194,14,329,66
39,174,413,490,493,251,151,508,113,398,506,339,254,400,211,210
152,508,126,188,194,302,60,61,361,174,503,358,49,408,303,376
240,210,408,197,63,186,462,269,364,23,450,480,169,463,289,101
470,315,457,90,508,480,459,8,336,483,275,102,379,433,416,317
12,316,357,395,328,384,127,30,290,414,480,472,259,422,196,132
250,302,276,254,426,107,466,188,360,149,416,508,205,374,243,146
210,184,395,246,391,56,503,239,336,49,146,193,311,508,429,236
81,269,6,426,297,113,264,271,302,45,498,210,413,371,139,91
210,23,228,254,164,368,149,96,234,202,85,417,383,391,508,192
422,216,42,210,369,88,55,450,117,508,152,233,70,366,127,427
69,98,152,83,373,30,49,212,198,255,311,388,281,402,476,369
59,42,414,194,180,175,480,148,152,349,508,325,3,367,20,233
46,508,440,413,49,29,414,9,498,344,84,281,319,109,309,236
440,200,42,249,152,132,508,331,54,329,345,3,311,117,483,151
70,317,194,418,60,151,224,433,148,98,408,508,374,409,114,441
438,42,395,508,159,251,469,32,506,93,40,36,170,98,325,219
210,34,269,246,480,299,248,260,508,391,253,151,440,311,333,374
23,496,197,373,316,156,508,32,48,254,194,121,478,298,286,193
391,30,245,102,389,395,71,266,111,54,213,259,348,336,211,248
236,479,484,16,152,293,457,205,419,45,184,219,88,302,127,41
238,385,41,408,156,136,1,460,111,271,371,375,113,246,211,8
55,322,508,78,334,32,389,283,65,371,448,110,404,47,210,127
439,463,152,254,302,210,399,269,208,228,28,61,347,151,98,435
210,169,386,477,325,3,464,398,276,392,141,375,295,506,254,238
75,152,179,425,245,56,503,442,498,333,335,210,468,34,234,311
391,12,497,61,210,350,422,312,325,180,375,120,35,463,219,196
276,99,370,221,229,338,381,69,501,506,281,238,504,20,482,398
111,287,345,211,92,167,61,395,288,153,66,162,372,359,403,343
169,210,493,152,98,302,261,194,211,109,74,218,4,132,498,402
224,312,387,152,302,143,371,164,210,23,332,491,266,182,360,389
194,369,7,23,281,436,213,330,158,152,148,391,302,508,159,331
488,457,378,198,89,311,370,376,250,383,447,152,474,47,156,169
463,156,311,251,167,508,90,395,111,482,239,392,13,297,493,500
100,209,506,103,330,110,95,211,178,256,508,409,463,470,417,171
210,379,188,152,432,62,402,109,3,447,251,74,101,66,383,7
152,214,39,477,357,476,281,210,508,211,328,292,389,112,171,408
238,152,29,60,470,479,415,302,427,157,483,440,309,80,197,374
171,480,225,71,26,304,126,504,290,100,344,34,112,359,85,288
67,20,422,238,395,315,391,95,210,193,242,103,237,200,70,170
251,506,350,391,439,508,503,151,1,462,42,461,109,169,94,464
314,198,426,258,210,26,107,156,27,260,184,439,395,283,377,508
444,401,151,276,210,480,54,506,454,297,439,127,460,140,246,508
3,457,366,198,479,34,192,404,122,508,109,158,26,224,359,98
60,218,210,152,504,311,112,145,97,370,173,213,224,302,113,156
486,325,157,506,209,198,28,211,3,152,368,8,179,98,47,508
359,194,288,276,65,61,109,96,470,218,216,314,186,3,42,417
444,420,421,508,133,330,426,506,370,476,207,112,466,169,488,109
466,257,152,246,324,391,457,26,508,254,437,171,113,14,394,359
316,311,145,391,122,238,360,52,303,268,65,168,254,480,98,425
398,55,413,457,193,409,254,496,508,467,169,6,152,214,84,211
432,374,210,158,87,203,351,194,159,198,446,476,187,92,508,126
168,422,247,152,254,508,434,303,445,199,323,193,335,127,465,316
483,56,466,64,248,11,152,468,98,502,348,194,127,302,470,376
381,226,82,145,170,216,508,426,395,391,324,344,276,398,3,55
312,121,436,129,170,109,142,457,377,307,10,138,113,371,290,154
289,381,453,254,359,288,79,297,250,115,166,63,210,211,340,216
408,480,188,359,141,51,20,257,244,414,163,175,127,311,148,263
180,316,57,77,96,211,508,65,291,209,380,302,145,127,154,166
506,200,151,272,285,92,395,504,260,447,209,317,502,246,374,281
171,57,326,508,502,199,12,34,210,416,365,152,325,418,238,314
194,257,330,210,299,470,154,221,30,209,170,311,484,379,230,109
121,26,76,508,492,251,359,305,466,63,480,494,3,278,194,210
151,17,317,281,399,457,398,224,210,5,158,188,403,395,480,425
33,440,385,152,149,303,463,351,395,343,238,508,223,171,232,383
278,460,317,276,143,508,335,381,424,475,420,60,281,391,374,457
508,489,75,133,325,100,407,373,127,316,299,152,446,211,273,408
113,302,6,326,205,283,65,357,254,437,440,403,136,508,34,489
200,312,269,373,452,445,17,95,469,109,23,495,245,12,331,10
482,104,508,210,183,60,381,391,139,379,6,483,36,209,152,21
245,281,340,58,250,126,246,251,152,83,70,99,111,437,371,508
281,126,367,100,362,209,402,302,151,152,210,60,359,426,175,256
98,53,246,152,111,66,372,34,8,311,379,9,374,445,337,302
152,14,463,325,207,184,305,480,215,156,311,151,398,508,199,253
236,433,41,349,315,53,181,389,403,377,212,143,4,22,498,42
386,180,232,152,445,303,302,288,88,391,205,506,326,188,342,140
71,202,439,169,283,210,152,334,457,374,10,208,65,373,75,3
152,38,502,384,508,262,4,371,286,405,498,348,145,439,159,460
109,439,359,183,174,96,374,5,210,326,223,406,480,219,491,391
388,412,429,83,426,485,374,186,480,175,152,352,169,285,268,220
406,47,208,115,276,480,14,197,426,281,292,123,35,202,306,495
395,246,359,193,415,408,281,374,458,363,314,302,126,166,227,3
342,442,152,402,201,246,395,288,210,69,127,437,286,41,219,53
89,210,209,352,3,46,186,395,468,183,325,81,53,12,154,228
481,178,281,395,364,60,160,335,331,152,96,402,336,381,45,110
381,34,40,421,229,119,508,499,313,39,490,144,398,331,246,41
445,127,402,457,38,69,344,188,302,180,25,508,112,54,132,441
210,312,238,508,476,387,328,357,78,404,260,126,374,171,389,151
497,152,351,354,140,302,26,126,508,386,438,466,311,345,408,111
148,398,387,342,210,367,119,457,424,109,466,302,127,461,480,391
471,232,14,114,508,417,367,317,46,297,109,188,394,175,421,311
117,21,439,461,75,325,493,480,209,60,283,154,256,216,141,210
441,103,429,503,40,21,251,126,435,152,113,379,508,156,398,351
431,470,206,244,209,22,254,156,269,415,152,38,266,51,170,199
28,391,508,281,158,151,232,433,439,489,210,309,475,104,488,251
254,240,460,287,339,503,161,496,392,210,187,280,94,121,508,194
66,476,104,494,100,156,152,113,236,187,123,311,161,56,280,92
367,210,389,65,281,354,145,335,42,441,480,479,113,371,313,377
