35,234,292,42,227,323,175,246,398,372,381,359
164,91,276,180,15,170,158,174,66,65,207,234
379,383,171,342,348,199,324,479,97,152,481,98
395,391,209,316,128,216,322,480,158,210,60,251
237,364,334,330,483,175,371,299,411,152,482,503
159,311,60,238,195,325,199,193,151,508,503,168
381,302,169,99,285,240,3,274,210,151,232,152
417,210,115,214,409,16,11,151,314,24,360,291
128,152,283,424,232,302,194,311,501,383,214,396
136,505,297,506,379,242,356,346,387,109,389,26
217,364,466,83,399,55,311,152,78,396,381,340
439,151,221,210,373,508,129,113,357,47,325,394
309,388,308,213,489,457,466,506,405,101,211,364
407,210,164,414,398,152,211,202,508,406,316,408
26,194,127,484,35,245,166,210,152,473,352,427
42,371,79,145,256,373,59,385,482,501,210,152
83,266,479,39,409,125,398,195,135,9,508,127
214,198,254,26,280,152,169,302,402,408,480,490
85,315,351,210,151,436,420,54,445,508,57,234
1,374,297,425,210,326,195,445,480,127,179,194
114,269,499,503,144,258,135,167,194,3,124,188
169,364,55,281,272,238,329,90,3,331,371,100
171,26,447,230,428,210,154,152,60,111,326,78
71,50,508,98,469,311,325,357,228,60,456,144
401,77,229,192,234,41,269,333,303,73,482,288
162,452,288,214,3,33,479,316,90,395,158,179
127,3,395,76,480,276,74,62,302,398,132,437
484,167,501,229,497,358,98,254,430,302,287,179
164,151,115,395,3,193,398,429,133,424,108,508
113,325,34,447,201,299,217,292,66,246,444,391
26,506,308,39,234,184,25,54,317,10,210,169
43,210,196,26,359,84,508,133,395,434,373,3
236,155,49,276,151,395,75,475,190,210,56,216
199,108,302,151,130,139,236,113,342,442,298,425
369,184,127,417,285,501,97,331,391,343,204,210
151,395,408,281,158,391,34,37,325,508,417,426
210,232,476,424,219,152,237,276,322,311,417,246
218,471,210,329,270,54,74,96,402,192,149,164
194,502,66,64,477,508,15,324,402,97,101,53
25,302,171,57,214,295,403,312,331,366,505,373
8,508,381,3,391,467,187,409,315,190,337,229
214,461,407,71,335,242,411,232,193,475,192,151
182,457,37,123,399,320,18,508,447,330,463,500
271,470,474,29,409,456,408,371,74,302,179,140
210,152,440,458,273,29,90,470,42,334,118,394
471,5,35,93,40,210,302,504,347,152,156,357
12,281,152,374,276,389,357,333,425,246,115,144
63,250,75,219,115,346,300,440,41,152,357,508
91,67,144,424,2,152,480,479,285,389,495,55
337,402,489,244,280,480,45,108,141,32,55,156
152,508,360,75,130,303,413,56,401,214,102,54
395,164,271,34,92,501,494,325,374,210,479,311
263,317,210,152,199,115,232,248,395,34,26,315
417,92,426,167,136,311,304,113,54,422,42,502
429,443,251,446,69,92,126,325,302,246,17,306
210,508,172,98,331,238,3,479,65,447,109,159
136,344,374,155,423,347,92,442,206,461,211,210
366,397,395,69,311,169,424,96,197,211,361,34
17,360,157,121,210,144,311,333,180,113,464,55
408,30,489,112,152,83,42,210,151,347,293,90
84,90,209,480,109,60,148,244,152,379,316,11
497,73,23,127,158,359,408,101,233,207,229,483
115,508,245,201,217,175,381,144,114,211,383,194
127,371,184,113,276,489,240,337,152,477,169,160
151,508,392,23,3,236,250,376,26,35,119,152
141,121,508,209,367,240,377,345,254,208,66,192
99,498,197,206,210,29,61,17,429,336,236,129
152,311,148,70,461,210,462,246,98,400,417,201
285,210,211,193,39,125,371,387,102,152,82,302
87,226,188,167,374,508,356,56,223,439,391,15
457,120,188,125,189,138,128,168,41,266,98,337
156,20,283,141,461,152,216,348,214,351,395,363
394,440,413,131,144,279,508,12,330,281,276,23
394,417,324,508,279,35,110,416,206,268,152,140
26,268,499,89,194,182,180,312,58,209,330,54
420,168,210,152,410,430,450,179,366,387,325,324
254,357,303,80,395,479,415,441,246,49,198,16
28,381,470,101,194,508,275,215,503,211,60,202
420,371,469,361,96,22,309,152,126,506,353,189
127,281,476,192,457,210,389,294,332,193,8,498
265,87,45,152,244,452,171,120,508,401,442,213
12,471,42,66,508,395,145,61,92,19,439,194
197,377,155,171,42,90,98,508,281,373,417,169
210,438,470,478,144,57,155,508,63,238,506,287
457,39,311,498,101,85,477,186,100,434,392,306
55,452,10,127,254,110,238,156,334,152,255,371
470,498,408,171,384,62,36,114,418,444,5,60
246,381,391,169,383,42,12,457,136,470,210,480
201,152,440,98,175,14,20,357,386,281,360,127
216,45,455,468,143,235,272,112,224,269,344,506
417,41,282,297,195,12,448,74,38,188,133,152
174,89,199,508,219,494,489,413,254,224,210,456
334,168,133,193,468,39,47,226,3,101,402,508
413,111,210,129,332,42,408,14,292,151,34,41
359,439,502,168,422,30,152,504,232,128,122,381
169,196,210,395,302,506,508,206,79,184,480,275
461,114,229,293,287,171,374,436,23,240,502,302
127,36,246,47,54,316,94,452,457,83,152,501
106,236,498,115,31,42,96,379,383,151,206,288
199,486,470,87,303,408,454,398,479,381,80,351
148,492,335,444,371,378,156,14,115,238,144,169
28,210,272,326,84,65,246,401,254,466,156,366
43,209,62,423,508,192,89,230,233,242,476,174
325,472,63,461,506,391,118,174,336,463,168,101
316,54,98,266,104,333,247,459,232,391,140,194
144,364,508,102,349,451,192,111,506,480,207,372
98,158,428,95,198,83,152,90,384,468,488,110
489,476,63,508,280,23,175,18,3,477,114,80
130,309,345,431,77,508,328,401,407,250,302,242
152,412,60,464,374,164,427,163,346,151,210,39
332,378,391,8,312,94,210,395,99,343,175,418
447,55,232,297,41,28,466,194,167,125,192,144
256,70,188,42,152,210,148,269,246,146,439,223
245,192,457,113,508,216,246,395,151,451,187,23
317,61,210,47,260,159,332,37,187,168,343,508
253,432,152,92,362,499,3,348,349,25,417,378
2,214,237,256,434,489,447,124,470,371,115,83
236,246,20,199,398,211,256,395,152,367,151,376
454,171,186,508,480,17,152,302,94,90,408,83
60,466,281,37,194,66,34,136,359,439,112,503
396,505,138,245,110,232,461,443,208,374,311,210
122,99,133,179,395,398,236,34,426,14,457,56
398,414,32,226,240,12,408,474,154,210,508,439
419,480,442,211,483,368,491,64,244,152,113,479
70,508,461,405,373,290,105,168,35,504,126,303
245,304,3,330,244,269,416,152,426,174,159,98
3,236,169,426,210,398,306,356,506,246,168,399
241,47,211,395,378,450,489,157,1,446,192,210
479,157,274,98,381,111,95,152,480,51,471,254
359,449,411,228,169,193,194,201,395,98,325,115
34,252,371,65,246,151,110,406,60,194,30,403
28,417,60,61,482,318,424,152,34,136,179,330
359,207,144,152,457,168,332,508,460,194,248,381
210,426,383,412,480,391,54,504,115,224,195,211
254,330,101,434,60,349,302,95,238,96,508,156
254,373,140,83,151,395,152,34,179,61,431,14
353,246,420,114,430,506,73,273,21,27,14,236
20,429,207,181,269,291,423,508,35,492,366,198
187,319,369,97,480,193,439,226,210,358,152,340
98,194,508,254,211,210,381,281,214,395,151,268
276,400,171,151,339,126,308,210,188,195,62,236
182,457,87,395,276,148,12,347,442,479,96,121
247,508,311,463,466,98,461,430,113,110,151,422
92,340,426,210,342,504,70,447,69,371,152,175
334,78,408,88,79,508,489,0,479,255,480,173
431,147,507,319,208,151,276,8,205,144,35,248
295,226,367,445,210,274,67,61,127,349,115,444
257,317,171,157,432,325,391,3,210,413,207,504
418,25,457,39,472,374,333,498,230,435,199,502
41,325,217,288,120,501,466,57,54,359,151,482
246,443,71,179,171,257,18,26,410,14,211,444
389,214,61,194,457,210,376,28,209,373,169,450
42,335,286,267,426,391,381,100,123,491,109,436
391,395,32,248,152,383,182,467,219,480,477,435
502,210,457,89,344,34,385,286,152,238,258,202
483,316,59,313,508,232,219,266,61,200,302,439
171,342,307,168,238,435,329,193,508,215,112,151
313,71,508,3,156,106,75,66,12,131,151,268
26,508,124,357,377,35,302,6,231,178,184,90
149,287,498,326,281,457,210,367,151,466,154,209
347,227,426,219,492,416,246,156,504,47,14,211
101,244,374,448,210,152,275,226,344,342,29,211
461,508,276,439,179,226,457,383,223,10,316,502
54,400,256,49,174,362,151,131,210,16,331,67
342,505,210,144,463,435,316,194,409,112,366,462
361,362,246,66,214,342,292,169,420,254,433,364
210,42,412,302,66,224,169,194,488,314,26,174
494,478,462,362,508,79,392,248,109,372,426,506
326,471,385,155,501,331,152,21,129,80,379,426
97,445,14,210,459,302,152,246,194,416,508,7
109,234,432,31,186,175,157,413,326,67,374,325
330,328,408,54,186,26,126,194,204,129,115,508
508,498,435,318,330,443,54,121,214,277,210,395
75,223,288,344,325,210,60,89,126,13,209,186
210,482,402,506,484,152,170,409,77,144,367,211
206,402,194,330,374,302,309,274,210,313,254,508
209,236,210,26,80,267,170,450,88,454,417,332
381,459,119,476,395,26,161,207,31,311,61,175
60,364,267,452,273,315,508,145,381,430,168,316
109,75,298,192,122,425,395,287,391,273,422,462
269,246,175,112,325,168,29,438,223,336,194,15
290,201,120,23,441,151,192,93,100,489,41,315
280,371,391,457,152,210,223,267,281,390,43,73
395,428,113,464,210,417,211,60,489,391,256,463
170,266,42,477,411,251,101,508,498,457,421,130
484,110,6,207,14,457,392,66,418,31,209,466
89,152,380,357,210,384,98,439,77,397,26,115
35,439,186,261,508,395,152,348,436,29,61,415
141,508,480,454,201,98,400,65,466,468,323,332
429,464,21,250,79,312,389,28,342,133,457,71
65,210,98,123,175,414,418,223,109,186,347,143
461,477,75,395,151,433,100,35,418,346,34,109
168,286,501,508,374,444,268,242,71,311,187,494
478,29,374,408,3,54,254,80,430,119,373,42
389,227,210,238,351,335,120,6,307,497,194,449
227,508,302,34,496,155,210,406,371,29,381,33
131,83,23,394,236,470,91,311,167,177,494,169
140,212,337,368,439,209,457,299,77,506,101,491
508,211,336,152,377,109,325,324,145,141,175,210
311,144,209,493,324,3,260,326,374,371,414,470
210,401,472,426,209,223,383,254,194,373,318,408
102,26,191,266,240,18,343,477,359,501,194,109
164,194,185,63,491,412,469,299,219,276,391,314
98,61,115,87,476,371,280,200,358,49,128,210
134,492,398,479,133,84,302,325,311,358,422,123
461,491,493,17,168,251,156,435,457,98,302,287
186,483,6,288,206,210,211,35,187,251,326,408
144,211,442,201,17,374,251,398,379,281,482,254
149,61,383,466,434,506,464,6,162,415,117,21
309,505,376,222,508,109,245,69,206,183,468,152
168,269,169,209,292,376,234,148,377,311,212,7
374,506,210,430,159,131,221,147,367,42,491,480
441,42,152,280,111,284,475,47,36,8,255,246
274,135,482,115,303,508,141,89,113,302,246,269
284,490,266,232,96,159,497,376,161,66,246,188
158,56,384,409,219,50,11,18,30,461,335,198
210,144,508,245,342,383,488,73,5,236,118,480
359,69,378,224,348,152,395,392,210,376,151,42
401,104,493,23,342,71,241,391,34,8,77,439
211,173,313,493,475,458,251,342,489,240,114,351
41,210,491,198,211,168,413,149,115,184,494,254
214,102,148,445,156,309,359,444,106,508,36,480
447,108,395,381,6,495,501,140,58,384,426,7
268,219,84,391,479,320,462,242,445,16,204,50
89,185,140,508,480,256,426,359,99,231,151,412
132,141,241,254,102,371,194,214,41,210,151,229
245,359,221,280,90,14,130,266,508,434,284,450
236,42,288,408,97,254,483,197,132,238,168,468
243,331,134,210,95,112,458,60,508,333,152,373
19,455,244,400,346,3,275,443,502,179,457,152
508,238,462,200,493,341,109,156,437,502,504,452
480,64,403,75,391,188,126,254,90,235,411,462
230,116,143,210,395,452,311,109,188,281,149,168
375,194,90,245,480,434,112,474,360,328,64,41
151,426,276,175,433,247,469,351,154,124,334,430
426,152,463,508,371,128,26,98,359,370,106,256
127,115,79,495,84,126,281,152,23,45,437,361
57,75,499,87,217,149,508,302,171,395,113,443
312,63,152,254,201,256,288,87,303,309,171,12
177,418,182,210,346,211,281,42,457,381,57,426
169,211,342,34,291,36,370,62,311,126,449,69
108,342,425,160,56,113,317,100,151,45,434,133
470,254,434,330,422,130,432,87,129,169,362,444
180,232,286,193,445,175,452,33,28,258,251,234
314,443,316,502,243,463,60,98,389,100,196,102
371,152,151,285,391,374,398,42,211,379,109,384
271,469,396,254,91,269,312,209,181,192,2,466
84,449,425,278,452,151,508,169,97,373,210,157
43,508,387,455,343,326,369,383,136,36,493,201
488,160,457,303,50,480,391,505,127,357,375,111
502,479,508,262,414,194,41,323,447,426,4,209
66,109,30,219,368,391,228,230,102,34,60,480
3,395,58,480,121,189,113,294,390,508,108,232
232,169,224,209,274,83,312,193,317,315,235,414
503,156,52,371,273,151,440,379,210,157,108,218
96,457,426,432,77,466,41,232,202,123,379,429
508,237,294,67,13,291,318,201,245,391,478,206
238,297,371,203,262,1,225,50,211,34,483,152
122,151,210,404,152,483,395,83,269,60,194,5
33,288,250,274,357,168,476,391,480,5,371,377
508,286,381,160,114,198,373,152,134,457,8,26
227,19,288,198,92,21,387,466,332,57,208,42
30,216,126,135,508,112,41,332,424,152,333,168
508,283,308,156,222,355,201,377,26,62,231,437
144,210,174,508,208,373,80,303,167,105,246,254
278,182,408,348,34,193,457,263,339,357,373,47
494,311,184,369,168,274,281,330,210,152,211,56
295,245,325,496,309,26,491,89,54,201,156,129
479,228,398,210,31,152,471,480,123,46,484,238
290,156,442,211,152,124,69,297,491,115,273,475
508,188,169,480,258,466,219,276,414,80,115,26
152,254,51,12,508,170,47,228,79,192,246,434
89,502,40,477,67,407,506,316,302,115,325,211
407,302,109,376,211,463,33,147,437,325,371,398
123,194,152,213,268,133,404,477,304,169,178,38
210,215,204,353,480,160,389,426,508,218,71,344
501,318,258,471,508,91,109,209,352,273,417,125
151,495,86,168,51,303,302,397,91,219,462,90
109,480,341,157,447,30,169,113,302,315,316,269
276,316,381,101,407,254,386,47,302,144,236,508
472,53,152,184,323,42,163,100,181,372,144,508
374,278,250,194,508,222,98,25,276,8,457,488
286,133,316,254,470,210,302,493,182,308,83,211
481,197,151,290,461,178,149,144,161,202,349,508
368,447,388,170,95,36,438,231,508,51,238,381
507,437,54,206,482,151,210,367,381,191,83,494
413,17,152,395,474,281,318,497,496,311,238,254
414,210,357,493,156,312,23,168,123,371,504,469
127,194,189,275,407,266,301,238,104,269,164,383
423,92,298,207,173,113,374,269,210,211,431,508
443,430,508,232,288,346,413,15,55,9,323,95
1,325,195,219,229,441,96,479,64,23,34,311
317,326,374,54,371,269,395,468,322,383,309,210
232,302,24,404,157,152,73,333,20,508,395,130
79,232,12,152,117,480,136,35,8,183,360,326
377,211,426,254,3,210,508,351,125,457,445,18
26,505,127,391,409,203,18,294,140,96,81,370
87,409,508,411,157,152,180,170,39,455,325,118
92,356,5,252,269,169,111,189,202,88,298,424
439,151,359,506,139,333,330,194,159,3,395,172
278,426,194,175,311,177,289,83,418,142,508,469
508,457,169,480,430,502,391,96,449,348,440,170
266,50,3,381,450,332,126,42,326,375,29,246
298,210,469,508,111,433,114,145,14,183,212,401
303,226,28,31,89,34,302,188,208,374,50,154
210,41,152,26,211,58,174,351,93,132,324,424
112,395,291,48,159,498,285,20,480,170,311,8
275,508,154,210,335,251,358,371,409,48,311,109
193,348,155,13,302,210,439,246,307,476,375,450
152,423,244,373,426,71,170,299,480,238,155,143
506,194,158,210,88,8,366,342,440,190,60,221
437,490,460,326,250,211,133,417,499,479,506,398
466,207,100,180,90,349,254,357,112,245,325,268
326,55,506,243,94,125,467,210,23,246,98,66
381,256,26,364,97,204,352,389,422,88,324,480
164,155,367,374,89,246,179,129,446,111,55,508
508,480,194,210,390,174,98,57,470,107,226,425
395,34,399,470,238,143,312,80,21,210,95,445
377,297,151,224,64,312,397,80,238,281,152,425
61,405,174,126,299,210,54,302,130,260,98,219
508,152,503,26,367,54,424,104,401,330,479,371
395,302,477,311,266,480,152,299,375,125,351,340
426,287,508,344,461,214,126,148,30,3,60,178
302,325,256,356,450,248,209,398,115,383,373,156
335,166,311,209,498,426,473,402,302,34,210,395
152,20,128,402,158,169,171,270,477,34,211,408
281,338,242,476,508,77,269,325,479,35,126,357
76,194,281,338,210,508,202,311,450,172,391,148
457,8,113,205,210,144,407,316,231,65,332,254
198,94,374,188,54,169,508,493,156,10,7,440
168,127,342,51,508,349,276,34,49,266,220,426
152,348,449,131,395,405,132,42,79,169,379,29
479,144,371,269,377,142,506,383,151,133,351,78
151,475,174,209,184,29,155,6,381,70,210,152
151,41,506,174,154,359,246,210,127,373,303,194
211,200,457,66,250,169,479,480,127,239,398,98
429,442,357,35,258,77,498,508,300,288,25,377
115,191,110,210,180,508,417,365,194,80,477,126
39,219,489,32,91,50,140,110,426,185,398,328
213,31,126,194,459,214,323,210,273,67,87,290
232,431,459,484,126,210,508,219,303,423,138,16
395,442,391,132,204,153,491,36,236,155,224,175
455,184,399,210,443,209,457,359,135,195,254,28
152,229,371,337,490,312,379,167,391,493,154,358
224,326,210,429,180,480,168,461,490,60,212,320
318,61,167,508,92,158,385,276,362,312,155,434
104,133,9,395,210,74,69,19,51,60,286,115
62,68,248,128,455,491,508,210,19,341,381,181
207,383,398,112,372,115,340,31,395,219,256,156
138,466,344,21,12,156,46,395,370,249,348,375
372,60,152,269,457,359,376,246,435,120,91,6
332,144,160,229,158,269,129,152,366,327,168,219
468,145,88,437,391,246,218,67,395,443,508,470
26,254,480,269,170,38,506,425,378,188,344,208
62,447,480,146,164,476,446,194,153,211,175,474
476,346,425,408,314,503,41,395,265,101,152,158
508,114,188,395,126,40,245,210,493,30,364,246
311,108,426,472,3,395,123,170,171,288,179,63
493,3,219,404,169,42,349,462,195,104,408,333
412,289,37,210,322,413,247,371,318,168,214,3
470,325,359,437,246,426,35,128,506,239,455,109
312,80,366,500,385,219,454,508,182,391,395,76
325,294,254,395,152,348,60,197,373,432,329,133
246,187,299,57,408,509,311,43,104,64,367,91
53,367,128,213,210,7,98,90,381,179,342,395
326,186,311,26,33,109,425,163,468,275,508,35
26,89,256,381,308,179,129,371,422,299,210,395
302,209,349,260,210,389,180,402,383,301,326,152
69,127,395,37,440,457,14,1,318,418,192,323
302,348,471,254,466,313,339,227,152,151,210,273
508,373,14,158,260,386,288,482,40,138,154,238
344,478,391,211,302,156,146,107,447,342,62,203
83,417,457,483,62,416,132,211,188,199,492,316
265,186,427,213,494,269,195,470,42,17,209,374
87,508,256,316,426,416,152,476,210,90,164,264
430,374,333,52,79,210,370,25,362,489,269,151
295,103,102,498,49,169,317,349,171,469,155,98
403,5,395,480,94,128,255,357,81,113,66,359
151,202,20,169,211,391,35,144,50,98,508,187
190,371,194,302,210,152,236,445,266,457,495,120
162,14,95,30,467,151,423,239,34,269,466,476
63,69,255,371,211,219,434,247,215,109,381,461
226,72,452,375,449,335,395,65,206,49,76,46
377,178,333,508,420,413,194,424,482,412,198,210
131,274,419,105,434,281,468,470,55,152,275,219
411,476,60,480,371,146,245,398,10,426,98,422
371,236,109,323,297,254,210,365,184,88,216,508
381,154,499,457,99,193,408,378,232,395,466,292
248,185,148,452,12,413,468,233,34,508,155,219
160,325,281,158,299,302,381,276,482,480,104,452
508,360,439,213,350,111,47,323,311,26,35,506
233,186,152,182,98,424,508,0,132,113,333,151
194,508,489,395,14,479,29,217,475,69,440,389
101,130,49,174,214,463,210,280,329,371,178,266
152,201,210,417,372,143,499,324,480,87,63,272
280,153,417,266,186,428,112,351,442,57,350,108
152,341,210,148,247,275,457,169,507,508,395,61
313,3,236,491,408,508,469,114,360,249,193,357
437,102,58,276,302,502,296,187,508,477,469,246
92,210,288,507,123,508,141,169,221,135,101,154
281,258,35,96,33,41,391,403,101,156,251,127
210,144,193,152,479,328,281,42,385,248,53,229
302,329,132,108,101,151,91,439,370,79,128,144
187,312,234,231,223,506,219,151,371,323,297,152
434,373,127,409,2,152,199,89,223,41,332,123
151,366,75,152,496,57,16,95,34,508,60,23
373,174,348,126,236,3,396,437,468,51,508,312
508,100,217,356,234,67,413,334,183,302,236,479
489,466,140,434,60,127,12,477,98,343,267,54
98,147,127,256,210,391,172,405,289,371,102,409
389,64,54,160,378,192,65,132,151,101,179,180
169,288,77,433,251,48,179,329,152,470,445,463
388,140,158,198,152,246,54,468,207,208,48,298
403,103,248,62,144,441,236,168,288,66,508,34
148,372,106,398,288,31,287,489,151,135,350,463
256,292,479,387,261,153,144,374,476,54,210,493
140,152,120,234,286,508,256,267,47,186,470,251
480,364,265,234,395,268,126,152,149,286,55,508
193,3,480,281,408,370,210,64,418,240,290,203
141,54,508,137,428,148,48,127,507,307,109,211
384,309,249,96,152,82,246,127,181,67,464,332
171,211,12,156,188,102,359,276,194,122,197,109
104,297,340,125,114,290,262,508,55,403,457,281
210,254,170,148,417,498,26,194,152,275,302,236
415,405,159,268,36,402,18,152,35,61,297,435
254,148,508,168,144,433,234,139,447,297,210,446
325,58,110,70,32,302,175,59,211,297,370,457
395,442,405,219,317,398,252,335,196,375,396,10
224,281,56,215,380,179,359,151,346,34,42,482
111,485,42,93,189,381,156,179,47,311,457,455
398,115,276,455,271,102,98,389,211,152,359,55
440,379,144,27,333,188,109,166,268,470,251,81
118,369,64,96,98,398,300,486,35,484,188,152
479,66,348,256,10,25,112,105,480,65,374,1
374,151,398,60,207,303,312,90,309,359,472,160
98,206,77,298,160,152,49,66,107,311,14,508
408,491,440,391,246,58,286,194,383,368,351,294
439,457,54,74,273,151,256,480,73,398,269,498
236,464,430,466,330,173,71,111,194,92,208,447
502,76,175,192,42,198,332,36,394,141,359,126
210,188,313,113,55,218,219,169,109,160,508,480
66,98,335,171,196,418,337,255,312,156,238,39
232,454,430,76,349,276,210,151,414,283,256,254
266,210,391,234,508,464,428,108,311,431,426,154
60,317,30,338,288,209,372,109,503,249,395,151
152,502,508,261,203,208,148,395,348,43,60,374
188,457,380,506,303,273,402,441,329,9,55,508
126,38,447,218,247,158,188,144,464,480,402,19
247,506,508,66,138,429,219,236,156,152,211,252
302,395,346,344,392,47,381,508,477,362,359,114
389,111,59,353,269,398,508,371,395,246,280,31
79,508,429,501,401,144,445,198,115,7,360,38
211,379,179,145,299,188,135,199,508,226,395,441
280,286,426,508,417,234,506,209,69,197,151,299
379,135,42,149,506,508,123,52,359,302,444,246
201,370,417,144,77,426,357,151,504,54,186,268
54,175,122,389,281,317,381,26,457,41,140,488
385,435,424,460,214,466,456,10,258,371,495,362
143,23,506,335,268,302,144,333,461,257,425,339
193,506,80,200,508,152,330,480,78,238,390,373
55,414,246,502,18,290,480,152,375,168,345,101
482,388,508,95,127,468,447,281,58,359,416,469
468,210,246,480,238,164,446,476,65,140,154,383
199,120,325,508,386,147,504,502,130,98,408,102
439,213,145,417,14,127,130,316,351,245,55,386
226,208,83,193,312,173,251,210,470,201,381,256
325,508,164,46,50,188,102,68,439,367,66,115
508,417,193,69,288,101,332,392,98,245,502,432
130,508,113,479,325,211,210,36,441,192,274,312
387,502,206,210,395,114,450,152,508,145,186,316
294,213,506,374,363,151,469,23,323,290,236,269
109,424,55,35,16,231,493,154,508,194,262,159
297,260,0,439,210,451,506,409,194,83,341,496
210,318,69,403,21,457,111,508,137,332,426,174
54,218,470,79,295,328,281,213,152,311,185,188
10,333,480,417,210,368,60,489,228,316,109,423
332,188,26,454,169,468,318,21,447,92,414,83
397,205,174,346,311,245,136,417,391,404,477,252
90,466,210,416,154,75,8,32,114,328,246,439
422,8,41,460,423,345,504,81,368,365,498,202
92,126,130,170,503,12,140,76,219,495,174,274
146,152,236,429,405,136,151,351,11,144,395,503
26,375,5,251,126,121,491,383,103,170,429,236
219,462,407,238,230,480,125,248,126,21,193,307
262,194,325,102,201,98,315,403,69,144,204,373
154,132,307,42,267,46,13,98,308,226,354,223
193,384,318,210,109,359,194,62,34,123,402,508
80,494,219,247,257,152,458,193,184,476,182,313
300,216,37,43,286,395,504,298,207,465,479,508
505,506,131,192,276,151,179,86,441,152,26,376
343,457,194,426,424,126,138,445,396,440,169,417
71,33,17,317,96,367,20,254,230,117,194,60
470,508,63,193,151,432,79,499,246,469,66,23
426,98,397,126,439,330,182,455,191,105,268,508
291,194,426,207,410,129,498,114,457,398,152,300
508,175,238,269,41,210,479,17,301,109,57,363
377,30,144,325,311,266,225,75,85,60,316,169
238,335,371,254,34,182,508,373,450,122,199,444
238,418,508,358,69,91,208,443,402,254,188,291
254,348,232,65,210,356,221,156,130,399,132,343
95,143,395,188,145,381,137,391,378,329,119,385
214,129,396,219,47,292,281,275,413,98,179,371
211,315,95,313,283,210,140,279,3,290,330,347
420,175,56,226,182,503,391,210,359,381,285,294
276,359,381,429,504,328,457,439,341,102,151,122
26,88,168,311,85,254,122,60,35,508,152,199
395,152,302,462,417,276,362,109,398,75,421,506
240,210,417,470,158,179,5,303,126,101,145,174
334,434,76,35,317,107,331,195,494,194,381,192
214,209,114,63,124,238,229,349,361,92,152,450
254,174,500,317,109,125,389,326,471,374,80,23
361,41,497,508,461,267,42,317,229,344,237,206
205,242,174,457,307,479,56,210,179,160,376,504
114,110,452,425,401,4,316,152,112,54,156,360
156,276,383,123,95,422,294,32,167,508,126,211
499,199,315,40,109,395,151,112,132,402,476,114
398,438,186,504,352,151,219,268,92,211,102,205
210,277,371,450,187,300,58,26,223,398,180,322
294,300,144,22,269,210,109,62,231,508,152,405
152,129,508,483,67,408,5,294,188,109,356,151
389,316,226,413,335,148,169,242,212,267,211,317
210,169,92,273,388,351,211,168,101,111,230,276
175,429,65,302,41,98,210,198,152,69,506,15
252,54,376,113,90,218,254,447,93,210,502,506
218,288,40,211,160,26,23,39,168,91,65,191
152,395,354,158,341,232,246,351,459,364,127,462
342,20,373,288,60,115,425,314,329,359,194,374
178,236,159,395,47,194,260,480,354,41,210,506
356,152,120,94,449,126,258,272,488,364,405,359
504,195,223,466,325,238,476,41,40,367,402,127
66,304,364,206,250,232,95,188,54,413,193,436
151,474,508,312,185,482,98,234,60,256,109,443
406,14,211,297,408,432,238,494,280,151,499,25
35,457,452,311,243,364,392,113,320,303,152,226
348,395,26,197,413,23,373,387,90,122,226,211
123,344,65,94,174,194,389,56,508,249,60,132
347,201,297,209,132,470,169,26,395,43,506,21
69,121,442,291,338,197,276,280,283,349,453,60
409,49,482,3,98,508,272,269,226,151,172,323
69,420,149,194,508,438,64,130,368,120,281,42
199,3,32,496,495,233,154,95,125,449,104,210
491,91,201,414,508,497,210,251,104,319,342,398
273,269,506,311,303,166,187,30,342,374,100,144
115,374,34,372,391,379,169,316,326,1,126,130
438,152,88,246,117,229,273,28,55,395,300,26
98,314,350,418,435,323,423,82,229,128,254,462
152,475,357,455,387,371,327,504,151,471,379,163
42,22,435,299,76,275,56,488,457,120,283,332
131,395,508,106,129,449,489,361,157,479,152,232
152,370,326,246,490,299,192,342,108,193,23,126
41,350,280,255,168,442,31,80,508,424,455,325
156,316,330,359,508,57,317,498,371,194,365,276
210,194,28,96,125,40,281,317,508,61,170,126
457,491,309,140,73,427,10,25,396,144,453,26
508,210,152,168,273,279,249,245,73,34,389,440
152,508,256,457,74,136,330,379,60,249,297,400
426,508,136,408,8,126,152,387,75,12,46,479
75,457,439,302,67,326,466,223,228,370,50,312
152,34,26,274,414,508,184,482,276,504,440,210
127,211,468,210,89,402,42,206,179,152,91,477
94,98,278,126,194,169,144,304,468,503,152,219
381,3,262,248,57,73,274,34,18,496,6,371
137,151,171,469,250,460,276,42,417,200,211,59
157,302,238,60,318,219,50,211,152,287,196,251
205,456,210,326,109,198,244,391,195,342,218,381
0,302,467,404,254,424,199,69,276,151,175,452
311,128,62,398,452,193,182,199,185,269,210,316
474,424,332,436,124,57,238,314,348,283,158,191
151,152,278,285,276,60,8,326,26,372,301,481
199,57,21,457,194,140,262,41,132,317,152,283
156,210,403,77,383,119,424,508,302,483,506,452
415,11,280,101,61,107,60,117,506,470,432,194
508,254,226,193,432,372,78,31,404,457,298,210
109,440,14,81,98,211,124,193,191,210,276,352
336,111,417,19,404,60,457,232,482,173,125,156
249,373,401,423,251,431,152,313,194,395,479,378
381,326,210,447,491,32,167,417,391,432,216,508
316,324,382,352,192,6,218,276,391,491,506,219
311,152,508,460,123,302,449,266,169,359,374,370
168,210,124,292,439,330,28,152,151,408,467,175
417,246,51,219,508,218,425,317,214,461,83,269
58,428,96,381,374,122,26,244,11,226,152,42
439,144,302,383,508,426,152,226,362,66,323,294
377,202,498,389,152,170,391,414,302,457,458,488
304,251,267,248,457,391,192,333,111,508,503,303
218,482,508,234,174,21,489,47,152,169,238,12
508,325,240,302,156,57,56,494,140,60,169,107
508,395,98,383,413,492,25,79,503,276,64,156
223,213,267,246,165,315,328,302,272,360,237,333
376,441,64,63,152,494,174,443,132,130,104,151
351,408,84,216,303,508,127,236,302,194,357,33
408,286,12,288,164,140,35,447,219,92,204,126
169,376,297,206,341,73,480,288,143,332,93,109
236,174,210,277,20,381,96,412,334,461,508,391
57,266,391,186,163,314,149,69,95,210,506,448
399,127,395,459,479,60,449,429,294,89,504,220
267,180,326,344,374,125,386,245,274,77,232,366
257,130,92,242,501,109,503,342,211,70,425,213
23,214,471,331,400,437,282,466,83,376,333,434
371,338,210,258,272,395,232,341,194,381,35,96
127,486,26,102,152,87,450,494,157,193,290,469
443,429,439,456,3,94,41,47,398,128,276,152
457,167,467,447,408,226,367,113,224,330,508,19
18,280,338,508,94,120,381,198,219,121,332,92
338,80,396,496,508,242,226,69,395,229,140,152
246,273,508,452,214,297,274,151,469,381,116,22
161,188,374,288,211,326,383,236,222,351,50,436
134,394,152,314,196,98,403,221,210,197,56,111
508,196,152,378,54,97,169,248,130,497,360,109
210,232,259,395,25,151,254,402,192,508,152,315
334,76,125,462,365,254,69,211,475,360,426,114
219,210,319,152,426,269,61,371,383,508,151,316
483,348,169,439,311,35,309,175,409,236,256,136
159,126,23,130,98,209,152,208,276,443,225,50
417,362,338,352,493,198,468,434,148,108,236,19
26,236,158,477,113,300,246,251,219,392,333,381
341,62,359,254,502,210,306,169,505,357,83,166
98,394,140,51,23,468,395,232,443,126,151,156
308,157,508,215,266,176,371,194,274,189,169,3
269,371,477,152,274,127,508,369,51,48,256,434
246,300,26,9,447,34,379,504,508,98,152,158
506,420,34,497,13,217,476,155,508,51,122,6
110,272,284,395,42,48,152,128,63,255,286,132
113,476,421,332,311,276,48,151,441,181,479,109
152,132,100,457,6,180,314,283,151,439,349,135
470,158,14,210,456,83,395,55,162,159,238,508
254,381,199,3,15,391,26,43,508,288,96,210
15,245,38,508,209,254,258,447,478,269,341,371
19,18,199,508,460,506,157,302,480,408,301,61
34,162,155,424,349,326,168,81,75,242,154,227
388,457,326,276,480,130,51,368,220,416,196,269
387,439,210,445,325,192,187,98,470,312,186,267
112,132,281,125,195,127,389,493,408,210,55,171
272,286,190,503,464,109,23,238,41,42,3,138
8,323,456,238,50,415,81,202,508,326,210,364
14,294,281,508,152,36,26,371,352,151,98,317
152,283,374,277,311,151,414,36,244,181,430,191
426,366,210,303,152,483,140,479,194,354,187,88
418,210,384,402,466,5,100,387,508,230,457,395
441,504,210,391,98,325,128,367,65,3,246,361
79,127,226,319,287,480,183,60,345,143,187,351
146,404,60,457,269,332,329,211,81,340,152,467
320,195,2,389,302,403,60,126,159,254,112,280
122,470,259,152,109,311,25,151,168,301,357,214
96,219,32,144,484,207,450,367,60,464,249,314
357,209,405,156,425,158,193,89,269,429,307,294
477,198,309,76,460,362,462,152,10,26,508,409
417,508,276,168,154,202,203,260,245,460,348,97
343,424,192,14,143,152,256,400,151,469,391,458
391,38,92,417,180,100,489,508,354,311,418,260
120,58,153,413,190,450,26,267,198,210,118,192
42,373,34,408,246,374,254,426,379,56,194,508
391,472,42,173,488,508,492,434,199,440,316,67
381,134,465,26,333,84,312,111,152,194,471,505
206,127,427,395,302,210,111,437,194,244,62,246
113,35,371,169,9,193,478,476,12,109,79,267
208,389,152,388,219,506,97,280,221,254,395,508
439,56,78,60,416,207,317,194,398,95,390,152
50,474,77,373,8,303,384,508,381,210,278,65
311,84,126,352,19,477,302,113,319,171,508,429
85,210,188,56,426,395,26,152,503,185,380,276
179,508,101,273,323,42,302,90,132,468,208,236
128,409,323,311,276,373,10,499,479,508,283,374
447,83,206,374,184,325,210,348,148,29,43,221
3,445,330,326,56,152,204,483,144,193,126,508
208,439,308,495,47,210,409,508,1,152,374,168
487,217,332,480,331,115,342,12,351,502,39,221
210,115,109,193,84,322,136,443,87,482,169,398
506,463,206,395,269,152,28,14,470,144,378,316
458,427,289,152,493,417,394,58,479,89,154,462
386,508,275,138,362,335,395,340,210,60,132,281
12,371,416,434,389,194,182,359,236,398,372,374
428,3,426,151,276,238,127,455,334,149,489,357
509,251,31,482,508,120,414,117,260,62,89,122
175,211,370,480,508,269,450,112,126,500,236,140
504,311,168,299,395,508,371,41,264,491,269,62
496,152,251,169,362,370,302,392,359,246,159,298
485,211,302,458,395,49,508,4,210,125,289,179
34,52,219,508,381,211,469,361,269,42,457,443
508,56,428,144,342,403,54,170,480,281,19,426
248,462,194,508,409,98,109,302,396,110,14,191
26,298,391,138,463,459,219,494,466,404,90,408
266,152,210,75,115,261,367,91,101,151,508,487
49,273,395,39,493,389,250,159,211,166,403,335
144,371,19,62,210,219,508,357,133,152,200,391
40,457,302,288,114,98,32,373,449,245,193,55
238,398,316,210,288,287,339,359,381,186,155,508
198,21,151,391,291,395,322,490,136,464,460,252
144,491,198,104,432,56,132,192,374,441,395,408
83,367,182,152,281,508,61,27,391,359,330,246
354,458,121,367,302,312,194,208,483,151,26,344
371,232,326,342,494,77,60,266,198,81,493,212
151,210,87,453,275,335,163,185,435,447,26,170
169,46,450,395,345,489,156,185,222,232,152,430
508,102,317,118,51,23,407,91,80,358,318,391
42,483,271,508,229,35,144,283,34,480,379,491
335,399,311,378,152,28,457,8,80,387,246,141
506,92,287,246,333,98,6,440,237,479,267,202
466,389,188,30,304,481,254,437,5,173,35,423
491,448,316,158,60,210,140,231,208,246,170,172
374,216,395,227,43,508,1,37,431,133,325,104
151,256,398,368,152,291,424,371,109,268,184,415
127,283,491,152,67,508,346,205,395,293,403,272
221,297,277,198,408,194,209,364,98,316,215,46
265,12,288,66,111,149,89,508,497,50,98,218
389,157,492,354,235,315,211,288,8,223,60,440
210,34,508,384,201,317,463,97,422,129,275,469
18,175,254,46,104,398,373,220,311,464,2,210
495,210,152,256,226,274,502,158,257,34,343,281
193,210,246,482,34,152,508,14,93,395,27,22
93,283,193,314,3,248,35,94,37,225,158,144
502,171,405,498,210,383,11,219,151,102,127,476
371,337,425,168,360,434,441,200,413,464,66,378
291,254,198,371,274,475,314,506,494,418,98,351
477,127,451,141,303,192,33,210,483,282,466,104
422,232,86,152,323,476,7,151,210,506,496,139
3,311,439,211,344,244,26,373,97,182,8,177
333,309,303,127,481,323,180,60,175,88,283,228
347,378,152,222,89,112,407,332,97,57,479,113
256,339,508,426,210,138,371,395,489,113,434,263
13,3,218,217,171,126,508,322,97,281,417,87
221,414,269,370,426,152,179,281,143,78,198,87
391,151,241,433,388,425,162,84,479,219,103,276
95,141,458,117,98,254,441,498,109,373,371,480
339,403,123,146,316,66,41,471,280,311,211,127
448,151,309,269,135,333,479,508,210,302,124,355
288,34,376,456,255,508,152,32,83,228,169,395
281,381,34,391,408,311,392,508,314,233,151,99
508,81,342,232,192,303,463,401,166,286,215,224
508,152,50,498,374,96,210,480,316,167,273,378
70,502,90,211,23,246,506,169,93,302,245,115
31,334,480,390,107,443,378,238,50,7,21,286
129,373,152,336,401,211,261,291,326,151,35,8
21,114,98,190,298,286,391,231,462,341,384,436
14,179,188,505,296,302,489,311,219,26,333,452
282,417,449,273,404,227,407,223,152,14,195,156
311,144,369,381,269,201,415,426,354,323,127,281
150,333,499,151,60,389,130,392,42,34,508,457
398,25,154,508,136,145,254,23,210,141,468,60
209,64,3,408,418,478,160,466,325,386,12,152
216,508,196,335,13,272,86,408,244,302,71,179
358,379,112,152,439,417,325,391,494,118,87,266
174,140,229,286,42,367,480,478,461,347,371,72
171,88,152,438,335,480,476,312,477,60,210,274
21,371,233,33,193,417,126,346,30,23,325,186
273,26,349,296,204,438,35,126,130,246,6,129
211,10,466,490,292,67,22,376,508,42,286,224
450,226,489,232,12,213,395,29,210,152,360,375
246,178,402,122,41,495,326,458,130,236,187,245
152,251,269,457,281,408,15,318,436,415,69,113
218,193,457,246,395,286,477,185,101,373,470,375
252,506,194,480,218,38,236,299,105,302,98,298
391,367,210,151,491,506,122,67,204,408,144,426
16,183,302,391,424,280,64,373,210,502,395,205
262,174,371,508,158,379,87,179,373,277,151,144
290,210,452,496,26,269,134,435,109,120,286,174
118,395,371,374,120,359,357,101,8,108,210,460
269,23,141,152,127,34,208,508,397,75,40,439
349,170,329,302,164,193,206,184,114,457,371,63
508,55,486,424,428,276,123,134,151,152,176,8
132,424,343,417,303,144,392,376,109,391,476,194
93,23,325,152,358,193,225,303,89,277,238,367
391,332,63,351,199,378,26,508,193,503,25,281
323,209,457,423,379,506,210,286,494,84,221,92
76,266,501,458,448,152,151,193,237,232,476,508
236,200,288,357,322,478,405,95,92,205,192,408
155,54,227,418,457,216,111,210,196,434,292,508
152,144,478,489,255,102,504,184,468,66,10,359
21,222,111,290,490,508,395,26,210,149,260,392
254,457,468,154,64,160,508,489,152,26,477,313
143,302,1,206,14,391,398,35,248,151,57,332
360,250,152,269,50,508,243,184,42,151,51,281
211,266,317,118,391,395,265,362,115,250,151,69
260,276,477,508,440,249,497,413,129,30,193,367
109,88,98,307,105,359,254,503,329,269,122,251
104,351,488,247,508,110,170,404,414,422,61,446
374,431,449,93,502,102,210,233,379,122,21,457
69,508,347,249,477,158,341,403,276,258,322,10
210,56,34,189,508,132,185,477,245,457,254,141
271,395,16,151,427,60,389,62,180,443,294,464
137,194,216,266,298,47,259,157,274,435,281,323
90,232,504,89,508,127,308,284,133,8,175,23
506,508,164,159,255,317,179,23,254,389,395,449
417,332,352,100,302,431,311,51,113,496,64,151
395,179,316,508,16,329,269,439,208,470,505,256
210,145,83,108,3,48,18,209,152,141,84,381
397,159,6,151,105,480,155,152,98,449,188,254
111,42,232,497,69,330,493,92,313,356,254,37
300,468,35,269,213,70,288,485,98,351,346,466
152,178,43,325,210,189,395,234,452,311,333,109
480,105,74,371,51,417,34,206,85,152,53,217
333,210,26,206,158,359,315,97,48,152,450,342
297,26,342,281,266,508,269,84,273,487,457,325
477,210,129,271,281,344,440,67,326,377,152,322
184,375,471,210,262,122,493,98,219,389,188,263
210,180,508,194,459,236,60,34,438,426,161,193
248,508,152,398,192,196,298,188,471,326,462,494
312,508,470,92,471,146,371,480,211,324,372,95
480,152,31,219,439,247,47,270,143,246,164,508
508,476,129,184,98,297,109,254,384,425,211,162
463,93,457,129,302,10,17,307,419,120,508,170
62,276,231,120,429,275,434,41,211,493,329,152
18,394,180,338,127,265,237,145,126,387,336,290
457,431,391,50,209,397,152,504,266,21,287,23
328,60,284,425,21,144,508,408,148,270,156,159
458,210,508,311,395,267,10,41,14,34,109,193
169,118,174,318,463,330,246,407,396,14,210,477
236,218,476,407,508,241,188,194,489,422,29,114
183,334,481,398,498,54,450,457,408,206,337,118
14,426,408,251,144,294,422,207,388,49,239,392
91,109,489,374,254,210,224,452,173,498,158,170
65,333,141,335,480,281,144,398,235,376,210,225
248,399,298,325,230,235,34,102,427,21,23,489
370,302,317,175,121,18,231,196,504,216,260,188
408,508,501,151,439,392,288,252,468,217,184,26
221,508,413,210,254,43,14,463,506,178,131,281
11,210,457,479,477,311,92,470,395,276,415,282
303,210,83,128,337,69,76,395,107,332,381,246
293,83,377,47,391,389,311,331,66,211,25,457
189,278,251,3,332,302,395,462,83,192,374,455
162,493,119,118,210,87,120,508,359,188,211,205
124,348,109,130,194,21,309,479,355,320,445,373
210,130,198,249,102,123,40,133,508,442,211,232
366,252,344,408,30,464,315,283,457,16,495,470
97,187,9,491,405,423,490,398,115,59,60,70
102,349,312,246,223,55,80,302,381,415,431,409
152,302,441,80,398,268,254,246,426,479,210,151
245,472,169,185,158,274,90,203,445,406,193,229
60,124,152,26,42,266,90,148,349,5,426,381
141,403,379,429,152,169,89,464,245,333,404,151
384,54,229,254,395,134,324,250,104,59,115,502
302,231,402,508,210,34,461,422,22,10,152,47
209,164,426,134,287,395,131,109,206,472,55,411
399,490,423,3,246,211,152,448,53,146,463,483
188,491,69,219,497,483,237,437,172,42,503,445
209,40,109,357,119,127,468,132,224,408,144,333
205,175,449,288,169,414,174,14,396,479,508,152
122,470,502,316,269,508,243,482,318,434,314,480
480,508,489,58,194,211,151,111,315,36,73,439
144,170,154,462,127,508,348,258,460,359,148,276
76,42,429,469,31,192,211,112,130,14,210,83
443,276,169,47,488,26,362,188,126,468,251,508
396,130,346,318,107,154,413,508,198,332,248,457
101,508,115,131,75,505,108,151,66,35,452,409
302,140,361,337,227,325,324,349,125,281,225,253
390,312,98,381,113,398,169,262,238,276,210,324
190,254,371,246,152,217,158,61,458,416,124,387
210,175,140,35,477,494,26,349,275,42,426,152
440,68,100,349,246,341,152,162,194,236,205,165
208,508,115,186,80,131,470,281,464,133,423,357
151,379,34,471,480,389,168,342,177,256,231,3
455,395,408,210,456,483,144,152,130,508,66,28
266,273,175,179,61,504,441,198,210,113,452,497
229,457,98,439,188,251,273,467,398,149,368,152
95,431,508,254,378,190,187,98,328,152,52,69
35,388,354,218,359,384,429,98,309,210,254,256
158,437,211,374,312,401,210,151,135,56,502,190
417,77,504,5,199,118,475,354,156,239,220,88
395,168,240,98,152,423,508,477,391,254,373,209
441,97,49,414,342,160,322,232,39,151,42,506
439,184,281,16,109,211,373,31,193,430,375,494
330,106,132,9,82,260,508,454,379,457,192,335
232,369,210,430,285,362,381,476,179,303,311,307
508,79,394,405,308,333,278,187,391,246,275,128
136,447,487,338,88,316,281,492,443,436,364,166
499,426,328,371,219,408,508,457,421,395,94,391
351,211,491,417,210,51,359,145,136,26,171,80
205,311,309,479,63,381,336,40,264,272,33,269
288,461,439,251,126,94,5,49,273,456,23,508
152,373,246,83,230,439,268,508,506,79,311,8
266,152,145,171,98,60,462,349,330,244,69,371
144,312,18,192,466,205,314,409,256,12,439,175
115,395,479,40,161,102,238,13,3,508,60,113
306,79,152,242,312,398,231,223,322,156,115,108
169,373,325,20,170,493,281,418,383,187,394,381
245,483,41,336,420,371,206,153,238,491,332,302
228,152,476,392,247,463,12,42,501,77,56,210
271,199,336,357,81,325,380,152,14,345,287,195
506,375,157,61,371,288,29,246,115,302,99,314
41,103,69,159,316,211,288,88,397,341,342,207
435,113,162,6,291,35,489,144,420,125,396,476
338,299,316,218,87,133,315,302,175,74,501,109
449,42,34,96,411,152,425,387,51,417,179,273
16,81,185,508,174,204,498,10,152,98,364,457
101,442,326,138,169,60,194,210,208,343,207,440
314,148,362,11,217,41,124,445,506,383,156,152
305,381,313,232,126,161,179,389,109,314,280,269
340,26,330,508,374,482,457,69,144,3,151,75
188,160,254,470,8,43,466,210,30,484,11,455
42,121,173,60,508,12,246,457,439,372,25,336
190,151,371,236,426,370,408,208,498,468,349,483
495,236,407,219,169,41,256,386,97,109,342,399
210,102,476,464,391,468,309,130,111,208,217,209
350,508,383,491,81,372,373,31,371,210,42,408
121,245,180,487,101,130,426,236,60,413,213,318
40,152,8,103,457,26,357,124,245,381,460,480
210,343,42,28,195,60,242,90,502,152,251,50
210,12,119,152,278,374,188,251,230,343,235,164
508,55,223,342,228,238,70,140,89,179,111,167
256,508,42,351,197,479,53,316,373,471,330,391
276,508,466,480,334,398,468,9,210,208,374,389
447,273,34,372,508,288,391,245,246,436,283,398
508,152,236,395,354,415,311,476,138,302,156,57
26,262,272,480,183,64,77,360,251,140,42,71
26,219,193,99,447,222,378,216,273,55,254,351
122,50,36,508,303,391,210,398,302,34,167,499
144,129,494,391,395,477,275,374,67,187,42,480
34,210,449,117,187,404,184,23,455,26,182,483
26,98,202,151,400,211,190,210,288,207,334,187
18,311,67,374,144,100,199,371,333,64,460,157
302,8,399,491,222,152,101,132,377,54,344,237
423,236,424,14,508,130,440,152,330,434,120,288
303,314,42,472,135,246,391,210,444,171,479,424
508,227,55,144,84,190,457,154,408,499,77,505
140,152,124,508,267,345,182,58,5,363,199,251
278,127,466,508,464,395,28,325,485,100,145,152
94,408,419,383,501,98,374,109,508,357,194,371
415,36,424,217,450,159,405,311,508,398,342,292
302,486,224,169,188,278,395,281,53,32,434,41
462,188,508,182,351,156,398,154,238,95,35,210
468,398,373,227,42,502,417,258,335,355,233,311
312,130,81,42,200,457,156,508,290,164,169,472
356,499,98,170,188,122,96,10,269,169,3,211
240,114,95,337,194,479,325,92,210,457,211,295
450,357,508,328,230,117,336,196,408,426,480,67
457,463,424,210,462,480,367,204,194,169,98,508
58,348,256,434,356,226,126,273,251,445,139,212
111,248,245,210,344,302,133,213,401,179,386,371
348,133,227,69,246,34,425,5,187,194,395,506
290,408,271,151,503,9,281,283,92,41,349,459
122,457,273,185,466,333,210,332,21,159,226,19
69,302,140,458,171,508,3,461,88,331,109,116
413,357,208,81,426,281,210,106,454,87,334,67
462,478,236,8,457,87,441,482,28,352,69,223
120,156,244,152,161,281,391,450,47,134,126,342
329,333,36,322,206,309,508,388,477,498,127,352
497,496,54,210,164,172,332,203,152,480,194,417
26,426,388,47,314,141,98,75,288,381,73,126
332,371,28,467,466,251,443,299,440,148,406,508
101,302,188,210,288,477,29,503,273,169,211,312
10,82,84,347,14,480,58,3,126,302,111,426
194,184,362,252,276,185,297,59,61,212,8,210
508,184,348,246,506,213,203,398,212,61,480,468
193,129,355,158,63,60,221,207,194,334,77,197
418,408,446,254,188,426,67,380,69,397,112,218
95,186,32,126,121,398,116,12,241,6,470,503
325,276,359,218,269,314,357,210,122,125,426,395
194,43,210,254,54,508,408,114,134,59,144,209
417,148,211,113,283,0,381,159,19,303,328,319
419,83,298,391,376,80,147,151,8,457,64,53
274,98,300,325,278,193,374,246,459,432,457,254
151,322,379,508,74,34,215,370,26,111,125,433
508,484,4,60,70,379,7,236,406,246,211,66
210,379,126,54,3,491,276,111,374,154,77,219
151,418,499,181,440,29,252,289,156,266,286,414
302,276,413,427,151,459,424,480,141,211,17,395
141,198,210,392,502,383,60,152,298,82,158,8
508,167,398,163,77,168,251,281,21,268,210,127
50,60,476,210,130,395,192,98,316,267,332,132
34,475,60,480,281,38,288,392,499,398,93,471
9,18,68,218,144,506,447,332,275,246,11,439
260,342,126,151,371,395,483,508,503,101,60,30
221,211,256,273,484,294,268,280,151,8,469,133
458,207,256,60,368,71,508,266,371,227,175,210
389,154,88,283,111,109,406,418,381,224,474,62
311,482,461,457,389,310,460,283,254,325,352,8
352,168,265,236,56,287,395,457,417,359,360,66
452,185,475,447,8,457,374,354,371,83,41,233
62,307,508,169,3,164,425,41,389,390,193,444
269,417,442,418,359,391,371,402,194,169,460,431
182,138,247,508,395,328,480,390,233,54,179,377
283,175,424,35,508,418,154,391,160,194,430,470
331,114,8,344,452,90,366,413,281,376,222,505
508,410,130,269,254,226,32,82,256,101,276,391
392,416,283,163,175,187,209,494,348,267,207,318
67,35,45,389,359,395,120,110,311,195,34,408
3,323,225,236,41,408,60,163,194,173,466,156
506,198,508,175,425,276,111,106,373,246,125,369
506,491,291,3,182,457,238,392,508,84,151,371
286,430,502,175,381,148,219,81,468,188,299,50
139,357,294,484,211,439,440,370,246,359,446,280
488,22,391,232,502,503,114,245,238,381,398,280
329,292,454,433,408,175,128,3,154,302,226,418
38,508,126,335,114,285,254,303,37,328,158,386
357,359,209,21,506,394,210,168,508,349,152,53
98,346,480,389,329,274,508,213,14,396,433,74
179,129,38,175,201,184,210,498,35,272,195,192
449,158,218,372,87,210,311,152,508,505,262,374
179,170,169,460,272,417,371,413,506,87,462,329
442,374,152,395,384,331,273,493,359,276,34,439
408,499,265,381,407,391,508,356,188,192,222,112
109,478,381,402,152,188,84,164,283,371,34,37
444,257,311,303,111,8,66,145,478,428,272,432
47,293,173,281,330,292,152,6,4,493,210,179
502,121,505,323,81,391,389,210,339,374,120,122
25,299,184,401,413,42,316,281,275,207,66,276
386,391,251,210,457,437,311,317,436,411,91,263
194,80,210,214,452,120,246,58,508,245,391,302
42,395,391,10,371,398,134,403,460,26,194,210
236,175,167,403,457,478,272,208,311,174,105,258
