210,60,337,135,109,444,246,269,188,442,103,98,368,95,323,330,174
126,164,508,192,420,109,3,258,480,396,413,402,132,151,297,111,248
245,210,364,163,112,74,462,140,306,83,69,374,276,366,179,319,395
461,325,426,508,319,61,400,395,238,372,246,135,397,60,126,95,51
369,211,302,210,447,348,501,14,129,220,23,264,403,127,229,286,247
261,478,163,508,461,107,402,236,431,35,210,222,152,372,285,77,506
379,460,330,152,210,248,98,145,77,480,209,311,353,251,127,352,408
95,50,508,98,476,254,211,109,210,114,440,506,245,151,168,398,204
47,254,40,169,35,69,93,78,344,480,506,112,157,194,128,186,313
266,463,362,12,234,162,34,374,157,466,102,504,302,237,21,73,416
301,288,129,448,179,469,59,246,472,130,435,247,332,414,151,454,508
314,357,199,197,175,58,302,3,443,508,12,480,114,104,417,226,273
206,317,58,444,455,469,242,399,60,466,386,443,151,439,316,97,95
156,191,14,342,470,491,402,347,126,98,23,54,152,60,387,391,207
41,256,98,508,234,17,352,507,73,156,202,152,450,322,211,78,162
404,141,109,193,102,444,25,389,167,226,251,508,88,281,127,352,339
333,48,450,304,367,210,215,221,431,81,127,436,189,331,17,10,60
269,463,41,95,328,327,70,16,203,371,458,110,175,342,297,136,112
367,508,3,151,409,480,164,256,370,193,439,316,210,389,297,140,381
158,127,476,157,317,163,491,334,298,254,230,382,383,299,417,381,508
302,326,149,188,264,152,14,336,39,508,254,207,144,83,87,435,348
152,167,311,209,246,468,302,232,429,87,55,383,367,115,338,287,118
508,371,457,216,100,152,217,169,267,42,247,260,246,195,254,483,96
367,69,489,100,426,182,385,335,56,403,5,480,414,242,127,155,486
508,97,289,155,326,154,219,143,152,325,404,426,302,210,363,408,151
126,211,309,91,17,187,367,310,282,311,246,381,312,59,88,78,371
499,35,159,209,374,509,481,151,251,132,50,330,508,210,67,121,279
151,152,36,167,60,416,481,62,78,391,476,124,332,504,359,216,169
113,370,506,291,371,343,60,179,455,8,391,395,410,152,443,26,403
80,194,448,151,413,60,95,508,338,456,156,460,466,30,179,88,40
156,395,294,194,213,382,188,352,302,145,41,169,290,108,325,22,508
156,373,60,127,371,3,151,207,211,27,193,7,46,417,214,391,109
236,109,154,346,333,228,508,342,477,466,83,439,388,42,222,127,359
83,35,358,367,238,202,158,114,334,109,326,112,168,316,484,193,463
54,504,447,28,506,387,159,120,254,480,418,268,316,425,18,403,263
370,506,508,434,42,382,246,373,171,395,168,305,232,210,151,284,192
508,148,371,83,431,58,240,78,292,483,440,417,381,94,109,217,447
187,303,160,102,398,311,420,461,255,467,245,180,152,141,464,348,394
214,395,42,16,330,188,101,98,179,12,96,221,186,113,45,129,244
325,317,152,23,132,34,22,113,497,508,222,210,403,29,498,226,175
211,281,188,179,268,238,23,466,210,3,251,24,60,508,461,168,392
232,402,53,269,489,108,208,480,67,220,213,427,26,335,464,455,425
151,468,254,476,46,56,311,299,504,26,209,375,395,508,292,230,505
104,157,190,126,429,391,208,432,341,288,367,268,317,425,65,98,460
293,429,501,313,125,254,274,508,318,424,219,91,61,92,145,210,480
256,210,440,447,128,388,113,395,254,236,50,432,371,89,211,420,194
364,302,489,210,343,458,392,281,118,248,147,359,372,254,3,34,400
374,210,69,87,0,3,381,386,193,383,169,508,212,170,458,311,490
329,508,195,316,419,22,417,464,376,80,395,98,34,210,19,478,479
152,210,508,466,395,95,188,413,457,125,414,35,103,479,505,73,61
206,491,370,89,425,457,387,138,459,508,434,58,471,413,141,47,210
348,391,26,192,256,494,458,402,332,138,420,432,16,454,377,152,219
267,126,508,431,191,164,288,498,466,70,12,156,276,454,499,339,429
10,343,484,508,42,336,141,60,408,468,194,398,192,41,275,98,229
104,459,244,333,354,33,400,398,359,61,219,152,451,246,365,136,62
347,210,508,207,297,88,420,398,311,127,342,148,238,63,151,343,504
298,487,371,156,210,195,192,36,208,79,445,325,502,403,118,17,197
10,168,41,29,302,21,7,508,177,290,51,322,422,374,243,125,156
88,381,508,489,152,267,374,394,335,299,190,34,84,3,251,231,491
232,302,414,431,251,235,508,480,461,395,41,457,115,500,250,55,109
35,328,343,210,375,506,396,492,381,244,109,256,193,269,11,211,290
402,479,11,371,52,332,395,194,348,106,508,144,219,17,84,475,152
418,61,98,336,405,389,434,302,414,453,30,136,359,461,246,391,50
508,60,323,113,109,197,359,432,276,352,254,318,391,94,429,448,71
34,209,434,299,50,53,26,354,238,508,330,63,328,425,281,55,60
113,360,359,211,42,508,56,389,152,34,83,16,210,309,294,251,404
197,162,245,461,493,269,408,506,133,152,110,357,469,394,322,217,210
211,127,312,371,388,452,395,152,308,141,497,299,390,430,374,60,325
376,210,508,256,75,61,151,30,440,491,381,100,245,471,127,506,211
508,408,151,210,437,466,34,452,167,332,230,362,23,152,396,417,394
151,26,491,63,379,488,29,457,434,88,480,366,285,508,395,302,1
389,429,281,314,199,152,365,128,234,395,496,121,49,312,244,432,269
420,5,267,110,426,159,464,381,466,357,457,169,152,486,199,249,359
254,151,230,435,498,301,188,42,238,199,455,66,401,1,49,307,302
395,281,54,8,35,211,386,359,82,169,509,400,26,297,302,237,188
269,332,53,186,48,99,229,413,51,463,323,456,32,496,152,318,288
374,246,140,402,113,101,508,130,301,432,506,19,210,434,14,335,360
368,454,431,508,152,459,356,210,395,196,54,272,57,415,359,468,182
508,431,411,43,213,175,12,152,54,408,47,478,56,55,180,102,239
318,468,304,67,292,226,251,232,454,210,374,18,168,55,457,241,156
210,194,371,166,311,118,508,64,286,424,152,195,14,17,126,417,197
302,384,113,210,276,88,48,323,180,130,342,314,300,508,213,91,209
396,462,407,185,302,60,405,280,101,26,388,447,508,412,42,338,226
489,288,131,325,109,152,302,126,54,198,210,508,476,371,426,155,151
484,210,508,507,34,57,133,149,288,444,240,64,50,373,122,143,151
290,115,171,236,434,144,231,470,269,211,61,430,480,352,508,242,210
194,8,464,251,268,111,498,253,311,475,31,210,401,198,395,213,81
498,34,392,508,381,183,378,98,471,210,434,10,65,24,169,251,86
210,402,276,67,188,16,207,471,171,426,157,186,422,46,118,152,147
58,508,391,174,503,370,395,46,158,11,111,449,281,100,210,357,41
136,447,479,126,97,349,275,355,381,189,390,391,190,309,226,258,477
127,273,285,329,508,506,193,78,53,429,297,31,301,209,493,175,269
422,270,508,140,198,425,423,35,28,145,387,325,426,297,458,246,23
267,110,174,464,373,362,175,489,199,452,31,185,351,69,421,186,398
460,120,80,156,210,50,303,256,502,319,269,236,169,0,476,494,413
508,354,478,74,206,302,246,169,294,360,284,381,344,267,112,211,398
508,105,133,155,125,311,11,13,404,210,54,67,374,120,56,152,426
391,269,231,179,473,10,299,294,42,35,381,151,115,105,128,307,414
67,299,356,387,173,437,352,151,160,483,152,395,14,81,71,455,148
489,406,187,296,506,246,135,209,331,102,133,457,113,508,206,234,464
480,10,158,485,187,272,3,152,508,470,299,248,210,342,171,23,234
480,201,228,303,126,434,382,106,251,35,179,482,374,381,395,152,399
424,175,151,370,211,35,60,374,508,427,86,210,324,303,460,126,373
163,14,25,479,424,192,374,76,252,391,151,292,269,508,333,28,404
208,302,8,400,497,219,230,446,441,266,210,391,226,82,274,53,249
381,370,457,244,434,61,65,251,18,200,152,388,343,417,67,66,269
135,433,495,480,127,439,20,254,402,391,297,38,476,21,342,266,431
175,383,404,374,122,33,462,450,220,23,197,506,66,204,281,481,152
480,81,477,102,98,312,236,183,189,331,144,211,127,484,470,394,210
131,423,508,436,210,95,140,479,111,469,342,211,402,251,15,446,133
136,391,30,411,508,60,92,281,26,219,503,381,169,188,334,256,394
354,408,117,169,66,312,214,127,404,10,321,92,405,152,37,186,427
358,115,209,412,92,29,425,294,508,265,10,198,231,250,281,409,170
374,323,242,330,126,446,281,291,96,480,188,503,454,391,269,194,298
156,151,483,179,103,351,478,289,163,408,230,175,355,508,244,413,271
55,190,457,477,449,92,288,508,111,371,187,345,444,287,123,192,193
113,120,466,101,198,450,251,377,281,85,477,506,245,3,194,391,288
210,169,338,377,471,113,405,249,506,395,313,186,452,508,168,371,297
334,443,457,174,398,148,417,413,210,220,16,333,489,110,133,371,126
26,384,268,60,320,23,210,508,183,89,156,502,426,152,471,246,190
381,60,406,148,362,195,190,457,188,294,175,373,152,20,56,194,435
381,225,508,450,126,357,457,273,373,209,332,156,144,41,449,151,341
42,268,105,493,53,466,26,275,369,431,144,211,299,505,136,401,339
237,80,406,42,127,339,318,297,35,223,311,215,151,211,315,415,95
508,470,441,226,152,132,468,163,288,193,302,60,289,52,384,435,151
302,69,138,62,325,294,151,14,351,275,276,477,368,324,425,154,251
338,381,285,84,3,508,405,476,156,417,236,445,199,60,297,332,217
246,193,237,497,461,194,508,379,6,112,245,364,111,60,70,152,34
240,489,269,152,395,198,347,28,140,93,273,59,211,199,63,383,440
25,47,463,98,281,194,395,478,374,60,439,178,506,454,391,302,384
201,221,127,288,379,367,508,207,459,471,202,86,6,144,192,434,210
100,491,332,169,134,210,508,302,398,197,475,159,325,275,223,102,482
333,138,29,318,83,478,23,202,144,20,258,127,151,311,373,496,13
6,210,143,408,58,141,303,2,334,246,286,158,402,57,188,439,151
256,460,334,228,208,194,437,508,55,439,434,126,440,34,288,152,98
193,316,210,152,508,25,204,112,52,302,141,255,109,325,466,185,409
87,395,506,286,261,111,14,407,211,490,88,434,240,508,284,3,489
357,170,418,31,423,490,408,33,151,368,113,343,372,486,84,209,346
508,12,139,266,505,408,152,236,302,317,413,210,188,384,87,34,164
311,179,210,203,187,223,323,494,50,197,255,34,60,359,432,403,454
166,152,359,127,405,211,468,242,210,507,508,192,216,96,340,77,489
245,359,489,151,217,145,211,408,152,35,12,353,332,417,426,210,328
30,491,155,143,254,144,194,434,125,403,477,508,69,199,381,211,100
472,370,457,105,210,508,332,126,244,371,506,212,133,313,14,213,289
311,63,398,99,399,219,97,478,298,464,315,359,122,390,34,281,508
32,316,143,285,152,75,18,136,461,261,314,268,391,226,151,127,462
508,308,468,432,199,100,325,90,302,223,331,502,383,367,506,480,417
402,415,185,504,502,13,224,508,371,359,366,231,113,238,374,89,193
10,140,320,448,202,35,447,491,187,508,293,153,413,184,431,302,34
408,217,351,396,506,442,202,463,373,431,251,124,112,508,342,303,151
506,188,101,152,440,0,291,42,461,248,10,389,206,288,151,199,482
343,351,334,213,75,152,42,427,175,508,159,151,302,46,144,245,251
152,497,194,186,269,154,278,21,98,172,504,329,66,298,302,508,303
416,273,508,348,391,461,123,111,344,60,134,160,152,214,381,26,227
337,61,248,403,488,426,120,311,489,211,276,168,474,188,106,155,388
144,208,95,494,373,190,64,276,406,84,502,508,148,498,186,3,372
207,332,388,184,231,303,508,395,398,199,205,155,83,151,67,212,209
212,194,493,94,152,479,331,73,506,276,426,400,144,110,299,246,317
335,188,169,267,246,127,281,364,441,205,276,89,31,78,193,371,213
50,504,32,417,268,333,317,217,315,123,329,211,307,408,168,391,469
144,5,223,438,86,156,210,494,177,84,305,34,408,369,425,348,302
125,93,17,345,211,326,26,429,210,34,351,206,74,204,349,130,234
258,196,151,506,152,508,303,210,194,109,498,126,371,412,148,297,174
246,140,209,196,148,391,260,1,326,167,3,288,345,254,502,35,508
373,151,77,456,290,316,395,457,65,177,239,69,413,217,167,67,210
266,109,170,391,210,408,484,267,151,205,188,439,17,430,206,87,254
291,28,209,121,386,34,90,210,144,402,106,50,41,211,350,408,179
352,311,371,457,356,374,136,391,383,323,239,198,256,304,184,8,174
324,152,118,373,281,4,42,472,312,110,240,380,374,68,508,371,395
380,426,23,0,174,98,216,67,398,374,454,318,298,457,490,184,56
367,397,61,256,208,286,200,199,358,235,254,192,508,503,88,415,10
463,152,335,405,423,207,23,468,506,342,159,97,75,42,254,202,447
126,5,157,392,367,418,306,42,35,508,248,464,253,426,56,210,102
68,395,192,479,480,169,468,57,149,328,357,98,145,325,210,464,159
508,232,423,113,219,448,290,10,344,362,6,4,35,42,287,329,398
284,152,461,156,182,435,226,346,108,280,202,359,98,323,116,412,130
210,131,349,34,508,10,29,414,494,398,371,152,160,251,450,60,149
80,232,326,197,418,126,426,363,240,158,508,466,478,384,209,38,71
115,288,266,152,486,81,392,470,426,413,417,187,246,188,463,367,98
496,66,14,274,192,414,436,151,223,400,472,30,47,303,111,419,470
294,508,246,113,152,291,115,335,75,285,126,210,245,281,23,156,60
508,431,100,210,25,207,447,219,503,157,223,60,289,475,287,154,8
374,266,219,255,164,308,25,383,151,204,193,297,80,282,66,15,169
232,498,64,75,316,371,303,200,158,474,152,39,269,260,109,333,325
41,34,98,125,210,109,324,466,281,437,457,194,126,234,408,50,302
311,232,333,54,104,63,4,10,160,302,234,341,152,289,83,462,457
334,54,367,214,391,207,359,271,155,288,429,335,417,107,455,276,35
476,152,194,463,508,418,219,384,170,151,264,211,127,42,144,367,198
209,29,188,293,128,140,61,123,359,214,84,53,406,113,508,395,152
66,61,211,363,508,199,335,376,504,317,322,42,193,140,156,78,60
507,129,135,394,294,169,200,274,457,314,483,389,155,48,371,211,434
504,132,373,11,186,348,12,117,339,508,122,274,326,192,210,426,151
258,152,371,210,102,286,462,96,502,413,255,232,112,408,54,395,373
470,218,226,506,508,22,205,281,224,441,210,367,101,381,379,152,190
188,269,164,467,132,125,175,459,95,146,98,298,110,100,408,374,502
79,232,92,457,322,3,8,218,167,50,381,433,466,470,335,464,152
508,47,148,213,171,97,152,352,251,29,211,151,79,281,333,403,233
255,168,13,69,10,35,246,466,389,453,463,405,480,115,164,281,383
57,399,126,151,26,266,416,508,16,460,342,308,41,289,299,123,210
206,144,239,333,357,126,289,288,218,501,314,23,38,140,55,54,460
323,508,187,274,177,325,402,151,152,114,224,378,451,109,417,245,331
27,499,152,373,505,151,113,269,170,245,94,480,374,444,34,3,254
281,61,3,468,56,470,508,164,42,210,314,152,92,304,246,103,332
84,494,338,95,49,304,434,417,302,404,151,290,449,209,194,210,480
210,344,354,273,504,97,298,51,238,170,408,242,109,100,187,508,468
17,216,152,431,272,183,210,98,156,330,125,202,370,50,396,89,312
333,275,148,26,23,193,294,325,156,426,151,508,186,450,399,461,125
164,110,26,60,232,326,126,188,212,245,434,395,334,478,508,479,418
119,193,109,115,210,73,133,128,251,429,269,457,81,316,359,373,302
251,362,311,208,290,245,52,210,330,3,230,453,135,199,370,12,423
113,193,10,302,109,101,275,374,152,216,248,37,210,234,232,14,467
392,103,104,39,420,267,413,276,210,482,325,211,168,480,344,360,299
210,255,126,180,291,423,371,187,246,60,82,335,457,348,254,508,476
211,178,285,373,61,317,210,231,42,53,468,417,3,55,457,152,93
431,30,506,451,439,311,459,329,325,276,331,194,158,236,266,1,477
104,395,408,211,371,154,117,210,444,10,302,181,138,504,90,328,152
168,151,476,341,210,152,343,508,51,219,53,246,403,433,109,33,60
111,413,308,464,171,508,498,408,49,8,497,232,123,55,69,417,302
386,508,408,57,210,201,184,391,452,124,429,494,299,441,445,476,335
251,17,130,508,144,42,395,25,101,194,419,168,309,281,87,158,148
89,86,206,261,211,374,122,457,59,246,147,228,303,479,66,281,325
151,246,238,11,395,105,23,288,158,60,269,493,440,439,236,210,96
125,471,297,408,385,432,314,301,316,156,35,152,302,490,508,440,342
416,290,395,218,488,302,508,61,169,8,156,422,211,344,128,303,470
210,476,9,418,440,395,133,378,326,54,0,286,217,367,216,95,470
413,316,480,508,170,283,359,11,210,247,304,151,482,327,144,461,122
336,508,69,126,466,158,232,371,18,373,144,409,221,87,55,100,419
409,143,98,126,186,287,210,0,477,206,52,201,347,254,163,152,121
216,77,486,378,503,508,36,408,126,259,173,47,499,113,246,501,432
64,199,26,195,168,434,489,3,58,478,371,386,209,185,308,332,86
128,257,273,283,88,508,75,218,313,168,231,307,255,174,202,179,210
195,49,312,10,194,14,427,370,56,173,372,126,447,152,66,90,389
508,127,313,93,197,457,477,264,315,109,479,130,434,426,66,249,398
194,255,379,134,299,466,210,152,426,343,192,283,151,211,359,236,37
115,126,95,236,210,422,454,269,399,98,179,169,508,205,100,251,374
152,220,294,145,503,221,305,467,272,280,254,451,461,508,113,498,502
255,91,98,481,345,152,285,336,110,156,272,210,34,188,246,218,395
435,371,162,469,89,216,210,85,186,34,167,351,425,57,405,508,3
387,206,211,323,506,209,42,37,34,152,353,416,395,254,66,22,373
235,395,87,143,175,506,316,247,71,3,402,238,302,198,22,221,400
508,26,388,439,398,445,222,344,140,158,476,371,417,466,415,248,151
244,468,203,235,39,13,170,430,97,429,157,155,283,389,508,93,34
169,228,484,367,194,95,440,152,489,359,508,254,232,238,210,244,42
476,299,447,402,371,347,228,226,55,275,113,46,469,210,133,90,508
316,63,4,3,348,42,36,426,508,315,501,462,293,79,396,224,363
303,26,281,48,23,139,399,54,213,504,404,270,458,484,269,322,93
508,361,76,81,23,437,43,181,210,338,486,415,246,234,111,152,462
241,409,497,317,385,267,339,211,426,122,498,244,151,251,501,407,11
245,400,98,330,387,63,207,17,66,508,180,238,476,158,99,325,152
210,415,309,152,92,34,254,23,94,173,480,156,466,248,80,374,151
334,297,367,447,379,475,201,210,263,83,508,180,125,55,395,311,109
210,279,312,508,422,235,231,26,254,371,417,80,156,457,486,302,404
56,272,169,347,85,316,100,377,491,313,247,235,508,14,404,40,443
6,349,325,113,499,128,152,416,336,391,97,222,291,161,109,405,93
407,118,491,489,325,506,194,62,494,98,34,232,426,157,148,508,154
454,35,218,352,341,478,291,391,413,407,229,145,6,395,392,466,508
194,75,168,501,120,179,210,186,427,98,251,497,478,188,311,431,169
286,506,408,199,487,452,127,429,210,508,343,34,7,128,103,245,63
379,98,395,26,503,95,207,341,480,133,418,374,466,375,391,214,280
195,111,360,232,261,389,210,245,208,71,506,480,395,158,179,183,491
508,325,112,395,41,42,417,281,151,471,89,115,413,329,211,83,101
503,238,387,231,332,8,411,508,457,311,151,173,216,391,127,126,232
372,468,398,194,153,179,447,169,369,254,311,30,408,225,261,478,152
434,58,408,394,349,101,191,371,130,212,439,325,254,479,326,357,53
292,380,351,508,359,16,71,64,152,221,258,38,151,352,256,391,179
210,224,117,277,53,256,141,337,408,459,149,325,435,151,344,476,87
254,457,391,12,482,32,156,340,123,508,120,416,299,311,154,506,291
417,258,230,311,152,144,508,151,34,412,245,223,60,388,103,333,18
343,303,207,219,348,23,454,166,405,398,434,266,195,416,323,152,294
466,65,267,60,3,210,476,114,199,391,34,125,383,254,219,503,498
152,434,276,398,295,244,311,397,494,377,131,126,237,223,136,30,477
210,464,508,102,134,395,333,110,185,140,66,399,218,237,151,287,174
508,88,342,426,374,401,102,130,395,186,218,291,487,471,389,391,138
417,377,101,483,504,118,22,140,143,25,359,229,151,156,316,152,209
430,444,42,439,508,311,343,389,102,224,87,466,346,192,440,152,443
95,120,379,373,508,144,159,238,105,226,344,169,19,297,216,206,156
450,276,457,464,232,342,497,187,151,211,210,331,422,303,281,503,98
254,417,476,470,440,408,52,152,460,169,193,199,486,88,158,183,98
276,194,169,322,167,199,79,144,373,298,498,439,417,416,434,127,342
309,457,200,218,391,427,281,194,56,211,315,168,31,250,102,3,395
194,169,391,219,154,207,504,371,395,373,69,368,77,34,153,210,459
381,145,285,182,434,480,57,462,404,39,50,426,504,508,3,372,503
508,474,179,267,329,438,186,391,9,209,6,275,118,34,342,126,127
38,497,456,193,329,463,293,149,462,362,26,335,508,152,245,181,269
357,391,198,278,291,504,381,12,383,46,262,312,402,58,139,93,294
194,169,333,367,127,152,106,454,26,280,199,245,210,198,491,92,60
54,152,444,42,455,144,272,408,39,143,201,164,3,41,287,181,90
460,272,457,28,479,244,438,84,195,269,186,420,93,359,126,354,29
333,426,131,468,194,492,90,26,199,472,210,23,381,391,457,116,201
505,151,8,480,47,166,317,454,391,359,3,395,219,403,198,311,347
229,80,254,370,464,127,210,100,348,60,331,111,171,152,208,438,219
426,388,47,497,374,194,235,490,281,480,190,126,159,112,273,408,61
351,408,110,63,325,337,434,67,326,254,376,480,356,169,144,446,450
229,169,62,500,508,375,76,132,66,83,164,359,74,371,424,151,88
497,491,240,339,152,379,22,77,269,204,95,482,16,169,23,303,457
375,115,396,444,417,151,391,395,35,80,389,210,483,362,133,98,329
220,435,156,52,226,445,216,284,508,187,175,51,65,11,64,109,34
144,479,283,329,406,476,67,480,332,151,398,349,204,6,460,111,210
311,219,193,273,143,98,356,357,64,265,490,261,211,232,178,391,152
127,108,280,391,359,409,175,480,373,267,37,151,254,135,234,257,466
311,208,185,503,363,76,323,74,316,254,95,506,317,458,496,211,171
138,55,238,508,142,179,408,75,245,442,126,483,373,208,278,342,325
1,480,302,130,237,50,153,431,132,294,92,254,83,345,185,402,152
508,476,374,188,140,381,199,376,30,246,61,10,41,424,491,323,494
152,416,223,238,497,479,143,372,381,281,395,188,210,303,476,81,274
429,395,378,300,140,480,133,3,254,392,210,287,236,156,143,69,433
276,427,179,254,115,471,210,311,480,79,370,209,375,83,151,297,308
302,210,398,144,348,101,162,60,151,65,17,490,276,42,169,274,254
130,265,281,269,346,315,311,290,392,419,199,194,157,342,338,98,217
111,302,23,381,434,429,482,471,461,157,54,480,236,498,468,457,42
152,254,101,69,398,111,167,210,432,201,437,333,191,506,45,123,209
3,127,457,508,326,389,208,151,205,170,177,364,41,449,159,90,254
325,467,61,311,83,179,175,141,152,256,210,6,186,253,330,41,140
120,293,269,141,211,395,194,117,151,447,316,199,373,221,127,344,277
254,503,381,138,112,267,455,302,413,179,101,80,417,192,183,377,311
94,254,323,439,69,441,121,303,225,210,22,213,246,391,154,238,37
365,199,127,189,362,159,124,55,281,326,498,307,59,371,194,211,494
226,188,246,470,441,374,479,185,53,214,508,311,466,457,101,408,438
179,325,113,151,354,156,79,69,246,281,391,508,127,367,133,18,317
37,60,152,391,111,55,61,330,403,240,232,185,16,323,51,254,225
385,492,91,96,145,269,192,379,245,131,152,126,395,229,198,210,148
508,186,389,311,316,154,371,113,62,39,211,463,153,275,169,214,362
156,64,54,489,28,16,193,374,463,42,207,49,495,427,276,329,458
496,210,186,269,500,34,417,152,395,113,297,3,96,132,344,508,447
36,507,62,383,290,84,133,157,175,286,152,169,245,60,434,136,126
132,49,508,199,326,359,348,445,10,491,456,115,391,50,35,152,129
343,8,478,34,193,494,230,452,152,331,109,245,464,57,171,270,115
482,469,497,34,77,194,411,26,152,480,281,155,224,96,156,151,450
192,184,342,432,417,426,159,210,508,486,266,219,115,34,370,100,296
53,118,122,415,34,325,395,57,95,504,61,354,391,216,343,198,89
169,194,461,234,464,60,156,40,297,395,254,205,113,188,379,483,468
316,238,56,276,218,312,14,156,468,303,151,357,79,400,326,437,193
395,13,70,462,132,494,325,62,65,180,148,411,501,508,487,131,455
312,476,333,141,457,199,271,218,148,231,152,102,2,113,98,391,508
36,101,367,508,499,290,468,172,234,379,337,144,506,399,187,266,254
42,275,221,109,408,193,122,238,114,443,6,51,330,364,373,325,374
206,17,210,418,169,125,2,508,490,165,276,6,205,461,208,175,312
395,152,403,457,18,210,302,349,47,367,373,311,470,124,54,487,169
34,145,259,449,408,395,457,359,464,325,212,362,42,226,508,260,170
156,246,294,271,190,131,164,158,218,214,417,280,359,95,377,25,210
211,440,194,317,212,192,395,508,439,280,228,210,416,80,459,54,304
483,349,60,476,391,205,23,193,170,222,210,280,381,337,307,426,354
27,303,476,351,333,470,10,41,193,416,224,389,75,420,228,508,125
394,179,423,325,360,228,471,23,118,102,395,10,26,381,426,269,158
84,76,377,260,371,356,447,149,68,108,30,381,228,508,373,331,54
316,120,342,251,152,66,192,406,231,435,429,169,351,210,14,148,280
5,175,328,210,480,276,441,302,395,463,457,506,109,60,41,140,154
443,19,140,127,389,333,87,506,133,148,41,209,210,42,474,141,391
152,504,275,196,109,395,348,206,136,254,117,302,210,122,163,466,62
98,302,395,54,73,381,343,398,312,222,238,111,383,461,323,448,502
264,316,254,381,504,86,426,373,325,280,210,34,412,201,424,311,501
348,6,229,508,87,303,457,201,324,356,192,42,506,486,136,31,101
477,152,508,211,219,92,333,308,240,109,251,409,247,454,144,337,399
258,508,60,3,399,170,89,417,224,395,122,64,389,123,188,343,154
391,168,457,371,178,289,498,381,132,332,274,503,385,194,232,294,71
470,346,402,152,70,286,206,3,88,145,437,116,395,184,394,43,48
222,34,501,457,236,334,333,274,129,203,33,482,371,322,109,508,471
258,395,276,409,254,209,26,8,156,488,73,175,27,303,424,439,78
349,461,390,303,332,478,299,168,459,288,169,180,117,201,151,154,309
141,50,89,152,262,354,398,109,395,273,87,313,211,216,232,418,41
61,464,434,109,246,55,508,506,186,352,34,489,130,282,211,453,440
292,98,495,42,195,442,254,374,501,480,88,478,359,151,194,26,145
245,369,344,377,472,391,239,67,193,484,3,293,180,125,324,194,62
328,508,75,3,343,68,38,384,342,401,391,413,122,341,41,476,479
330,470,216,429,300,154,60,211,269,384,351,342,506,285,206,232,171
386,235,379,168,238,508,101,302,35,152,193,497,272,115,201,318,269
147,56,508,198,243,213,501,480,149,3,57,209,55,371,152,221,276
391,326,175,210,152,372,374,480,378,15,151,262,437,169,174,312,141
406,109,340,460,395,444,141,85,281,498,6,508,84,175,327,88,334
170,476,210,179,308,211,457,494,152,381,47,194,175,471,414,46,323
281,266,314,88,483,395,322,188,216,202,508,352,135,251,17,182,62
54,151,269,41,470,426,238,457,231,152,71,219,83,336,342,110,23
210,426,371,258,179,172,140,508,341,156,49,457,246,26,344,430,51
362,371,168,357,151,34,50,63,386,240,360,144,210,374,37,32,286
244,281,97,246,243,26,353,404,508,90,470,158,133,439,47,190,344
46,499,280,229,53,75,414,236,359,302,205,316,508,291,120,326,230
86,40,151,246,186,152,508,343,437,114,470,425,238,292,302,480,84
434,417,364,22,185,17,232,291,192,477,270,66,169,413,208,36,400
288,19,210,479,89,259,188,218,147,328,344,504,205,186,460,464,375
494,152,73,496,125,302,109,323,111,311,10,192,381,357,457,508,36
90,71,372,113,352,139,441,276,238,284,326,58,156,201,151,395,224
236,206,164,464,121,456,255,194,414,17,16,79,324,391,454,126,177
41,261,480,26,371,508,302,429,63,443,332,126,417,17,316,152,357
404,187,311,330,179,268,48,292,209,211,194,269,28,480,236,369,26
213,389,457,185,12,311,69,492,71,360,42,342,108,341,377,152,391
152,395,297,443,83,154,218,500,182,207,3,469,458,508,42,383,148
505,222,398,60,35,140,508,370,356,464,382,31,90,42,101,15,151
462,223,100,60,51,497,26,31,439,210,11,69,499,246,491,42,109
260,298,370,438,42,348,439,140,367,122,470,188,14,218,60,29,120
354,457,129,127,34,195,218,229,470,246,122,323,194,234,245,477,479
458,186,158,508,101,69,469,398,325,506,344,95,289,362,45,152,119
508,245,385,51,210,320,286,348,326,342,456,140,6,457,30,254,278
448,34,395,126,416,293,147,396,127,111,151,508,28,342,207,166,8
342,264,124,349,293,508,110,109,210,215,127,111,391,317,62,211,457
126,211,302,395,210,285,128,83,120,506,317,278,504,246,202,372,276
398,7,417,26,373,468,501,155,144,508,179,210,34,211,152,366,49
109,302,98,479,83,384,466,256,276,90,254,414,29,406,42,426,335
154,256,206,456,148,508,449,492,159,109,60,239,231,210,324,91,479
508,95,426,366,151,238,264,92,248,183,99,29,84,274,480,34,497
508,144,329,151,323,249,123,380,148,279,3,273,136,434,388,372,415
94,356,504,427,210,371,470,399,414,483,154,121,46,288,69,159,34
418,171,98,373,402,495,67,508,398,381,109,210,391,100,341,265,192
362,12,203,439,97,404,508,349,193,286,149,78,311,442,66,359,365
151,359,3,121,246,127,123,315,368,398,16,508,348,152,220,354,329
463,226,376,194,373,323,444,349,232,391,426,58,418,480,228,291,27
489,338,152,283,167,431,391,507,276,429,455,15,452,113,123,254,151
332,461,169,102,252,188,276,192,455,454,210,508,160,391,311,201,127
113,138,508,374,30,395,498,208,3,435,409,427,140,276,210,497,461
152,273,168,244,489,306,126,508,0,391,211,368,254,226,351,456,245
342,371,462,83,400,302,182,434,51,152,463,214,89,502,188,65,158
61,443,470,42,395,211,199,64,294,29,179,181,247,136,210,51,370
377,60,225,249,21,236,219,415,152,210,113,383,412,3,223,126,207
209,211,407,391,151,246,245,152,194,260,239,42,23,75,348,508,506
54,283,75,330,219,368,432,328,377,12,417,26,188,479,414,237,496
77,139,392,479,98,34,198,373,131,236,302,107,269,317,402,232,23
302,415,347,437,330,217,151,256,156,127,188,35,152,360,38,469,480
86,95,168,164,79,455,100,417,269,366,111,238,210,467,439,8,250
232,185,60,287,67,508,364,136,152,206,294,346,100,209,94,395,208
464,381,246,210,338,445,238,489,80,169,45,247,179,28,414,391,60
492,101,254,234,319,35,460,198,420,152,489,357,403,340,221,354,471
67,426,439,316,248,290,494,463,61,359,132,74,428,139,391,508,66
426,210,151,457,468,141,234,32,299,508,284,194,224,169,375,47,180
314,407,156,296,397,224,453,360,508,340,285,480,151,408,35,375,154
484,254,480,285,426,311,337,490,262,508,34,238,186,206,42,88,438
199,123,377,309,463,304,398,28,452,282,181,63,101,400,208,376,426
315,506,414,389,156,14,357,126,508,299,439,210,317,124,308,30,467
478,274,359,247,34,111,14,417,308,455,23,330,151,60,457,59,508
171,214,167,308,34,480,217,196,502,15,121,198,87,409,154,190,74
66,37,65,26,491,415,211,421,165,345,404,10,490,194,417,1,21
10,168,297,268,281,254,304,131,97,478,210,346,426,290,79,213,319
26,207,313,126,342,428,458,144,508,127,281,149,163,173,395,84,210
331,457,311,377,266,237,238,179,508,98,190,494,207,216,470,41,282
83,477,273,130,459,399,410,209,311,351,457,0,242,337,300,210,251
301,254,105,156,62,432,234,281,14,111,502,317,346,152,1,479,302
508,8,417,503,210,158,466,375,377,413,106,171,179,424,429,367,273
99,69,45,461,42,347,359,508,175,440,413,207,471,152,312,216,179
384,373,428,236,325,480,302,381,201,37,415,183,35,161,188,350,238
460,210,395,290,375,275,77,256,374,392,103,120,426,20,479,499,10
228,145,50,491,311,508,315,166,49,249,26,151,39,299,152,371,396
483,23,429,186,195,152,344,415,151,323,326,413,210,417,312,454,234
179,439,127,302,488,210,132,386,42,489,362,195,83,29,370,189,245
461,158,245,288,104,26,54,411,152,100,324,31,456,55,333,210,42
156,302,152,317,373,374,339,168,394,380,60,413,140,398,209,370,396
12,198,366,392,210,422,152,7,408,180,434,362,211,41,121,169,274
276,332,453,376,179,232,342,503,308,508,335,164,311,12,216,54,155
210,139,371,434,288,151,222,508,154,123,232,3,395,466,480,467,23
107,171,100,73,454,374,306,16,366,328,492,325,210,83,91,112,273
332,254,335,3,184,105,309,435,349,440,129,47,174,277,289,445,151
328,468,100,404,374,125,315,42,387,332,501,242,210,371,236,12,30
152,130,188,398,168,211,186,450,174,413,20,32,381,3,169,155,387
168,26,144,56,508,152,109,55,210,377,489,221,127,115,98,330,383
375,331,326,152,508,374,1,479,349,36,5,422,381,194,148,461,290
232,70,333,381,175,326,194,168,179,209,111,488,30,439,156,508,254
98,210,285,401,458,94,480,6,220,460,467,213,508,468,461,379,246
159,406,41,83,481,417,326,89,450,357,59,398,164,466,405,441,268
214,131,322,194,269,251,34,286,508,191,362,168,116,395,198,272,343
168,454,127,331,135,399,219,398,257,98,440,130,42,110,94,371,354
100,312,221,61,344,408,443,311,470,297,417,395,402,187,479,164,205
452,418,348,462,131,281,296,484,349,232,178,127,54,242,356,486,210
210,489,437,151,208,194,156,395,299,207,362,370,466,280,349,163,257
145,273,391,100,501,26,187,467,328,101,50,90,195,480,169,148,236
315,196,475,439,67,398,482,223,83,207,508,348,470,61,210,55,405
479,69,142,506,346,381,391,115,185,12,219,469,389,504,42,236,3
388,315,489,62,211,395,174,58,483,508,286,240,493,207,98,273,244
115,152,194,69,193,101,450,83,498,396,199,181,398,219,88,223,196
508,383,434,499,371,18,65,374,246,14,324,469,143,445,276,226,472
60,348,350,357,49,504,127,496,160,312,148,12,32,29,260,114,205
14,357,210,356,198,41,133,201,294,109,302,194,223,374,20,104,389
247,508,67,232,130,113,211,209,144,210,254,42,457,34,274,158,303
143,248,508,43,224,439,37,211,251,322,193,283,152,302,230,171,144
246,292,370,414,73,171,154,302,432,371,476,59,439,493,87,461,257
391,101,61,89,109,14,205,506,254,260,175,395,399,228,213,225,474
198,412,132,290,344,127,502,103,391,352,246,185,219,371,297,115,148
448,287,329,373,360,146,508,208,461,48,235,367,17,13,496,210,109
312,359,468,362,339,375,311,453,125,371,99,398,210,508,480,396,334
268,210,383,232,35,483,508,395,98,340,404,226,398,156,371,496,3
151,194,438,169,432,326,152,494,376,116,298,145,442,211,196,311,329
207,365,192,356,508,466,478,197,383,63,228,457,193,31,413,34,162
279,368,8,185,342,246,237,113,264,364,244,273,218,508,122,276,402
233,445,492,415,379,173,450,245,460,506,402,98,488,508,250,163,60
135,447,395,471,505,183,89,439,362,499,391,459,112,35,246,417,367
290,70,139,126,289,277,198,132,180,152,311,270,336,171,258,299,124
302,326,342,41,457,251,130,471,153,356,108,491,480,311,246,209,362
194,124,169,440,297,330,439,370,155,455,60,152,210,213,127,260,126
152,130,498,199,188,92,371,34,395,219,169,387,504,325,197,147,283
395,152,508,325,215,288,500,374,402,98,452,99,211,210,113,446,276
478,398,34,391,109,443,466,508,152,417,159,425,14,210,395,505,431
432,259,470,127,128,460,429,151,270,508,386,242,34,276,10,307,374
480,167,479,151,508,302,127,389,60,471,152,193,457,112,194,89,210
381,42,423,311,59,508,309,434,152,194,168,287,288,67,359,181,391
156,98,152,49,244,95,502,171,276,122,269,459,323,52,14,226,60
508,238,152,109,201,223,126,3,210,191,206,236,88,208,333,267,324
89,180,151,60,332,477,53,164,467,152,506,303,358,236,211,294,418
482,226,234,328,174,508,490,77,370,416,89,275,35,219,502,426,152
447,29,309,246,461,214,373,508,140,151,173,152,498,443,195,95,11
483,26,315,479,283,28,188,276,272,152,147,62,469,134,508,164,294
322,190,508,249,484,109,47,151,396,103,3,60,457,90,506,11,210
164,210,383,306,506,254,46,309,389,172,126,87,198,439,479,156,297
376,3,311,395,152,210,438,280,331,429,367,463,140,460,420,125,423
500,51,266,477,83,111,281,169,432,504,439,152,211,115,171,269,343
240,504,303,209,54,302,113,210,152,311,508,52,274,125,351,166,266
111,83,50,198,188,279,317,506,108,21,321,77,152,246,254,251,362
130,194,255,482,65,151,314,491,416,259,14,508,55,331,446,169,371
169,371,508,284,98,408,174,250,80,151,37,238,419,254,211,42,439
193,496,395,359,508,322,30,232,83,126,476,255,354,95,1,444,280
219,67,195,430,426,396,226,218,156,484,188,467,210,110,486,508,397
181,152,306,245,126,386,460,373,506,334,184,222,125,438,3,413,17
168,245,466,152,270,374,462,109,151,215,317,33,329,483,380,158,216
113,421,309,272,344,122,315,151,484,391,234,46,316,236,12,439,3
236,151,481,154,193,215,311,114,230,281,202,177,152,145,51,303,483
67,375,395,210,349,379,180,179,188,141,415,331,348,283,30,463,280
425,495,470,198,151,20,371,413,508,152,210,87,341,34,136,435,303
503,302,56,352,174,130,269,190,40,466,359,484,36,445,414,1,405
254,426,373,282,269,460,508,93,210,42,498,101,480,124,152,208,400
396,300,78,189,329,362,230,109,471,173,276,210,148,99,267,214,50
321,194,11,152,245,125,151,190,372,224,158,29,211,188,391,475,477
459,390,188,373,126,110,499,471,210,274,343,268,108,112,479,442,302
471,371,8,413,41,396,179,400,304,152,199,508,1,21,351,188,429
424,219,381,201,237,508,249,210,366,432,247,274,71,209,455,428,193
176,76,283,269,47,343,312,54,118,88,501,56,332,381,235,362,251
413,508,381,127,375,215,429,328,34,246,250,369,133,384,447,272,26
315,210,206,359,152,395,309,163,83,480,98,60,396,151,325,127,236
326,202,238,281,312,381,130,373,418,457,236,166,426,16,180,115,84
17,356,408,180,216,143,169,428,73,269,452,53,326,232,258,114,302
484,437,357,114,439,151,254,183,476,288,413,153,447,508,182,90,466
283,506,384,459,298,480,395,293,95,408,211,210,425,66,311,252,60
507,418,426,246,262,480,508,447,156,35,126,332,278,373,209,468,330
409,244,325,194,232,152,210,42,297,504,508,25,274,443,115,126,186
12,278,109,386,408,123,466,171,0,8,232,424,152,247,437,457,230
477,426,127,193,52,110,188,89,174,161,120,309,180,435,42,60,17
171,34,187,479,276,41,123,391,141,201,508,244,439,210,142,431,203
326,371,302,311,247,266,317,151,472,457,17,395,344,126,8,69,180
217,376,55,210,506,198,234,232,194,211,143,262,354,171,332,98,447
417,373,337,73,266,29,335,169,55,325,152,267,148,360,194,329,354
183,211,342,70,422,415,315,508,395,426,89,210,79,152,170,124,276
302,174,216,466,151,508,23,254,402,90,49,279,256,240,213,35,274
34,245,83,369,281,337,60,194,209,18,280,338,479,179,508,457,214
447,93,167,204,297,1,101,508,14,87,152,107,326,311,168,412,137
381,34,395,104,284,297,177,452,207,280,317,194,398,269,127,480,307
12,312,41,210,152,425,26,119,179,102,308,359,154,491,269,508,96
331,217,96,129,275,210,215,367,53,274,158,466,225,80,422,380,237
197,190,127,256,148,508,251,386,269,368,288,292,210,242,501,302,232
12,349,508,129,83,415,179,53,395,226,359,491,210,40,144,484,254
41,144,324,442,270,492,508,1,211,237,426,29,13,342,284,278,198
175,336,444,122,440,210,508,478,261,334,489,311,498,53,23,30,127
17,373,151,199,210,460,413,450,127,213,152,97,104,408,195,429,424
508,484,402,480,61,211,245,439,192,200,412,47,67,80,181,184,39
439,373,417,158,210,478,431,219,238,151,367,335,508,466,246,218,318
362,508,199,357,33,229,462,163,152,191,497,63,246,210,172,93,34
362,6,215,192,156,143,254,477,286,238,171,417,56,110,391,329,302
508,411,302,161,299,2,175,152,328,285,10,120,158,466,491,210,199
265,219,279,202,237,371,169,6,381,209,192,273,409,64,255,311,39
216,50,193,294,333,389,317,224,104,31,175,494,336,370,277,309,499
3,484,40,28,416,42,302,70,414,508,417,199,158,183,498,123,1
52,269,429,407,463,392,409,416,234,42,47,115,336,337,450,332,211
121,3,163,209,69,138,126,12,166,395,357,28,170,373,259,151,291
508,109,151,192,34,335,383,127,425,329,325,193,102,408,398,251,275
5,457,21,452,188,140,371,309,55,132,152,211,94,466,256,417,106
273,82,156,144,153,264,125,210,508,395,84,43,126,169,121,130,23
89,342,158,45,316,447,68,208,413,214,254,25,152,174,210,48,317
480,130,403,508,254,128,58,56,30,312,179,399,324,297,152,498,443
3,254,317,466,98,391,463,219,508,140,281,170,143,179,401,246,258
271,269,371,374,195,127,499,471,434,480,317,508,28,252,50,303,251
75,435,98,114,12,373,174,121,396,378,190,392,315,248,406,387,326
479,290,497,6,122,474,354,136,506,38,447,349,32,236,332,299,95
367,14,229,179,210,409,8,108,127,236,251,508,61,232,272,69,343
112,92,505,447,256,98,132,63,266,193,111,110,389,141,144,1,210
190,161,228,360,203,372,238,426,242,381,210,92,117,51,169,156,253
167,508,29,151,191,397,497,12,109,210,295,391,476,46,395,226,480
311,429,85,144,66,280,493,466,460,151,258,268,504,427,127,505,120
141,210,462,50,508,431,130,326,136,151,455,496,275,413,430,233,113
55,35,490,112,84,210,470,115,508,152,62,378,396,474,83,479,299
311,439,303,140,387,112,185,115,498,26,480,428,238,362,308,3,109
210,72,236,8,276,391,278,237,242,508,127,457,395,198,148,357,211
251,156,313,476,152,160,399,428,391,480,201,224,431,395,362,400,508
387,224,199,155,151,466,136,67,210,66,300,468,211,254,197,156,101
202,7,399,409,205,157,268,278,242,504,300,73,468,367,9,156,304
140,401,193,413,434,41,478,490,109,226,453,26,281,232,508,273,2
346,278,130,151,95,503,413,183,333,206,437,129,450,26,281,87,391
334,269,206,194,129,402,503,169,325,144,450,204,471,437,3,57,18
508,104,41,187,506,313,427,316,151,431,114,155,489,34,462,371,102
185,403,480,483,458,276,169,49,254,503,342,286,491,144,414,60,210
236,398,169,96,376,351,388,331,91,391,211,372,457,71,112,210,281
114,275,395,177,100,210,191,288,365,61,42,168,302,408,30,25,389
326,508,147,276,325,475,66,434,378,272,224,126,356,200,195,49,33
482,152,184,266,103,26,445,349,189,29,470,499,210,73,118,508,302
98,103,175,152,337,49,371,417,508,379,470,79,330,334,447,55,265
311,413,330,210,230,294,508,152,92,302,165,99,175,226,111,408,168
471,55,296,42,209,332,34,426,156,102,500,408,302,169,412,484,62
148,37,133,228,303,82,152,249,255,46,151,179,246,237,14,431,281
17,455,236,111,219,115,71,432,491,47,254,367,209,311,332,304,232
498,80,189,499,413,324,239,281,97,152,73,367,258,60,373,19,320
152,348,192,138,357,135,371,115,374,345,508,218,245,141,316,276,468
194,426,399,224,131,469,338,49,466,276,311,381,477,339,281,425,201
88,357,359,132,287,302,386,508,65,414,466,494,219,126,174,471,69
251,160,95,151,394,481,366,237,152,170,194,254,353,297,454,326,200
341,193,309,302,408,238,351,151,154,389,144,462,211,337,118,381,335
211,232,69,83,328,9,430,378,508,367,254,186,479,170,209,407,246
325,312,508,398,77,348,151,179,169,359,247,96,64,316,381,89,190
483,347,128,294,499,383,193,277,115,84,439,108,395,471,89,408,412
194,276,198,99,151,494,210,402,389,217,69,242,121,329,508,262,326
26,333,508,245,18,325,332,34,164,4,67,159,297,238,366,120,213
95,452,198,97,92,425,77,211,342,66,110,435,508,367,302,430,457
394,210,450,211,482,9,471,105,391,422,80,349,65,41,28,246,480
311,443,508,39,285,185,505,359,232,158,346,126,152,112,333,281,387
12,204,396,450,164,503,130,326,85,477,98,443,498,244,362,29,441
336,288,491,152,297,273,102,175,61,449,343,234,141,364,508,180,127
457,415,145,363,193,333,200,300,455,431,199,114,42,161,211,292,332
152,439,132,302,14,312,3,384,381,508,244,126,50,462,395,238,281
138,314,325,41,426,508,222,42,151,132,34,377,494,207,480,226,202
395,238,464,489,427,329,179,298,210,431,381,92,325,508,316,469,376
416,98,152,12,508,209,326,222,501,371,463,73,478,294,130,8,408
482,476,425,61,324,23,21,156,395,508,383,371,450,58,195,367,179
480,408,497,474,192,296,32,54,51,385,8,186,440,52,154,370,210
91,218,152,219,13,311,222,224,338,3,464,342,126,55,211,196,276
188,58,151,193,207,166,459,255,221,392,371,299,211,246,152,11,26
125,502,144,42,302,0,325,238,109,187,447,269,166,102,219,210,3
439,508,126,198,81,266,160,157,438,140,423,402,210,249,339,288,34
104,508,410,169,69,156,131,497,171,276,191,408,267,46,318,284,311
76,195,56,30,328,118,497,381,25,152,479,439,352,489,62,246,228
129,42,463,156,143,431,287,408,508,352,256,423,87,426,378,63,166
469,508,359,276,251,180,23,169,267,109,60,381,326,443,122,270,210
8,302,479,251,260,408,111,245,357,422,208,468,451,269,283,100,160
471,375,60,188,395,70,259,193,25,58,501,477,508,367,121,457,151
152,374,422,251,371,391,171,205,193,134,89,407,196,474,26,357,268
302,332,156,466,130,152,461,283,53,113,359,266,342,474,76,51,439
276,87,41,188,443,180,136,325,357,25,113,470,507,62,376,403,373
325,504,163,158,335,434,470,326,195,166,152,49,156,42,188,255,480
156,126,188,386,425,54,496,176,398,335,206,374,122,86,127,6,255
60,457,193,37,416,423,325,479,257,508,166,168,179,217,216,42,306
184,381,374,389,127,274,188,255,240,109,302,243,371,171,357,91,194
281,288,504,488,401,311,174,470,439,233,508,188,303,226,302,391,207
402,242,202,198,508,210,167,290,377,55,408,315,457,213,69,114,297
508,395,209,106,326,470,325,72,130,93,117,194,251,462,187,293,192
409,215,113,271,414,466,353,198,111,371,504,170,152,168,34,91,374
186,121,374,194,259,118,246,508,286,27,468,14,379,295,381,439,35
251,391,508,102,152,183,382,287,308,375,40,501,219,87,121,469,445
10,399,144,48,403,499,14,508,353,359,281,211,249,308,224,480,333
25,303,90,193,269,333,73,463,152,332,85,18,156,229,1,209,115
126,128,101,294,372,406,54,508,471,337,71,245,504,84,403,20,281
470,75,260,193,174,417,104,482,339,500,367,474,225,304,210,504,95
508,145,302,468,408,158,330,394,387,395,26,194,444,348,75,326,206
75,421,357,363,435,311,23,238,403,408,113,452,508,329,208,115,398
225,398,198,254,496,134,476,34,408,318,296,477,508,423,49,98,457
182,70,417,118,359,152,436,286,174,295,29,186,245,151,144,126,273
237,194,192,115,232,437,246,373,389,206,442,167,364,175,471,168,23
324,445,156,164,423,152,183,26,311,389,151,74,110,55,246,508,98
502,398,106,97,210,359,324,200,508,246,194,186,288,322,306,479,371
50,211,331,304,439,42,303,62,508,156,334,127,460,463,205,19,128
82,479,210,152,325,389,8,447,193,332,3,317,286,442,114,359,31
122,463,445,471,347,508,266,232,251,342,269,128,163,110,470,178,407
508,194,208,377,311,188,180,395,281,161,480,260,232,280,99,210,123
49,98,34,503,194,450,108,508,461,407,151,269,325,398,264,25,505
479,111,409,205,211,58,221,414,371,210,115,422,471,434,499,156,266
126,368,457,188,466,302,187,6,315,236,508,232,160,26,477,123,221
374,152,445,351,29,504,499,245,508,463,66,456,88,462,371,201,144
335,31,288,506,158,311,471,352,209,60,480,466,95,164,505,499,461
97,30,395,152,210,317,7,3,211,276,132,158,268,73,127,6,325
458,211,210,359,35,254,74,232,429,348,322,418,320,415,294,364,375
152,508,253,344,26,396,3,480,109,378,169,325,254,414,238,408,358
246,159,506,332,175,120,34,111,450,457,328,294,65,395,47,199,245
244,21,210,151,92,426,434,493,193,508,132,194,470,69,63,299,412
210,349,41,504,152,36,415,19,506,92,34,63,466,234,470,211,420
349,326,113,100,3,418,306,184,457,441,210,151,152,269,325,167,238
254,211,504,130,398,480,98,126,62,101,464,210,60,352,407,413,41
373,269,463,251,452,162,466,508,12,179,113,1,439,89,381,504,151
194,246,17,140,99,320,14,417,180,397,505,368,326,351,391,112,74
281,54,435,404,7,188,343,452,120,21,463,152,300,133,458,238,210
371,135,504,457,194,158,394,159,254,105,168,2,152,281,505,388,251
112,210,39,367,23,489,469,434,5,226,66,391,1,42,63,215,351
3,476,276,298,109,389,254,439,152,69,210,387,113,457,236,75,255
479,236,151,64,459,455,357,238,256,398,325,32,210,508,174,492,299
463,77,343,97,391,73,32,293,111,273,334,152,207,422,61,109,117
152,232,98,386,210,23,373,434,195,331,508,344,268,41,115,325,408
98,226,508,316,377,444,80,333,445,224,60,434,219,216,160,154,199
336,113,170,98,130,410,470,175,152,370,404,23,366,76,325,302,67
207,11,508,156,19,333,356,388,461,210,81,91,99,152,369,387,505
115,323,359,505,199,483,266,508,285,494,156,152,210,420,377,466,34
481,480,152,508,338,438,422,34,408,348,156,212,210,426,358,253,374
32,248,342,329,508,19,216,191,458,383,225,452,113,175,196,326,210
286,392,379,480,413,61,158,57,311,348,246,87,166,141,302,111,51
328,455,315,120,335,55,200,206,26,210,232,311,32,391,437,508,480
408,483,75,374,101,57,504,152,193,60,109,163,110,31,480,336,440
508,426,398,210,395,219,373,489,98,371,23,205,419,113,267,192,251
201,77,211,246,107,508,395,65,213,505,101,205,442,151,56,391,378
508,328,235,260,131,381,344,506,426,156,249,121,157,54,59,47,144
246,483,210,152,70,273,302,96,508,251,379,11,314,454,55,248,156
366,114,194,374,330,210,371,205,246,508,208,100,92,276,383,113,302
302,121,55,113,35,84,169,3,224,26,447,395,283,469,391,47,250
348,90,210,269,391,4,395,149,32,211,3,41,60,322,505,339,434
113,269,508,418,41,373,131,281,396,254,152,460,169,361,402,196,210
254,189,110,206,398,212,201,35,508,391,291,311,246,169,464,247,316
14,416,210,426,285,508,385,254,97,126,477,131,67,64,457,225,152
466,381,306,299,309,93,36,158,64,508,431,260,363,490,274,391,311
238,168,274,151,395,466,8,152,440,442,351,477,186,158,120,508,83
193,211,302,102,426,33,504,329,180,42,123,111,370,508,97,22,236
333,254,211,242,288,476,296,202,216,152,18,3,219,444,408,210,179
138,506,439,312,408,209,508,117,395,98,41,168,34,255,113,158,20
6,96,254,141,480,299,417,268,210,450,498,283,457,381,52,316,104
505,186,94,417,189,179,194,35,12,152,47,391,254,331,508,188,434
171,14,101,413,200,384,273,92,325,349,158,408,381,10,457,508,169
360,281,254,457,195,311,508,413,138,447,169,257,479,229,238,356,151
439,417,131,254,210,192,311,389,398,29,90,155,127,489,102,176,281
34,127,430,56,300,164,96,210,453,480,287,29,492,90,289,343,508
111,371,214,254,281,429,310,497,77,508,69,364,6,236,210,302,42
433,238,186,211,422,478,276,51,360,144,299,47,340,504,333,232,508
475,392,445,278,0,456,302,501,383,379,428,64,494,110,126,210,250
26,468,40,37,302,162,148,447,506,389,124,508,374,329,126,190,207
439,41,32,434,367,423,422,156,359,341,313,145,178,277,384,457,55
374,406,359,198,302,3,246,348,450,9,19,341,383,397,498,443,384
261,204,493,276,67,330,338,480,66,356,14,92,158,10,311,181,508
218,311,66,345,95,495,374,498,6,193,413,226,238,211,431,171,152
325,374,207,95,54,151,434,216,422,90,158,318,478,186,109,57,73
508,480,69,362,283,55,206,125,109,42,357,502,256,195,38,389,392
219,388,152,207,466,161,431,316,109,499,210,181,166,299,413,19,475
0,275,92,377,508,152,266,463,417,20,336,246,318,126,219,74,464
211,396,156,493,210,36,61,309,111,362,439,261,108,158,151,29,11
163,197,60,474,53,407,255,218,440,457,362,508,311,54,469,169,479
368,436,209,178,317,403,391,276,505,151,427,374,471,410,210,217,154
149,26,237,222,287,169,98,199,491,124,276,16,95,110,303,48,425
450,303,210,98,413,463,246,73,109,120,492,57,187,123,398,69,214
210,114,302,265,135,384,3,246,389,334,23,439,211,60,429,193,47
178,261,472,264,110,177,201,325,426,417,482,17,188,140,60,437,131
397,192,35,260,21,344,232,54,322,508,3,219,210,140,325,190,314
134,12,126,287,508,66,309,276,168,470,115,335,194,423,109,55,312
314,35,254,466,305,508,479,98,297,339,331,214,210,75,277,113,176
208,158,470,400,130,302,169,506,384,296,323,236,398,269,333,3,471
426,505,92,258,49,414,483,145,195,498,108,246,334,423,98,26,6
89,435,508,83,374,391,207,220,199,455,311,217,129,285,11,8,501
369,255,504,300,258,303,66,35,120,198,288,16,498,56,37,476,55
60,34,296,269,161,247,508,326,214,210,18,409,436,27,30,190,217
447,1,98,151,500,413,508,502,109,377,128,260,311,477,318,386,412
221,483,179,210,347,35,288,109,83,343,417,214,249,211,13,486,101
179,426,277,381,463,495,206,472,88,415,80,342,139,389,508,180,169
202,428,191,151,414,171,238,278,207,16,55,281,489,185,371,228,158
439,225,290,177,90,115,199,368,241,210,86,395,376,207,254,193,286
502,258,391,508,193,266,491,322,251,45,156,155,214,185,319,95,98
418,318,9,302,183,219,156,163,208,466,276,184,14,457,275,508,130
152,315,238,78,217,210,458,259,105,190,439,489,60,506,3,109,165
371,426,188,367,140,309,7,302,210,431,66,217,494,96,480,246,42
146,149,429,210,19,282,479,292,289,169,470,302,185,391,55,3,96
246,215,178,442,210,508,171,299,244,26,126,62,188,227,317,91,291
395,311,126,210,6,98,251,464,208,174,308,455,169,186,200,342,53
210,238,383,395,193,426,472,49,42,389,367,78,159,384,237,467,332
294,459,129,506,144,470,23,230,126,130,508,325,469,132,218,302,234
286,312,206,507,483,63,34,474,426,371,374,457,69,376,152,395,43
268,42,54,28,152,213,169,209,324,98,426,508,302,136,151,263,106
505,331,145,26,508,133,23,219,18,407,60,131,98,491,317,401,251
94,371,459,152,496,210,179,505,297,403,320,398,404,340,273,276,192
210,240,100,370,476,418,113,308,458,232,400,188,109,151,8,101,200
379,54,101,493,35,232,296,32,231,60,110,144,333,198,508,193,152
190,210,126,246,508,312,144,399,18,470,320,128,423,351,405,316,133
31,413,104,210,161,218,332,334,343,472,505,491,237,211,83,115,71
283,437,424,503,286,383,30,129,440,508,426,214,406,297,251,391,194
158,52,34,192,30,359,42,77,43,118,447,123,58,130,281,49,312
178,70,275,84,359,210,8,232,269,140,266,381,503,211,395,425,175
447,383,357,34,210,187,112,251,151,362,391,482,124,365,508,133,262
302,10,158,61,138,152,98,210,496,381,174,16,213,461,126,297,121
211,151,126,364,88,152,182,280,157,98,298,34,395,286,462,144,311
108,480,417,292,148,60,444,508,334,474,184,377,272,495,456,192,218
211,42,215,395,508,245,389,309,397,476,470,156,291,315,54,112,60
56,210,424,175,288,508,98,102,371,369,115,273,439,367,348,188,329
302,6,210,118,502,158,321,363,266,281,23,326,144,395,295,478,125
468,98,312,121,152,498,109,466,232,294,140,439,432,161,506,453,151
152,398,477,151,470,493,354,210,219,101,13,87,247,266,349,357,211
332,472,194,201,6,99,118,152,317,406,450,248,408,211,166,125,505
3,168,102,20,228,334,391,291,158,425,452,488,447,372,404,358,281
210,367,181,320,12,103,126,508,267,457,122,391,322,332,100,358,468
190,163,395,508,211,133,160,174,13,230,161,42,246,302,442,489,457
211,482,343,262,287,188,391,156,216,432,26,323,416,398,508,182,376
302,325,480,439,357,250,124,258,42,46,113,210,460,354,145,497,166
101,280,324,312,113,333,54,209,222,145,391,126,210,152,37,60,283
480,171,287,239,12,402,333,73,194,152,446,109,312,462,58,406,193
436,154,478,195,426,496,111,62,398,326,412,41,303,152,211,179,199
25,429,248,508,420,234,477,89,21,348,469,226,314,457,28,466,395
406,311,210,506,360,3,316,250,289,504,426,320,254,304,312,36,34
450,273,343,345,508,368,440,151,400,233,432,96,41,245,311,49,471
281,252,209,359,193,470,78,174,504,136,152,340,151,105,445,178,34
219,482,437,182,311,232,68,28,288,447,285,127,371,148,290,256,57
179,152,405,191,315,475,79,219,210,254,274,267,50,158,112,202,109
189,391,49,64,209,158,236,25,392,19,426,437,424,480,460,98,400
288,54,415,376,168,299,463,235,206,456,164,408,391,152,155,245,450
362,341,35,132,387,496,187,95,56,329,434,152,47,248,417,69,151
356,408,152,192,184,359,267,93,461,235,480,36,118,175,276,254,185
400,209,374,308,166,185,447,92,3,75,226,256,214,154,210,443,115
358,223,191,276,179,219,429,434,354,508,489,118,396,314,127,97,60
466,288,477,210,437,51,276,299,491,273,101,39,152,452,60,164,508
275,371,81,237,491,468,35,351,233,176,101,426,265,210,27,494,492
81,141,46,177,188,470,31,95,452,328,21,152,209,425,169,508,431
66,193,439,423,383,341,254,207,211,145,109,100,210,328,18,242,360
276,11,488,237,440,460,395,374,477,188,236,398,429,346,24,355,326
109,206,456,67,190,214,293,508,151,210,479,343,251,34,395,156,447
73,152,42,443,151,127,508,242,12,504,174,426,123,457,260,320,32
470,505,307,219,28,188,41,179,6,160,251,358,155,276,61,508,191
34,422,95,501,462,193,466,122,395,506,326,190,463,168,58,20,480
125,194,444,457,446,352,466,32,196,275,160,152,156,9,328,230,136
195,302,152,321,479,292,246,239,495,309,508,376,400,200,373,50,455
381,96,335,298,26,508,306,48,317,256,316,185,269,391,78,450,254
91,126,439,391,125,151,169,148,508,380,276,325,506,304,182,143,188
270,143,370,152,308,210,106,350,83,14,92,246,127,68,208,313,290
339,508,240,152,62,32,34,42,209,440,364,126,164,109,267,311,140
193,26,210,413,158,226,96,504,151,187,79,230,22,14,113,166,1
508,149,210,391,211,180,395,367,389,232,457,111,73,151,104,17,331
51,168,34,441,395,385,426,24,377,169,371,209,156,276,360,403,148
145,482,508,493,446,232,94,3,214,384,152,60,16,194,408,394,31
302,263,66,362,344,431,193,32,174,226,152,336,440,134,474,508,439
175,62,152,461,32,246,460,281,238,508,505,449,439,74,338,221,25
271,95,55,489,205,508,501,125,311,49,97,32,151,206,133,338,281
154,127,63,395,387,48,325,11,266,246,463,144,66,356,141,50,169
152,447,253,309,416,194,170,211,508,389,463,489,246,38,175,316,378
494,49,292,210,330,83,171,56,110,492,152,40,271,100,440,37,413
125,254,324,60,398,297,229,431,89,347,480,78,443,168,280,210,318
339,188,126,408,108,151,371,333,311,445,355,337,214,96,242,322,482
438,325,198,41,202,374,315,169,426,311,416,215,309,66,186,14,392
417,238,157,398,131,179,185,218,461,57,501,368,479,121,36,476,48
26,494,405,254,218,177,236,127,502,192,391,147,68,503,134,11,23
440,109,344,76,100,468,474,266,169,238,400,467,302,87,99,508,462
391,211,78,132,467,21,180,195,151,88,494,395,438,288,160,359,126
151,254,505,384,36,425,403,96,3,32,451,313,508,397,144,479,298
114,386,508,211,218,371,491,151,311,79,251,359,325,178,281,109,460
346,490,234,508,81,424,162,156,439,210,34,185,67,312,395,311,111
316,449,508,156,447,333,51,21,371,144,470,54,210,224,198,78,192
113,366,152,325,507,381,258,85,131,138,395,432,158,413,273,58,274
298,431,207,442,289,194,51,41,76,156,246,342,3,326,374,152,182
78,174,396,484,106,215,23,185,303,76,458,29,246,348,213,115,210
398,168,127,216,368,498,299,130,370,477,447,48,439,491,377,376,349
25,362,416,445,311,498,503,246,18,505,80,158,408,256,112,434,120
381,343,132,238,240,408,42,210,98,71,508,302,152,82,140,67,109
478,359,366,480,15,304,53,287,35,34,312,194,445,383,168,326,199
508,422,40,332,311,480,244,23,266,41,210,312,450,29,423,375,63
488,12,148,374,194,217,211,180,503,341,395,69,50,245,508,188,238
301,115,348,508,199,169,408,238,358,335,42,361,101,34,445,404,331
390,459,498,329,479,499,188,29,217,26,126,508,278,378,428,209,370
413,57,175,152,87,426,114,100,66,89,220,112,238,278,226,405,181
299,43,413,273,334,218,397,194,169,12,151,86,165,227,455,508,198
366,36,151,206,469,332,183,504,420,98,309,341,191,311,32,127,61
17,408,256,210,373,214,151,226,6,23,427,449,140,489,169,98,481
281,269,291,27,508,215,109,101,198,499,486,138,424,34,199,348,244
47,450,151,506,14,180,395,388,491,381,152,428,439,254,508,51,324
508,182,408,211,317,109,302,457,420,171,502,489,374,497,185,184,417
126,326,23,127,331,96,152,67,246,388,354,156,210,367,265,303,114
362,489,346,498,433,457,216,211,180,342,398,60,218,395,280,152,417
66,257,325,16,254,104,14,151,429,124,480,209,442,503,207,336,424
144,36,194,114,391,366,275,463,65,42,508,457,330,126,226,12,208
497,30,164,349,213,424,45,83,195,210,238,383,110,64,201,40,54
236,155,254,38,231,210,97,162,276,508,60,169,391,506,193,257,449
372,232,136,450,509,406,314,508,371,408,466,482,35,326,125,269,184
36,60,100,124,152,433,164,417,88,508,144,324,457,169,131,408,449
127,318,266,267,115,222,193,502,29,398,111,472,146,508,438,156,54
325,129,486,160,58,27,127,194,273,411,42,196,141,36,254,210,455
98,395,89,381,276,186,374,210,495,90,302,158,41,1,373,387,94
23,101,447,9,504,325,317,221,126,441,277,0,508,302,49,405,476
480,75,219,358,371,457,333,352,35,164,499,193,109,413,370,408,469
190,317,374,409,211,108,326,324,75,505,152,115,62,206,156,508,233
218,326,379,194,21,508,392,315,308,192,371,313,67,459,357,440,134
207,429,210,318,297,219,496,171,92,229,266,95,438,109,152,77,141
236,152,228,375,283,426,156,281,302,479,210,334,60,113,331,433,126
193,224,379,452,297,408,426,238,508,506,8,413,273,405,211,318,505
55,8,171,18,210,268,265,333,180,208,124,351,259,34,254,311,421
269,326,51,179,325,213,426,210,343,392,70,255,64,328,234,188,238
483,232,210,111,479,195,242,105,500,143,311,463,254,152,288,63,35
457,195,302,250,269,427,486,201,102,6,476,408,335,113,462,34,127
457,211,210,144,447,374,491,126,508,387,428,332,246,458,281,157,162
508,480,172,464,371,400,10,219,155,3,230,360,120,498,311,391,231
424,210,391,492,367,245,413,395,17,95,93,477,461,219,29,155,412
276,508,210,70,202,169,331,66,374,422,194,247,441,102,32,506,484
161,217,508,480,110,11,102,210,409,218,303,434,152,177,316,206,452
426,152,3,169,506,151,83,480,359,186,450,461,171,348,14,156,194
151,7,210,69,60,174,356,26,312,103,402,202,212,143,94,506,3
466,35,391,492,68,342,504,381,426,486,479,230,395,302,508,323,169
507,438,18,126,133,175,199,56,434,23,109,269,503,151,371,311,244
254,80,360,335,493,155,468,243,49,328,215,210,171,226,389,491,61
466,21,14,325,460,210,508,290,192,384,129,105,442,381,3,169,95
53,84,217,477,188,61,97,272,126,255,185,95,381,480,58,302,445
39,508,498,113,390,193,67,119,210,457,127,323,34,281,8,254,371
164,434,58,415,155,478,211,468,380,413,210,244,508,283,391,214,373
391,440,93,140,104,459,226,457,431,76,381,346,34,218,158,386,101
301,34,361,132,80,9,136,342,277,506,457,364,395,508,328,152,8
151,229,325,415,248,175,67,169,193,447,171,206,498,208,386,144,75
34,92,197,342,480,152,156,42,83,252,193,292,210,323,158,189,395
194,219,246,169,151,371,437,132,369,345,288,109,64,12,439,334,461
245,174,238,508,83,34,160,349,402,426,460,389,372,373,159,398,193
461,34,477,457,2,395,311,278,60,256,126,231,251,391,284,296,333
285,115,417,310,508,42,432,335,98,198,152,406,174,210,184,434,395
194,211,257,367,508,480,314,180,42,126,167,359,169,476,96,246,449
446,3,110,115,109,342,316,194,439,391,403,411,506,463,129,246,346
317,88,126,389,346,435,269,359,424,92,492,508,115,169,152,158,203
300,156,503,260,389,461,169,8,301,219,467,218,179,60,395,434,151
391,65,359,508,177,256,59,302,126,64,57,132,26,94,122,107,152
193,331,332,328,434,198,109,33,333,295,267,156,457,10,157,126,21
102,180,302,222,482,163,154,359,81,268,226,16,65,464,383,408,470
120,4,246,125,98,145,405,3,251,184,269,361,239,34,171,377,141
508,194,293,192,152,322,284,101,379,306,170,231,136,245,168,39,54
299,115,175,439,286,94,395,508,241,151,450,98,226,127,246,326,345
109,472,42,171,224,86,169,78,60,364,22,480,132,181,391,344,439
317,381,466,463,117,448,471,395,458,440,283,79,159,418,3,287,408
408,398,197,152,290,115,92,508,413,41,168,499,89,219,35,37,230
198,508,332,210,217,120,156,169,377,399,8,429,129,360,256,412,476
408,226,322,210,236,152,330,149,437,445,102,501,481,381,343,468,93
48,371,383,349,109,457,60,274,266,170,174,123,251,180,508,387,166
508,376,120,351,210,184,396,461,426,41,371,113,122,168,77,152,46
250,194,410,364,145,508,389,19,89,151,373,496,140,401,413,269,361
508,210,151,152,98,47,54,184,129,87,49,330,188,219,432,112,468
373,508,507,454,324,358,426,311,209,342,466,332,403,185,422,191,238
474,356,280,51,56,118,158,420,83,154,231,429,219,67,424,6,175
440,23,194,500,349,463,483,154,294,301,211,63,323,417,289,480,126
42,433,499,344,501,57,470,479,186,391,334,152,101,109,354,92,359
126,381,338,288,185,285,446,74,403,224,210,508,273,213,276,60,426
41,324,167,460,156,508,174,269,209,177,417,391,303,275,263,426,29
508,62,210,479,354,211,496,95,224,102,323,151,383,434,399,470,400
256,359,180,470,508,199,254,113,378,80,116,308,476,323,250,192,339
508,211,124,391,504,49,312,151,311,221,219,103,462,152,457,77,328
273,295,196,297,102,98,220,508,287,431,114,133,208,194,500,3,109
60,97,206,63,141,320,222,463,126,145,308,486,118,373,246,151,243
182,508,67,477,298,379,148,106,35,357,175,470,60,124,315,377,457
151,371,265,127,384,144,255,175,155,211,454,207,94,213,222,35,98
96,238,53,506,255,439,391,395,340,87,397,371,126,330,152,414,127
1,112,480,455,383,464,45,508,113,12,111,8,129,229,274,506,251
408,47,141,413,469,35,92,174,194,123,299,470,266,508,284,497,480
281,174,508,90,411,492,476,187,24,240,126,42,92,461,395,105,472
199,3,167,408,210,288,49,214,47,385,395,19,326,17,311,340,248
384,248,211,245,391,169,423,157,276,508,316,46,401,130,111,312,494
152,303,466,359,226,240,170,508,194,476,325,291,316,506,46,489,504
71,237,232,98,34,122,450,283,307,152,209,504,8,63,359,21,405
339,36,354,334,156,88,117,98,508,439,384,210,60,417,108,412,247
159,439,238,508,156,286,232,169,353,480,210,209,245,395,475,271,66
456,136,188,25,463,294,109,276,190,217,107,147,108,53,504,491,324
41,133,174,312,412,152,258,475,169,384,187,466,26,188,506,209,381
441,399,257,91,175,359,478,280,186,93,74,374,417,169,69,192,246
3,320,183,144,322,490,254,426,407,110,207,79,157,328,143,63,42
470,61,151,120,130,468,277,69,203,506,372,371,461,184,133,14,508
338,98,408,168,336,3,199,346,506,224,476,254,502,232,236,477,269
152,159,226,202,480,381,34,434,26,330,120,188,66,505,12,390,367
426,435,368,440,441,408,151,401,120,268,211,2,318,299,41,395,84
179,281,367,480,210,34,302,207,508,471,428,332,493,42,426,304,472
288,127,398,120,477,395,169,232,328,378,508,151,391,236,464,417,434
333,208,3,140,366,210,414,450,83,69,41,102,60,120,136,98,500
311,309,508,123,98,463,188,348,457,79,362,265,276,367,177,62,340
389,445,210,508,124,95,169,368,214,25,400,211,20,51,94,348,188
491,331,371,141,213,328,83,109,60,245,210,26,203,391,317,397,11
169,151,360,342,457,395,260,398,199,336,154,98,140,210,490,455,468
391,139,173,46,488,505,152,354,408,209,177,467,109,181,357,400,333
338,206,508,359,372,144,213,113,209,102,192,43,152,336,158,457,179
91,383,508,444,470,494,209,148,162,140,131,395,34,463,391,219,179
484,381,198,408,333,210,247,159,298,475,97,144,322,508,83,151,77
67,335,480,483,132,455,32,156,498,77,108,74,169,55,207,98,125
210,508,246,461,281,134,490,470,112,381,152,1,81,459,35,169,479
248,330,152,175,210,60,148,190,140,29,468,230,77,408,391,348,470
66,239,417,63,83,269,312,30,210,113,281,273,55,115,179,439,174
203,439,158,310,46,8,275,194,391,508,302,238,440,317,355,119,426
508,246,226,144,347,430,159,459,26,89,398,443,344,414,154,211,454
156,55,506,466,7,414,152,266,168,429,165,75,193,504,210,381,114
251,469,507,333,437,468,210,342,164,408,175,462,130,392,377,55,113
457,230,197,63,334,196,354,313,382,188,508,356,210,281,311,220,499
487,46,395,194,101,507,171,396,152,434,140,326,151,177,379,47,210
255,113,95,172,231,276,508,152,269,238,58,455,75,351,34,14,144
359,254,14,161,152,211,391,212,278,474,392,506,29,309,188,316,374
246,163,408,328,127,226,261,73,157,412,42,1,359,398,66,499,84
424,401,55,115,328,342,270,75,391,413,89,374,20,210,359,127,472
245,344,479,281,285,114,52,311,466,508,210,306,337,34,35,236,383
219,263,61,160,194,208,127,439,326,376,498,466,434,374,464,221,42
251,42,211,440,56,140,24,364,224,381,335,226,91,183,469,184,479
269,366,359,83,36,460,450,210,354,377,407,428,447,504,391,95,494
99,395,173,449,381,326,480,359,297,210,233,322,342,18,107,314,92
126,302,18,181,504,211,139,70,254,210,152,285,160,469,133,187,508
66,247,312,19,457,395,100,433,302,15,468,126,152,332,314,383,158
167,508,342,237,185,500,35,91,311,244,276,406,441,281,130,493,232
210,395,311,480,152,34,501,497,491,492,184,254,246,135,214,374,286
439,151,156,454,271,370,211,494,210,398,193,127,311,131,182,20,508
508,156,403,126,193,248,13,0,409,396,201,431,34,504,408,226,109
151,421,10,62,492,482,166,439,15,424,66,269,79,335,63,194,211
395,297,28,50,152,159,401,201,508,19,83,154,98,504,37,213,174
3,439,276,95,467,356,169,83,279,236,11,477,317,348,504,196,34
151,187,1,214,169,508,389,77,124,253,288,188,287,226,123,268,281
169,463,35,364,156,356,446,211,326,141,494,472,483,302,89,278,300
371,378,210,113,111,381,286,498,70,219,166,291,207,152,98,335,384
205,291,325,367,256,213,281,451,508,210,54,313,269,366,125,16,201
269,210,152,410,188,250,494,496,174,32,46,338,88,477,38,442,230
66,126,206,508,115,420,151,383,219,457,69,23,498,391,314,371,169
504,256,384,211,76,479,102,334,494,264,278,3,77,55,218,434,202
152,87,292,301,357,187,169,478,480,496,14,395,346,16,295,374,156
166,12,398,408,180,49,185,335,417,381,503,126,484,270,312,96,98
183,84,210,256,417,399,25,402,126,342,332,105,169,80,368,232,302
208,493,11,199,18,439,453,193,395,457,173,156,375,149,200,287,41
224,54,210,89,179,211,161,342,391,115,111,333,219,325,477,345,416
9,504,498,98,110,63,490,60,152,408,232,111,61,342,168,313,502
16,262,404,158,214,331,60,439,492,387,508,488,254,26,1,292,486
28,194,78,450,269,121,467,152,481,199,22,315,408,383,41,277,311
133,371,201,152,302,422,446,113,293,243,377,169,92,504,423,251,111
508,491,54,246,357,103,154,252,25,323,254,313,115,389,55,470,101
113,267,439,429,317,462,395,506,129,418,457,210,244,126,445,69,434
98,402,397,169,175,391,210,60,109,482,140,490,113,430,311,276,258
168,480,210,125,396,95,139,152,106,251,351,162,325,114,26,503,506
192,439,497,385,431,351,395,508,227,140,420,275,245,208,89,334,368
503,214,121,395,152,195,218,61,374,360,81,480,318,335,10,242,151
69,134,484,194,12,113,447,199,127,60,483,112,508,422,144,504,306
301,371,404,276,497,254,54,156,426,383,401,155,66,43,65,22,34
332,216,156,35,338,463,437,362,201,90,302,343,192,456,66,127,144
152,381,158,174,306,146,445,140,412,74,244,491,316,458,77,271,213
490,183,192,210,479,342,42,66,429,289,175,151,134,152,458,255,311
