192,210,480,48,42,211,206,179,468,361,491,432,151,378,375,175,297,477,3,367,386,152,156,275
201,331,182,373,302,508,472,125,437,210,175,303,115,469,480,149,157,395,372,156,82,332,398,140
417,311,461,508,33,371,51,381,268,226,140,129,379,238,482,62,494,386,173,364,349,391,333,127
507,398,83,420,302,497,45,26,415,299,209,508,64,195,447,392,503,238,236,54,151,99,395,286
508,342,211,198,450,256,307,156,26,140,169,51,18,477,294,210,188,1,43,374,348,139,316,152
381,399,246,424,466,126,300,156,299,508,404,120,188,462,66,54,234,76,374,179,315,331,26,308
89,60,210,26,237,211,374,416,91,402,334,328,311,144,207,188,447,126,86,151,134,3,483,468
14,79,440,242,342,446,442,297,199,174,194,132,417,201,298,173,402,217,230,149,339,316,166,151
11,254,373,457,114,475,438,70,498,29,408,214,508,464,175,169,98,219,55,426,140,73,152,487
120,437,110,209,151,494,427,51,243,175,287,210,87,480,266,491,325,180,249,61,395,379,374,201
27,207,508,447,489,53,428,345,155,301,200,436,391,191,502,156,8,79,475,219,236,98,20,460
186,128,143,320,497,508,133,299,374,475,364,192,348,247,11,274,210,422,152,502,491,95,157,282
266,9,169,508,423,83,154,67,276,281,438,97,375,244,502,84,14,180,213,466,344,337,236,231
395,374,46,230,138,211,371,508,471,47,370,13,69,440,472,246,306,297,405,502,283,236,133,289
170,329,183,23,328,281,206,505,133,325,508,210,374,451,215,462,178,168,5,420,219,387,114,157
365,152,283,158,159,56,22,8,232,326,202,123,311,112,228,83,169,96,246,78,508,210,468,207
210,280,55,99,379,79,508,12,403,187,409,123,83,359,18,211,193,483,471,157,291,63,148,276
199,508,391,115,395,175,400,152,470,502,210,398,185,315,316,144,407,75,24,80,7,32,364,375
391,34,472,127,489,335,210,200,130,438,103,126,508,302,109,111,383,260,224,254,276,256,219,447
54,379,152,169,180,256,498,508,155,126,98,389,195,335,100,21,188,251,55,26,9,84,246,27
314,113,162,35,297,95,97,145,508,362,115,356,26,152,55,192,42,257,151,273,408,70,238,357
314,347,216,200,170,156,408,194,124,395,439,334,433,188,281,316,475,151,401,373,476,25,359,244
396,87,222,77,508,32,269,255,210,432,52,332,35,448,228,211,58,189,337,7,496,482,98,381
23,287,199,288,210,152,157,482,309,48,480,408,188,496,381,194,6,168,476,179,447,464,158,400
374,281,508,312,205,1,125,151,470,126,56,34,199,302,435,155,441,60,246,23,504,371,456,96
408,388,419,248,108,66,9,395,23,69,228,103,151,508,210,26,367,372,255,457,298,79,315,184
314,196,302,278,281,415,222,324,374,508,198,483,238,248,47,303,14,341,63,134,256,143,109,48
344,383,152,459,179,501,398,508,157,92,100,440,144,414,376,489,210,359,78,335,125,457,462,132
352,503,106,261,69,34,281,316,80,466,127,295,276,497,121,318,152,308,89,469,156,151,493,14
395,42,417,37,152,226,115,54,164,380,130,396,110,501,43,449,466,246,56,211,268,34,508,95
504,129,252,434,69,206,61,302,202,298,39,182,281,508,311,254,325,34,497,194,187,366,408,175
334,226,392,3,302,238,491,476,12,276,257,60,470,508,224,140,96,90,152,210,311,331,211,425
398,457,508,152,182,17,281,429,384,359,110,219,258,318,503,112,83,244,98,41,322,395,133,1
430,499,193,224,70,470,328,386,168,79,152,35,151,194,269,311,125,325,54,282,41,489,317,34
89,315,268,53,331,82,455,101,506,325,152,109,437,283,476,170,215,363,236,192,297,133,238,140
440,467,125,3,175,231,174,210,141,508,332,356,20,122,194,21,439,366,335,457,374,347,452,120
489,55,152,357,287,210,34,508,374,464,266,325,43,269,50,41,126,451,432,60,179,109,263,267
391,449,60,348,416,39,342,225,383,245,84,145,210,163,127,3,113,302,339,305,369,136,171,479
105,174,329,152,435,374,234,75,168,399,254,42,408,504,200,376,169,421,126,383,240,136,179,33
167,55,186,480,208,508,443,368,104,83,128,145,484,199,312,281,99,491,198,129,340,417,126,246
266,360,225,222,471,232,299,85,34,357,152,164,151,25,326,504,433,138,144,29,480,336,464,126
50,371,447,224,449,508,211,210,41,35,256,288,206,254,429,113,450,194,169,330,81,328,54,179
461,341,445,133,508,181,227,326,53,169,14,74,376,243,340,60,41,458,66,155,62,281,381,429
186,138,164,508,263,83,152,10,269,151,23,207,394,434,91,193,322,311,407,26,34,351,491,448
51,164,60,27,233,175,19,406,26,222,208,140,214,223,290,297,325,505,169,396,210,447,426,311
123,110,395,349,169,26,256,474,160,269,51,372,338,152,254,281,217,211,426,438,408,101,276,34
154,471,311,57,14,73,29,170,35,417,506,254,246,326,362,31,452,109,457,166,469,433,508,96
449,151,54,127,254,109,373,37,166,25,248,281,416,491,283,36,332,383,356,15,26,124,30,398
26,92,98,439,193,60,182,194,466,391,489,69,427,395,111,101,254,475,506,392,284,373,34,236
483,508,360,98,115,152,66,246,216,383,238,67,51,274,232,439,454,219,276,337,480,113,379,269
66,476,506,127,168,83,111,114,418,383,413,175,209,281,315,251,124,341,263,210,120,318,364,395
169,286,140,98,246,263,441,94,471,377,236,191,265,75,152,232,374,184,226,466,326,211,499,62
65,251,357,395,210,504,462,293,173,32,240,428,78,1,329,208,388,494,466,199,380,371,335,217
457,439,426,466,110,281,494,391,359,135,145,26,269,440,420,65,508,118,169,270,125,215,89,41
152,115,483,395,413,210,508,452,383,353,274,41,267,182,89,332,251,81,128,228,326,183,178,401
281,441,366,288,41,176,14,460,508,314,210,135,228,345,274,160,342,400,273,164,254,0,185,480
434,18,214,383,299,219,396,371,193,286,457,98,266,330,397,152,374,178,22,387,276,359,254,311
130,47,227,180,434,106,23,158,152,452,269,210,73,468,290,508,51,349,470,256,432,482,450,242
309,47,387,459,224,190,373,348,264,120,331,151,129,210,450,419,491,463,175,238,359,208,152,60
358,480,276,66,152,304,508,60,158,101,210,395,109,291,74,241,187,193,351,91,417,323,434,503
470,67,194,433,469,424,381,152,138,188,54,73,408,159,359,192,66,50,232,398,426,480,19,178
188,152,210,192,370,202,286,325,497,374,439,138,507,173,421,231,395,216,440,90,466,409,175,381
508,342,31,462,62,0,417,64,199,383,106,504,42,51,210,391,194,295,145,175,133,96,197,54
347,124,459,417,267,359,210,111,145,140,371,199,493,208,508,127,22,325,311,255,302,152,195,206
371,288,246,469,384,216,440,17,169,210,373,224,492,292,98,508,256,177,394,121,309,151,489,244
112,332,126,508,8,476,151,211,444,34,231,129,156,276,230,42,352,188,469,91,199,406,54,267
293,395,254,92,71,374,213,383,170,346,288,381,480,11,491,140,131,434,231,152,246,447,303,448
311,169,381,92,77,437,152,284,12,211,80,307,432,271,192,349,482,254,315,126,101,466,241,155
197,101,442,158,450,457,286,179,374,356,470,223,329,8,231,51,508,322,112,246,140,167,428,47
102,302,168,508,311,17,210,179,154,303,49,374,109,4,344,381,339,309,366,133,277,221,0,391
3,416,42,337,508,333,49,158,261,152,491,209,310,151,482,248,56,160,474,65,407,109,210,224
466,480,206,302,88,470,229,445,121,508,441,471,381,134,384,169,208,328,311,76,55,224,269,168
462,392,442,51,194,302,90,455,467,0,457,309,151,424,161,223,238,10,144,491,312,42,408,260
110,79,187,330,198,60,210,454,423,302,464,500,374,168,139,140,409,465,447,34,398,489,214,232
211,98,391,331,297,491,287,26,195,55,299,285,463,417,198,188,508,101,506,136,169,432,149,209
508,89,42,287,211,177,130,333,232,476,374,475,459,408,171,191,133,243,386,79,3,466,381,262
310,107,60,210,201,211,311,152,508,408,338,469,477,438,391,233,260,433,195,425,111,89,276,325
36,298,381,54,87,508,199,377,234,311,83,347,64,411,120,121,489,102,423,369,92,503,498,244
11,63,41,417,273,445,194,109,129,398,81,158,201,196,336,46,165,272,234,343,169,84,236,49
169,294,508,19,42,383,478,109,371,480,416,366,302,102,276,372,391,254,81,479,337,60,70,12
170,457,111,418,127,261,54,109,152,154,77,151,343,316,244,8,104,424,508,273,242,12,433,467
214,421,152,446,391,276,287,245,54,376,395,426,185,302,148,23,83,26,359,186,238,156,374,502
31,77,457,302,210,152,452,506,508,335,439,374,256,498,316,247,175,126,433,90,198,23,118,431
34,374,432,219,183,417,210,184,464,286,126,246,457,317,188,395,315,8,344,71,443,128,151,313
508,347,248,21,34,67,201,443,103,404,304,169,505,424,483,474,367,381,152,469,506,179,206,426
168,374,232,311,370,210,276,137,152,87,126,185,99,508,466,356,144,98,119,506,135,333,164,476
318,190,145,381,508,188,310,408,210,136,49,195,151,27,222,284,47,480,54,504,333,211,50,395
144,379,216,152,503,98,123,158,60,374,245,508,352,41,42,482,326,113,303,192,115,373,238,450
40,323,377,298,128,41,151,168,66,29,299,250,430,495,131,508,244,232,21,461,464,475,384,69
395,490,494,492,508,177,302,279,419,169,105,163,467,246,381,211,388,434,228,152,42,352,402,248
7,36,132,168,199,134,411,60,98,192,389,268,6,509,133,215,486,210,145,334,226,156,330,461
379,152,468,508,156,480,496,459,218,268,351,357,248,100,414,434,129,127,386,229,290,260,466,214
494,168,291,490,12,170,408,440,199,179,92,343,391,230,61,269,486,191,210,25,398,354,439,499
152,439,225,258,23,372,374,414,158,230,219,474,302,370,434,35,151,318,209,87,328,508,34,493
381,310,201,229,175,380,502,16,311,39,188,389,169,109,391,223,152,379,34,277,156,206,215,371
508,411,395,254,207,229,468,151,302,507,186,39,269,83,258,47,324,210,280,273,263,426,275,417
50,151,49,426,165,152,307,47,344,311,202,113,90,3,391,290,65,508,316,127,244,201,28,270
235,143,152,49,113,311,508,343,326,281,109,35,273,126,447,276,206,223,238,101,244,246,149,198
408,92,210,392,508,103,325,293,506,109,434,470,326,450,331,460,457,449,136,104,300,126,367,147
281,152,136,56,258,439,251,413,210,329,508,269,79,132,499,275,356,403,480,457,29,395,417,109
43,22,120,83,210,174,2,42,208,303,362,275,323,508,49,447,56,118,97,88,495,245,73,415
151,286,210,396,69,283,231,34,180,502,404,125,273,219,432,174,343,245,246,90,464,463,127,199
208,227,458,453,386,88,62,502,152,91,275,25,34,233,98,154,210,108,432,221,20,331,87,381
120,215,184,281,303,210,463,115,151,152,36,67,358,360,451,337,146,98,480,508,77,55,311,413
508,251,349,236,279,113,152,191,416,235,210,300,22,394,127,389,334,49,381,151,12,34,102,17
28,40,362,374,135,236,205,20,47,26,226,470,210,233,54,1,92,474,232,508,143,299,273,328
298,395,188,36,170,504,60,325,206,414,260,121,109,462,438,9,106,366,126,3,267,122,173,316
384,274,246,111,302,158,81,361,493,188,330,169,332,24,398,108,1,113,471,426,459,478,31,127
494,152,311,190,336,365,306,457,186,302,286,468,352,153,126,381,107,469,166,46,395,130,109,477
325,455,462,160,179,126,98,118,381,438,108,182,266,459,427,246,424,79,90,185,269,63,156,170
251,104,391,333,450,387,61,101,200,183,152,26,42,266,504,508,332,156,321,374,126,490,216,268
18,339,419,374,213,488,152,270,210,49,54,325,154,109,468,190,395,254,508,104,219,26,311,110
325,307,269,426,151,74,144,244,232,211,40,29,496,206,185,302,290,372,143,252,210,149,487,173
335,311,474,508,366,408,26,371,6,220,228,210,145,42,194,333,192,208,238,94,469,151,440,269
34,508,413,114,464,377,47,342,238,506,311,169,11,424,341,245,184,219,100,3,442,102,247,489
3,210,101,170,288,506,97,236,164,290,425,298,395,194,426,66,433,151,109,276,208,100,199,112
497,143,356,459,133,210,126,105,60,76,343,127,371,119,332,180,66,238,508,368,236,242,211,25
346,192,508,14,3,161,316,322,78,35,10,445,381,323,312,302,416,294,268,494,498,99,466,120
325,468,235,24,438,482,302,429,381,316,274,362,480,396,221,190,294,227,70,310,256,373,211,318
371,463,207,278,117,185,267,236,359,244,504,130,46,314,167,252,110,20,129,202,286,97,121,507
152,440,502,495,436,508,151,113,90,62,408,98,483,391,389,187,244,218,126,104,18,211,339,47
269,318,461,348,476,508,463,351,238,193,417,41,426,408,389,83,349,34,343,211,355,244,10,313
152,226,209,414,18,258,111,41,408,246,416,63,506,367,288,242,413,480,269,231,437,82,369,305
4,218,115,60,34,316,210,371,435,500,151,450,311,446,302,468,367,117,211,254,325,269,390,352
416,508,26,8,81,207,115,169,12,502,413,158,130,405,127,109,6,210,370,424,332,425,310,438
14,360,325,156,212,277,457,198,39,151,41,269,158,508,302,404,113,418,281,214,408,152,106,34
156,360,169,115,19,60,476,41,302,98,236,220,164,126,463,56,66,114,84,39,210,483,175,497
311,42,125,254,194,281,508,417,326,443,471,350,211,26,88,349,336,141,458,66,151,100,286,228
98,36,381,359,6,96,115,395,467,332,12,253,154,51,408,389,468,3,463,186,318,110,411,210
141,337,321,232,344,129,85,169,431,46,288,211,223,144,364,113,182,439,410,234,387,73,192,304
164,290,112,229,168,209,468,381,62,441,35,51,255,246,210,276,470,120,111,176,425,426,398,309
395,474,407,12,210,281,42,66,63,293,194,335,443,508,152,109,506,98,439,77,3,503,430,14
210,216,281,276,158,437,152,455,504,218,209,479,443,62,162,50,151,127,359,302,34,154,348,12
426,508,207,127,205,102,392,407,115,97,6,387,3,210,263,186,302,194,466,256,271,471,34,152
210,8,1,374,24,383,480,293,386,245,407,145,504,302,451,267,218,192,95,498,456,460,373,371
188,301,211,302,236,494,219,328,43,311,504,281,286,254,11,55,468,508,298,218,433,292,417,345
342,254,398,109,463,413,152,17,298,359,470,432,312,309,110,232,311,14,476,64,9,88,6,57
346,214,215,127,76,131,115,188,376,342,186,5,180,70,34,25,232,193,113,35,210,111,508,209
415,472,254,466,506,113,408,179,430,276,168,98,474,359,348,346,4,374,127,26,208,508,462,70
505,21,254,219,238,268,408,392,430,236,422,448,208,480,138,97,113,194,18,262,151,457,152,445
186,208,256,316,246,266,213,372,317,383,276,147,210,358,508,331,439,199,298,260,351,294,506,152
266,51,199,3,373,109,323,508,54,130,12,334,479,6,361,66,417,210,349,254,503,83,302,247
53,194,210,140,128,397,211,26,154,278,8,366,443,83,381,227,335,61,325,359,113,246,371,55
390,381,126,110,457,210,431,389,224,391,57,175,262,371,131,311,42,25,238,408,508,255,336,204
280,226,498,360,299,3,508,323,482,25,113,221,411,12,425,169,40,307,42,144,432,245,57,392
499,298,70,171,322,114,158,448,102,508,109,381,479,152,470,193,38,391,463,354,42,427,373,136
480,354,246,483,445,286,151,290,443,127,152,222,506,383,359,375,136,373,447,254,379,395,225,26
493,314,369,14,287,491,151,138,60,80,165,113,140,323,89,67,457,93,383,32,51,297,210,171
508,152,395,240,184,164,56,431,158,61,105,232,421,396,192,457,169,210,343,398,281,303,211,245
1,125,155,120,508,283,238,210,170,398,51,164,470,326,349,469,318,140,431,14,401,442,168,467
403,359,254,322,207,462,324,508,104,214,152,499,194,461,367,258,215,357,210,417,297,182,360,69
51,3,286,152,122,127,206,111,246,173,386,254,114,156,168,193,476,469,367,58,210,180,41,316
508,373,180,311,207,9,325,381,96,480,69,498,90,362,273,395,144,484,246,3,268,95,467,210
294,334,151,92,43,502,428,460,402,326,287,323,194,208,206,476,313,317,449,4,157,16,36,374
316,59,402,9,383,63,470,389,211,210,127,246,326,342,376,450,219,303,213,347,114,143,16,247
62,314,218,159,152,233,462,508,210,146,373,40,395,391,180,470,70,238,471,91,246,168,166,427
416,149,508,457,201,432,141,127,413,387,480,268,152,330,428,144,125,198,341,174,184,28,219,379
292,300,219,479,318,505,238,466,359,502,152,367,42,330,451,155,339,260,470,326,335,26,373,130
3,77,51,120,152,459,312,288,300,151,256,104,254,506,278,210,494,497,437,83,161,275,508,439
120,164,508,454,212,158,459,170,476,487,417,398,391,257,416,174,151,152,65,35,389,157,171,410
264,508,345,326,95,255,174,83,164,439,50,238,210,145,201,54,173,42,155,497,499,388,283,347
337,188,508,154,232,210,32,424,468,475,60,396,413,109,144,455,251,478,466,69,194,11,480,34
211,104,391,184,387,170,418,159,199,283,127,188,100,209,333,193,344,152,366,6,426,276,201,98
127,95,362,210,351,326,328,108,457,186,136,101,196,497,143,66,151,501,185,426,381,138,60,28
425,439,133,331,214,441,156,81,454,508,281,98,12,309,484,127,194,280,501,283,269,65,169,188
424,423,357,149,254,188,126,151,268,166,325,202,156,70,497,98,214,195,20,364,40,73,385,133
408,276,83,381,131,152,272,342,316,508,440,26,156,246,317,164,34,303,91,373,96,432,140,372
408,169,411,421,129,293,92,387,67,398,245,151,246,302,381,158,359,77,461,210,217,106,457,254
212,269,422,470,19,508,366,463,233,41,160,169,498,92,480,502,314,208,302,8,154,109,211,102
282,442,91,211,238,214,21,63,263,128,201,188,140,183,8,408,508,405,480,208,479,299,61,26
381,211,269,445,232,199,374,459,186,168,325,26,326,74,64,457,367,416,31,460,238,398,51,36
437,246,335,376,398,215,243,480,306,171,389,241,360,245,414,133,109,455,3,501,8,341,81,144
372,506,34,36,508,359,308,180,160,273,463,439,368,254,274,191,239,395,269,169,290,502,311,310
94,140,246,106,314,464,480,129,447,335,444,309,21,359,210,297,102,29,348,38,109,93,508,151
500,151,506,19,371,311,476,210,445,34,374,143,173,480,100,508,274,451,477,95,457,489,254,395
420,480,508,450,424,395,375,328,341,151,248,38,31,186,374,506,378,246,472,221,58,357,309,281
245,194,254,171,387,457,381,156,446,289,391,377,56,349,217,115,420,109,437,434,127,39,130,104
326,298,281,506,160,127,74,148,395,152,105,41,102,495,333,508,209,509,3,115,151,224,405,502
151,1,210,96,431,214,408,20,316,188,143,152,471,482,342,147,298,358,441,62,73,371,133,311
344,200,155,335,169,6,478,39,311,221,376,395,193,35,53,101,13,309,98,3,483,278,16,405
168,315,477,6,392,316,153,499,302,494,112,348,15,80,508,376,267,389,51,408,214,381,453,274
267,379,479,269,381,109,25,504,398,67,408,399,192,474,353,259,201,152,276,354,158,281,506,210
362,357,384,29,408,463,192,193,292,120,325,503,108,332,211,367,148,297,358,422,6,508,404,268
46,26,316,12,508,426,77,374,152,481,311,439,36,378,109,20,96,3,233,115,80,151,129,402
508,439,3,34,254,217,329,152,194,341,371,426,42,407,384,8,377,211,232,210,136,412,501,480
112,502,496,198,152,4,395,287,260,448,251,484,457,309,131,498,445,156,232,179,130,209,8,41
457,64,105,480,80,273,304,17,358,169,357,89,36,180,403,379,269,236,302,333,508,88,271,395
140,335,391,271,142,413,138,218,324,452,373,152,439,490,188,185,26,344,210,166,42,443,208,120
151,452,83,179,34,381,251,65,326,81,17,468,209,401,276,127,141,210,457,371,299,507,349,53
394,212,239,389,269,152,98,23,158,151,214,323,160,244,494,273,127,89,480,268,132,156,508,148
327,333,314,109,337,219,233,26,479,508,452,439,360,216,70,362,426,166,167,286,475,152,87,376
151,468,242,297,68,141,288,276,280,315,67,98,448,287,490,180,10,367,475,357,152,275,148,462
472,49,152,371,83,144,470,417,34,306,29,98,23,202,439,118,395,168,444,60,69,379,288,188
35,83,164,138,60,210,59,154,426,206,333,194,340,508,462,50,503,341,93,42,439,298,248,144
402,452,34,389,460,373,246,152,135,199,309,457,395,334,55,71,374,408,203,57,303,118,354,382
246,281,174,386,212,4,162,210,14,312,258,51,192,41,508,371,391,361,395,109,245,280,151,230
346,302,30,238,3,341,208,154,254,413,406,508,403,61,119,169,210,450,87,188,241,453,17,398
359,179,210,105,14,506,109,70,260,374,417,198,36,269,376,232,244,504,83,154,356,391,434,435
193,342,294,328,508,158,102,216,493,359,23,194,17,395,244,330,309,246,256,206,347,151,208,41
395,276,263,152,179,209,506,343,416,34,168,449,54,210,27,123,321,133,98,285,381,57,169,155
221,214,210,346,289,97,296,487,506,9,484,495,4,190,179,126,196,159,218,380,455,12,246,226
194,9,210,73,143,303,60,506,209,452,67,395,480,122,281,357,100,389,426,132,140,311,359,10
457,482,102,427,508,35,10,433,135,0,246,209,152,230,90,398,232,8,236,502,305,408,151,262
351,477,118,236,47,469,508,126,216,404,60,158,273,190,95,332,357,374,194,504,501,94,395,179
168,359,156,311,158,100,399,469,11,303,472,447,96,427,151,344,503,40,113,192,484,203,126,508
42,325,479,504,347,12,342,152,417,465,199,123,500,426,288,346,353,47,194,405,475,508,159,22
42,115,391,210,477,169,228,395,193,359,276,508,441,344,431,171,450,246,293,66,152,357,41,96
154,466,145,82,479,64,356,439,409,151,235,247,68,294,152,311,269,309,475,482,40,366,224,16
420,196,102,38,442,508,251,415,314,108,383,88,439,303,151,210,185,422,434,316,281,424,140,47
508,210,111,316,258,273,75,180,152,342,347,415,84,295,66,361,176,323,356,126,482,177,120,85
466,173,53,180,417,494,302,160,95,234,398,469,113,457,508,92,250,175,480,349,458,51,141,13
248,496,175,311,303,93,302,83,452,98,508,210,391,235,333,359,109,381,22,211,63,60,26,13
483,40,139,314,289,163,405,480,420,47,154,109,416,211,312,210,179,374,80,498,152,14,271,151
330,508,408,62,378,37,69,152,375,10,311,362,208,188,249,251,182,347,151,60,417,159,342,480
169,502,29,198,361,373,236,25,466,195,49,291,168,434,193,252,188,381,18,408,322,237,51,359
439,508,104,237,133,60,331,367,232,373,449,370,151,401,475,415,254,506,42,429,381,383,299,281
211,482,182,415,151,236,210,327,79,110,123,140,318,172,197,132,56,198,395,192,155,503,440,188
29,506,210,56,211,302,342,508,187,370,151,222,36,501,254,288,178,434,395,408,53,193,155,251
237,435,140,338,491,243,374,258,156,388,50,397,280,151,155,496,408,302,308,45,508,42,413,389
26,177,463,283,191,200,298,23,197,28,179,498,494,402,333,480,384,34,163,76,69,254,336,246
332,439,508,325,109,158,66,127,335,484,491,60,340,391,290,148,286,184,359,294,197,281,235,152
416,505,251,276,157,506,461,377,193,42,36,351,383,28,229,407,80,236,322,115,293,246,415,96
132,211,112,151,439,235,404,312,508,234,356,344,506,104,273,152,485,87,360,333,311,398,245,109
419,98,226,426,175,28,323,145,240,508,381,234,301,481,210,336,506,437,65,484,61,497,151,144
137,173,246,312,439,276,367,259,311,503,370,351,152,166,151,14,188,30,342,504,34,508,426,211
210,395,153,115,450,269,371,343,65,362,466,251,204,346,470,42,124,268,377,281,109,443,66,378
224,210,278,220,413,346,156,211,190,281,151,42,501,297,115,187,362,170,311,201,34,127,424,388
504,506,436,287,54,210,479,175,429,60,225,395,164,111,302,53,246,207,171,83,313,503,40,211
470,74,342,208,70,17,292,309,125,3,141,37,157,476,269,109,343,508,464,480,152,404,484,60
152,105,210,371,148,169,3,75,186,67,441,314,34,189,410,138,330,299,352,418,391,504,300,95
36,466,402,199,444,502,15,232,41,34,311,413,67,491,69,332,280,398,151,246,302,421,188,324
152,42,271,504,333,221,391,377,395,169,109,463,470,402,211,193,498,457,208,288,508,311,405,110
471,210,188,31,213,468,169,277,470,395,299,152,302,46,460,333,170,40,317,436,18,179,258,445
67,151,211,477,491,450,311,371,331,508,109,128,402,226,290,131,15,127,61,168,475,42,208,435
113,228,286,151,355,303,480,455,381,34,230,474,317,481,311,92,105,278,42,505,336,152,360,173
508,477,179,82,60,92,506,210,152,281,418,25,374,132,42,126,207,232,10,76,19,174,426,180
255,156,409,42,303,335,480,127,213,130,476,49,60,294,364,453,152,477,262,395,439,33,452,29
448,410,120,285,109,151,304,219,420,431,269,508,374,210,228,467,435,426,123,277,179,502,175,9
14,211,298,60,184,92,464,54,219,245,42,337,360,413,352,508,309,376,400,439,230,395,251,408
308,506,100,109,153,457,88,333,251,508,205,398,222,426,30,292,152,42,151,377,126,476,463,23
508,256,395,254,195,60,302,313,352,18,469,42,266,174,210,156,152,391,282,169,497,246,95,493
508,410,61,145,83,351,256,289,322,182,395,75,60,12,26,236,413,223,506,281,158,3,339,152
207,342,180,169,65,54,62,33,286,367,210,109,132,402,391,129,47,246,179,484,151,208,472,381
391,394,60,64,109,313,466,88,229,302,431,152,378,381,398,151,311,175,209,357,303,218,439,198
469,316,175,425,58,73,226,303,302,479,371,508,152,193,238,446,381,330,156,77,211,87,50,455
467,434,18,14,463,329,153,9,367,174,477,371,480,241,504,226,188,40,152,332,232,151,439,305
118,342,395,449,508,218,383,208,472,185,198,46,26,111,88,402,113,17,109,67,126,87,335,194
251,316,234,414,456,228,152,83,69,189,408,80,254,389,169,281,379,442,302,91,437,158,323,391
508,211,156,210,230,199,152,303,144,70,17,154,174,30,435,373,198,457,497,64,26,95,39,126
158,151,299,453,245,152,508,356,254,457,26,311,211,236,94,84,180,77,49,461,232,215,251,226
67,448,366,42,98,210,468,92,402,384,132,465,109,502,205,371,224,469,506,209,236,167,375,186
418,464,494,260,167,216,480,505,395,508,402,266,74,210,158,186,100,54,194,32,89,506,98,143
508,111,483,121,256,79,491,367,116,269,278,210,347,123,425,357,319,8,175,113,377,373,413,46
125,27,490,166,67,443,395,391,316,309,126,389,121,15,328,180,8,210,169,370,311,266,406,5
414,124,195,148,238,132,503,97,251,152,3,232,42,211,422,395,479,408,109,206,276,23,78,316
368,26,152,61,186,254,99,460,379,333,60,459,10,316,184,466,195,311,98,48,217,94,398,255
288,126,414,233,246,218,171,214,459,468,508,354,475,337,274,398,317,455,193,391,23,21,372,309
12,349,204,302,96,254,112,480,504,71,463,226,467,508,373,88,14,77,220,452,328,50,387,460
399,210,417,14,454,503,5,69,244,288,502,276,88,62,275,112,228,506,152,370,97,189,236,364
508,504,2,12,371,210,458,373,169,368,199,426,127,248,135,374,140,22,359,337,381,488,342,219
273,359,286,174,211,325,421,288,281,34,77,501,251,156,219,443,238,210,464,111,26,194,107,84
254,208,95,11,42,329,83,463,266,8,508,152,408,269,199,114,332,415,262,241,105,298,343,140
360,210,111,274,468,25,333,204,113,271,97,375,109,228,281,73,312,3,246,221,254,98,151,139
247,184,156,125,351,342,377,467,148,210,314,277,278,135,193,273,35,508,418,140,374,425,126,480
17,508,88,287,381,149,288,186,268,395,177,374,60,392,480,200,148,489,302,108,61,23,425,330
152,460,186,502,455,203,232,199,80,314,1,508,236,247,326,77,151,371,193,263,246,380,128,98
477,502,194,470,383,168,438,127,400,254,269,466,291,256,143,26,193,210,151,412,508,389,365,233
169,383,232,62,152,352,325,440,126,508,70,3,438,92,10,266,377,506,476,260,105,425,60,287
254,193,482,474,374,508,286,147,3,175,12,198,143,507,381,84,312,313,455,273,450,344,433,126
246,90,504,395,92,267,64,42,274,281,273,458,194,498,422,471,47,181,210,288,109,413,8,391
234,312,76,151,403,405,143,101,286,470,326,383,122,480,180,17,138,273,112,281,381,168,217,90
469,246,228,12,110,111,315,417,395,506,68,230,61,194,491,254,366,181,381,429,333,477,98,432
402,468,404,318,359,120,234,415,164,211,280,8,434,325,194,251,426,210,424,238,309,391,508,198
290,389,152,195,8,441,199,273,371,319,127,102,76,162,376,457,181,464,346,51,508,399,211,412
47,443,175,194,461,308,63,177,213,196,508,152,453,459,416,15,403,60,396,383,143,56,289,157
302,281,150,374,312,254,311,443,460,320,431,417,439,508,218,415,488,329,63,26,163,109,3,408
211,210,508,320,391,53,468,140,483,132,498,246,161,35,457,406,39,153,478,459,493,311,367,470
508,185,483,391,98,219,26,314,502,179,302,166,113,92,392,374,281,395,184,210,211,256,11,311
389,312,381,42,53,273,395,103,301,384,60,50,311,391,414,197,198,71,238,39,36,439,373,166
505,380,51,508,303,369,209,431,152,416,395,126,42,489,383,143,1,359,89,14,171,144,262,202
92,325,235,77,460,349,269,210,357,345,276,130,156,60,228,238,508,211,83,263,379,336,496,251
246,381,83,338,410,188,156,98,310,3,326,151,8,491,198,47,226,395,506,463,154,322,252,509
461,155,40,109,508,188,211,349,246,318,124,48,10,234,202,328,247,276,54,144,39,152,460,167
106,309,90,398,374,390,79,371,375,508,294,396,63,342,373,25,495,100,450,324,144,269,420,247
254,391,210,217,6,376,470,371,96,60,155,400,347,457,211,152,194,14,191,285,98,109,277,364
30,202,104,468,85,238,508,394,439,41,152,210,469,95,144,373,276,311,36,380,447,230,201,166
36,166,101,508,234,368,358,267,152,314,381,449,139,180,430,112,360,210,69,374,274,254,42,205
366,480,367,437,224,18,208,207,247,131,81,381,42,409,311,445,508,377,501,151,325,211,66,471
333,23,480,29,144,282,303,349,155,209,306,37,293,503,323,420,154,197,115,217,109,325,508,341
405,490,181,155,341,377,359,426,470,85,306,395,213,14,194,151,496,29,169,280,312,210,88,318
269,151,20,34,491,281,144,372,468,14,365,455,311,171,324,368,441,326,158,390,404,225,54,211
98,408,316,383,183,226,149,55,267,251,381,51,312,126,319,417,210,476,238,73,271,501,313,332
391,359,508,219,349,98,153,334,188,209,221,152,309,198,151,51,503,497,417,179,371,144,109,464
181,63,102,23,156,210,277,457,91,312,387,328,151,67,356,479,333,304,170,188,28,87,152,95
392,75,196,115,466,281,391,144,377,388,498,170,312,299,285,109,220,187,333,434,286,449,381,251
508,10,480,16,457,144,276,238,194,191,149,128,395,151,141,333,245,70,283,54,334,237,219,87
431,323,376,474,29,152,461,3,432,466,98,232,34,457,508,502,124,213,281,276,198,158,266,280
216,477,351,156,315,391,169,253,41,396,497,257,121,47,161,431,379,411,311,98,436,152,480,118
196,134,30,273,348,114,108,207,13,41,139,383,357,60,326,469,198,279,156,247,3,100,125,362
332,398,370,320,179,394,499,109,303,426,187,336,322,155,175,281,246,288,127,113,174,475,417,508
59,180,502,208,47,426,429,138,276,48,107,193,243,91,228,293,152,467,314,508,396,422,281,168
281,9,115,317,280,466,109,460,362,509,395,356,188,438,244,30,175,189,143,6,196,193,160,423
194,315,219,210,34,359,254,65,371,424,14,42,391,124,136,455,508,186,373,314,133,266,226,41
300,80,489,348,135,34,156,143,185,467,193,304,508,3,269,36,68,109,54,169,430,395,175,359
88,98,237,171,60,45,156,269,347,333,115,480,95,9,120,330,212,188,103,440,54,302,66,493
14,3,239,470,211,508,30,469,207,172,120,309,171,476,216,330,389,254,408,75,152,441,51,194
152,198,169,281,210,460,448,154,193,26,208,113,185,508,287,9,417,3,329,461,471,288,217,245
152,424,508,302,243,416,409,395,242,506,105,100,8,151,219,463,170,144,110,89,217,156,457,192
115,157,2,194,508,391,444,238,47,417,25,98,405,169,309,61,356,386,60,110,224,311,318,159
476,413,295,276,299,367,508,83,209,366,322,461,115,281,469,199,32,62,198,435,151,368,325,219
352,447,84,395,476,38,246,267,315,56,190,333,280,252,41,98,149,193,501,194,468,391,403,496
217,57,329,331,494,84,379,35,210,254,130,256,246,198,322,27,287,301,88,206,269,3,508,247
77,438,159,60,152,127,57,63,42,417,12,177,126,429,179,508,168,374,372,146,432,268,367,210
480,149,384,256,322,424,179,438,339,311,194,374,506,98,156,155,211,125,508,347,85,470,70,398
508,153,398,258,269,237,135,210,469,190,458,396,426,375,26,117,41,182,431,216,75,489,53,276
152,138,17,380,47,481,184,246,461,123,126,34,460,396,504,291,60,376,377,236,374,371,209,168
161,449,193,478,174,166,231,168,299,136,210,194,169,426,46,494,352,242,362,157,408,195,152,56
252,217,399,122,110,197,391,479,480,251,311,210,175,379,400,359,386,408,55,65,346,219,169,130
362,246,64,336,292,26,508,152,169,193,75,10,316,337,457,34,392,130,141,326,374,154,468,209
326,210,42,508,175,199,317,124,453,443,169,122,46,312,205,438,426,67,288,377,60,498,285,399
481,450,207,426,8,508,188,168,356,109,398,175,161,273,152,110,409,246,366,11,371,506,403,96
395,493,336,238,34,320,488,371,54,185,229,253,69,471,210,508,277,127,252,151,3,378,397,362
3,10,219,133,483,354,213,61,152,232,335,236,464,332,375,296,42,508,127,158,200,168,386,412
158,144,307,505,41,408,494,498,281,8,461,395,179,60,266,495,198,141,275,477,113,242,342,373
508,371,49,208,40,246,502,173,286,497,210,179,332,496,476,302,420,432,342,188,403,152,251,254
266,55,427,9,477,425,218,448,458,446,346,349,304,378,151,411,73,418,273,174,168,17,311,206
147,498,477,152,453,109,422,326,64,395,331,102,160,483,156,228,463,468,457,60,352,316,175,274
211,371,192,408,79,312,70,244,301,401,452,311,159,449,238,460,122,425,426,317,242,304,26,281
258,139,234,192,470,351,151,508,331,228,211,426,389,196,330,180,83,111,169,133,171,455,232,98
214,480,41,98,504,123,395,151,206,193,251,144,60,470,228,141,325,132,440,16,96,194,50,199
446,50,281,348,90,480,335,228,454,302,472,115,194,60,35,477,306,476,508,483,151,489,373,82
439,311,230,317,71,332,26,209,373,502,508,73,106,381,379,194,368,210,92,480,253,507,0,30
125,51,230,150,39,276,359,419,152,340,82,377,408,413,508,401,395,452,210,113,90,169,151,256
101,268,395,60,28,169,210,201,478,359,96,211,3,214,452,216,331,37,354,278,77,504,381,67
54,404,193,413,169,224,66,28,170,332,408,101,328,80,506,210,349,3,10,314,467,370,383,67
291,391,29,287,152,400,483,431,158,194,26,341,240,185,125,508,179,297,479,497,379,8,201,210
320,205,349,193,461,66,109,49,422,439,318,151,224,258,145,199,6,186,10,273,482,451,256,127
136,126,442,159,42,463,332,502,17,457,130,302,488,281,69,151,20,141,46,169,142,29,127,357
211,426,179,432,41,374,449,454,193,398,347,35,383,34,10,474,89,413,346,508,136,16,494,232
508,434,210,342,42,371,453,377,424,457,432,281,194,69,92,439,415,151,254,395,77,267,130,171
413,431,211,448,49,502,192,129,508,232,507,290,505,366,499,389,254,126,205,151,13,93,260,339
389,434,83,464,294,21,359,138,376,210,504,101,131,251,26,273,329,256,63,97,480,439,158,343
499,379,302,123,190,166,508,152,216,210,158,471,450,364,453,41,392,207,29,90,254,25,255,168
194,508,112,32,224,480,501,402,362,482,398,332,84,266,406,449,3,328,326,152,175,205,55,275
505,211,37,210,371,152,254,130,391,61,409,95,256,283,94,71,10,34,276,226,192,158,92,151
253,373,391,136,229,192,260,114,508,109,311,269,6,140,398,217,461,152,144,125,171,174,218,126
21,152,211,457,26,63,281,383,246,252,302,404,127,60,374,182,417,312,194,491,385,508,125,328
56,276,221,322,115,281,63,400,190,302,397,424,238,483,311,152,477,186,508,377,359,500,268,428
268,402,82,508,276,238,83,34,391,258,152,55,124,151,159,395,117,491,228,127,224,89,28,219
508,140,476,374,67,323,422,407,88,210,8,317,311,417,152,335,284,502,346,254,34,487,387,166
210,254,381,211,188,468,169,170,34,186,193,457,238,171,194,408,152,498,245,221,55,141,482,316
471,104,70,226,213,126,314,326,335,188,362,508,418,302,22,472,497,42,317,359,144,133,46,291
219,508,226,41,377,303,406,370,371,24,194,211,23,506,174,70,445,346,374,151,291,210,192,269
166,457,434,254,232,63,442,450,257,322,27,141,77,395,8,168,61,211,508,89,152,359,9,438
395,140,476,426,371,113,210,203,287,57,198,313,230,168,132,385,173,101,238,77,179,480,267,236
47,508,210,431,133,359,412,152,497,422,311,224,246,126,457,483,470,286,62,131,192,394,113,433
166,404,120,69,8,255,316,394,152,413,416,434,238,143,28,491,338,13,421,508,426,425,22,127
211,476,508,210,56,79,151,16,49,245,14,133,194,216,506,46,438,63,374,332,344,192,110,302
211,152,49,508,376,480,499,479,89,23,151,506,31,2,241,315,423,327,134,457,482,28,308,98
194,204,489,169,149,343,129,281,357,508,131,166,371,338,23,162,32,48,447,492,126,47,283,114
193,236,254,83,371,98,455,312,508,276,435,395,333,297,269,152,268,341,31,200,364,156,192,135
182,105,42,219,104,159,140,232,443,288,34,26,439,267,169,498,316,374,174,471,508,470,440,466
333,332,12,362,301,289,508,483,472,457,156,219,23,284,231,94,217,480,21,170,50,286,183,113
57,111,391,244,3,240,471,463,421,190,166,206,334,130,288,457,69,112,152,383,219,254,439,195
294,269,60,158,501,391,343,167,435,210,80,484,302,200,180,184,8,457,260,431,48,497,376,205
290,87,236,102,139,387,274,391,366,457,188,291,500,41,146,194,426,508,185,470,152,66,302,77
151,226,266,483,491,439,290,281,198,113,402,210,300,352,398,508,371,413,99,431,152,470,207,237
127,334,294,440,371,192,339,326,152,210,60,508,367,71,422,260,156,450,200,154,381,3,168,214
58,138,360,302,197,151,505,374,140,462,26,123,335,447,152,417,198,456,337,129,112,395,508,166
31,166,142,385,43,55,434,341,391,211,232,126,506,311,254,14,315,210,362,60,445,26,152,276
505,463,313,179,408,311,236,12,446,210,209,497,237,332,323,285,439,125,351,464,468,287,508,324
84,248,90,3,272,217,16,297,508,60,319,58,299,133,457,408,209,368,54,210,269,75,301,373
256,493,118,508,251,236,3,499,152,210,68,408,17,47,425,395,332,238,308,100,469,153,144,471
168,426,61,43,210,60,417,194,316,499,494,489,468,484,323,26,386,270,50,70,264,81,491,276
508,408,428,505,309,463,36,26,210,35,208,374,163,258,232,464,62,50,312,468,346,276,416,8
508,88,40,324,154,228,281,151,480,391,201,496,169,402,17,240,152,204,267,467,392,123,433,399
252,50,377,188,422,14,276,459,334,151,247,175,78,15,47,335,505,193,359,82,246,121,130,184
160,144,458,208,135,403,42,402,158,220,423,41,426,396,372,179,312,395,334,364,170,115,118,294
185,10,71,381,391,224,21,288,88,497,302,387,280,479,28,103,212,399,214,428,238,316,244,20
182,371,214,493,194,508,251,100,260,143,499,210,231,211,208,351,60,357,175,312,152,331,303,35
218,391,313,73,152,87,210,395,247,508,224,162,407,54,454,498,192,389,377,16,80,26,448,297
391,165,508,26,307,23,170,406,148,210,246,339,12,389,276,98,478,348,266,141,287,477,350,460
113,115,75,276,475,247,129,193,163,372,245,17,45,371,223,374,230,144,34,413,79,300,480,408
308,210,152,192,95,41,53,266,361,508,459,83,322,258,230,90,445,232,214,387,391,254,6,151
152,438,14,40,61,102,373,466,115,458,69,28,238,268,26,60,417,370,480,210,330,291,378,399
494,381,391,23,194,152,53,434,156,499,255,472,479,409,228,506,408,34,311,468,474,333,108,245
333,31,3,396,453,479,34,59,152,127,62,218,297,395,230,67,95,390,476,156,61,283,198,435
258,112,471,103,302,329,210,281,218,508,95,17,11,234,98,506,36,311,194,426,73,221,60,214
152,34,143,374,463,266,494,286,311,154,187,434,373,222,127,133,504,126,3,337,377,254,164,23
349,218,480,343,109,408,65,26,413,19,186,427,15,25,151,416,366,508,30,152,231,98,374,254
312,217,151,462,158,381,90,395,192,26,318,152,210,359,73,114,498,418,272,131,486,102,489,40
210,359,398,127,145,169,47,508,339,193,42,468,502,361,75,138,453,40,357,383,458,273,218,54
260,227,130,50,152,213,286,311,239,14,417,498,399,254,98,69,371,488,60,232,508,408,99,244
166,18,269,508,39,193,297,496,437,359,189,192,129,331,406,171,375,182,449,110,8,267,152,502
242,97,508,349,221,66,197,413,200,483,460,340,55,206,18,83,476,194,395,301,70,278,463,210
316,209,42,479,212,210,471,254,156,325,357,466,23,129,201,248,508,348,54,186,232,480,159,225
381,400,186,488,124,70,302,508,66,3,330,399,389,456,372,257,428,506,374,236,14,40,288,371
38,332,457,18,326,210,428,67,283,129,35,440,152,254,276,343,87,8,505,161,435,24,127,231
391,374,479,210,489,211,144,152,113,31,491,251,468,177,330,498,323,5,237,16,232,141,188,503
315,169,381,311,24,503,309,225,3,420,360,110,288,156,308,194,18,159,115,332,193,222,198,149
374,508,471,169,337,333,412,253,174,26,111,92,199,152,219,238,130,366,232,70,251,272,464,156
424,126,151,503,182,480,169,395,210,205,60,440,233,272,457,133,417,152,505,371,234,489,311,356
234,248,127,381,391,219,254,223,457,374,216,344,187,459,211,194,210,286,408,450,443,311,482,142
172,302,140,391,126,47,476,184,307,127,164,169,297,113,439,195,213,14,216,464,92,129,354,492
186,286,280,6,36,408,158,508,479,349,109,386,214,210,346,23,416,253,113,126,37,352,73,348
374,269,381,82,286,276,459,187,126,439,493,138,13,281,211,120,26,100,261,305,508,125,193,254
55,245,127,476,302,217,211,194,30,508,18,129,431,171,364,488,459,235,3,152,480,42,366,125
151,463,194,42,292,138,429,461,316,14,383,185,169,352,263,152,167,128,302,21,506,207,480,232
417,416,508,240,238,276,39,26,235,164,346,371,79,173,498,480,210,125,476,443,60,242,408,158
152,209,315,480,210,478,397,62,492,199,325,441,507,322,332,395,417,251,156,89,52,42,172,269
124,303,414,141,198,211,500,234,316,151,14,459,276,232,299,311,391,384,506,455,192,386,102,123
86,490,228,256,226,442,34,409,483,433,505,6,325,151,98,136,316,342,194,164,299,211,444,330
450,170,210,447,152,434,215,211,403,115,6,456,391,110,287,35,499,256,22,428,426,41,264,502
316,92,152,288,232,486,254,139,338,65,159,210,109,168,357,359,397,169,333,219,23,506,60,262
343,152,133,180,66,468,442,464,242,215,417,70,15,109,357,106,144,329,69,391,77,374,151,6
317,478,152,129,479,395,314,342,297,302,166,164,496,506,181,503,185,508,151,403,398,145,238,285
210,34,276,152,444,48,237,236,379,169,108,112,14,309,12,311,123,156,42,504,59,381,452,480
439,373,34,98,80,416,508,210,90,395,374,415,208,499,51,144,104,256,472,363,298,3,64,312
408,294,148,193,35,501,447,192,440,130,83,246,254,311,207,297,508,47,491,152,506,216,260,54
34,151,409,332,374,185,193,422,302,457,398,168,42,479,131,248,460,171,124,163,293,437,152,91
51,23,487,323,199,93,304,31,214,194,409,443,211,70,341,242,35,123,101,42,254,96,262,324
113,3,404,209,302,508,407,380,157,476,88,470,151,149,111,254,104,441,48,144,188,171,439,480
281,152,462,199,508,26,323,151,69,23,447,211,498,255,127,374,61,302,269,232,188,440,203,376
156,389,391,171,311,82,232,193,152,408,352,214,426,217,21,313,159,210,141,345,332,508,8,61
88,211,210,95,323,129,350,101,168,394,337,11,280,450,152,317,388,362,26,348,316,56,463,508
267,408,36,508,28,226,34,457,432,2,479,246,474,373,175,454,179,384,116,192,458,3,254,467
193,426,210,332,243,302,42,457,51,211,175,494,73,214,330,169,161,126,348,396,218,442,309,232
210,169,152,396,508,211,134,391,163,251,232,120,414,83,190,504,144,387,439,41,87,408,111,213
144,209,29,497,316,118,276,357,194,154,152,119,30,383,464,268,337,199,156,203,67,408,452,186
200,41,210,502,317,398,324,338,181,254,429,508,58,152,474,333,228,378,211,126,34,424,285,204
230,313,221,156,508,159,210,160,67,344,407,171,460,219,324,57,442,127,246,62,408,152,133,354
387,97,126,168,395,508,480,388,87,281,47,133,506,369,158,26,359,470,175,440,109,323,299,439
231,463,508,402,67,394,311,298,496,466,218,249,152,281,457,384,211,58,188,398,224,481,61,209
508,66,194,73,34,219,106,299,12,41,35,172,258,201,231,23,464,92,458,42,378,311,384,97
246,254,435,417,57,75,367,34,364,413,276,302,359,508,184,111,475,98,498,115,348,399,373,113
498,198,505,3,480,508,173,169,382,424,457,229,293,206,325,359,379,302,494,92,299,408,395,27
73,508,37,470,254,405,219,374,208,434,230,210,323,41,439,211,395,274,247,98,188,266,493,251
251,210,81,198,479,367,92,508,64,388,48,306,151,303,426,323,101,129,96,457,462,34,297,112
254,391,210,335,266,327,186,115,500,65,108,151,291,484,42,325,64,494,417,234,175,109,240,440
287,176,479,251,508,255,222,111,395,6,54,108,88,318,55,182,407,152,293,371,109,221,204,43
439,194,182,463,329,252,207,508,199,188,14,81,343,64,151,95,34,42,127,392,403,426,211,417
267,295,390,141,339,223,398,254,357,226,286,477,497,152,448,3,416,179,478,95,446,164,8,473
254,41,213,208,383,494,188,6,195,434,311,489,315,389,127,113,508,14,24,42,151,228,152,395
42,434,206,287,395,152,156,245,302,151,403,201,110,34,89,283,476,276,436,443,340,210,281,242
89,210,231,311,508,415,408,75,66,433,144,295,453,211,219,286,194,39,152,130,56,468,270,109
424,396,356,226,408,169,231,508,251,219,447,286,135,130,246,316,112,152,71,263,391,320,18,468
302,325,64,281,234,312,482,418,26,111,254,23,408,188,210,232,373,488,275,399,496,499,34,480
99,94,175,256,463,193,508,344,35,311,151,122,302,434,498,144,243,130,504,338,269,312,126,97
174,63,497,230,57,202,170,349,3,152,236,151,69,311,464,226,200,294,26,187,364,34,186,508
100,79,156,232,401,238,152,219,416,273,404,6,138,226,335,148,249,228,408,363,129,386,162,217
108,329,251,426,364,281,452,386,316,210,493,194,60,498,269,389,391,151,144,42,23,254,109,6
508,17,293,386,470,318,472,370,16,152,317,169,439,254,303,210,206,202,431,115,374,371,462,175
175,474,415,100,64,508,462,168,349,186,87,90,35,347,151,245,115,54,195,113,96,302,311,154
286,42,156,267,113,466,88,280,126,193,83,32,315,214,508,151,371,251,391,62,413,186,199,359
391,398,254,470,235,171,364,508,497,69,484,128,54,329,194,210,132,139,107,10,453,332,8,113
211,416,341,402,311,457,69,185,3,122,98,326,1,317,508,339,42,229,468,130,184,206,426,325
477,151,374,198,248,377,3,4,482,434,287,395,224,333,392,207,359,56,508,361,35,158,26,234
508,344,269,26,496,135,197,152,179,281,379,302,454,371,235,256,276,141,210,413,466,239,154,392
460,245,478,387,214,467,78,110,207,155,223,508,362,113,287,246,326,194,210,368,260,193,152,151
329,402,210,112,391,171,322,374,61,229,69,422,55,286,248,174,88,220,457,303,246,42,429,431
185,34,158,79,508,51,188,331,14,213,210,144,302,278,32,434,337,405,200,401,40,127,503,349
328,442,61,198,508,127,373,156,3,16,171,152,398,208,288,284,210,232,154,457,416,464,98,403
127,196,92,26,480,406,245,342,387,426,457,12,139,239,102,151,264,188,41,159,53,308,266,163
480,26,275,192,302,290,425,14,404,374,116,49,121,210,211,98,307,335,83,71,323,62,310,466
456,101,62,457,281,316,154,439,238,381,420,508,477,474,215,210,57,491,410,506,122,476,360,408
346,455,343,6,395,155,152,263,278,51,200,187,374,319,381,385,73,111,34,199,188,342,119,113
337,228,426,209,308,443,489,459,144,508,370,208,225,195,152,247,356,41,169,232,224,216,79,487
498,210,140,244,302,472,494,332,470,411,463,211,457,193,209,415,290,421,368,288,127,480,184,6
83,140,414,202,245,383,152,210,71,396,508,480,226,316,189,384,361,142,98,158,419,461,2,315
38,219,414,276,333,246,49,171,433,395,293,415,87,9,232,332,60,391,302,508,394,412,309,98
115,309,144,269,262,508,302,68,238,472,69,413,326,3,254,57,33,409,384,139,176,347,34,278
343,376,508,426,398,480,293,106,227,267,466,152,15,99,168,218,184,246,156,247,371,101,344,439
169,471,186,11,164,421,365,152,288,389,188,192,391,508,359,403,154,221,506,133,338,208,301,318
269,326,479,197,159,194,281,355,187,245,88,343,488,210,306,441,208,426,480,264,10,42,41,26
288,87,333,398,13,190,209,186,42,211,452,151,373,367,188,59,464,399,41,195,508,470,16,482
40,269,175,479,156,152,371,508,254,195,18,302,212,474,436,281,395,314,503,378,206,169,326,276
274,220,325,454,215,162,275,3,357,435,365,39,1,395,391,506,493,210,88,451,171,508,188,452
312,88,508,231,476,477,371,217,225,179,89,142,63,34,456,210,43,330,98,387,303,289,42,297
28,111,267,252,478,330,453,499,210,331,374,246,275,174,479,104,508,53,169,405,73,494,395,22
452,434,130,398,145,422,439,236,129,211,90,466,508,436,381,199,457,184,152,349,57,447,13,437
470,60,326,180,175,95,193,115,194,209,455,249,232,36,503,185,181,152,109,330,325,395,149,276
223,6,440,179,210,209,508,468,156,123,5,184,254,322,169,34,219,218,396,274,109,49,353,317
484,447,354,417,152,170,271,254,151,401,16,176,144,201,276,436,316,67,402,448,297,311,501,391
461,391,374,419,61,452,194,236,408,297,184,437,215,324,470,55,152,210,366,245,60,426,344,434
47,487,381,87,219,407,152,373,347,0,54,109,179,110,508,246,413,126,194,132,226,357,384,85
174,303,391,213,208,127,66,437,489,168,103,152,210,369,21,323,74,90,380,126,217,145,117,89
316,294,273,395,34,21,169,31,152,154,104,95,368,388,245,77,151,275,26,66,233,219,508,35
435,362,301,424,251,246,508,504,168,26,179,169,398,386,457,236,198,360,201,171,391,139,35,127
122,230,73,194,508,210,178,326,182,215,35,462,343,102,293,27,260,336,457,109,426,5,379,475
208,491,127,216,281,195,166,359,373,311,61,210,35,326,151,173,245,164,3,254,417,470,236,169
80,480,308,63,148,425,508,207,311,3,335,98,391,502,109,325,192,23,125,329,159,151,12,206
376,480,351,96,463,357,468,46,210,324,152,301,402,40,391,37,413,207,252,15,232,78,360,372
188,79,210,367,211,426,130,479,291,151,359,126,226,508,56,494,42,63,261,480,374,26,202,455
80,174,283,151,341,187,480,227,194,359,87,299,464,16,505,288,39,218,426,6,216,254,238,106
421,359,395,231,417,50,208,495,371,267,199,254,89,389,326,126,40,60,201,176,77,311,434,476
316,457,98,151,50,479,169,392,432,49,508,201,216,495,26,210,70,450,89,215,54,131,502,360
147,450,25,41,84,246,169,302,244,361,281,194,50,508,159,292,152,219,32,252,378,109,422,398
426,131,47,211,194,332,290,210,43,169,408,141,315,295,266,358,60,281,74,189,442,58,322,376
211,508,331,225,29,169,325,201,420,218,408,31,469,26,455,222,151,73,37,376,155,228,243,6
60,290,317,47,381,371,89,298,372,502,171,402,439,166,184,403,326,151,224,468,198,344,242,276
140,147,210,376,457,311,236,42,37,312,75,54,343,491,7,17,193,302,395,68,282,184,508,141
236,229,210,92,192,127,233,126,494,395,276,245,152,422,154,417,139,440,388,424,506,120,459,114
450,395,126,297,489,56,14,275,373,262,292,185,131,478,288,30,98,256,169,50,156,55,48,317
110,152,381,383,113,166,476,311,426,439,508,210,505,40,62,500,457,5,307,391,262,60,125,302
303,434,284,254,445,194,209,190,391,154,3,26,171,274,370,269,359,127,504,109,245,152,60,368
430,484,320,374,434,128,51,115,160,469,246,210,118,395,269,267,392,219,136,63,437,311,333,418
508,192,236,281,402,318,140,299,417,333,15,426,210,180,67,367,10,492,374,174,41,219,185,482
504,25,232,46,246,34,210,328,77,151,342,367,102,447,126,78,396,80,236,152,127,508,438,35
401,467,98,491,255,173,111,494,324,508,92,21,152,426,477,211,269,209,145,466,438,197,149,206
158,312,309,478,156,268,120,210,281,151,226,508,459,128,358,475,216,187,88,371,325,426,333,154
302,391,395,1,163,332,11,151,342,264,226,425,466,449,79,274,379,141,427,194,313,160,19,252
152,47,3,258,272,129,450,506,408,333,175,371,46,127,109,508,414,426,112,245,192,90,302,262
28,246,288,41,208,244,460,151,157,25,231,138,144,374,254,235,152,29,338,391,98,269,234,283
504,469,148,211,439,481,210,367,188,456,343,238,376,391,250,8,478,398,223,508,219,152,389,381
236,34,508,171,457,381,498,101,281,426,109,152,98,413,79,25,210,474,211,440,302,337,163,219
383,192,60,8,416,91,68,152,206,129,362,83,311,429,80,447,103,58,273,63,172,232,323,71
381,142,152,317,154,436,248,483,115,315,247,360,297,281,210,395,3,151,332,171,274,194,113,298
20,463,224,210,42,232,55,26,240,431,325,151,392,447,98,194,508,207,195,226,387,300,398,353
154,81,151,26,398,493,445,482,121,54,246,11,173,171,254,168,347,230,98,508,210,333,507,357
311,383,303,276,71,439,8,488,273,287,151,54,88,214,184,109,194,126,471,482,391,5,169,297
98,323,348,169,126,484,66,20,254,409,371,346,260,381,480,289,367,58,192,325,337,356,424,437
109,408,12,509,373,381,98,314,154,151,398,245,189,105,127,88,188,427,130,200,210,241,379,90
182,241,210,342,125,484,78,395,480,236,323,379,211,311,508,152,157,276,426,26,56,490,169,320
307,398,395,193,157,362,148,14,379,206,208,77,152,482,318,479,210,478,246,269,466,112,240,469
457,377,209,205,341,468,12,267,20,386,140,246,186,8,56,10,501,439,57,26,245,136,417,508
234,278,450,506,317,152,40,352,468,169,50,309,155,413,283,238,167,194,136,326,245,151,210,56
508,373,23,458,193,500,234,169,358,168,270,276,141,479,367,246,95,401,83,133,35,102,326,398
173,190,3,489,297,480,26,457,210,248,170,333,136,348,433,422,332,395,174,131,46,194,398,460
402,461,25,126,226,291,469,371,128,389,508,468,367,102,170,158,153,42,210,462,32,211,302,434
508,171,274,3,417,144,59,1,82,329,380,211,220,27,36,152,182,360,111,391,381,426,109,398
426,122,307,508,460,39,422,266,127,84,359,417,471,254,398,194,386,281,320,391,168,506,83,151
439,91,168,89,466,333,3,28,354,408,55,341,214,144,5,500,109,231,437,95,455,420,73,307
480,254,213,180,79,246,34,303,99,127,503,158,100,426,381,201,434,6,56,281,439,494,152,240
315,66,232,467,455,210,60,211,113,436,408,342,98,367,508,484,12,464,383,237,195,472,398,272
402,477,467,115,508,144,79,480,179,210,409,337,254,143,10,124,389,331,438,323,223,299,430,2
358,437,434,192,383,431,447,451,238,210,302,211,389,236,251,400,8,35,213,132,55,398,3,191
426,70,398,246,6,216,311,152,67,236,292,61,12,98,219,348,326,455,127,287,254,168,102,445
210,233,304,462,312,151,408,505,232,133,35,392,292,391,179,414,381,271,367,190,162,198,416,241
328,183,329,480,164,36,55,411,495,80,315,310,141,256,41,479,280,8,287,210,133,69,254,344
381,281,102,331,334,140,216,508,498,112,439,497,309,314,210,289,156,158,115,30,211,504,207,18
152,117,347,249,126,262,86,508,503,372,378,61,466,238,100,351,367,219,493,210,297,414,489,316
246,430,346,395,41,426,74,464,170,263,210,400,408,199,169,230,451,480,207,470,61,387,454,231
42,92,187,297,201,360,359,357,89,501,417,281,169,166,159,6,409,463,214,274,302,71,151,185
449,491,152,505,267,390,385,211,316,101,371,508,359,205,468,114,311,479,1,219,466,395,7,387
332,210,171,319,6,230,254,60,374,391,192,426,341,508,478,127,398,174,311,302,193,175,435,333
210,323,26,381,333,373,384,414,379,11,475,118,324,470,91,281,219,476,38,141,87,357,372,434
175,325,94,371,152,12,302,85,246,471,476,102,320,180,127,98,397,43,210,342,106,169,8,87
118,339,154,2,299,360,402,438,396,377,429,97,323,65,232,56,184,419,58,407,508,230,357,420
346,460,109,210,129,152,467,254,469,379,468,238,388,500,173,312,190,98,402,322,62,245,255,214
353,508,168,220,391,480,54,241,249,504,383,426,210,34,238,163,6,156,196,415,58,12,179,84
426,508,414,16,358,476,151,317,371,141,355,359,154,144,338,401,229,47,14,395,340,46,210,400
151,209,434,413,35,316,129,381,171,223,374,486,404,186,276,41,212,426,334,208,1,47,158,398
508,39,130,292,210,144,417,426,207,71,233,266,35,60,281,503,395,84,500,371,152,303,491,147
364,188,395,424,470,310,278,219,408,269,66,398,34,440,508,359,185,39,175,409,414,354,387,218
394,359,228,200,12,23,407,386,508,317,152,16,348,140,408,129,144,383,325,42,445,276,497,286
66,18,254,497,81,127,408,438,508,93,111,148,224,214,415,432,236,486,152,194,391,41,20,32
502,32,196,78,302,71,291,156,57,504,216,323,254,128,193,208,280,188,284,492,344,336,426,115
506,168,406,210,83,88,382,326,109,133,52,426,383,508,489,54,151,14,424,505,25,143,267,234
28,188,259,115,508,69,506,60,374,88,315,226,244,23,50,326,232,319,426,391,219,302,383,98
374,272,94,508,74,35,69,287,280,250,469,506,386,98,209,440,360,13,57,377,379,314,34,317
26,330,338,470,422,352,280,417,177,331,323,466,152,125,34,238,49,220,399,111,260,38,508,175
386,152,416,272,369,98,170,180,108,158,122,127,314,396,132,478,42,251,151,226,47,408,162,154
104,201,281,188,232,280,508,156,274,35,66,312,169,98,396,428,460,151,217,168,55,461,470,375
499,31,483,246,508,100,178,105,410,241,291,12,342,114,309,416,25,386,110,198,295,480,152,395
371,480,277,508,380,120,6,151,210,152,322,373,3,216,312,463,112,318,358,23,148,182,39,186
394,245,219,422,83,180,429,144,317,151,457,438,437,43,8,89,95,480,211,179,390,198,247,210
276,269,52,439,30,115,372,234,281,395,41,268,168,145,192,326,221,156,43,61,394,235,120,318
3,126,1,415,508,413,151,103,447,506,254,152,208,489,335,408,62,49,428,136,201,229,400,391
244,54,306,371,508,444,395,112,470,480,466,50,143,3,406,408,193,41,110,178,281,25,311,227
402,354,144,69,254,498,373,88,322,26,381,383,302,61,152,158,29,346,129,163,60,243,426,211
370,496,426,501,335,340,311,224,163,110,398,61,216,274,315,312,381,479,429,442,471,108,256,374
324,186,311,457,3,477,223,22,367,180,94,463,54,110,316,493,332,503,238,474,508,210,144,469
269,138,63,95,246,379,261,326,334,383,210,49,322,370,213,356,144,335,398,299,374,498,266,317
132,83,179,325,209,281,115,47,256,243,198,136,456,426,114,211,152,436,470,244,368,362,299,80
434,492,174,452,194,152,49,479,211,359,256,439,115,286,245,311,264,84,154,344,294,271,95,249
248,54,508,135,471,306,254,120,193,432,152,371,479,414,118,19,489,364,195,208,293,323,22,246
232,457,373,311,508,41,99,419,34,496,461,391,338,127,47,476,204,60,367,207,219,385,105,374
60,224,167,179,414,35,374,395,194,14,199,246,371,396,347,152,386,122,156,6,118,92,334,283
246,49,230,478,341,416,417,127,20,8,325,101,316,401,445,298,391,18,211,55,217,258,476,152
121,95,316,348,210,54,275,441,193,342,463,1,239,480,157,190,372,233,442,335,117,477,309,183
433,185,184,278,205,151,34,413,231,458,508,317,211,334,254,311,198,435,167,347,377,404,210,506
152,457,171,30,60,206,23,300,35,169,34,120,109,387,464,185,180,42,218,232,111,425,410,16
387,97,152,371,373,206,498,195,164,183,256,188,199,92,301,170,102,171,63,190,70,469,314,368
294,126,91,480,383,98,152,329,187,54,496,60,244,192,226,508,371,246,398,399,406,154,268,283
281,184,145,50,56,288,408,453,169,302,129,151,332,422,124,193,175,83,156,127,292,251,42,51
395,378,325,489,274,302,152,125,312,351,381,269,467,142,232,126,140,494,113,184,508,267,175,314
274,198,408,341,311,127,164,347,199,276,508,244,448,95,62,238,111,98,371,78,309,334,25,75
389,151,335,97,210,311,502,508,254,218,274,29,280,115,258,106,276,119,110,42,109,449,488,34
186,493,135,389,302,395,86,99,74,144,332,228,505,169,308,70,288,58,377,488,152,192,446,417
210,275,109,133,187,302,287,330,469,337,151,470,359,192,446,443,138,429,479,185,201,494,195,88
251,210,199,464,152,389,109,88,98,351,26,432,291,457,493,392,371,340,395,249,400,111,332,276
334,234,376,332,491,175,193,508,311,111,325,60,441,101,228,316,391,268,169,398,188,129,366,178
297,59,74,230,14,50,362,219,175,388,276,16,151,415,157,245,403,288,387,508,152,80,375,169
508,348,127,325,126,247,362,55,214,398,426,266,334,75,469,235,152,408,308,267,407,339,281,6
98,210,19,342,17,117,370,123,250,200,362,152,159,185,508,175,238,264,480,151,442,468,377,506
458,408,189,126,464,425,398,334,477,193,374,47,508,95,231,455,224,151,156,482,343,273,347,489
391,508,251,384,371,316,375,450,284,104,98,330,468,311,216,435,240,23,210,151,20,100,194,34
53,326,69,126,127,86,211,325,122,288,309,444,23,151,408,210,101,383,36,327,42,51,281,367
503,395,309,425,508,3,389,152,187,144,399,210,62,127,60,426,286,0,148,497,311,136,484,217
226,210,86,268,132,113,198,156,200,338,370,429,326,435,194,50,373,104,232,127,254,281,91,199
372,402,414,193,476,323,401,236,210,215,173,508,152,341,464,135,395,186,180,98,226,159,442,187
315,276,43,188,457,302,312,374,342,73,101,131,311,495,508,194,426,214,443,152,139,128,246,407
194,100,324,396,57,186,316,151,286,457,115,478,210,158,391,171,211,327,440,302,373,434,141,356
100,281,3,201,152,98,273,395,12,208,374,127,476,198,92,114,474,254,398,508,42,170,238,135
127,404,34,479,132,281,8,185,207,67,169,336,276,328,272,41,257,251,211,157,64,187,224,254
215,136,499,313,194,160,63,161,64,156,408,30,178,126,42,397,209,158,131,83,145,506,348,265
53,443,254,288,162,133,210,115,29,91,195,269,238,434,503,40,152,101,192,447,247,168,427,346
75,383,378,109,358,175,254,128,61,395,211,66,256,132,276,210,63,229,245,266,324,463,191,152
347,21,186,34,236,351,159,140,232,314,154,505,331,113,98,238,508,210,480,374,389,470,229,461
30,179,464,462,210,332,357,508,156,95,117,477,60,446,77,42,503,133,67,222,381,118,152,437
210,239,491,426,440,316,223,201,424,3,400,151,410,155,147,60,268,475,302,78,300,395,193,53
193,311,468,3,477,432,426,71,55,395,62,480,248,42,439,194,316,192,92,129,384,464,161,276
127,59,152,130,211,504,34,441,444,366,53,458,112,489,42,227,115,174,290,117,395,302,69,406
417,302,254,339,210,169,466,421,384,46,420,426,338,395,199,357,174,193,290,359,126,508,49,251
274,246,376,450,477,272,331,424,210,164,501,446,57,425,102,152,32,506,112,503,352,427,199,458
348,168,480,389,413,396,452,97,339,371,88,457,402,427,172,466,69,126,210,17,421,471,8,79
192,238,256,252,309,208,429,152,492,188,122,144,118,67,426,330,21,477,508,113,461,311,502,395
384,194,499,162,50,152,479,425,254,185,367,151,22,141,323,54,391,405,331,454,95,319,463,246
381,179,278,273,311,11,15,211,152,419,164,166,283,106,31,427,194,175,330,226,102,406,477,285
299,151,204,408,316,129,109,345,505,333,46,48,461,508,159,54,417,2,422,238,406,178,464,201
404,129,154,447,418,156,192,117,158,302,60,112,19,256,187,32,103,229,263,329,468,411,155,508
277,289,165,483,441,60,466,98,343,130,251,128,398,302,490,238,434,81,288,209,489,280,210,99
197,406,480,430,151,408,369,76,101,316,357,206,367,238,326,32,426,351,508,415,288,144,169,152
126,480,70,309,251,432,57,14,224,458,240,403,461,179,66,244,508,444,41,260,418,374,108,238
446,246,100,156,299,395,380,359,302,465,11,389,447,151,479,288,152,104,508,210,326,98,411,60
356,144,70,224,140,508,71,266,477,374,273,417,169,210,505,185,93,152,113,347,40,434,371,123
217,12,51,246,79,109,329,285,168,359,508,210,83,85,151,395,386,311,492,468,237,276,281,398
188,80,434,42,113,211,281,459,216,206,477,172,32,324,508,302,236,199,357,398,125,472,56,332
102,80,508,210,211,281,251,196,6,506,152,364,138,232,504,216,186,15,234,324,492,48,464,169
210,211,24,200,111,281,10,462,276,406,479,391,131,395,189,490,371,410,357,34,106,14,222,193
63,144,245,314,158,362,457,387,383,476,309,456,460,459,227,506,112,379,508,75,258,58,179,54
77,210,446,344,98,325,476,152,286,281,245,461,215,455,246,163,214,256,498,95,238,275,94,423
141,395,41,115,151,201,162,476,168,225,254,152,238,407,192,383,226,125,210,1,171,228,381,69
6,284,436,395,446,192,432,383,359,433,91,152,168,477,332,216,234,127,271,116,371,262,219,201
209,9,210,64,162,508,45,101,211,234,108,2,254,476,489,314,194,158,468,69,332,128,192,396
171,359,491,447,109,1,32,185,342,484,508,97,194,169,498,156,415,210,452,63,73,145,84,363
254,385,351,100,276,16,457,281,390,256,152,87,311,409,187,336,66,240,98,368,34,26,194,129
440,481,302,458,395,206,102,249,156,492,194,36,455,381,466,26,364,373,151,10,210,480,158,274
148,373,125,193,211,389,466,156,231,254,154,443,55,144,130,26,398,94,10,167,369,359,379,397
106,201,213,92,346,304,338,60,240,300,10,383,508,417,7,470,210,251,147,326,315,66,236,188
379,417,98,312,267,500,383,463,461,291,93,431,384,469,152,192,311,62,318,95,130,508,92,34
332,267,230,317,174,138,489,422,405,447,122,156,6,109,248,288,381,178,117,234,375,21,508,359
392,457,444,98,480,340,453,508,149,234,51,471,388,486,246,342,195,148,60,42,69,203,470,325
413,3,360,104,125,194,417,506,183,159,209,232,329,383,497,275,193,49,62,36,151,152,255,31
188,302,508,408,276,359,144,29,424,83,158,468,240,93,192,90,381,496,266,190,193,206,180,152
387,322,425,454,358,394,408,493,165,169,98,111,140,66,397,466,250,339,395,189,159,242,197,381
214,508,138,148,3,387,325,83,95,324,12,112,460,292,457,376,424,45,356,134,236,344,494,92
247,508,92,188,271,108,209,381,254,151,16,34,389,17,238,504,155,20,231,121,371,474,175,57
193,73,479,54,234,508,273,2,286,156,491,476,439,42,311,151,257,48,328,450,460,152,391,218
63,506,345,21,67,152,340,98,464,144,193,480,260,470,344,69,8,373,117,216,391,348,92,115
383,174,444,114,194,234,216,333,187,326,219,169,269,374,2,381,175,90,464,98,250,359,395,450
174,238,444,450,449,126,92,83,417,304,268,395,508,458,0,398,421,310,195,202,169,394,48,207
209,391,233,341,255,302,498,23,47,161,151,164,123,168,10,201,43,268,251,106,447,136,25,508
482,332,463,168,190,462,342,123,103,210,128,367,194,156,493,224,105,471,41,371,10,225,133,426
333,42,466,506,110,470,210,455,264,338,222,463,126,431,276,256,266,171,407,508,125,3,316,334
151,331,100,169,472,35,66,303,199,403,508,342,341,309,250,455,351,420,104,89,480,246,266,325
342,122,30,34,497,39,273,320,93,383,378,251,315,254,246,99,35,504,274,208,426,506,508,140
250,508,112,401,125,207,70,237,113,408,398,10,6,323,445,152,506,434,341,26,156,194,386,33
507,311,471,452,254,3,506,95,508,113,479,359,194,70,398,210,396,316,108,130,502,151,61,374
35,90,488,468,316,508,492,151,489,158,100,459,445,152,211,160,407,49,210,155,464,98,33,311
373,171,498,32,303,152,491,140,64,480,151,194,374,29,286,244,266,381,325,141,256,211,154,213
69,100,508,359,156,426,62,341,174,316,299,80,310,378,219,168,201,416,325,109,381,450,245,395
192,298,113,178,41,395,174,344,426,262,22,79,261,193,89,246,317,98,357,31,127,381,311,63
60,274,272,254,80,145,447,141,21,238,428,408,42,355,455,117,198,437,309,464,105,452,133,367
219,209,152,361,491,422,287,55,8,29,177,478,483,42,114,465,169,18,471,508,151,136,64,296
408,21,26,442,508,101,206,298,374,158,179,364,302,464,43,359,269,311,329,276,277,111,303,254
194,143,429,149,82,65,392,466,311,400,472,383,188,508,152,418,196,294,127,352,347,238,437,98
144,158,169,207,371,167,502,480,42,256,89,337,359,303,302,334,152,65,356,255,205,418,58,291
210,128,320,457,62,271,479,36,491,251,34,141,461,333,8,187,80,508,357,174,81,496,241,434
95,424,359,210,369,14,115,345,83,170,371,447,468,5,254,215,391,357,169,34,270,506,30,39
470,479,214,61,413,152,111,113,504,250,254,460,236,210,395,14,305,56,26,238,306,41,141,211
174,193,91,169,140,250,333,401,146,386,246,211,13,281,389,440,470,60,367,441,54,422,83,391
325,508,344,113,54,148,79,439,19,408,457,123,461,198,440,164,98,141,463,188,115,246,376,398
152,210,429,164,472,269,231,281,144,123,302,493,245,373,491,10,62,14,391,199,83,126,156,29
325,247,459,463,508,299,219,34,10,417,101,151,17,71,58,140,26,69,144,389,60,152,97,334
378,410,290,362,336,508,441,330,57,276,233,43,140,408,23,431,437,333,193,50,421,457,343,211
240,508,230,251,323,306,218,193,26,198,87,378,3,316,243,64,48,288,104,158,475,374,421,426
23,294,379,299,246,287,466,158,151,209,152,98,29,100,155,370,193,188,482,369,427,452,381,288
155,276,274,113,248,232,362,193,508,20,73,480,316,41,105,101,250,156,151,474,491,127,304,479
400,168,238,351,480,256,331,213,440,236,505,152,354,42,479,302,111,327,246,210,406,149,242,342
203,126,216,457,489,60,138,386,254,281,419,351,269,193,115,476,103,437,21,413,276,368,34,288
61,449,508,55,152,69,50,302,334,159,198,144,432,67,120,238,251,383,480,329,194,275,126,444
276,310,449,508,381,492,167,417,99,480,210,236,254,15,10,447,188,120,115,383,403,95,88,209
209,217,508,66,351,383,188,34,359,194,401,290,63,80,27,211,269,398,113,326,201,70,212,38
338,24,288,221,151,218,55,152,12,204,98,449,254,56,26,344,459,384,189,474,41,54,408,311
499,408,458,226,508,128,479,248,256,113,152,281,55,400,211,315,367,1,277,455,136,506,412,349
180,0,35,348,206,496,302,437,90,126,242,238,396,112,158,431,75,276,343,373,108,98,249,234
468,360,239,111,466,123,218,212,159,408,152,398,484,174,506,489,374,185,244,323,105,3,60,478
171,415,373,276,210,508,152,302,342,347,211,463,101,241,391,8,366,408,245,497,311,158,308,278
457,470,214,461,455,152,53,273,234,148,441,115,426,364,332,210,61,499,460,476,352,141,157,55
335,30,58,378,309,198,172,508,424,497,398,332,346,395,463,328,374,224,489,459,88,377,129,344
26,309,47,452,29,74,0,351,212,316,158,502,126,168,324,109,312,14,254,440,311,374,466,80
207,318,218,26,100,469,508,238,246,247,427,302,470,316,48,286,99,83,274,126,325,164,98,348
154,148,169,34,480,211,71,362,379,46,320,130,186,316,236,491,210,348,216,22,332,243,395,32
399,434,211,56,51,210,213,472,480,449,490,432,144,174,417,159,478,130,477,152,387,98,21,483
141,160,42,311,297,377,152,508,146,210,35,34,13,115,331,211,489,325,27,274,145,372,480,265
35,152,217,71,102,401,169,90,414,429,236,476,131,210,136,439,238,371,211,286,364,225,270,19
480,466,402,386,139,60,391,169,315,195,112,305,23,302,508,479,196,269,274,271,505,238,426,463
75,144,211,141,10,55,466,472,325,289,439,418,109,210,373,138,3,489,231,331,37,151,426,174
359,508,386,109,460,210,152,235,127,505,60,35,80,424,302,151,187,179,83,219,126,30,246,371
238,186,395,323,508,126,152,287,344,325,168,302,349,58,3,408,109,55,435,251,281,23,34,80
311,89,91,82,208,302,440,497,3,236,197,484,105,198,58,211,381,331,232,335,425,32,93,174
194,59,193,254,249,320,112,301,91,123,508,169,152,228,34,302,60,480,414,175,75,160,457,246
217,156,29,438,476,50,402,303,209,157,274,477,98,67,248,10,288,171,271,357,152,60,281,377
254,123,195,281,398,385,274,508,152,423,317,175,374,229,484,266,300,372,179,501,126,9,244,144
508,311,337,359,281,254,248,344,408,160,125,269,365,151,111,89,244,284,438,121,55,210,425,338
47,69,480,5,381,192,468,502,64,23,41,362,398,117,19,323,464,168,209,112,238,493,91,173
508,193,232,93,223,46,144,226,297,433,152,62,52,159,12,492,455,418,317,120,330,461,196,337
158,373,417,381,141,499,26,391,260,245,311,426,47,332,78,359,395,315,169,60,508,232,41,288
98,179,150,166,97,126,92,168,114,169,508,417,41,3,11,250,318,157,426,210,383,125,457,298
155,508,141,507,370,226,34,506,408,98,151,317,405,266,303,127,366,340,159,203,276,466,109,376
207,167,211,276,91,297,445,381,365,185,123,288,366,395,429,154,208,470,236,302,471,118,172,494
123,129,483,284,41,34,476,251,183,6,232,347,161,3,167,238,453,210,457,11,211,126,214,439
229,202,245,122,413,476,230,291,367,71,226,152,398,34,231,426,218,209,471,373,210,359,362,268
94,208,471,417,367,42,418,168,286,273,60,232,109,326,299,210,190,413,315,136,455,207,316,23
144,207,419,109,342,508,246,81,171,407,26,501,364,432,267,302,151,168,175,468,447,210,444,303
396,273,508,232,218,152,269,440,479,60,506,281,391,374,162,371,283,302,77,14,208,251,84,311
452,95,464,352,458,373,316,210,508,501,312,15,155,356,255,323,480,157,359,77,168,93,494,65
210,225,374,343,470,395,331,496,164,6,392,398,283,260,194,360,348,111,302,432,404,439,391,371
424,508,337,342,88,167,209,359,207,426,486,118,61,381,466,262,102,311,312,328,193,375,152,284
174,204,381,496,426,506,457,497,297,295,408,49,251,276,111,488,43,39,475,238,281,233,395,299
340,441,464,418,196,493,175,100,20,391,398,205,254,497,476,53,185,169,247,174,152,424,35,193
471,317,133,210,233,402,381,26,256,23,3,109,97,359,28,110,14,281,506,426,273,169,58,395
417,246,392,210,381,501,508,207,396,357,225,329,278,505,489,126,480,354,281,497,420,238,228,42
89,286,169,508,109,438,166,417,3,483,228,224,359,94,304,152,247,505,32,283,468,330,434,276
246,354,108,301,391,456,211,505,32,219,194,61,383,120,403,308,169,431,50,418,318,59,91,285
132,210,486,369,381,396,211,273,138,358,47,414,351,29,67,326,83,133,395,97,155,116,508,318
166,504,152,188,169,392,199,180,8,425,508,164,81,483,420,148,172,381,114,174,302,404,196,162
210,166,129,83,164,128,508,490,434,277,472,42,281,395,149,144,396,457,35,34,84,311,133,315
127,51,160,484,215,19,285,470,144,308,47,413,158,246,251,508,302,276,386,179,269,18,464,502
489,221,154,90,193,269,446,371,246,206,198,333,130,194,80,253,125,211,34,180,374,141,457,476
508,89,11,151,117,169,214,342,254,198,109,19,328,98,311,70,83,302,179,288,115,180,26,420
276,395,326,302,164,92,186,423,446,130,188,348,342,224,506,70,12,192,49,403,456,479,271,311
283,292,41,175,434,508,151,60,210,32,266,373,335,362,120,311,480,476,39,277,141,102,267,3
80,68,422,476,452,210,202,325,342,267,508,26,130,83,248,395,193,207,236,454,159,223,447,194
291,437,171,256,64,152,438,468,413,246,491,245,508,429,488,502,151,73,113,118,254,92,50,348
472,506,312,46,130,304,62,152,480,260,151,369,23,504,211,276,126,54,41,158,1,197,374,413
3,408,225,276,193,424,194,177,246,99,5,366,269,322,151,273,316,311,508,158,210,319,285,454
359,10,111,237,152,442,115,200,130,224,112,211,129,193,71,497,84,328,216,374,387,132,342,218
180,476,126,251,499,92,46,25,389,508,167,151,169,54,156,472,480,359,206,144,482,429,41,435
210,498,247,251,506,484,319,255,151,443,266,413,115,120,250,334,362,98,162,244,504,186,281,410
483,281,0,303,226,66,3,152,391,157,466,398,110,373,179,151,302,62,508,60,251,330,406,101
508,40,10,367,267,50,437,8,192,365,318,325,357,57,408,156,413,18,95,238,236,58,455,152
292,136,439,360,474,483,211,236,315,306,457,151,265,247,85,469,290,249,219,91,366,398,28,506
502,3,152,404,63,208,417,151,415,200,123,299,15,446,504,88,27,457,169,269,465,286,331,42
221,144,290,508,471,397,298,158,246,230,490,254,34,152,293,422,288,219,89,87,143,506,269,373
373,377,212,26,210,491,426,144,199,331,67,14,508,330,134,25,141,41,312,273,201,329,179,103
332,392,117,114,152,483,458,34,210,508,294,94,23,426,238,469,149,55,395,503,434,17,415,311
195,450,8,348,506,417,118,463,210,485,204,188,61,41,156,98,359,87,193,433,140,73,508,269
502,429,159,503,418,438,127,424,297,426,179,408,343,22,190,117,199,109,269,401,372,480,210,176
151,489,127,280,113,351,256,132,209,88,159,103,375,133,480,40,426,98,314,335,508,346,340,288
408,342,302,312,477,251,508,331,389,281,185,111,340,316,432,156,22,249,506,219,216,471,311,198
152,140,314,143,126,175,398,98,402,206,148,288,359,193,22,32,502,508,121,379,190,501,138,322
227,508,437,210,401,108,488,157,127,325,1,9,470,238,316,185,420,61,76,191,58,129,21,151
152,23,8,379,408,338,439,156,479,505,127,391,132,243,84,26,104,313,332,401,486,136,161,197
133,3,371,312,302,113,275,62,325,433,426,290,86,100,27,476,144,322,318,129,102,468,323,14
205,389,210,67,299,247,422,398,307,501,417,274,120,238,20,486,492,236,28,34,208,76,479,457
235,334,277,60,147,408,247,26,158,386,325,210,57,34,371,383,238,123,49,12,457,199,412,506
213,359,127,158,192,373,391,396,402,404,439,13,395,381,237,210,457,476,417,502,23,204,346,1
422,194,35,251,459,122,169,54,143,209,508,126,281,457,50,3,371,308,152,442,179,42,426,218
457,428,43,217,251,501,87,372,187,504,381,164,38,407,41,333,508,216,166,131,60,311,427,27
182,470,90,10,333,311,75,506,298,309,122,280,413,508,151,302,426,502,329,148,83,5,454,360
86,366,457,367,210,391,442,285,498,436,111,265,322,470,408,238,491,3,490,115,194,269,109,288
229,26,391,463,179,312,208,480,42,115,281,186,127,228,201,69,325,430,484,89,211,359,219,176
311,416,168,396,479,198,395,66,494,34,151,498,466,8,65,269,60,374,213,117,430,232,210,180
159,267,126,143,250,479,291,302,14,109,127,256,275,175,402,387,183,102,72,62,472,421,503,210
160,137,371,109,281,459,443,324,62,270,384,389,144,508,312,182,210,491,256,236,469,3,217,133
438,269,10,489,334,245,62,249,168,297,391,491,104,408,368,207,244,211,331,359,266,480,287,471
326,501,371,275,237,80,6,281,193,148,256,152,145,506,200,496,151,158,346,219,376,218,197,413
476,258,273,175,255,40,508,171,26,334,267,233,480,291,459,156,469,194,244,281,23,131,389,395
184,232,152,480,373,157,18,128,498,214,14,219,87,491,286,210,405,57,179,340,332,236,118,426
477,35,193,466,373,37,276,470,82,363,439,26,364,246,379,223,159,504,420,371,452,442,496,58
508,56,480,501,159,164,441,160,381,379,462,418,274,109,403,311,6,452,208,266,457,211,221,101
302,8,333,210,103,311,291,149,398,293,508,209,285,242,254,402,251,199,377,373,111,221,252,99
61,132,75,508,422,316,2,476,379,346,224,96,154,395,415,391,479,125,497,210,342,63,156,114
9,36,408,238,335,3,152,294,297,184,251,508,441,464,187,468,479,424,192,108,75,323,198,77
408,439,42,398,16,450,83,162,139,79,508,432,152,213,233,175,209,120,143,129,461,151,377,375
60,222,374,406,5,296,113,148,329,151,303,131,417,508,258,504,405,254,200,389,152,496,192,391
192,460,470,417,42,151,283,123,335,196,262,120,148,322,49,439,34,182,462,152,111,113,159,373
376,209,379,480,219,333,206,363,258,506,228,405,79,468,211,77,188,364,275,59,133,26,414,299
362,144,63,140,508,169,323,256,498,210,61,399,441,359,219,426,125,490,156,443,417,155,312,470
45,3,359,453,42,164,395,467,210,151,236,202,75,115,302,55,413,98,77,52,113,97,152,272
437,130,399,175,270,126,98,192,242,56,508,302,504,395,30,246,284,171,417,38,168,273,440,141
12,340,28,508,304,29,194,244,474,208,316,151,77,395,445,209,279,302,322,373,89,311,87,459
418,92,449,333,311,475,268,366,126,6,152,108,508,194,251,109,147,183,163,351,62,497,42,60
34,53,152,399,328,373,216,66,149,28,197,88,98,366,83,194,392,414,396,372,457,113,508,274
326,273,470,395,169,210,211,506,311,367,18,91,386,493,269,157,63,283,209,466,503,213,374,104
480,206,254,408,60,329,223,455,395,425,210,371,257,426,94,374,55,406,251,381,11,130,84,158
508,483,414,358,405,193,158,373,179,328,480,66,113,21,406,374,186,463,152,35,175,109,273,41
406,211,312,470,322,508,341,127,210,325,46,174,260,209,12,440,192,383,448,499,52,371,152,124
508,281,127,381,293,269,67,14,156,25,118,286,122,161,226,192,112,373,152,70,254,325,374,246
32,269,287,395,381,218,322,12,191,447,143,503,112,328,3,506,193,211,53,187,197,133,155,502
418,126,332,42,506,391,26,59,437,63,45,98,348,152,435,326,38,413,462,256,108,182,144,115
34,203,152,210,151,341,0,383,181,132,508,480,267,10,69,439,158,193,171,174,502,302,109,187
40,347,392,111,381,508,276,100,363,54,145,14,506,79,492,458,210,211,152,58,313,77,96,332
371,145,211,450,413,395,158,26,407,391,267,209,302,219,460,85,180,62,123,175,81,461,96,132
381,433,397,120,168,109,14,164,152,274,392,463,350,10,84,389,77,440,89,330,48,310,226,175
238,381,464,120,395,375,96,18,348,192,302,391,480,3,155,508,203,169,208,168,55,490,418,132
254,433,429,373,206,83,26,444,337,127,344,391,110,1,395,92,398,139,202,169,232,347,316,179
475,391,458,29,425,448,392,112,381,212,311,210,290,26,332,184,198,280,186,47,341,16,28,221
85,384,311,491,87,505,134,444,423,508,210,195,118,479,375,463,477,395,207,75,329,483,145,417
210,346,83,169,203,484,154,149,430,373,335,454,268,457,508,294,167,504,63,371,209,377,136,415
272,499,449,211,148,377,455,213,101,152,490,504,276,392,480,194,84,395,70,209,389,138,398,348
323,95,8,404,333,416,483,109,32,115,152,90,387,463,128,508,281,503,210,132,187,492,302,481
152,209,34,439,368,467,311,491,370,508,483,499,418,115,493,1,177,389,23,95,210,302,489,378
23,83,26,357,426,62,192,396,151,210,199,8,480,208,11,193,325,445,67,232,359,93,183,326
508,190,221,343,87,102,224,3,371,413,480,217,492,470,263,324,184,235,389,26,287,163,27,440
333,210,469,483,194,109,211,145,311,112,260,445,478,272,65,128,25,391,102,151,267,152,70,412
95,114,487,449,30,147,41,309,293,471,476,210,112,288,190,325,67,508,297,48,447,299,477,398
17,506,255,159,89,13,98,135,107,221,357,416,480,254,62,398,426,353,303,19,411,226,274,329
266,268,15,202,234,170,54,256,377,307,152,210,98,478,39,157,213,271,371,273,395,34,449,171
228,433,152,276,357,128,176,210,109,437,218,508,325,416,251,441,46,240,391,154,194,422,8,418
387,262,295,69,371,480,109,299,171,430,501,257,333,8,98,111,238,508,356,75,413,236,211,338
374,383,169,102,508,125,443,45,407,400,96,194,395,281,186,36,251,288,454,152,191,424,426,435
12,94,374,126,42,328,145,418,491,414,377,151,325,457,217,144,497,442,41,191,251,192,89,342
195,194,269,413,273,363,54,96,459,151,508,70,188,283,126,93,479,101,230,381,266,238,171,461
30,129,232,18,55,421,152,113,235,151,413,160,501,189,348,366,112,483,281,477,210,460,214,285
183,480,463,242,158,168,375,171,93,78,394,508,302,477,461,148,457,321,194,494,299,51,15,276
140,248,214,397,138,210,418,342,48,144,470,60,148,508,357,469,430,26,161,301,127,359,156,302
157,49,461,508,276,389,98,506,100,250,332,311,210,170,398,406,408,477,192,425,6,236,53,232
330,481,383,395,447,471,333,468,391,370,188,358,302,141,210,2,3,381,8,508,180,31,264,177
145,114,127,288,136,1,95,59,236,152,457,105,383,499,192,371,124,179,113,110,97,389,85,489
315,470,152,318,508,90,210,501,126,294,274,34,356,171,169,333,128,362,319,371,381,479,209,218
70,151,502,466,462,210,238,171,101,503,217,3,92,65,152,508,415,106,245,254,221,278,315,286
411,451,256,175,288,127,312,145,77,156,348,508,359,3,169,303,25,211,34,311,245,219,349,276
391,278,104,359,508,219,144,89,43,414,254,73,466,115,425,77,384,3,318,31,109,348,377,135
508,42,183,476,439,491,102,251,152,273,127,437,281,417,192,459,335,88,434,67,219,478,470,111
102,352,180,267,302,3,391,8,41,109,294,110,168,246,323,127,332,359,79,145,373,210,317,441
156,247,127,169,55,93,167,47,302,34,333,198,276,21,395,30,214,200,417,152,341,232,308,264
464,333,474,345,35,302,508,364,439,63,231,441,288,376,267,92,210,53,126,480,452,114,315,193
311,493,436,328,457,132,480,428,54,260,498,450,339,490,234,158,497,34,207,53,188,426,381,147
242,480,334,247,508,151,89,279,326,187,314,210,312,60,452,139,193,113,105,398,14,136,367,98
210,194,192,395,145,152,357,279,426,189,86,127,504,508,143,391,323,503,28,396,461,92,268,113
277,70,458,135,102,98,457,12,405,21,198,151,504,463,155,30,325,191,235,330,121,113,211,156
371,254,424,410,152,176,180,303,299,113,53,23,230,55,109,98,277,41,144,349,276,74,395,281
302,508,281,292,164,440,489,111,57,299,276,210,207,84,190,161,429,175,341,22,191,494,56,354
440,391,71,62,490,502,69,317,407,302,405,347,461,476,56,494,481,184,98,180,174,479,35,477
457,133,290,280,69,0,395,129,266,236,43,45,15,152,446,151,28,207,121,251,210,19,408,508
210,374,343,330,403,296,508,49,70,254,276,127,441,58,390,395,3,505,141,128,130,375,391,113
484,59,247,60,496,344,113,135,483,152,129,210,186,256,508,159,435,437,292,185,480,468,276,348
136,164,155,195,407,312,63,507,311,328,417,294,79,39,54,10,122,301,396,199,210,232,357,457
316,224,65,281,444,391,14,408,425,82,371,92,34,298,413,287,489,144,86,177,387,503,414,357
101,457,198,210,182,371,171,126,424,464,129,508,372,255,226,157,413,341,230,237,395,167,434,127
6,152,201,286,174,303,254,480,89,209,426,398,344,292,276,99,133,90,173,350,43,470,457,210
398,334,508,414,302,210,51,332,61,427,377,483,193,399,175,168,173,155,140,506,384,127,432,455
55,430,148,3,414,398,127,108,179,76,395,371,155,507,230,506,472,206,57,413,87,435,366,313
67,88,111,451,152,14,326,462,113,383,316,26,232,42,98,348,151,215,3,168,133,457,306,136
158,391,18,124,289,508,332,415,140,69,120,52,497,431,268,271,126,256,270,480,219,426,330,479
128,373,210,59,158,417,508,395,38,100,41,54,254,426,117,320,135,304,55,457,127,408,504,331
224,144,367,159,202,103,3,344,175,477,265,60,370,395,323,113,211,462,298,432,371,343,210,457
335,92,408,288,211,508,359,480,332,458,210,251,496,433,387,276,32,69,136,52,154,502,98,48
333,497,401,56,222,313,499,508,484,152,309,426,188,210,10,471,211,217,231,93,199,164,123,122
140,54,316,6,152,391,343,288,91,434,174,60,281,456,373,423,482,70,374,300,508,396,299,383
54,152,52,447,394,219,431,508,433,439,302,134,314,41,335,34,89,424,10,23,236,276,421,139
470,217,268,276,338,121,242,371,53,429,311,32,508,138,120,479,211,426,374,152,331,254,509,42
95,114,302,207,290,21,326,69,271,42,246,480,381,254,508,267,152,391,457,67,317,16,60,71
129,268,207,216,193,395,322,463,434,36,236,144,103,442,479,210,171,152,276,83,55,440,431,26
373,113,475,23,152,355,157,311,367,387,410,480,95,206,168,309,163,30,506,489,462,15,242,404
245,346,423,333,434,504,34,408,60,237,312,425,12,314,501,204,380,377,369,469,149,175,249,211
311,480,130,49,171,90,254,152,462,317,32,73,508,9,389,156,262,287,81,193,422,17,210,461
247,268,417,367,151,435,49,34,152,198,362,489,88,333,154,483,71,426,288,113,318,210,106,125
358,247,100,194,67,193,366,21,169,489,73,210,144,221,228,170,168,463,81,272,75,316,115,395
126,267,286,439,430,210,281,469,152,124,104,254,366,483,383,449,156,238,213,346,313,114,26,450
141,302,333,438,193,177,67,508,408,460,8,57,312,175,133,468,127,422,246,151,168,47,169,79
131,251,111,435,361,152,208,192,396,429,377,280,371,211,187,452,369,144,362,153,188,242,246,432
82,302,506,505,228,91,230,492,260,49,256,210,187,251,433,179,113,384,79,152,95,144,359,10
3,464,302,325,381,367,215,151,60,115,89,238,408,476,210,152,21,399,220,425,409,292,480,131
333,400,169,210,332,429,447,61,121,375,389,155,152,405,266,94,3,391,26,11,476,326,399,170
254,42,395,434,324,27,114,126,204,415,251,450,23,426,258,139,156,308,174,7,400,353,180,396
3,121,484,210,12,111,504,209,347,63,377,466,108,151,184,244,508,245,48,7,480,200,357,69
236,216,182,45,506,152,156,69,41,157,311,192,26,391,328,7,408,123,55,302,262,233,298,281
331,32,111,400,41,109,391,155,480,387,469,23,493,379,270,441,151,95,482,87,144,53,63,159
281,208,88,195,479,508,390,73,80,336,211,180,316,85,484,251,196,268,449,63,97,480,494,260
251,218,98,387,242,506,34,61,398,438,112,243,329,39,206,381,246,147,443,26,102,399,90,310
154,36,256,113,373,79,392,61,224,381,236,459,480,202,101,152,468,34,60,193,1,504,357,226
413,389,194,79,299,236,91,227,371,42,426,109,285,270,310,92,466,127,281,122,66,480,317,37
341,169,381,106,478,16,375,395,391,329,505,431,135,466,214,218,297,174,509,475,378,312,433,498
452,425,508,506,50,421,369,34,12,13,475,210,75,127,374,81,139,373,302,80,152,281,269,226
398,14,276,457,304,508,207,329,151,333,152,290,254,364,408,502,202,272,269,320,148,324,326,317
42,326,391,75,71,316,467,110,480,475,122,367,159,351,92,482,309,311,426,506,409,360,276,3
414,179,508,156,443,246,12,34,316,242,334,42,226,411,395,92,498,66,40,211,194,446,417,60
420,230,18,404,42,211,309,175,150,483,318,375,371,232,491,324,408,139,383,154,503,145,476,83
508,330,16,182,261,281,491,298,311,259,334,62,219,417,492,283,304,288,2,31,181,29,297,59
369,220,211,332,148,395,479,340,230,26,293,206,508,60,28,56,151,132,40,237,334,138,311,123
438,210,209,151,507,428,94,51,109,83,302,405,395,466,439,423,194,237,10,34,254,403,370,244
281,12,98,201,311,503,429,186,225,83,407,302,210,49,254,54,152,110,211,16,53,129,41,252
246,51,298,375,211,426,152,197,288,290,439,395,508,396,217,210,269,55,159,387,473,196,60,484
109,211,439,308,98,112,158,468,152,359,210,506,151,79,460,173,160,469,317,374,479,199,499,276
34,399,144,329,270,380,151,489,38,508,210,242,21,245,115,348,70,324,62,42,480,139,395,99
219,476,238,438,166,126,479,416,60,88,115,151,367,152,372,332,200,273,259,302,508,254,6,168
211,506,141,169,131,374,488,268,77,508,414,468,208,258,193,201,152,322,41,225,151,505,281,339
36,286,297,346,475,23,245,508,238,374,211,221,492,210,368,315,251,68,152,312,378,483,377,194
258,499,476,478,194,169,453,151,246,62,324,468,328,109,374,426,400,299,145,326,236,144,311,496
238,395,104,508,344,364,40,198,147,335,23,26,268,199,71,403,5,246,389,210,216,111,14,167
376,461,356,307,276,210,508,346,286,380,164,471,398,417,290,479,352,476,115,70,505,23,39,371
197,281,441,89,204,348,381,477,359,131,120,163,457,187,151,479,330,244,395,83,480,442,210,391
16,209,467,440,251,174,201,3,232,371,41,359,372,212,65,439,152,89,459,468,435,49,222,112
491,335,346,326,114,115,276,231,64,207,56,444,110,439,415,236,426,264,48,103,508,50,3,211
246,198,460,71,466,266,186,439,477,307,374,248,335,236,179,112,111,79,127,144,333,110,396,452
435,50,151,432,42,438,302,158,375,126,508,300,479,55,221,168,213,10,120,198,405,193,426,159
432,477,113,508,301,109,290,151,246,325,240,192,79,67,128,245,335,152,420,443,302,117,42,251
97,373,210,446,71,160,41,374,39,106,236,395,506,426,144,42,194,25,495,391,340,283,508,157
503,25,437,42,359,69,342,245,320,109,95,188,182,281,508,297,211,375,471,236,9,470,403,274
425,508,490,417,445,194,382,85,22,302,210,55,335,504,190,483,125,455,141,281,208,480,209,325
410,219,144,78,164,397,17,209,507,318,240,508,51,396,417,399,457,429,216,83,109,388,478,281
209,371,426,443,302,6,274,483,126,389,418,477,508,236,79,401,103,424,480,348,254,367,360,93
439,154,326,14,185,311,472,94,152,362,176,497,447,302,508,192,457,36,357,347,34,346,138,332
169,323,8,277,210,321,340,452,63,480,101,152,60,405,47,508,439,397,144,56,359,466,79,216
373,19,158,476,208,31,439,503,23,277,35,144,313,64,404,79,329,152,375,342,269,506,48,58
62,193,419,276,450,211,232,373,214,274,12,87,254,246,199,482,177,219,369,135,168,197,302,359
370,257,90,34,74,123,311,417,386,210,89,286,486,179,403,1,401,136,430,211,408,151,477,166
34,290,169,133,497,493,83,391,136,408,508,269,246,192,141,251,174,197,109,317,422,221,159,360
332,269,381,333,144,371,398,122,61,164,78,223,463,60,20,276,251,113,417,431,277,81,395,59
210,222,60,236,374,127,109,237,483,480,457,269,398,179,371,77,63,287,232,315,151,70,29,504
148,434,42,125,49,504,118,460,14,399,60,349,63,152,108,480,483,307,424,391,374,479,168,286
312,440,307,169,314,31,126,194,192,83,56,152,395,480,73,117,461,130,145,508,84,164,14,20
92,484,21,195,26,192,457,208,194,508,101,366,333,497,436,424,352,314,90,217,256,407,187,331
508,151,480,271,457,74,246,238,323,418,23,266,106,109,445,449,184,415,311,152,350,479,370,454
382,342,251,499,395,316,211,302,138,210,168,188,76,470,151,128,403,51,475,381,374,214,362,508
152,238,504,342,408,424,109,508,436,210,34,359,340,156,119,136,312,336,254,42,316,335,88,33
316,398,298,12,460,348,489,210,459,508,168,246,53,169,157,152,27,217,301,408,391,1,480,388
8,95,154,342,109,366,130,26,426,402,471,398,128,144,387,395,302,14,470,467,415,480,325,447
210,494,144,47,195,62,236,83,480,126,471,455,125,414,466,413,334,470,79,254,244,154,322,219
26,334,42,30,331,379,395,408,441,436,219,400,464,101,47,20,433,102,88,322,112,437,399,450
311,342,66,312,391,214,260,156,340,152,316,98,42,480,287,246,41,276,461,398,358,148,211,470
407,448,210,480,245,236,499,211,268,351,189,174,418,3,246,156,489,459,152,52,470,292,11,169
210,154,341,99,84,471,200,114,391,193,75,168,196,18,370,53,508,506,245,218,441,416,347,269
174,445,402,104,171,38,210,12,193,214,311,81,389,275,156,9,384,186,111,381,469,476,503,254
286,457,74,25,126,432,210,4,326,508,207,416,316,398,198,63,65,88,75,136,417,200,374,90
151,506,479,109,497,498,179,174,136,216,254,362,88,168,210,457,302,209,152,119,412,113,55,199
101,508,383,391,463,155,21,23,177,126,276,3,354,481,168,152,92,260,377,52,376,104,194,288
429,47,50,272,41,126,368,508,356,98,413,64,49,43,152,253,381,112,145,151,194,209,497,139
205,159,318,246,314,303,391,213,447,398,298,23,357,94,429,268,74,198,96,193,385,501,408,98
480,164,122,45,160,228,124,140,245,235,55,441,395,286,210,307,87,190,468,10,138,177,502,508
508,151,144,477,441,395,234,254,438,303,177,110,210,179,479,188,339,155,145,316,157,232,330,216
159,462,210,508,480,3,269,233,292,479,115,175,348,466,226,28,477,437,383,90,194,347,245,127
221,467,470,210,152,347,7,126,173,54,108,360,113,376,250,180,41,224,400,346,208,37,34,198
163,269,417,444,342,131,232,83,94,217,341,422,245,159,508,335,426,480,302,62,208,20,330,405
253,160,3,47,42,322,232,460,133,491,386,145,220,457,210,51,158,73,226,371,254,198,98,188
210,188,162,206,230,60,441,152,234,508,303,41,26,474,112,469,208,17,29,10,284,88,85,388
343,178,63,508,433,439,88,424,65,98,506,3,242,34,254,159,308,97,317,246,210,140,201,130
26,141,257,480,335,47,479,508,455,109,190,56,249,210,326,60,359,92,391,313,281,505,226,23
14,402,315,60,158,93,198,371,431,234,332,278,300,436,152,492,355,222,192,373,309,3,349,41
111,175,144,260,387,471,398,508,439,210,444,11,470,183,115,311,152,137,17,109,424,52,22,459
16,328,414,254,152,26,430,299,389,78,140,357,325,453,40,10,136,170,199,245,111,200,256,457
129,224,467,479,152,110,38,276,379,391,508,57,317,63,194,308,342,291,280,210,151,156,424,184
426,60,23,470,84,239,422,188,497,469,69,210,479,245,478,457,281,49,151,109,169,302,325,145
73,325,246,163,409,210,151,376,476,3,480,499,111,41,396,508,236,192,208,197,495,496,152,302
311,3,391,302,326,155,371,151,69,188,118,148,210,174,413,91,254,429,251,399,231,417,119,88
311,309,489,348,6,389,426,448,374,195,80,325,139,452,347,236,108,211,83,214,188,326,54,417
115,302,395,103,399,126,151,152,43,422,326,470,435,110,259,133,98,154,508,357,293,224,482,3
230,332,450,385,417,215,194,395,210,302,489,470,494,371,268,374,151,30,324,466,299,344,4,213
120,493,158,359,145,254,224,206,98,192,426,67,204,10,447,424,184,161,490,341,168,179,408,17
383,34,389,342,484,494,12,281,385,391,449,294,331,236,362,330,41,316,109,53,94,126,468,318
140,391,444,202,471,371,489,298,461,360,42,99,188,57,77,224,28,65,504,158,171,457,325,312
420,171,278,317,491,251,129,194,508,418,504,69,140,238,350,42,117,29,311,429,51,116,410,364
508,317,444,207,127,208,152,470,78,445,299,222,50,441,496,42,373,381,128,215,113,408,269,147
174,79,390,476,19,357,54,59,409,152,302,325,58,455,482,192,210,479,135,14,441,377,39,373
367,221,45,235,332,40,348,151,472,8,251,508,303,457,311,94,117,71,55,10,404,152,408,201
395,147,506,298,457,222,455,152,179,42,164,175,398,434,381,66,342,131,246,414,98,402,480,371
443,281,470,64,272,480,440,175,51,26,371,251,307,426,341,113,3,194,474,136,497,372,43,127
12,46,276,346,226,333,395,23,295,83,121,211,506,431,275,14,489,297,400,254,508,332,392,463
26,192,394,91,126,402,21,286,386,370,112,288,391,156,11,479,274,223,427,27,169,269,88,426
192,8,466,499,225,476,374,245,75,285,418,471,210,25,174,346,281,394,477,461,43,144,155,497
210,23,60,389,456,152,508,79,489,379,10,445,135,426,29,122,281,391,227,206,156,333,251,260
193,330,391,20,463,444,316,374,39,439,390,273,383,325,435,370,323,348,436,113,497,360,468,476
478,384,163,169,188,184,65,98,156,286,359,199,118,236,502,94,508,395,363,254,299,41,211,267
65,83,58,254,164,480,144,13,406,506,70,273,98,281,374,441,182,109,324,145,156,198,27,477
417,281,166,330,197,154,374,409,210,195,35,342,479,484,508,395,170,207,151,437,83,391,22,205
162,489,508,269,320,130,151,442,233,242,14,238,297,140,455,55,109,246,395,283,66,373,210,461
505,238,307,144,151,3,240,171,206,109,192,283,408,139,42,479,392,54,399,198,136,373,56,186
420,194,54,6,464,210,246,222,199,74,175,314,330,491,29,121,166,152,311,78,185,371,269,336
144,495,245,470,60,413,54,508,63,348,95,152,402,175,325,232,98,285,246,307,417,109,110,198
126,357,75,15,470,420,29,233,313,281,426,466,497,433,61,152,194,272,450,359,289,210,479,305
463,209,441,302,333,151,168,408,166,483,508,152,381,454,123,502,156,336,179,427,360,325,262,196
288,57,159,194,260,209,333,269,164,359,417,214,476,368,151,317,60,498,210,140,62,357,493,175
98,359,381,409,281,502,74,503,69,470,151,448,490,508,373,480,267,370,426,109,442,469,188,36
416,109,383,508,362,91,408,186,274,221,346,207,53,305,151,160,122,349,254,92,19,302,99,502
85,497,270,346,39,36,334,508,98,211,14,151,391,35,152,148,157,503,452,33,28,363,398,169
302,477,219,235,324,146,306,169,104,34,4,479,469,467,228,354,164,238,508,138,92,196,433,391
31,273,265,344,476,228,209,375,389,464,362,371,42,361,140,325,152,508,352,109,234,236,94,98
139,424,113,501,327,152,244,303,107,32,356,268,163,193,273,1,381,60,199,93,437,211,29,144
42,225,254,163,98,303,350,141,351,109,276,395,302,480,210,463,252,50,495,152,419,328,144,476
4,356,112,389,155,440,260,503,211,80,127,294,23,349,273,502,210,26,464,156,34,344,286,125
398,33,426,367,124,194,17,449,433,60,303,508,34,3,315,437,251,383,140,30,325,282,269,20
155,64,445,424,90,89,508,457,307,151,47,468,194,354,391,210,158,437,379,14,302,506,442,402
436,60,490,417,219,207,37,390,480,359,498,29,66,152,269,143,465,102,179,302,508,35,328,169
503,331,95,283,229,322,167,151,246,152,98,406,4,439,168,34,144,254,508,466,279,156,128,210
455,499,273,450,487,115,142,373,508,186,392,193,77,463,312,325,218,126,13,188,127,391,359,316
333,342,337,361,210,145,273,480,41,98,155,237,349,226,470,250,10,152,119,311,336,367,34,447
56,508,276,66,62,316,335,70,371,209,292,88,177,352,211,449,413,478,484,154,35,65,392,157
96,358,245,325,18,241,402,244,254,395,210,461,115,508,335,143,423,226,152,140,374,34,332,83
502,200,373,193,370,504,199,508,360,289,232,470,238,401,247,62,94,223,457,475,83,264,15,277
283,155,450,210,1,249,297,175,291,34,496,391,395,361,179,178,238,411,48,502,198,192,123,330
210,424,90,269,171,280,420,246,398,212,352,211,434,232,475,272,143,122,12,207,376,216,395,235
174,287,483,337,120,408,240,162,124,234,131,196,193,312,244,258,273,184,358,214,192,28,439,210
311,109,90,3,508,210,285,455,347,32,194,346,238,136,299,206,343,315,98,127,199,506,211,30
211,342,108,52,162,66,269,469,277,508,367,115,482,8,457,397,351,151,302,413,126,163,315,78
10,193,417,412,311,143,39,502,281,348,508,286,231,62,266,283,210,220,368,242,501,238,297,274
221,357,494,477,504,188,334,436,152,254,179,41,371,445,145,109,213,471,401,199,408,273,479,34
