334,476,489,450,487,483,380,34,211,308,508,292,505,228,221,408,474,92,84,191,138,281,417,58,194,12
152,308,80,126,368,426,98,350,61,339,388,210,269,508,477,25,49,67,186,268,260,34,69,63,420,164
504,373,302,479,61,226,42,429,60,94,156,101,414,269,354,398,384,145,126,136,175,68,148,170,506,114
22,69,211,93,195,171,228,495,182,395,446,123,508,476,266,216,193,282,138,80,130,367,351,157,478,88
64,210,302,370,214,254,281,63,313,243,211,434,115,208,395,471,245,126,195,207,398,238,185,141,169,161
248,413,101,316,448,508,377,391,128,328,127,200,113,311,472,347,393,42,75,280,18,259,136,308,210,346
325,357,26,20,302,431,36,152,211,193,373,213,84,417,489,508,418,480,311,14,248,465,506,175,7,404
371,124,64,458,21,130,478,311,316,211,238,349,69,381,463,210,232,73,268,314,491,152,246,493,394,8
464,508,42,261,307,56,8,411,389,395,211,251,337,279,129,144,170,125,152,281,179,336,60,41,151,492
194,168,152,142,316,151,331,311,480,508,34,297,230,506,373,199,206,155,238,468,65,391,268,324,444,40
198,151,63,206,272,379,322,144,383,214,420,508,447,58,180,424,276,498,376,30,210,323,317,141,14,16
201,438,395,194,133,371,58,94,67,378,138,368,301,175,450,452,37,439,113,435,60,100,77,243,302,430
358,98,94,138,55,167,70,494,370,302,408,226,240,389,437,66,422,439,186,492,218,210,435,485,468,334
276,391,191,479,369,152,494,404,210,42,159,37,403,468,434,179,69,326,377,113,138,506,126,508,464,444
504,346,294,418,432,42,89,434,180,337,470,21,391,166,151,242,127,394,458,500,189,232,210,202,403,69
263,326,508,238,426,143,248,171,391,302,244,274,433,491,397,474,186,311,156,383,8,146,427,127,480,210
37,109,209,311,234,466,292,429,159,288,508,113,151,375,351,169,213,408,152,188,74,440,485,359,364,96
508,384,19,48,9,23,399,395,152,185,99,93,483,254,474,175,340,443,302,81,459,252,66,374,242,403
283,479,115,140,126,276,395,359,133,457,268,335,232,211,152,508,286,98,198,23,110,434,56,114,209,151
126,322,508,198,65,120,41,210,101,36,33,175,179,104,180,218,209,73,225,386,399,157,334,332,311,276
367,66,464,508,30,395,53,152,156,210,238,276,216,20,254,401,60,35,328,234,504,353,311,463,279,386
493,71,414,14,32,441,504,288,470,508,126,345,185,374,314,238,245,136,204,369,309,251,304,273,127,3
396,8,426,277,152,198,346,168,389,358,246,508,466,252,286,228,210,204,284,97,360,133,6,330,54,226
170,150,347,395,36,354,151,422,362,440,17,396,94,179,508,302,383,140,101,269,167,254,374,88,210,113
482,251,262,56,424,167,302,500,269,373,391,341,276,399,389,395,506,429,232,50,186,367,209,439,156,77
90,440,331,210,307,294,332,23,508,268,205,106,208,30,174,270,64,71,109,95,183,299,476,377,114,194
426,214,159,20,311,226,60,194,501,508,188,302,41,337,461,391,120,23,189,506,497,57,381,75,326,345
483,420,152,224,508,250,502,226,398,395,41,29,95,373,383,439,18,374,171,292,359,155,335,78,28,210
102,398,229,388,440,67,508,314,380,333,281,152,79,493,188,291,199,57,180,115,71,330,308,486,133,408
426,493,175,114,26,435,506,65,322,402,331,494,179,95,379,8,452,246,464,130,193,156,306,67,381,161
206,323,54,188,26,136,391,402,101,324,152,343,366,174,179,69,210,339,463,312,109,193,11,140,374,100
381,78,193,333,508,413,90,56,478,22,232,113,288,312,375,308,115,210,476,275,328,127,366,121,69,395
52,426,39,222,69,508,3,60,394,165,340,503,232,152,491,49,14,164,75,329,254,159,154,150,55,391
34,418,152,6,297,472,144,211,303,16,210,480,399,49,193,157,111,331,377,41,19,356,288,371,247,194
479,403,254,6,186,49,251,273,375,97,210,405,229,133,106,308,357,268,47,12,168,394,46,78,144,205
126,508,63,429,330,202,252,468,159,379,311,60,80,175,247,42,156,30,130,320,135,41,102,374,367,476
35,251,211,508,426,317,126,188,379,374,273,20,219,437,416,225,210,243,115,320,151,275,246,265,480,398
219,439,370,141,450,437,408,331,152,417,406,105,199,457,127,175,298,16,208,173,248,238,444,149,477,125
230,281,451,316,152,415,291,256,46,395,508,486,219,149,115,185,179,138,151,251,445,47,439,363,270,254
338,387,354,316,505,151,464,179,219,194,508,23,140,198,468,324,398,328,372,283,75,87,269,339,58,66
271,203,367,325,211,168,317,377,210,374,246,508,70,391,5,126,8,61,345,14,140,183,162,302,324,333
391,133,323,381,395,156,439,210,374,211,239,311,136,281,479,440,394,184,111,164,369,457,345,2,27,252
508,152,483,361,382,83,457,395,459,453,175,210,36,168,3,368,480,271,38,384,160,40,311,60,303,343
216,151,395,392,152,373,156,451,352,348,77,476,98,336,508,405,193,292,374,251,397,210,194,254,227,83
113,3,60,210,374,175,213,281,246,211,152,359,439,318,266,1,14,56,215,245,112,141,125,475,212,121
508,152,2,213,326,166,391,189,29,109,445,223,476,275,463,110,113,450,141,156,439,457,349,400,177,41
473,23,16,214,209,226,330,481,379,159,391,474,388,266,42,374,249,195,57,34,285,88,297,254,464,126
395,23,3,95,66,303,168,135,359,152,328,238,312,409,34,251,381,16,189,508,156,317,391,187,180,145
151,203,435,357,195,480,142,156,109,174,159,246,312,210,311,337,98,95,226,158,288,314,41,408,238,505
40,415,79,381,332,480,26,158,152,227,345,83,326,506,151,251,503,129,232,48,408,213,34,254,77,508
480,342,140,100,157,394,36,109,391,330,424,254,401,245,41,479,447,127,388,508,148,325,210,69,423,483
219,246,66,323,425,364,211,413,433,193,370,129,496,470,118,373,232,342,281,285,380,222,461,268,286,469
211,357,116,275,292,180,172,193,235,155,104,187,459,463,381,508,314,493,88,109,237,461,222,405,383,252
246,67,506,33,373,185,313,159,269,83,322,302,245,41,237,175,104,359,315,417,109,408,508,260,490,101
236,66,391,394,297,193,113,280,210,156,151,487,42,433,212,325,81,311,14,152,254,439,168,273,508,274
311,339,238,210,244,504,413,385,152,50,331,508,156,256,255,14,468,208,507,251,281,480,214,151,304,497
508,333,151,345,401,206,32,492,477,289,42,89,84,338,489,476,371,157,265,500,304,229,75,201,431,74
295,165,140,267,441,347,41,187,152,112,442,398,426,126,316,283,158,280,302,360,254,483,358,125,248,108
251,151,334,17,124,478,224,376,42,13,348,291,100,459,3,325,502,76,192,467,248,286,216,40,8,470
61,387,194,174,370,401,267,260,104,368,180,237,445,152,117,410,283,269,151,210,36,43,171,67,287,132
210,318,438,434,114,334,34,156,78,207,443,508,472,469,406,433,187,281,225,51,379,371,66,115,466,285
351,65,163,381,159,317,449,161,311,101,151,490,27,22,126,141,199,506,479,29,269,493,211,73,297,509
80,418,95,151,371,395,186,132,126,3,39,243,201,141,136,508,152,156,53,144,328,251,407,281,213,470
464,130,505,448,392,232,63,192,470,340,504,175,76,2,64,159,210,269,42,193,152,302,420,87,395,151
479,32,405,187,115,14,17,508,35,246,80,443,334,169,260,186,130,483,391,275,441,49,129,397,238,251
294,78,125,376,359,302,445,426,322,80,139,151,32,120,375,410,491,188,141,131,392,434,198,12,118,112
254,35,336,489,152,508,17,444,151,482,328,236,477,331,332,132,250,83,311,81,407,179,354,224,294,326
154,79,17,67,42,152,385,171,464,263,327,332,476,312,339,396,211,468,373,3,269,172,98,508,122,479
152,508,474,494,312,391,466,470,192,210,179,88,290,367,476,194,427,173,130,441,7,286,501,408,104,83
120,229,94,219,262,118,499,210,417,508,180,343,331,401,258,152,248,408,273,328,3,221,232,381,274,127
400,281,218,508,339,88,10,374,294,29,151,90,179,1,207,349,504,417,56,297,126,254,486,476,435,249
331,359,29,2,92,41,75,273,402,461,42,123,491,95,356,323,344,281,192,57,153,242,471,395,210,399
36,455,376,152,372,508,28,102,209,47,316,210,445,436,351,135,281,434,161,367,217,452,269,329,153,285
345,47,466,439,322,14,109,337,269,140,508,39,180,108,280,311,78,151,120,148,57,435,34,198,210,442
11,508,504,394,156,60,210,34,73,389,64,41,268,40,245,115,215,83,151,211,70,127,91,308,384,61
250,202,121,10,505,232,270,506,230,75,115,152,405,109,392,398,71,26,389,426,297,213,491,508,425,3
126,199,66,63,25,230,391,26,251,281,343,105,55,226,192,214,282,187,139,23,41,429,201,268,178,374
156,379,508,504,457,5,256,23,274,112,169,38,493,25,210,350,339,41,15,19,303,480,331,434,333,42
62,343,352,205,254,60,97,478,439,158,505,122,127,265,445,41,387,245,210,224,234,294,466,59,498,508
209,508,480,115,378,491,152,92,348,457,286,334,66,210,346,199,246,270,145,109,417,32,429,461,26,498
32,34,273,118,75,396,440,41,207,194,413,179,151,193,2,381,471,206,281,43,391,127,70,51,210,458
34,391,331,37,383,480,373,63,210,152,115,102,92,228,288,313,508,453,219,381,96,311,26,503,165,127
37,113,23,430,506,483,237,27,42,219,118,233,476,362,158,308,192,6,247,281,342,198,21,274,210,329
210,335,239,211,508,434,274,115,484,9,422,88,331,420,406,158,179,95,396,446,53,31,203,466,260,343
426,211,188,82,250,83,373,408,11,40,41,424,175,331,395,80,48,357,281,14,508,193,194,327,415,447
8,219,14,415,90,395,508,132,423,242,470,447,31,391,480,362,152,255,63,207,401,126,476,464,254,249
335,218,175,149,115,26,212,398,281,255,260,27,439,312,60,457,276,219,270,207,379,445,470,126,210,206
152,302,308,100,366,371,234,192,174,450,337,341,13,457,86,313,328,290,301,109,194,423,408,395,36,163
340,359,209,202,143,62,508,123,466,67,277,303,387,312,318,60,193,133,352,257,194,140,482,316,413,489
191,202,96,166,136,503,107,144,62,268,210,381,471,111,236,138,300,23,152,401,200,371,417,26,98,506
199,100,374,210,31,508,126,8,34,420,336,211,189,4,395,401,26,208,246,431,127,476,290,152,156,302
37,391,413,297,181,497,79,210,145,69,323,373,428,13,206,451,273,152,490,140,379,493,158,186,274,168
276,498,344,42,292,396,352,3,439,502,152,464,67,102,24,351,232,395,115,389,338,238,326,169,342,412
143,210,508,238,193,368,506,149,385,6,377,153,98,186,60,356,19,460,276,158,209,333,57,504,28,317
112,118,60,480,210,152,392,46,143,322,409,69,93,245,155,169,300,34,502,328,211,281,201,219,508,311
325,374,144,69,474,329,148,417,470,99,113,211,42,352,98,166,395,439,460,275,204,361,248,236,298,160
193,23,508,213,446,108,204,381,95,251,332,112,199,229,152,66,395,135,356,367,460,482,111,288,281,447
14,26,276,344,389,170,185,152,194,302,251,278,454,159,317,77,60,55,490,17,201,224,508,173,457,269
17,372,326,211,201,463,226,508,356,232,16,156,266,169,45,381,502,67,452,402,357,115,151,371,281,388
162,468,193,156,79,452,43,364,501,31,256,210,209,169,425,168,359,311,438,325,152,477,437,330,508,200
492,102,275,84,325,496,211,449,508,188,210,251,19,100,152,16,171,260,488,39,398,269,245,484,290,470
280,160,395,335,302,39,293,194,480,211,26,444,210,149,458,396,450,209,71,460,457,207,263,466,152,298
92,109,177,470,61,299,357,111,494,479,457,387,26,224,335,464,462,60,210,482,161,508,302,506,220,13
174,316,480,391,286,62,487,370,269,371,141,155,97,312,236,470,188,151,417,332,430,14,424,287,443,145
148,251,54,169,508,201,296,361,6,157,411,457,210,447,225,220,226,192,395,10,320,171,205,396,132,404
467,269,412,140,502,363,107,175,182,210,398,97,256,23,195,227,389,42,302,506,152,7,431,211,299,151
344,156,101,78,491,206,489,338,285,281,81,70,290,230,254,60,478,42,475,428,199,114,339,273,236,51
333,508,194,213,28,115,300,280,504,232,392,124,217,496,383,425,494,195,276,373,502,173,268,382,93,339
199,342,115,69,71,333,14,477,317,284,313,67,303,155,219,109,113,440,151,431,439,498,381,43,414,256
126,211,414,381,98,115,268,23,368,241,152,219,508,226,458,297,391,466,311,335,34,310,127,75,85,385
302,413,210,256,211,344,179,297,281,508,152,168,88,221,492,304,447,90,288,171,236,194,434,461,369,497
168,245,128,503,383,288,42,136,166,238,508,480,211,479,316,95,102,76,101,196,202,126,129,322,331,466
315,111,408,152,416,463,23,262,151,35,101,317,375,55,193,269,137,272,508,254,349,175,288,381,482,468
476,391,495,126,246,26,508,75,349,335,301,439,254,141,281,55,309,107,417,245,101,383,113,460,219,445
10,188,371,425,480,395,508,151,152,367,41,407,332,154,481,357,98,409,209,111,232,141,210,133,311,80
37,386,262,480,506,508,224,381,54,210,98,163,302,88,66,123,14,193,457,352,311,330,504,407,403,144
508,254,439,169,398,61,383,459,262,210,375,35,477,104,30,274,171,436,194,152,316,392,349,335,151,58
420,353,64,47,508,476,437,87,269,71,16,138,170,211,175,109,113,107,159,302,152,83,10,505,395,190
90,60,269,69,470,408,508,502,497,209,395,231,322,308,469,113,10,492,135,468,362,136,144,8,214,41
377,131,379,428,367,213,385,159,389,373,87,208,155,192,247,406,185,508,420,483,12,188,194,58,140,232
265,269,508,311,474,3,359,408,83,381,439,452,196,236,374,42,185,173,391,103,182,256,389,420,371,254
342,170,60,302,38,508,141,75,422,133,275,476,381,494,27,457,14,480,83,35,257,220,254,377,194,151
465,359,3,152,333,141,23,206,34,343,294,25,112,301,60,244,379,450,480,299,151,238,29,21,402,268
381,498,219,246,466,30,53,195,93,56,14,175,259,479,127,166,289,281,145,376,508,332,506,232,69,155
192,496,480,325,430,210,35,435,255,63,152,342,269,508,408,497,113,334,468,115,171,340,477,126,148,42
398,463,493,238,424,384,211,315,112,66,437,67,334,21,92,495,388,450,305,194,301,124,508,199,139,71
224,179,64,397,304,415,207,203,426,471,213,188,290,508,435,138,118,74,152,324,123,130,205,246,439,168
482,60,214,206,169,102,186,374,346,413,88,333,151,232,468,242,228,429,452,448,297,171,322,266,41,371
304,132,26,460,29,210,373,179,102,399,350,315,391,255,317,325,334,3,224,489,290,357,508,53,67,476
427,489,488,87,409,374,28,371,326,155,152,352,246,492,159,109,168,408,224,178,219,113,463,508,424,373
366,335,328,148,211,235,323,42,367,251,429,325,359,508,302,465,441,395,17,226,199,426,210,133,374,342
63,141,226,33,388,217,154,508,219,5,126,331,447,498,255,391,228,144,354,23,449,62,317,7,381,161
60,179,476,276,248,138,372,130,474,508,482,506,246,496,111,83,342,238,33,125,434,127,289,302,297,313
369,152,222,374,238,303,34,98,42,14,435,395,45,115,432,335,479,387,3,83,254,496,480,127,391,102
371,508,439,98,325,256,392,210,360,494,152,168,254,464,171,55,200,457,317,145,461,80,6,283,422,342
62,439,192,74,169,489,244,374,168,335,254,405,294,42,347,98,490,477,19,29,66,174,111,55,143,133
344,219,375,348,371,449,156,320,508,395,306,438,413,489,232,221,243,210,476,169,55,213,447,509,249,170
242,371,98,23,35,508,300,504,211,42,426,130,376,161,342,33,160,96,359,373,171,170,276,266,185,4
43,477,152,491,508,328,144,205,214,190,66,235,10,439,269,324,98,379,238,126,440,470,89,45,179,275
118,103,495,126,133,127,405,287,194,335,210,508,121,378,47,408,6,249,160,170,362,206,64,35,158,262
208,6,476,41,152,112,108,56,210,87,195,61,50,336,206,223,98,179,395,313,276,53,51,175,508,335
70,479,474,383,157,463,276,230,398,374,288,91,192,426,459,502,315,63,275,508,126,371,245,457,305,6
371,130,210,128,65,6,422,414,399,154,297,144,17,249,431,274,219,397,283,242,28,63,70,2,152,456
505,234,489,232,55,330,179,356,323,151,254,158,177,302,192,506,152,304,477,307,127,398,210,372,414,200
8,286,276,219,491,202,194,60,41,152,101,417,277,316,30,149,352,117,428,246,374,232,391,254,373,471
101,313,258,311,289,201,365,198,152,114,158,440,400,302,211,213,298,60,325,312,216,338,453,286,276,427
506,302,196,177,288,466,269,508,155,157,48,123,453,69,209,276,179,434,25,411,408,491,116,210,34,144
328,457,260,366,204,402,55,444,244,395,151,367,85,214,453,28,396,210,3,245,425,10,238,89,232,447
413,466,508,441,14,469,208,3,182,210,284,199,439,145,89,370,123,381,105,357,316,317,302,109,114,477
192,249,395,353,54,133,469,152,259,240,254,484,457,130,126,325,498,112,122,50,34,151,63,185,219,415
311,344,157,89,221,395,508,359,135,54,471,391,50,152,170,75,92,66,77,431,145,422,34,426,232,138
133,457,269,494,42,461,395,148,106,156,379,367,152,418,373,326,408,254,471,314,211,192,413,123,381,287
508,151,312,210,359,211,441,400,109,152,317,459,98,304,219,357,42,126,49,493,311,291,418,51,174,46
494,374,23,38,210,469,265,329,303,194,461,457,179,217,344,414,408,381,41,356,508,325,83,276,187,152
459,26,325,457,254,54,374,437,436,271,408,455,449,508,395,3,205,426,62,193,29,108,240,338,221,445
144,79,126,66,254,457,199,479,412,101,203,426,34,115,508,302,119,156,506,102,370,148,82,152,99,8
87,152,10,194,391,61,164,54,293,325,78,302,366,476,163,337,123,206,172,315,470,39,335,508,404,91
312,62,49,19,238,151,495,490,502,232,489,273,425,506,331,426,236,484,171,123,193,56,25,221,274,152
125,347,15,372,148,130,371,168,95,312,109,98,129,40,23,479,210,219,113,480,256,226,502,285,117,280
186,395,391,414,299,439,374,406,206,338,480,474,95,508,327,77,57,210,3,89,348,140,54,127,157,70
167,32,443,254,122,281,276,210,420,152,3,389,504,62,357,10,115,408,193,424,144,244,74,2,358,379
156,395,104,381,425,185,389,115,138,344,499,60,409,42,408,269,266,285,145,95,151,152,211,374,215,246
215,502,309,493,508,8,156,113,184,40,174,128,210,461,389,127,102,218,488,342,140,281,192,75,130,185
457,60,396,505,151,200,266,285,109,302,173,210,156,12,467,341,423,223,291,395,362,222,381,34,287,317
68,422,211,144,140,498,330,225,152,267,466,133,41,399,58,439,303,504,400,391,346,441,60,156,347,281
332,152,303,357,182,426,302,292,417,281,309,259,508,124,99,269,356,479,276,383,341,395,224,80,455,381
408,35,54,307,493,429,199,70,498,469,424,336,101,400,118,267,325,25,226,256,247,311,164,143,405,457
246,152,448,451,160,142,274,442,210,508,348,480,54,316,281,357,73,325,455,229,170,42,268,251,211,151
34,480,8,448,314,356,54,175,498,302,169,402,217,98,122,163,133,353,462,504,156,179,389,129,62,391
270,209,383,269,354,312,60,377,299,508,398,415,288,425,221,401,395,152,331,89,210,131,448,154,19,432
199,113,60,503,254,256,501,281,152,360,479,246,166,457,18,391,502,46,508,173,504,276,150,240,123,330
466,256,95,311,506,373,395,14,209,226,276,157,413,343,480,61,152,210,508,248,55,404,371,175,60,423
248,152,127,311,83,489,81,183,210,495,151,508,229,250,14,276,474,470,92,359,144,85,379,447,358,126
254,127,466,211,508,113,0,250,464,489,231,492,251,343,7,506,417,210,311,62,42,502,193,209,23,359
210,211,84,152,281,422,357,383,472,480,126,466,148,508,192,349,322,442,238,344,424,127,218,246,426,251
508,413,330,45,246,40,194,236,289,139,240,408,276,90,391,386,290,404,12,34,469,429,273,35,400,138
348,109,335,329,376,152,460,214,111,422,186,211,112,210,209,144,488,161,269,93,391,212,384,369,132,47
42,61,175,152,217,158,501,115,231,256,60,75,208,411,216,404,274,408,76,392,508,132,250,120,251,450
463,307,306,103,478,57,170,276,18,309,197,210,35,108,351,193,480,273,506,484,417,258,50,439,76,396
447,80,318,169,265,292,388,268,219,193,339,98,357,508,381,491,468,78,492,65,445,8,220,466,424,297
508,41,428,453,210,198,130,398,90,201,357,194,391,175,152,395,124,414,276,252,373,89,100,349,417,51
127,85,275,396,95,237,136,466,151,202,211,325,508,90,408,413,246,347,214,491,445,441,316,344,238,481
229,210,297,12,323,45,317,209,434,381,391,49,159,268,245,496,145,183,336,498,108,144,85,192,181,401
35,158,508,314,493,209,118,306,127,219,480,287,99,381,246,450,281,401,374,402,454,42,211,113,140,468
454,233,209,330,151,326,333,109,125,201,3,156,193,108,127,94,179,26,374,236,247,480,420,42,188,242
391,59,169,34,426,356,349,463,348,232,159,111,430,457,171,71,152,364,372,65,210,508,99,447,335,466
402,21,287,26,210,439,151,453,126,50,64,238,493,426,407,352,391,334,152,276,325,330,429,508,115,164
155,104,469,254,374,376,47,504,115,110,359,333,157,426,69,15,408,373,169,152,188,64,506,412,303,466
145,366,378,190,270,468,372,188,57,473,219,318,95,211,508,102,194,395,75,423,42,254,398,49,64,83
374,133,210,399,80,186,482,130,405,493,144,375,129,108,195,475,145,188,88,111,37,123,508,211,187,422
108,218,156,152,238,457,34,277,508,299,211,502,30,136,350,26,353,123,62,226,498,254,49,312,297,391
400,42,316,3,193,426,441,258,309,152,146,371,176,299,402,254,506,408,232,144,276,17,314,151,238,323
219,231,325,425,443,240,371,26,236,178,182,508,112,318,309,110,58,30,42,426,209,57,151,246,398,216
508,70,211,357,41,391,280,53,94,169,27,204,439,417,4,188,438,5,245,476,466,232,450,152,505,483
83,217,276,461,281,290,471,260,307,438,26,245,111,503,210,375,297,221,504,272,280,3,395,386,417,414
23,92,152,1,49,418,151,62,303,212,434,463,431,440,225,179,109,417,504,21,481,249,398,210,314,13
113,210,437,98,440,374,346,100,226,368,426,311,73,159,140,281,508,476,395,471,152,283,219,3,230,194
508,103,256,67,94,60,440,237,113,475,483,461,46,401,81,502,373,271,254,248,418,498,335,152,26,207
152,397,35,103,371,331,210,171,121,272,500,198,161,498,27,54,475,249,300,26,370,89,155,168,323,359
88,302,238,34,325,373,368,354,470,178,508,26,213,187,152,64,329,23,408,132,494,335,98,3,402,341
373,343,66,334,508,211,484,455,190,186,113,316,389,283,210,417,109,480,450,33,325,363,395,422,51,110
26,445,269,97,302,432,398,388,193,332,330,413,54,145,329,504,91,373,439,371,206,246,508,435,62,232
330,395,480,27,447,105,311,260,87,333,323,329,359,246,286,130,56,390,484,408,396,210,103,403,233,240
508,281,210,277,41,60,179,236,424,6,499,426,296,267,48,151,45,332,322,219,381,460,286,111,273,384
196,256,90,232,332,381,26,41,498,314,326,246,383,395,34,469,476,244,59,434,325,186,151,480,8,179
23,188,359,442,286,4,281,167,83,366,151,5,508,155,159,328,246,206,25,347,258,211,341,298,480,288
480,51,323,275,211,46,395,218,53,29,187,0,276,130,102,70,151,508,238,94,133,61,496,429,210,65
29,238,5,209,298,493,109,23,152,151,106,381,169,504,229,80,251,246,74,144,337,302,126,232,61,395
281,357,335,69,508,426,194,42,272,160,380,343,332,289,135,214,441,98,401,408,197,376,219,498,83,359
156,59,508,290,3,314,371,109,403,402,283,391,304,380,111,506,311,309,478,12,158,169,175,212,503,361
480,402,106,340,20,81,174,271,506,49,152,103,374,395,373,318,352,460,133,379,508,302,219,211,283,276
508,488,390,357,77,62,210,316,66,498,276,247,367,211,314,50,311,152,130,240,60,113,352,322,412,120
119,10,215,110,179,26,480,391,251,448,502,489,333,172,479,508,210,219,407,194,132,408,241,3,350,362
210,389,211,306,302,90,133,34,140,247,194,219,55,199,144,77,309,42,43,373,3,362,221,179,89,14
275,201,470,151,39,208,508,117,302,96,254,36,188,159,179,255,229,91,125,424,155,193,480,281,51,268
335,179,268,96,238,439,246,208,389,506,480,422,17,98,232,197,300,210,168,18,508,348,195,13,112,53
508,233,149,450,113,276,281,131,47,110,245,42,193,336,83,61,168,152,143,445,320,87,478,225,249,140
263,158,392,132,366,429,404,30,246,315,224,397,331,508,210,381,480,138,7,125,185,373,254,42,121,56
380,328,198,282,147,367,316,42,466,0,299,281,396,18,492,508,210,383,87,159,467,391,154,151,302,170
490,104,378,211,207,439,334,210,228,60,276,156,332,296,212,317,426,223,492,508,151,214,338,391,206,43
311,185,346,156,273,41,34,508,387,453,12,254,144,114,210,409,371,113,454,60,401,195,54,152,141,324
3,101,379,457,30,404,454,59,12,302,472,151,122,245,98,446,414,211,131,63,152,141,185,210,23,425
127,398,391,177,146,359,480,373,478,102,334,246,508,302,229,473,17,358,73,19,402,90,479,213,477,288
29,256,39,152,111,311,14,210,302,99,286,168,359,408,395,343,367,98,211,186,402,30,373,204,240,487
381,66,483,375,449,54,210,180,489,498,261,114,246,404,55,308,58,111,401,34,299,395,188,276,46,480
60,376,311,159,502,302,90,123,503,84,326,154,126,351,468,209,241,222,77,370,477,457,210,373,188,425
210,183,59,57,87,34,312,114,317,389,9,192,386,413,198,457,508,402,219,388,498,332,475,111,406,232
210,356,35,371,245,110,14,286,254,457,16,256,428,103,69,169,151,60,32,328,206,78,440,372,194,56
401,156,288,503,381,276,398,341,483,113,151,414,60,3,186,127,38,202,355,508,351,203,497,326,470,23
174,254,303,471,79,440,463,6,370,269,40,508,268,193,476,130,395,480,359,426,447,98,304,470,309,348
128,248,136,395,88,179,95,127,73,290,198,236,251,474,29,188,501,265,111,8,78,110,210,505,351,357
97,284,144,395,169,210,417,261,7,498,238,267,383,211,255,479,201,143,501,311,60,183,310,348,152,507
112,311,290,264,508,201,122,144,477,254,240,452,208,35,450,498,121,152,79,211,308,359,102,244,127,250
23,433,234,42,470,450,210,26,152,232,40,304,337,187,325,391,67,408,100,317,158,41,188,136,302,438
210,471,156,501,398,269,499,8,98,144,373,171,278,26,177,211,126,41,158,294,248,362,143,325,359,430
210,42,224,164,326,204,152,222,246,229,281,386,370,330,108,109,421,180,311,508,14,381,168,175,315,466
367,508,34,439,375,83,35,29,455,277,391,77,84,504,133,135,198,103,71,87,213,276,89,371,379,457
102,260,396,38,508,236,150,174,152,254,302,194,359,42,77,210,283,225,111,284,94,34,367,238,461,480
61,228,276,458,195,381,210,221,254,168,31,309,111,469,14,23,373,79,42,49,201,219,395,54,208,246
152,455,162,331,166,71,408,374,40,75,480,462,267,234,198,460,461,228,300,281,209,391,438,302,194,269
151,395,370,194,170,62,422,337,133,373,122,26,451,408,115,434,236,361,207,232,42,250,398,316,101,311
391,347,63,386,261,508,245,41,379,118,126,374,219,82,491,124,480,398,299,120,207,152,210,333,45,58
329,502,300,152,302,89,130,41,199,193,276,508,112,488,194,447,426,347,311,235,373,17,273,185,61,395
467,508,58,210,368,317,332,154,178,56,459,238,256,23,41,311,28,96,163,283,187,463,434,298,254,474
408,269,465,477,402,152,113,210,508,395,479,371,104,445,164,341,230,238,470,354,246,214,268,208,130,111
161,46,133,71,383,124,54,422,8,245,316,213,479,288,370,232,356,450,90,66,302,168,34,300,326,477
332,315,383,254,256,381,60,8,41,188,329,508,457,280,210,42,133,189,98,490,126,476,73,125,283,413
138,470,266,419,329,398,424,25,401,210,436,164,158,26,391,120,435,439,98,127,503,457,394,151,406,286
156,220,236,297,152,508,169,195,210,60,311,424,386,98,332,57,407,506,418,221,394,232,11,298,268,12
347,47,466,152,320,357,360,254,42,498,273,303,348,363,506,238,367,266,398,463,10,434,333,51,413,461
413,127,508,336,107,498,151,67,152,171,50,312,302,209,193,381,440,489,77,29,168,78,434,156,315,402
121,14,110,508,192,89,374,212,401,480,42,483,5,152,217,194,357,258,40,182,463,444,391,98,158,31
340,479,269,73,469,470,213,423,309,216,167,223,188,8,508,96,335,194,112,491,334,349,501,119,291,239
100,427,276,126,201,144,488,221,210,65,71,13,508,53,171,311,42,316,60,169,383,177,489,164,379,251
226,491,395,437,266,501,391,186,275,418,340,508,250,14,159,242,480,13,175,332,164,158,434,303,152,34
156,339,131,123,297,439,358,240,49,303,138,506,480,337,276,415,152,158,266,67,351,211,478,436,477,87
303,508,35,109,357,314,210,129,494,427,64,26,66,320,391,426,123,34,19,381,51,345,150,402,449,379
98,311,493,211,309,395,60,198,109,232,508,122,106,373,389,269,301,13,454,318,156,368,391,409,387,251
97,58,169,37,42,93,480,151,408,188,128,238,60,454,381,34,81,396,98,194,395,175,256,423,294,133
130,170,383,210,180,337,288,272,1,328,207,195,28,491,508,156,188,113,109,236,281,445,297,98,425,365
88,210,335,398,234,102,251,508,248,140,77,464,161,151,163,333,341,417,245,216,201,339,324,247,359,418
279,82,242,56,54,413,236,170,77,323,391,177,131,238,193,151,457,8,468,207,93,477,302,312,291,152
207,187,271,171,208,407,401,216,184,198,457,463,351,254,238,348,281,232,349,443,508,125,26,92,97,424
381,277,470,250,34,194,60,36,306,26,355,457,315,269,240,105,104,31,54,216,33,152,56,178,508,210
148,201,162,83,508,311,182,322,60,115,3,461,136,445,232,31,384,126,303,210,246,356,368,468,79,152
186,111,9,403,276,213,2,71,508,333,356,210,195,170,325,127,461,373,489,311,349,391,194,144,267,236
479,234,336,95,414,496,52,111,328,376,208,28,238,154,281,142,155,214,197,148,219,175,18,210,152,3
152,180,179,26,145,254,238,236,217,395,335,113,508,121,210,169,148,434,501,391,504,92,371,192,381,407
192,12,135,8,255,60,144,314,151,226,76,325,219,484,247,36,463,261,508,47,373,207,480,97,80,392
448,413,417,482,480,74,502,152,230,377,463,356,214,186,395,89,107,504,508,23,251,426,466,462,188,121
136,109,135,247,395,127,89,171,26,141,79,258,67,48,506,373,297,457,152,159,202,389,372,400,201,209
212,140,77,205,313,439,273,60,102,269,210,144,218,303,3,152,110,504,337,413,154,294,252,156,367,312
335,138,330,508,32,483,97,472,432,374,304,34,70,75,9,152,60,266,509,291,379,444,56,495,256,302
311,395,482,158,111,503,64,177,468,300,401,210,3,464,314,508,140,206,316,197,408,55,95,325,476,242
156,395,210,492,30,508,109,94,169,261,128,302,57,77,483,392,440,449,42,272,398,193,228,457,415,412
106,370,297,251,316,45,49,480,311,209,488,152,387,180,294,80,34,508,367,322,38,184,198,102,381,210
324,57,190,152,399,480,75,231,468,168,342,506,417,387,502,413,308,299,288,174,245,26,98,463,389,3
198,371,39,408,206,151,113,370,508,180,350,100,282,236,447,457,269,29,423,104,424,136,276,211,7,251
211,502,302,508,225,371,1,391,383,340,26,124,491,283,278,469,8,84,449,42,96,395,437,38,34,140
122,408,211,508,437,47,126,386,98,76,466,151,497,353,311,476,139,417,245,480,152,493,342,55,95,26
489,16,491,317,238,105,292,413,65,358,40,299,502,389,375,276,477,144,409,303,335,508,214,469,251,372
70,38,374,395,127,312,216,470,10,298,288,262,414,326,416,164,115,42,249,254,439,152,232,175,108,402
283,399,450,210,508,151,410,92,286,494,332,497,299,60,480,194,207,375,292,232,235,29,56,506,384,79
470,383,398,272,480,431,152,151,429,359,296,157,330,373,374,23,372,491,254,343,208,171,325,54,163,73
152,23,93,371,332,60,228,381,210,505,234,342,322,331,212,391,126,166,187,120,79,254,3,471,395,18
506,158,80,373,32,434,491,152,330,179,408,329,508,195,440,126,130,374,81,387,46,304,395,175,394,194
23,254,471,89,62,424,151,155,426,1,281,144,158,175,0,199,508,497,504,152,339,198,60,49,289,146
508,316,199,442,98,408,238,152,40,325,367,155,164,344,482,302,438,459,226,413,54,151,101,69,416,174
28,131,155,335,322,144,139,447,508,33,431,164,308,201,9,294,389,210,116,497,356,219,211,398,341,163
499,25,201,174,127,280,508,96,490,467,98,480,426,388,463,136,449,433,479,115,302,471,109,47,126,151
108,226,468,237,480,244,402,209,261,60,194,152,434,489,302,106,151,1,368,217,442,67,210,169,232,445
178,136,413,283,506,14,38,395,374,447,366,367,508,25,333,210,398,126,315,226,294,69,251,211,40,98
238,374,54,152,411,369,210,167,90,508,223,440,308,391,200,128,151,158,88,26,468,226,316,241,484,421
254,190,302,359,389,36,117,97,341,417,324,199,381,194,207,259,403,313,391,129,226,152,373,464,299,168
59,74,210,6,181,464,121,99,508,480,164,78,14,217,373,109,360,152,151,226,179,288,273,127,108,404
395,84,338,192,454,42,258,237,144,17,254,181,329,2,437,331,179,508,201,248,506,210,298,211,127,238
175,205,193,426,327,312,417,33,211,47,251,26,508,98,152,246,29,460,457,332,483,69,370,503,218,14
159,20,496,434,508,197,126,480,397,211,88,367,34,280,69,26,246,194,160,127,287,168,169,179,341,210
302,387,62,362,374,307,260,238,264,439,508,471,113,69,91,127,71,254,94,152,169,420,391,210,317,70
478,311,152,142,323,93,508,50,210,144,441,418,61,184,491,194,469,9,294,395,431,74,14,63,495,195
445,295,182,54,69,234,332,294,312,479,371,508,381,377,144,94,28,111,322,50,172,374,113,496,302,505
340,224,396,417,151,136,504,267,408,246,98,42,200,508,92,434,109,40,280,299,332,190,438,502,274,266
298,54,28,178,152,115,77,392,205,66,98,508,286,420,497,333,68,453,238,49,180,95,106,127,425,221
169,34,439,376,139,508,208,340,54,210,403,4,311,232,325,212,42,174,408,75,341,116,194,374,217,455
506,80,348,193,224,349,395,130,321,398,152,299,34,316,43,174,281,245,16,280,483,335,6,303,414,145
357,12,308,169,364,307,202,440,316,162,37,151,34,502,283,388,276,330,427,99,501,314,358,118,226,447
408,371,88,152,79,114,417,29,273,193,6,210,110,42,209,14,26,477,374,399,46,101,332,508,81,394
396,389,470,194,64,381,374,236,71,267,386,251,288,454,169,255,435,232,316,359,109,115,492,306,224,493
287,151,225,16,439,210,34,158,184,226,508,505,83,312,175,188,115,86,409,224,198,269,483,183,101,408
35,42,311,141,125,47,113,112,192,60,426,353,34,501,180,457,482,407,56,201,376,508,208,109,6,99
276,417,290,224,214,25,151,174,55,374,391,123,342,256,339,185,213,508,344,54,480,190,389,335,283,171
466,41,101,446,506,214,407,146,127,112,330,357,269,282,50,115,432,49,399,231,286,16,421,508,152,192
130,508,193,210,207,145,404,80,127,126,187,293,62,383,480,47,302,422,79,152,332,395,119,397,274,38
464,287,183,341,508,49,386,185,83,381,446,276,211,210,225,194,506,45,192,457,391,79,298,47,228,428
372,325,508,291,426,159,328,126,168,348,395,15,302,470,313,27,303,301,41,183,405,323,49,17,140,391
426,337,462,508,232,195,34,474,70,351,457,325,233,249,152,211,168,311,298,246,479,416,156,247,362,445
422,476,408,191,210,269,135,148,374,457,391,127,88,311,294,357,222,209,404,448,208,395,435,145,39,206
409,232,470,121,210,171,508,59,208,77,151,173,144,58,271,126,381,383,494,316,341,152,75,417,115,290
456,54,431,226,66,398,505,193,102,53,334,325,442,254,247,484,311,152,508,344,224,256,175,269,365,491
163,145,80,398,352,152,508,340,144,506,8,22,332,34,101,303,10,167,367,424,62,373,238,60,188,457
373,392,54,73,182,127,268,506,128,222,211,463,396,219,34,9,144,141,223,14,3,340,210,152,299,342
168,186,508,395,258,192,169,384,357,274,256,33,41,54,299,211,472,78,210,454,193,118,468,27,302,240
99,508,370,446,139,41,156,79,297,331,223,154,238,260,95,141,98,46,311,12,471,373,124,494,184,30
345,312,87,127,58,219,256,381,316,508,356,23,373,245,494,90,47,216,60,461,374,98,152,358,65,487
506,391,311,273,14,210,354,508,102,192,162,151,245,381,106,105,309,136,455,30,213,270,83,71,78,395
83,189,508,269,149,255,372,286,325,188,151,278,402,359,391,171,84,395,127,190,183,62,207,126,439,249
224,211,457,398,447,268,276,214,466,14,383,143,236,15,392,210,80,389,374,34,30,157,467,337,115,213
452,456,370,50,508,219,3,36,409,439,482,460,128,504,498,235,141,330,332,448,408,213,281,23,379,47
389,56,260,8,269,126,123,214,276,395,470,141,452,77,53,500,457,160,210,62,256,505,124,231,323,332
17,466,211,216,508,148,334,209,73,133,374,235,244,124,210,218,312,417,196,469,139,127,114,194,60,34
210,113,269,30,463,38,112,395,359,16,457,461,151,249,426,373,26,466,160,238,452,188,440,285,315,173
112,232,378,156,347,218,136,508,447,229,425,61,115,476,199,471,376,357,192,300,38,95,440,201,94,91
508,100,325,499,126,261,160,466,68,144,105,211,219,367,163,152,315,151,411,19,359,193,463,349,416,308
133,207,219,497,266,322,246,98,425,401,238,112,476,60,166,390,308,508,215,371,480,325,39,193,123,126
508,367,292,210,418,158,362,441,480,325,70,316,379,125,331,64,196,114,121,3,395,344,303,501,193,244
210,268,198,152,508,311,376,479,115,240,262,411,98,452,154,224,151,58,405,313,493,434,391,229,467,3
367,50,141,12,61,505,311,508,374,227,326,371,395,210,245,15,327,349,131,151,477,335,56,208,60,185
129,20,500,113,387,135,333,238,340,326,245,210,371,127,277,462,359,137,483,240,450,95,331,152,395,477
167,425,88,210,141,63,463,325,186,359,508,126,224,494,205,156,363,254,251,289,116,232,60,330,238,329
100,206,307,508,418,156,211,435,49,1,80,339,480,159,144,230,152,160,283,288,275,236,91,450,431,8
402,41,23,352,151,3,183,444,407,14,373,190,89,8,224,98,216,308,467,221,238,62,334,446,391,456
489,391,399,132,152,374,34,214,340,151,168,211,141,379,247,234,41,508,357,283,136,122,210,417,232,333
364,506,450,319,480,238,30,333,281,440,317,16,152,167,385,359,199,206,411,391,244,441,26,508,98,119
239,185,169,2,208,194,246,395,431,17,38,482,375,508,288,315,276,371,152,54,225,111,95,275,22,79
508,484,145,80,290,494,303,152,396,302,25,171,389,98,180,211,359,188,230,446,311,194,269,373,156,248
237,333,156,122,449,383,409,356,144,288,182,381,456,106,508,163,248,437,389,391,238,426,158,69,416,422
152,5,140,209,508,353,76,308,92,398,328,51,30,231,254,499,256,210,35,429,229,98,87,339,498,468
508,152,238,256,374,42,439,248,151,51,481,389,470,317,441,186,434,326,482,288,136,331,479,209,398,498
112,505,299,374,267,207,152,157,184,191,144,272,54,323,226,331,440,476,251,168,503,151,118,489,27,232
479,219,463,395,477,125,499,99,41,469,152,434,1,454,402,210,508,93,31,254,325,497,223,211,296,174
213,238,482,54,61,133,386,35,141,391,416,320,288,136,246,254,152,332,415,188,299,192,28,199,228,193
246,281,185,168,442,25,309,256,316,280,111,441,463,381,287,251,397,396,175,311,34,325,474,140,152,484
331,373,424,112,463,408,113,332,399,506,362,128,152,439,358,488,508,223,395,63,54,279,281,323,494,457
109,508,288,210,149,221,302,348,254,411,316,439,122,246,356,437,238,342,231,164,290,190,281,62,196,56
101,497,243,245,31,506,280,322,133,508,255,145,298,425,276,86,109,281,348,236,331,140,152,97,381,168
210,49,137,182,225,426,450,508,285,103,87,298,221,439,253,219,505,316,460,325,470,213,234,259,504,151
311,113,66,199,310,257,439,28,230,3,508,475,189,160,462,95,302,219,135,191,211,23,464,502,428,152
151,91,127,41,508,74,457,283,210,391,152,71,502,130,462,394,157,98,479,476,464,443,426,53,388,384
455,458,281,291,36,479,398,374,330,391,202,156,275,339,151,35,179,480,342,211,500,210,502,34,496,449
76,182,508,245,100,199,211,3,90,125,34,326,384,433,173,479,84,392,189,151,144,156,365,372,194,468
302,420,8,206,56,107,152,140,494,128,14,306,168,65,246,123,480,398,91,62,192,314,171,175,42,210
210,79,484,240,415,197,356,126,194,60,313,98,294,479,508,108,193,14,132,439,499,168,221,133,158,205
472,189,152,96,70,273,236,437,41,5,111,457,42,372,417,480,401,3,246,394,359,299,264,254,34,506
194,267,40,41,441,66,332,484,148,206,192,350,468,42,508,73,99,151,395,342,164,34,238,245,480,152
472,3,281,35,316,98,306,210,347,402,508,311,205,477,391,41,102,242,432,340,274,255,339,481,426,302
233,331,93,228,152,462,391,115,31,318,290,395,476,236,166,102,304,324,210,494,292,135,65,29,98,422
113,439,503,156,193,101,25,175,379,356,152,499,484,128,508,256,427,311,429,288,210,441,395,118,459,245
341,140,384,219,193,151,34,402,256,508,312,127,192,3,175,189,480,313,204,316,70,392,158,60,281,22
335,6,371,398,375,497,211,210,508,474,374,359,111,367,339,158,462,152,299,232,424,489,267,63,105,140
65,175,371,259,14,197,108,256,346,462,143,254,23,88,302,225,373,205,289,457,379,169,179,34,351,152
216,32,55,169,469,389,431,311,152,426,49,195,383,316,508,398,288,269,98,273,209,184,41,144,194,210
10,283,193,171,391,457,319,160,302,182,215,17,131,322,208,90,349,134,315,98,219,467,142,2,101,508
123,199,211,376,387,506,152,79,89,362,127,503,227,447,333,508,471,214,312,277,292,210,134,203,144,14
214,167,508,121,151,246,3,227,326,449,254,155,156,35,493,302,194,407,328,101,236,373,152,401,230,314
508,213,35,214,314,152,299,156,42,14,226,158,505,454,239,438,351,303,47,55,456,210,69,65,455,180
54,356,335,109,126,238,168,415,495,508,260,460,75,133,207,152,429,402,113,115,58,302,245,210,413,396
207,69,508,37,84,83,210,434,256,209,479,489,56,8,140,123,505,311,488,73,273,112,132,157,218,403
104,197,152,159,127,56,373,210,190,333,369,106,18,444,199,221,246,461,374,192,409,311,34,457,236,391
188,289,325,194,95,192,276,164,457,261,392,152,508,12,210,108,16,211,144,8,374,400,408,381,109,118
193,431,508,210,425,273,201,251,118,73,354,122,138,470,127,379,162,134,31,391,94,136,32,58,471,83
500,508,461,416,332,155,75,152,210,506,127,302,231,316,245,363,14,313,505,480,335,254,391,224,11,496
131,359,26,190,227,362,395,79,152,216,508,158,431,454,92,135,311,408,474,480,69,442,194,281,437,224
71,508,302,232,435,176,3,359,470,92,228,75,477,305,331,288,308,127,236,413,48,168,65,175,38,152
267,312,499,208,467,408,123,126,211,439,360,54,150,224,508,391,170,156,477,84,163,104,109,286,144,324
483,373,381,447,297,506,217,251,454,283,155,125,367,302,105,3,269,73,377,43,33,391,498,114,6,508
80,395,34,213,113,439,472,467,414,371,251,508,434,408,458,431,471,483,152,204,377,280,462,448,316,127
438,291,152,281,148,413,371,395,217,136,211,318,110,480,124,151,188,342,187,236,232,221,46,472,184,30
449,148,144,13,398,210,261,417,283,346,123,127,508,251,316,140,408,494,381,255,496,307,218,143,434,350
58,92,39,42,508,334,219,302,335,290,201,491,378,245,256,60,266,175,440,506,76,126,322,349,445,41
326,426,115,181,324,231,255,207,109,329,389,439,54,348,238,502,378,166,302,102,412,199,254,226,387,506
179,69,42,374,311,236,285,152,227,117,217,41,445,344,164,92,357,126,383,274,345,426,251,210,151,109
127,254,152,206,508,280,7,210,232,409,408,158,60,339,61,132,27,85,193,90,480,37,486,342,12,472
141,452,445,468,434,133,151,140,202,152,459,325,491,217,83,270,34,448,168,398,164,395,138,109,194,378
508,503,311,129,229,228,115,210,481,302,434,245,211,67,413,480,334,188,199,494,280,98,343,123,114,207
50,340,96,174,401,408,157,418,30,209,371,210,359,268,18,508,62,447,482,254,187,194,497,463,26,32
457,471,147,326,508,470,311,273,193,174,180,33,491,140,503,426,113,237,333,238,478,100,395,479,171,109
388,14,450,508,65,136,189,169,318,459,343,249,400,398,115,207,330,469,303,503,391,5,184,436,62,91
454,246,260,508,152,120,371,317,288,430,459,342,461,309,381,395,3,343,26,90,460,73,34,409,476,179
58,312,67,69,457,303,89,62,154,283,139,367,489,322,210,35,491,381,391,447,12,508,320,170,352,456
244,394,320,55,508,168,67,424,246,493,42,430,152,47,298,198,166,466,395,417,63,504,151,281,92,279
190,228,426,151,431,418,392,83,104,434,135,78,433,46,34,508,41,175,42,23,452,211,506,210,194,455
58,3,448,344,508,14,439,473,41,48,399,60,374,369,364,206,59,211,316,274,42,378,444,189,480,20
199,41,333,506,502,269,98,259,163,88,152,369,491,224,389,472,457,194,118,431,66,32,440,80,232,133
191,60,158,110,133,314,311,150,508,271,163,69,345,352,97,312,193,378,498,240,366,299,143,124,434,219
482,158,120,132,291,126,90,288,402,351,151,374,508,443,490,466,470,461,214,362,406,190,210,266,325,40
361,333,395,276,34,179,311,426,185,302,236,41,121,436,152,12,13,195,254,371,457,508,245,97,399,194
276,446,226,140,60,371,508,77,152,155,361,238,268,398,80,379,97,415,50,315,332,251,28,485,480,210
333,192,182,367,273,508,100,395,354,202,115,55,10,67,254,464,426,281,210,194,164,98,343,298,262,51
334,469,67,194,447,294,140,2,302,152,15,508,205,493,193,159,48,457,188,254,343,144,9,408,298,264
274,378,53,461,8,244,151,233,141,480,444,69,140,311,192,448,152,402,127,187,325,37,210,281,136,348
389,212,286,254,391,24,210,325,266,241,85,60,56,194,123,228,240,311,92,509,170,508,26,30,433,88
73,239,359,494,392,349,210,444,368,152,386,168,230,307,53,316,224,235,35,280,287,187,463,49,175,185
37,506,42,311,326,183,171,202,395,396,478,476,508,374,234,167,338,269,356,237,381,316,61,126,257,62
339,1,264,209,362,395,248,90,504,81,172,480,391,489,9,226,126,228,459,193,470,332,476,361,223,218
314,358,362,299,391,180,491,34,453,210,395,490,372,333,508,114,58,126,456,509,398,479,41,113,164,98
218,395,151,508,161,322,482,452,278,14,42,210,362,121,468,57,408,131,488,188,333,79,480,477,396,479
61,140,156,213,245,127,30,231,418,79,220,252,446,159,466,391,196,506,508,20,325,312,396,47,349,168
133,309,469,389,98,28,483,413,209,178,140,171,58,109,61,187,395,458,84,398,36,42,69,326,508,477
58,74,381,210,377,50,396,217,8,508,127,87,311,141,269,35,205,254,140,435,238,457,224,79,175,446
219,218,210,259,168,262,302,115,207,194,246,508,66,90,240,374,104,281,3,311,430,447,288,420,452,317
32,398,245,471,466,508,217,480,427,498,152,411,288,60,477,381,389,208,356,502,281,373,210,53,395,127
402,374,501,302,47,27,212,205,210,248,92,335,347,231,130,269,459,199,142,68,26,193,508,466,3,14
356,240,113,188,127,218,208,151,157,38,200,322,174,457,144,395,371,152,158,420,26,156,392,210,198,41
109,164,26,395,54,211,351,335,149,297,508,40,31,234,278,348,29,66,127,373,145,168,17,102,258,289
508,42,373,152,455,102,388,433,383,458,211,206,194,317,318,367,144,311,187,302,251,401,158,230,182,88
426,396,478,502,217,234,213,113,276,107,326,169,377,452,417,66,102,3,504,494,130,98,508,136,232,175
281,182,447,423,42,457,140,286,371,362,310,351,152,148,460,73,395,476,333,208,50,169,14,256,360,89
443,284,3,480,334,246,313,27,387,373,210,391,402,343,454,503,434,230,492,245,151,152,316,508,115,359
246,408,508,258,380,470,167,157,23,1,497,210,127,207,422,381,114,286,376,416,22,238,311,43,118,97
193,196,335,80,113,54,471,151,8,152,449,348,439,455,496,27,228,144,175,13,254,42,508,272,302,64
174,373,218,317,144,109,395,326,508,289,179,113,151,269,502,41,302,66,455,105,193,152,60,204,367,252
50,404,246,431,302,374,26,316,297,333,109,480,399,151,95,66,274,468,247,124,508,234,383,418,10,175
42,83,220,169,392,192,59,353,7,159,152,434,311,34,288,239,98,3,210,12,273,18,508,278,115,90
266,210,48,135,284,359,493,383,17,169,6,432,88,246,123,316,56,347,83,233,259,474,199,333,489,195
413,141,316,356,170,210,374,57,238,425,202,117,407,341,326,499,73,445,219,75,411,69,508,211,209,35
34,1,210,89,302,138,195,439,457,141,314,497,254,391,156,21,245,396,246,191,60,273,508,441,127,483
310,179,384,41,461,342,238,326,88,395,359,237,33,441,425,497,493,101,54,456,152,198,236,129,496,171
455,169,93,55,86,504,251,92,232,508,318,384,425,288,480,210,174,152,209,42,151,290,184,192,246,34
335,66,309,331,210,151,152,209,248,129,419,316,19,302,478,232,470,249,460,280,132,285,464,101,133,395
480,245,237,123,395,508,194,295,414,256,254,62,210,144,365,313,152,359,501,151,133,98,494,461,311,409
79,299,268,273,61,152,133,50,106,26,144,99,199,138,493,371,461,210,211,29,163,508,470,317,64,325
373,282,359,175,480,156,3,292,269,246,504,312,47,154,508,211,210,298,227,238,151,199,506,145,1,316
398,145,156,441,108,506,5,152,199,14,357,508,205,272,447,157,395,50,429,127,316,367,78,105,8,315
492,152,415,260,246,169,223,80,34,197,101,316,151,90,508,187,15,23,26,396,164,194,131,228,457,480
507,214,57,37,158,354,281,14,452,41,151,195,69,352,349,152,210,258,324,508,490,219,319,417,233,200
224,5,444,179,219,193,490,508,290,417,375,448,395,102,216,498,255,126,128,328,418,302,297,315,479,426
273,286,317,400,491,395,373,180,502,480,384,405,231,58,29,312,389,94,326,135,65,383,290,330,508,75
61,3,151,367,182,274,372,234,394,304,83,210,12,77,384,443,506,109,112,344,322,156,84,464,64,484
40,83,371,303,199,3,136,457,342,508,283,8,23,14,152,286,121,126,102,151,21,359,120,19,55,395
302,109,143,317,496,93,210,493,115,281,120,215,8,362,396,314,187,508,453,96,141,62,10,91,213,152
292,444,13,377,291,231,251,283,476,210,29,20,335,109,154,14,497,359,152,426,201,48,508,371,498,246
179,54,354,141,391,56,314,506,152,418,297,93,232,233,198,374,28,423,404,39,184,2,8,426,58,326
442,210,27,46,234,151,14,29,100,23,420,377,417,421,445,487,26,408,63,459,66,171,494,303,251,456
431,322,92,159,463,457,161,61,69,60,470,348,55,391,417,156,141,210,218,136,373,232,429,398,346,67
151,395,281,274,152,301,104,415,164,316,159,70,503,185,111,508,175,131,115,408,118,113,311,210,391,364
335,94,418,426,3,98,194,126,228,283,210,251,172,328,296,267,109,62,188,104,182,294,151,152,69,445
311,403,12,281,398,466,487,126,152,448,444,14,193,269,110,439,399,246,309,405,479,47,475,41,210,227
33,174,354,296,9,199,101,391,207,369,210,98,65,433,42,343,275,425,387,194,232,271,95,102,298,454
194,396,346,503,302,508,236,98,463,338,29,210,233,276,387,417,300,8,109,95,286,193,255,415,280,220
416,63,151,508,199,10,484,5,408,109,171,428,14,232,103,376,73,98,457,401,256,207,209,89,391,208
49,115,491,424,60,69,359,265,398,439,288,210,408,480,211,152,468,428,154,144,276,156,453,209,314,426
398,444,474,118,245,445,286,148,412,371,349,491,441,117,92,211,194,127,95,480,86,347,470,199,3,508
151,246,268,508,491,404,255,269,194,383,152,127,185,302,55,462,343,91,12,69,234,188,77,211,210,154
371,288,302,426,199,373,255,395,350,508,349,157,9,3,374,256,351,421,360,250,410,254,36,237,184,258
506,60,210,41,402,334,34,479,64,95,433,152,436,470,457,188,126,269,508,57,179,115,383,171,474,52
508,494,11,491,403,286,172,152,291,115,357,311,175,3,221,251,391,360,289,497,210,348,40,265,257,324
113,503,175,477,126,3,151,70,185,261,95,508,83,492,302,88,429,362,413,107,219,312,216,160,434,46
439,6,192,268,489,210,476,367,368,290,337,3,464,478,269,168,218,286,246,199,508,314,486,95,434,57
462,477,246,197,159,461,157,283,237,152,169,210,96,359,508,281,68,494,383,219,218,47,250,156,101,95
453,377,207,446,457,158,210,194,29,423,238,84,315,299,396,439,335,50,108,10,49,508,461,245,489,374
238,298,191,341,499,210,337,478,448,359,476,152,60,325,117,422,302,39,352,213,193,49,439,297,83,374
145,395,256,349,457,34,330,152,356,302,194,508,140,83,470,213,494,48,127,56,344,175,311,438,133,418
457,325,226,169,152,324,175,438,425,245,503,17,341,211,148,144,126,299,269,480,64,506,391,141,158,194
232,181,152,193,178,254,322,109,113,508,138,312,151,26,331,14,392,441,238,291,102,64,47,171,408,155
489,317,504,2,26,477,123,303,208,89,508,281,450,179,65,84,111,439,210,276,152,417,158,422,433,374
328,41,423,198,480,69,113,246,269,0,317,98,376,266,193,115,36,226,359,3,109,337,454,412,92,83
7,408,144,374,446,167,298,468,215,194,457,121,251,391,34,385,281,219,506,78,133,436,100,389,156,152
210,506,308,33,498,40,208,23,194,219,200,473,406,301,374,159,387,168,402,197,395,326,239,211,479,281
508,210,283,494,30,8,276,333,278,425,311,64,202,127,81,187,65,47,445,67,482,34,407,391,89,381
490,508,417,413,151,194,140,371,431,6,389,211,480,188,266,264,286,425,502,497,1,494,483,217,489,152
162,180,63,245,34,98,403,346,322,158,198,489,141,254,405,298,271,286,4,452,246,51,92,145,342,437
274,462,207,475,169,122,333,42,506,34,443,306,91,426,214,131,94,206,356,438,276,408,347,46,126,273
444,164,395,219,434,182,240,138,371,82,500,83,480,58,302,340,210,317,484,335,215,216,173,508,504,126
158,152,97,186,499,251,34,194,442,14,99,98,151,371,402,242,126,508,188,41,298,210,73,325,280,408
210,380,411,487,287,140,342,285,337,434,221,55,508,302,444,35,251,408,196,171,470,306,391,414,194,80
384,291,313,143,467,231,290,441,318,126,391,370,134,172,423,508,466,415,233,251,336,109,188,55,95,468
379,207,446,502,437,8,394,506,508,42,398,210,113,488,480,168,130,184,281,151,479,39,325,60,415,209
113,312,372,42,0,140,281,88,128,154,448,117,318,212,413,359,168,179,329,376,156,466,274,300,186,209
298,471,29,508,466,470,195,100,236,23,504,31,89,477,422,395,461,130,35,26,152,402,281,156,360,95
151,210,491,461,429,161,349,294,3,496,312,59,95,311,310,155,489,508,400,281,283,164,32,408,16,504
195,75,32,400,331,440,395,57,359,95,41,467,256,173,232,261,358,29,344,126,168,286,432,246,3,144
471,276,151,436,417,395,386,6,439,307,455,335,477,508,132,440,357,104,168,144,26,245,506,152,366,169
47,87,120,235,125,55,127,62,311,213,442,26,97,355,242,323,152,195,268,65,391,358,109,254,232,35
178,381,333,210,89,42,302,383,414,40,56,467,238,370,374,407,483,110,316,151,49,231,152,125,459,450
461,175,210,480,125,274,23,325,332,179,186,193,508,84,494,141,287,266,398,346,61,147,391,188,435,108
127,26,374,87,466,501,49,206,359,333,299,115,408,185,109,92,210,422,21,472,376,477,470,117,29,506
20,344,236,140,141,396,93,3,325,211,208,195,435,493,8,153,508,169,353,247,483,194,285,480,399,395
491,215,471,145,304,453,395,96,152,433,151,306,326,470,174,383,203,156,508,353,26,127,435,190,95,83
391,238,335,422,402,508,287,246,398,497,219,501,493,469,408,21,434,211,288,82,303,401,466,275,496,377
52,32,269,185,213,468,87,508,313,416,418,333,162,48,126,98,152,380,506,4,210,211,386,343,39,41
461,151,211,325,158,192,65,385,101,464,308,236,34,294,100,417,246,210,144,37,232,323,182,140,112,413
210,174,449,487,407,108,371,268,399,158,60,152,278,21,192,3,416,171,339,229,112,124,35,14,450,26
109,26,456,502,395,406,504,13,199,205,112,232,175,391,114,331,285,468,408,152,261,370,302,470,211,477
173,381,224,38,396,508,304,342,366,65,73,302,149,431,266,41,210,360,279,152,274,303,194,292,232,452
395,457,505,164,216,195,131,391,11,498,449,14,194,470,80,134,157,89,100,381,309,255,273,56,10,210
259,192,196,67,58,80,330,374,104,325,254,480,209,383,287,152,217,246,69,389,294,232,83,237,328,497
145,168,391,479,281,98,241,115,404,34,210,508,311,30,152,151,297,417,138,448,312,276,188,368,238,246
50,359,274,407,144,98,156,378,314,120,439,276,102,413,295,174,18,41,213,461,211,391,508,89,8,189
508,211,332,42,152,297,426,8,479,95,3,409,245,10,311,452,330,111,381,480,98,29,342,494,264,457
338,502,464,406,193,416,301,148,323,470,508,349,232,195,92,3,13,131,42,395,37,329,246,506,436,194
429,269,206,331,281,211,373,232,97,462,194,145,403,311,195,112,188,297,408,379,20,53,381,283,417,113
57,433,78,48,429,178,246,458,125,32,502,359,112,136,34,169,194,504,55,434,469,161,349,457,184,167
383,359,114,469,331,508,395,56,158,332,164,470,234,492,454,483,368,313,178,373,78,471,379,277,337,242
363,470,381,347,311,398,463,360,302,103,413,508,111,228,205,262,279,194,127,121,3,383,237,336,395,152
120,316,144,133,202,344,479,236,210,160,151,439,164,444,175,302,478,359,176,317,127,54,69,276,326,64
232,169,95,392,175,401,303,94,311,246,395,33,50,387,383,211,478,104,463,391,288,457,83,115,417,435
317,435,402,454,283,115,196,398,192,213,426,401,434,220,381,236,460,50,164,486,415,344,476,256,268,480
125,484,179,480,199,416,407,254,497,186,188,335,281,342,96,34,508,468,180,131,73,374,198,423,496,251
199,447,254,349,302,347,366,152,468,158,196,374,109,450,508,210,25,130,383,255,3,384,1,186,211,23
183,492,449,168,457,234,156,155,323,216,324,506,391,5,446,158,75,112,508,80,238,188,92,381,123,42
508,449,345,34,144,201,324,340,152,47,402,126,309,94,113,210,274,246,483,429,194,320,440,269,295,447
434,342,96,395,204,414,206,326,152,29,302,344,34,325,335,287,141,42,232,113,497,130,261,445,426,210
184,317,104,358,311,333,127,445,190,210,90,262,422,77,381,152,83,285,62,222,387,338,3,110,493,301
277,151,398,311,232,418,490,157,152,502,356,336,504,210,34,195,192,457,264,499,131,383,169,215,222,293
508,490,28,256,133,258,335,109,210,224,451,495,506,201,204,392,207,489,194,492,402,455,192,120,395,53
159,262,381,281,152,508,486,35,247,356,445,453,466,28,36,394,221,22,414,391,285,140,419,408,179,122
9,317,210,221,52,42,246,474,26,383,466,263,508,56,447,194,408,95,100,104,174,422,164,491,373,125
256,317,302,109,224,25,503,427,287,341,240,508,81,152,464,90,167,375,461,408,489,133,96,125,342,457
130,211,152,479,14,450,383,90,31,413,60,246,193,314,313,109,476,232,151,240,398,80,508,490,219,192
316,127,152,349,210,135,429,34,169,508,116,126,45,398,60,322,506,352,502,378,219,11,340,47,200,260
274,374,273,42,313,207,508,311,194,152,6,37,269,29,129,233,124,237,370,109,399,226,97,12,457,222
55,204,34,170,508,326,159,387,164,497,101,128,240,156,346,62,95,210,184,151,213,180,212,195,281,179
153,441,78,151,476,77,109,86,48,210,152,438,372,408,64,361,508,435,466,398,209,180,375,254,412,219
132,424,210,479,498,497,445,8,174,326,468,470,408,480,383,293,113,42,302,333,328,148,187,217,262,476
241,406,171,222,395,256,37,360,229,417,149,508,398,144,163,113,140,506,273,325,199,132,480,262,428,292
41,144,163,109,24,348,500,152,184,211,497,508,314,436,501,182,127,373,199,485,218,81,477,381,188,370
160,170,152,221,56,151,243,98,70,508,127,466,52,66,209,29,100,118,11,338,95,274,219,418,299,210
404,237,89,383,255,246,156,496,198,109,285,117,111,116,463,226,10,274,251,158,26,63,188,355,151,359
266,383,508,123,482,185,259,151,158,443,98,209,401,42,152,222,155,476,210,291,342,20,175,499,430,395
210,151,109,21,446,314,328,366,20,276,480,69,426,155,477,450,378,289,270,281,42,376,311,508,10,33
447,109,17,65,219,216,322,371,399,398,508,321,277,349,86,14,168,180,323,127,274,242,35,170,408,302
194,263,497,109,158,152,303,402,120,434,28,3,346,48,175,431,232,181,357,101,493,106,288,217,156,40
56,320,151,327,418,194,324,329,268,308,157,50,416,57,408,46,82,415,201,506,414,73,210,364,276,497
413,152,32,179,467,226,218,371,242,41,236,109,311,210,141,321,452,238,310,125,151,158,110,157,454,312
216,395,194,491,292,470,254,83,288,251,88,439,423,396,497,508,21,311,245,105,109,183,76,413,268,466
35,331,429,167,97,281,152,446,113,242,254,508,210,457,282,287,151,67,30,396,54,302,60,311,470,98
210,0,228,256,236,328,506,283,470,432,457,371,251,87,155,348,201,25,177,245,374,504,232,108,336,89
149,395,381,435,325,130,73,158,312,374,360,208,417,373,353,255,496,456,256,269,98,219,494,29,391,311
66,508,71,314,483,194,363,81,75,362,494,158,261,175,280,77,308,354,380,107,493,395,316,47,403,112
34,407,104,210,287,101,434,207,168,194,479,395,50,28,125,333,211,268,62,237,152,3,291,413,148,273
473,302,171,46,209,174,383,480,210,152,108,381,322,70,214,255,65,98,325,246,287,85,298,461,251,286
39,281,156,119,58,394,442,159,371,42,210,302,317,323,397,398,51,508,206,452,413,490,47,50,238,141
373,180,186,92,466,211,476,508,402,240,219,422,3,256,243,245,414,447,141,212,343,449,311,251,143,395
367,508,157,266,260,457,188,375,445,328,64,153,480,62,236,345,424,302,140,503,148,90,507,396,210,110
89,34,508,289,106,210,6,86,170,461,326,88,156,29,245,280,77,192,476,323,115,276,152,104,357,214
335,60,188,289,503,324,286,431,5,281,145,470,210,438,213,169,246,334,466,461,49,22,371,98,390,381
85,273,219,371,480,308,500,275,406,167,508,410,246,434,317,198,316,209,293,299,288,210,212,35,450,256
64,185,109,188,52,154,53,159,54,69,246,420,289,194,144,127,479,139,381,59,228,407,245,496,370,151
260,371,470,158,113,499,87,480,264,60,188,26,62,281,377,498,127,341,194,302,370,301,297,332,454,175
118,57,97,313,34,194,163,450,413,309,239,87,169,395,507,151,187,101,506,482,254,244,508,232,266,43
474,132,416,508,371,311,42,206,402,156,91,302,179,26,462,60,314,16,480,506,435,80,269,167,328,406
276,417,376,199,478,498,413,470,496,464,333,269,179,508,395,502,377,383,445,280,422,151,1,144,503,473
236,396,146,394,112,432,440,210,505,349,447,83,312,500,41,302,182,232,115,344,61,109,226,78,152,222
244,374,443,152,109,202,371,193,269,468,144,45,87,142,344,508,219,182,101,254,60,207,345,287,92,405
459,109,16,75,73,302,391,508,490,414,395,480,312,451,425,17,96,88,102,225,56,35,126,422,326,206
312,325,246,276,83,198,57,326,184,178,447,210,492,377,470,340,204,152,14,493,311,13,490,102,124,156
331,53,83,447,332,234,205,194,61,173,401,311,316,294,179,383,203,94,260,159,156,251,192,210,376,66
18,193,443,13,437,440,351,387,508,254,23,504,102,152,169,188,166,298,6,356,470,418,126,8,389,45
171,213,198,91,45,480,501,508,254,223,60,210,69,201,92,227,70,89,138,426,75,477,483,194,3,357
276,236,508,434,21,408,210,454,3,61,314,151,402,482,367,111,496,34,268,422,480,175,348,450,311,329
61,81,126,258,210,272,127,254,316,320,457,23,366,476,65,174,302,508,504,429,34,300,307,152,396,179
157,127,152,88,210,384,207,506,192,508,321,151,102,238,275,311,106,158,14,35,182,189,101,381,236,335
427,276,222,423,503,199,152,271,69,371,102,399,17,499,381,299,60,508,351,196,326,383,42,359,51,302
53,151,483,412,193,238,211,508,463,140,310,502,299,247,417,232,206,297,27,192,433,489,336,197,210,313
281,192,306,41,508,334,457,87,84,489,434,198,360,28,8,469,471,174,276,332,113,34,187,413,251,240
472,383,398,152,14,3,261,439,56,151,358,95,504,246,169,311,202,219,470,491,506,211,238,260,479,346
23,410,209,246,9,508,67,408,439,481,395,210,152,418,54,309,61,337,126,297,432,452,450,174,238,206
210,35,483,109,379,272,27,208,193,273,327,65,506,391,9,192,385,64,168,33,196,337,140,119,447,480
414,254,194,255,248,247,209,152,468,73,508,413,407,41,6,344,246,464,251,26,232,420,387,266,381,422
283,389,152,254,151,98,32,34,508,266,259,484,460,286,479,112,335,57,395,142,207,468,140,210,175,323
463,179,428,210,8,30,508,66,140,470,407,152,67,501,51,232,192,359,113,391,175,425,269,154,331,374
327,395,75,452,169,342,320,218,423,207,236,103,3,466,213,261,194,113,210,508,448,322,18,311,246,152
493,379,42,315,234,151,335,223,467,126,404,175,508,494,426,480,325,476,169,102,474,123,193,3,75,28
273,268,475,480,184,392,69,489,210,211,188,221,88,286,333,26,238,192,126,222,417,344,199,359,425,201
194,210,60,406,42,474,111,172,325,299,113,476,127,50,17,330,229,197,508,502,412,331,460,468,109,288
373,246,508,152,60,288,210,41,497,238,416,269,287,297,391,418,192,461,381,144,405,251,88,477,239,281
156,181,209,98,331,479,80,437,256,360,408,475,480,281,65,386,330,152,506,184,508,271,3,210,79,30
155,199,94,506,441,269,490,433,211,74,312,210,505,286,219,492,393,328,171,421,126,202,318,450,435,480
250,306,477,128,62,240,309,69,275,193,292,98,328,79,244,201,483,23,506,42,185,230,372,340,135,341
210,316,51,190,193,503,502,506,221,198,71,146,395,201,311,65,439,470,39,381,79,479,9,335,203,408
216,277,219,90,309,153,238,210,182,317,132,391,453,389,110,489,202,99,434,98,152,455,304,425,245,66
287,492,10,127,374,98,443,11,302,504,165,32,194,325,247,284,211,120,67,472,129,404,175,188,246,450
42,294,281,508,152,13,238,14,418,323,210,120,12,194,35,127,234,213,272,493,346,211,3,325,236,439
194,300,307,365,102,33,423,156,284,416,146,236,395,35,141,92,209,502,126,417,391,240,155,244,477,434
21,127,179,346,170,475,210,378,3,503,224,41,464,156,90,85,29,48,374,508,316,276,169,254,54,80
3,491,205,281,112,260,98,351,140,66,363,101,336,125,246,26,88,359,243,151,402,115,505,138,214,31
408,479,38,87,434,373,332,508,155,6,63,143,266,136,251,226,246,127,294,92,216,164,61,229,405,475
508,441,151,49,303,52,325,156,408,342,334,237,381,209,333,136,466,459,8,437,152,222,373,127,457,359
410,253,429,381,151,210,356,445,204,408,152,97,246,41,340,447,315,242,439,399,395,480,169,113,167,126
68,364,508,326,489,276,488,269,152,446,480,254,449,83,113,397,121,3,311,374,398,143,373,180,55,201
179,434,389,371,210,408,308,398,287,156,112,144,228,479,211,206,487,262,395,499,331,105,471,274,489,209
301,246,472,398,159,378,133,477,264,210,172,238,266,342,508,452,341,35,395,16,143,189,218,179,194,62
395,368,169,426,330,42,41,152,105,312,356,233,466,495,334,248,219,490,389,69,314,437,29,126,492,127
266,379,26,381,101,276,98,145,297,321,93,111,338,184,20,239,228,399,144,238,195,475,210,129,32,398
156,101,498,54,323,39,62,398,390,316,129,78,342,281,431,76,218,336,14,203,92,256,228,58,6,357
331,22,283,439,508,251,341,3,389,71,482,254,471,447,54,337,315,252,169,217,232,29,81,356,346,199
408,297,426,127,458,502,227,251,413,464,26,152,373,168,224,193,87,487,246,371,88,185,144,326,423,125
502,508,94,414,424,180,391,210,95,11,211,62,381,100,224,348,385,347,171,98,450,156,152,324,237,155
186,399,267,424,34,304,144,317,151,495,359,194,171,395,83,246,3,452,391,401,87,156,286,80,431,450
127,109,371,94,3,139,193,508,410,463,480,88,407,232,52,62,263,398,341,418,481,66,281,493,468,132
169,217,170,9,99,210,311,230,81,129,139,506,159,152,457,12,491,400,461,409,192,299,224,435,198,439
198,351,499,92,391,211,506,287,109,8,349,398,364,480,127,414,52,98,437,210,90,381,311,497,137,366
387,88,152,184,125,408,429,208,221,130,81,265,359,66,283,144,111,154,414,499,395,388,60,175,508,452
469,58,215,6,408,283,395,210,286,142,65,214,335,392,458,78,81,110,241,370,326,57,144,168,114,126
277,460,130,326,285,264,498,276,281,480,64,468,62,23,91,101,218,446,232,194,417,412,26,278,240,270
113,229,40,42,316,8,248,156,475,483,376,28,238,432,470,508,169,34,414,258,490,209,356,151,477,133
204,152,441,477,210,41,253,432,67,301,30,71,164,189,254,144,57,464,268,26,95,246,59,417,373,459
488,90,42,374,508,122,206,269,60,185,439,363,151,216,261,283,69,377,127,391,77,56,354,243,457,286
508,141,277,182,36,302,238,112,504,501,350,169,288,412,60,381,395,430,439,200,235,351,494,152,127,463
359,49,211,333,51,471,98,391,136,156,21,159,158,342,71,403,109,152,480,229,254,269,129,171,291,59
396,435,427,60,480,157,219,324,401,98,245,140,201,270,113,308,217,457,177,224,108,381,441,211,248,148
359,287,20,394,191,260,337,364,508,268,10,185,210,457,94,92,500,413,199,430,301,366,328,391,331,152
479,506,474,87,144,422,211,434,152,156,358,387,224,135,351,2,21,188,472,364,3,236,421,89,417,109
49,127,477,508,211,464,462,374,33,457,109,383,496,151,122,325,326,103,330,155,357,358,210,418,506,370
290,210,423,6,316,32,373,109,332,51,211,113,123,131,471,67,118,236,233,3,363,381,311,484,474,56
80,220,192,312,297,104,504,127,133,426,175,487,381,508,275,452,221,174,164,389,41,210,371,134,66,457
443,193,351,506,80,196,492,132,256,194,171,385,152,266,288,303,162,461,484,93,311,238,87,92,417,463
377,213,325,20,508,192,326,27,344,504,287,23,40,359,63,395,354,101,151,439,407,66,408,152,164,302
208,152,391,23,342,317,441,374,240,486,276,297,210,470,364,284,376,314,329,326,81,194,426,111,459,103
365,109,117,126,208,269,42,456,136,54,209,188,151,150,368,286,450,254,396,359,502,40,56,3,169,414
197,213,75,346,471,312,221,508,323,311,332,470,186,381,481,247,431,443,275,88,210,426,171,152,66,151
381,282,232,73,340,508,63,322,472,456,102,333,312,391,339,3,34,195,417,426,316,447,501,257,111,431
22,359,92,391,111,42,61,283,151,3,49,152,211,157,484,364,312,395,225,296,98,210,344,223,471,508
480,60,269,307,423,210,468,67,119,504,186,291,508,206,288,466,479,494,101,102,152,14,140,383,469,330
152,508,372,359,418,236,322,313,10,170,210,246,374,336,254,157,314,126,222,215,159,357,1,391,494,57
508,194,359,324,503,114,229,261,231,152,104,265,486,312,4,435,494,109,499,426,399,67,193,463,462,210
435,316,466,109,467,246,180,88,9,475,179,272,107,311,121,148,323,151,199,449,325,508,210,420,337,411
498,209,239,152,297,436,51,429,347,339,502,395,408,288,508,480,380,246,506,169,330,125,194,186,461,49
210,98,312,326,439,298,236,51,246,78,271,491,346,355,458,238,503,504,23,426,121,479,403,29,179,156
293,318,280,276,194,311,129,9,154,158,3,135,132,508,406,193,42,235,325,152,479,463,151,457,386,19
62,155,402,171,199,152,126,480,69,3,459,211,256,14,102,187,192,157,423,23,426,210,432,169,30,428
251,461,66,92,490,224,88,230,506,243,245,102,195,201,271,60,356,126,301,417,266,194,391,152,193,284
360,373,508,154,254,30,113,34,408,251,210,240,265,362,109,90,311,152,243,10,381,374,197,206,371,264
106,224,240,36,492,471,152,256,144,349,426,389,19,291,92,430,157,94,199,126,444,123,266,212,353,215
152,35,303,246,367,193,211,508,389,126,125,38,343,270,342,188,69,349,189,105,127,138,254,301,164,316
254,325,286,83,346,27,154,69,284,333,508,371,418,125,276,388,424,163,95,180,457,197,126,395,152,364
3,424,286,184,218,104,126,508,246,426,232,466,342,275,67,395,198,64,324,8,60,194,110,50,476,381
232,460,326,480,408,194,127,360,329,251,503,108,60,50,169,152,508,246,211,343,193,10,409,26,402,248
439,384,508,203,376,26,136,332,246,83,391,479,34,47,181,126,115,480,411,0,426,210,355,358,268,408
95,194,354,193,472,53,238,208,62,404,109,156,505,179,498,175,468,127,82,489,288,221,144,1,381,111
156,51,269,508,408,362,113,210,254,357,6,389,375,173,62,405,353,499,145,392,287,129,449,32,276,452
106,452,128,152,496,156,281,99,98,144,508,28,29,26,398,169,149,158,213,210,34,238,10,140,408,447
83,90,156,486,219,358,298,75,438,217,468,74,346,286,236,408,325,461,359,60,171,254,331,308,239,405
192,404,141,12,196,268,113,323,55,374,457,401,498,121,210,188,349,327,338,151,117,193,379,42,237,387
402,506,198,240,210,276,302,102,115,417,94,360,123,62,22,14,503,379,457,197,91,156,318,85,194,124
267,315,494,23,207,221,113,434,169,506,141,152,226,325,60,159,364,54,32,249,457,456,3,17,490,174
193,78,464,466,98,508,422,156,359,373,386,291,274,381,72,94,214,136,281,439,483,6,166,0,365,121
351,359,3,89,445,395,40,210,260,135,475,248,10,246,457,180,508,485,213,132,266,299,368,211,130,489
362,60,312,152,209,293,273,140,158,439,452,333,194,232,144,375,210,506,373,391,504,359,81,463,53,112
452,332,396,211,156,179,311,302,53,251,292,66,439,278,169,424,246,313,210,312,379,266,248,254,170,134
460,171,335,391,433,170,311,352,195,47,372,397,383,89,493,141,188,287,209,269,362,196,333,182,173,212
89,401,113,504,366,60,413,129,280,66,214,26,302,508,246,481,287,76,124,251,263,480,173,207,392,266
29,417,198,445,278,151,508,374,174,363,359,3,133,93,210,37,230,14,112,158,333,479,47,188,480,371
351,325,499,276,417,470,401,151,86,75,69,126,246,331,281,294,59,205,309,375,65,63,504,174,209,256
308,246,395,169,93,151,362,167,311,273,195,495,173,83,359,384,508,152,429,325,185,126,418,426,385,29
508,245,152,267,371,311,466,284,326,342,457,25,210,226,83,464,188,476,187,98,17,179,498,317,334,216
366,94,268,476,331,226,281,277,248,159,508,323,152,210,3,357,502,25,461,67,237,128,60,506,479,314
292,67,58,489,468,395,151,442,207,228,429,234,169,227,179,331,193,402,89,211,351,115,348,480,273,295
131,179,60,56,182,114,203,23,504,50,210,221,106,246,281,280,346,299,344,351,152,21,508,254,435,342
55,490,60,408,392,424,322,246,281,434,256,41,384,98,254,508,273,452,398,101,185,251,285,367,243,457
76,61,98,335,338,179,328,332,109,73,158,489,276,375,136,428,79,480,421,211,457,118,429,439,8,138
214,501,480,412,332,56,331,69,132,52,450,154,122,208,398,281,508,311,104,428,507,151,198,423,215,335
152,328,331,171,457,209,140,475,235,396,281,30,383,42,359,480,151,474,19,416,432,303,236,148,232,332
129,376,60,88,254,331,489,238,395,496,389,128,445,410,281,302,503,70,133,173,208,466,290,480,101,170
464,59,218,344,458,3,467,468,385,311,128,386,74,133,238,121,508,126,35,474,246,144,217,75,390,245
187,245,181,199,106,238,210,383,211,126,152,496,128,148,292,18,17,57,480,369,54,13,32,508,216,278
28,13,374,322,57,211,359,168,152,69,253,269,508,426,302,127,179,395,468,209,219,479,37,370,75,23
211,55,1,216,376,127,330,447,210,391,422,274,389,333,480,426,76,326,124,325,259,75,193,32,152,497
87,251,408,396,266,376,56,219,312,23,221,302,105,367,508,195,200,471,172,228,476,375,100,245,152,217
144,443,325,199,408,240,503,486,210,194,89,188,312,422,395,391,496,157,228,41,416,479,236,439,151,384
127,506,318,368,508,11,337,326,443,401,224,210,237,108,463,245,477,243,55,312,156,209,391,52,499,207
333,194,16,26,406,131,458,205,210,325,95,161,28,202,60,66,398,504,89,337,280,129,226,287,178,169
140,335,476,260,292,397,359,423,167,101,233,245,169,501,129,210,136,42,508,302,155,112,494,424,330,489
229,192,481,448,458,508,287,210,371,504,51,258,116,14,274,262,109,352,94,391,506,234,389,166,124,62
236,95,100,210,417,439,60,254,18,208,303,175,416,505,166,381,278,342,87,373,311,324,316,198,246,309
22,142,185,497,127,459,280,439,226,194,312,140,60,269,78,139,85,236,195,130,374,104,34,447,301,376
211,194,270,37,238,476,364,51,276,466,250,156,146,143,462,145,391,197,95,464,138,419,371,280,201,328
356,457,455,115,163,254,234,475,157,155,192,109,388,63,508,3,288,138,384,417,358,213,394,194,317,486
349,453,127,331,206,400,188,301,268,325,478,95,236,395,300,358,316,250,194,508,440,171,51,219,152,415
156,254,479,506,54,312,248,197,126,308,158,415,507,127,508,138,130,27,140,251,10,209,391,67,190,143
398,471,489,242,456,211,491,386,335,90,141,195,395,93,30,148,19,434,3,112,230,333,311,428,254,290
508,152,486,254,211,136,343,306,506,115,206,111,479,326,168,246,50,387,159,332,109,199,420,281,299,42
346,463,325,339,456,34,30,232,194,484,152,395,129,413,188,196,391,324,276,311,198,58,333,151,336,60
187,155,144,103,206,3,194,98,50,246,388,389,240,359,210,449,340,232,121,281,101,480,42,236,34,266
192,445,361,276,371,104,506,163,281,168,251,308,431,481,504,98,502,210,426,508,466,237,468,330,62,23
151,266,145,504,214,351,210,436,408,3,463,78,269,425,67,188,317,25,53,508,407,451,60,32,375,251
123,34,395,417,357,371,334,194,213,170,299,503,75,405,276,280,219,27,273,193,100,266,152,120,244,470
175,330,508,435,494,103,506,455,242,151,311,352,200,302,268,40,209,426,192,461,193,152,3,502,98,361
109,126,368,258,101,254,26,508,302,506,274,160,245,159,58,127,494,70,311,210,205,98,211,493,152,100
493,230,126,195,182,151,188,174,348,457,234,489,478,87,508,95,424,362,272,292,406,484,395,236,49,210
236,398,349,34,407,261,78,508,385,98,426,76,506,391,69,489,480,210,127,173,256,211,415,372,379,504
309,210,144,219,385,211,329,480,64,169,186,29,323,152,491,317,236,374,384,326,311,129,468,158,508,218
36,370,383,30,60,251,439,127,269,141,85,405,164,108,211,270,144,139,34,151,210,115,40,83,170,396
326,325,374,351,331,98,395,10,508,381,115,211,260,303,316,477,54,412,174,311,95,506,194,470,504,61
508,237,169,210,381,156,42,192,126,254,447,28,206,139,88,94,79,486,152,342,476,45,361,211,61,18
102,345,381,480,254,508,83,169,67,61,246,264,101,395,503,326,332,439,163,12,453,447,366,152,288,81
194,42,417,156,395,232,151,483,334,269,276,132,87,152,51,100,365,508,210,493,323,30,120,291,304,454
151,313,26,23,302,219,152,276,246,466,278,389,63,508,420,453,476,92,193,289,222,413,355,235,457,153
444,75,258,379,508,55,207,14,80,277,367,204,413,281,449,357,50,73,471,445,417,66,8,333,476,399
219,293,162,3,83,236,426,109,51,264,170,156,12,55,325,456,323,504,352,489,477,428,45,360,254,209
152,73,508,293,246,281,182,26,395,238,344,218,166,330,463,1,211,39,408,347,325,65,340,396,19,488
442,449,325,210,156,329,229,373,266,492,371,8,457,440,90,34,399,496,127,370,333,57,275,129,506,349
29,193,49,209,210,334,248,323,141,84,436,483,508,391,126,342,389,395,48,42,302,280,408,155,412,429
208,91,313,195,456,40,194,508,460,307,139,471,251,492,201,158,389,230,156,210,246,381,470,427,285,328
249,469,46,380,286,129,479,208,236,100,338,210,311,178,60,246,40,139,351,151,156,376,398,474,304,14
219,375,508,408,210,415,434,55,385,125,362,132,192,477,188,424,503,341,291,311,294,28,53,384,54,179
260,211,103,15,246,364,493,386,311,426,99,60,323,302,123,202,40,372,210,450,431,151,152,405,435,194
192,398,466,98,156,209,134,480,470,70,426,167,24,383,508,276,503,316,177,279,309,26,75,231,395,463
391,195,269,399,121,302,157,126,140,463,61,3,387,314,470,257,206,69,60,475,171,461,371,410,332,213
422,201,119,144,325,335,417,256,210,152,430,259,112,426,470,246,209,503,508,332,391,371,126,456,196,247
302,246,180,349,132,211,414,42,14,173,221,257,508,468,488,505,193,210,335,502,129,3,387,41,330,480
245,224,400,246,186,508,211,216,111,62,385,228,152,194,445,78,318,123,60,489,254,357,206,109,107,96
387,53,508,190,163,311,36,129,206,104,4,189,398,30,219,154,254,84,312,3,232,199,457,292,169,439
508,302,290,314,217,210,371,106,193,332,21,359,70,311,163,211,228,222,26,417,445,59,41,462,8,160
422,357,508,180,480,334,248,260,67,265,368,281,438,326,170,26,174,181,311,152,238,408,245,325,8,168
368,357,462,429,299,420,91,152,29,494,151,335,457,226,300,508,198,60,434,123,88,232,23,209,375,1
114,167,245,192,101,1,54,483,210,60,151,93,439,376,377,463,470,208,236,160,480,194,138,179,442,162
273,66,374,3,276,429,152,54,290,508,33,199,311,35,109,287,213,338,113,348,250,248,97,391,369,445
478,217,133,287,331,57,347,343,402,103,367,302,169,307,152,268,211,294,156,210,439,297,464,311,112,381
434,26,169,126,192,452,508,152,194,491,381,50,495,7,106,474,141,144,86,182,405,190,247,269,364,90
508,500,113,482,52,69,476,152,151,101,466,37,208,141,178,210,54,391,24,156,179,130,345,373,51,111
210,42,190,178,343,237,10,127,466,405,14,281,54,342,447,230,231,389,391,62,251,308,400,325,311,440
474,461,213,111,316,254,379,186,359,192,169,434,323,207,167,440,476,308,391,122,508,105,224,8,120,26
158,42,426,245,66,438,446,210,398,24,140,230,362,53,152,128,83,445,349,476,179,284,16,469,258,268
386,193,389,160,439,89,447,180,238,351,170,198,337,67,157,316,179,413,26,311,323,12,19,331,508,302
351,194,185,98,373,210,168,251,381,83,314,294,25,156,317,127,502,281,269,376,448,457,299,459,302,65
331,66,141,313,73,42,481,35,34,167,395,210,317,302,389,380,173,458,217,251,373,345,144,493,426,497
88,222,445,504,57,211,356,413,233,324,296,8,343,199,97,354,213,395,294,89,251,248,427,152,399,276
98,417,186,423,299,151,246,251,296,502,256,457,322,273,506,128,152,144,309,504,109,211,391,395,284,495
73,151,495,426,498,193,255,51,233,207,281,442,3,450,195,98,54,237,466,64,219,112,331,204,400,211
51,16,398,330,73,180,342,443,441,11,183,168,238,461,185,411,123,450,31,311,279,477,109,352,233,213
159,381,416,182,398,252,300,413,373,152,342,443,140,479,458,32,313,38,226,56,40,139,169,466,412,143
97,152,209,98,169,251,507,108,391,60,100,476,213,471,446,133,318,11,345,224,210,402,188,79,463,211
242,389,66,21,426,302,102,480,215,17,326,23,41,204,63,151,210,42,95,384,34,325,166,189,156,209
405,132,98,508,199,13,152,381,34,69,254,278,390,445,441,312,75,17,367,127,183,356,496,12,233,141
460,291,156,292,168,268,373,251,357,137,192,417,494,200,3,160,198,167,162,508,39,169,37,376,38,333
171,466,179,94,491,316,158,15,232,228,367,413,152,506,110,422,127,392,210,301,274,445,233,398,17,330
211,302,350,254,193,293,504,508,94,260,356,23,359,210,416,198,151,65,493,218,149,278,144,395,60,309
169,247,161,266,449,129,141,281,115,487,194,408,254,25,224,79,508,466,264,417,251,77,189,17,38,98
462,141,151,395,56,218,210,340,502,34,167,73,470,194,447,156,508,209,442,343,132,35,288,269,37,344
466,175,66,334,8,238,210,348,422,88,245,389,288,169,372,148,391,396,256,386,283,120,491,69,375,109
468,219,100,188,448,12,504,294,396,508,262,118,480,457,385,426,491,273,471,336,462,156,271,69,331,408
423,210,89,228,277,276,27,201,324,101,434,508,126,374,102,504,209,275,95,457,211,268,199,383,3,232
402,115,504,343,199,508,399,283,452,395,26,133,6,251,260,383,236,247,152,441,158,145,186,287,75,156
374,489,336,505,245,39,433,151,377,379,203,442,332,210,386,494,470,402,209,205,447,392,338,25,152,316
398,151,218,140,198,475,360,273,353,255,508,483,417,178,252,311,186,381,60,169,280,162,83,395,481,404
491,359,481,103,219,229,152,464,129,151,345,297,436,484,426,232,63,301,340,377,502,309,179,41,159,189
40,207,210,334,152,484,175,164,450,349,269,126,99,26,374,491,325,110,156,453,71,430,161,199,371,332
42,34,11,41,497,505,322,152,500,127,156,248,151,389,96,378,481,379,23,426,60,194,333,113,123,133
0,49,444,213,348,50,144,402,457,383,337,61,462,476,6,23,211,194,312,344,175,276,508,417,396,505
286,264,98,214,301,402,54,147,192,506,298,210,278,386,42,23,391,302,508,425,246,345,50,110,156,293
184,335,504,503,45,152,21,171,133,508,63,193,302,487,417,54,274,14,46,248,283,398,205,227,10,87
151,104,508,214,135,334,66,416,152,462,79,301,213,506,198,23,169,323,354,312,387,480,298,220,194,228
339,152,218,209,210,26,41,276,48,254,258,394,4,120,504,245,54,325,236,508,289,36,312,480,506,402
476,480,151,345,167,25,302,463,391,479,445,408,232,105,98,500,114,145,477,152,436,374,338,109,329,504
182,202,408,95,508,254,483,26,371,460,145,439,174,103,401,210,359,110,29,504,425,438,290,83,31,97
302,440,464,5,113,212,403,398,391,127,99,311,283,186,138,115,19,109,507,37,207,395,152,335,151,55
462,328,23,210,158,84,194,68,417,30,254,506,391,41,408,424,56,269,232,336,482,395,15,431,281,332
445,251,273,312,302,329,109,115,461,354,504,508,246,152,151,397,431,434,26,232,360,178,205,28,303,140
34,302,179,151,428,348,449,138,464,493,257,189,291,311,213,504,359,238,314,152,506,51,42,505,445,109
299,508,3,127,158,311,60,439,280,499,463,268,395,130,402,457,103,281,152,210,246,196,325,308,316,383
60,420,508,459,194,268,498,166,506,480,269,387,471,2,422,307,426,140,91,504,75,174,113,335,413,62
374,175,433,113,36,155,149,26,429,299,407,34,402,337,452,347,232,359,126,365,189,479,348,152,360,398
121,255,217,280,206,440,291,314,48,238,479,508,194,210,83,198,386,98,66,380,171,305,111,219,126,151
385,152,470,391,421,480,199,448,474,164,226,281,254,61,188,423,497,154,151,395,420,443,386,508,370,69
127,30,381,66,69,323,483,317,426,398,152,140,103,316,67,209,106,234,111,253,172,496,424,328,294,389
3,158,261,211,408,251,326,52,210,41,155,292,81,258,461,373,144,254,508,259,480,466,471,169,194,101
248,464,341,316,156,416,408,236,394,433,508,11,506,106,420,275,50,75,280,152,391,281,462,249,244,41
417,210,213,351,313,441,457,335,289,48,429,246,35,498,308,426,507,412,337,309,383,41,131,359,167,311
226,452,33,126,201,115,328,166,330,508,73,216,454,460,371,213,210,256,492,359,36,219,381,374,499,140
248,269,72,139,508,391,113,325,246,152,77,26,175,47,210,236,501,168,87,256,238,408,371,381,460,56
238,133,439,195,395,217,508,268,300,209,156,408,396,273,113,409,391,281,152,210,66,211,285,153,47,179
254,461,60,508,217,164,271,381,367,156,193,120,23,228,152,211,246,132,281,187,411,276,316,504,466,294
26,488,140,479,14,76,211,343,210,386,69,232,179,294,417,34,43,143,98,355,508,379,213,182,120,461
164,374,214,476,50,65,281,482,238,444,29,130,169,210,148,452,246,326,492,171,334,129,274,470,359,41
408,508,148,156,351,391,42,234,479,302,312,152,112,429,127,276,172,199,151,374,489,357,330,143,1,294
508,171,180,190,324,77,426,281,112,504,194,38,238,95,159,219,267,490,185,493,321,39,83,311,34,432
34,280,35,454,405,316,498,26,434,508,348,127,389,210,359,330,103,466,236,126,302,151,449,114,95,339
91,152,211,395,343,508,5,324,480,357,130,64,215,210,117,342,48,402,444,185,158,501,489,344,328,88
209,148,210,508,120,273,79,151,414,234,105,316,152,266,383,480,109,60,284,199,302,179,317,115,137,389
420,508,112,374,150,346,371,95,184,211,152,33,115,477,204,439,232,504,56,121,433,160,316,42,308,461
194,101,3,456,387,39,111,152,328,47,450,210,240,35,124,149,316,90,444,216,445,288,508,494,417,185
408,378,8,269,255,232,371,151,38,299,497,432,193,417,457,303,212,276,29,60,56,169,61,412,332,210
341,62,120,70,303,210,229,109,498,299,464,94,53,98,65,471,174,211,238,302,508,169,311,166,52,254
291,151,232,366,27,102,62,443,508,395,51,477,97,470,402,125,190,175,234,34,193,131,373,332,435,73
41,278,297,285,194,342,491,508,152,226,45,489,64,35,129,373,175,461,480,431,91,376,151,161,507,439
78,332,193,441,457,376,254,299,91,426,29,496,188,297,183,454,334,152,232,17,286,439,317,67,424,210
316,150,471,421,210,283,39,343,444,276,3,159,21,326,291,169,156,508,357,111,313,42,139,148,424,346
413,62,391,312,356,281,381,143,168,152,456,446,210,447,383,174,151,282,322,309,343,276,321,357,126,445
335,254,192,41,210,158,127,457,89,215,381,63,356,199,408,326,422,29,30,498,392,113,110,211,60,225
297,175,133,477,210,41,504,232,51,152,269,73,294,69,75,74,22,314,397,457,83,164,389,266,342,50
210,440,192,508,312,458,194,324,343,211,266,505,254,151,28,292,84,506,496,418,476,354,41,158,333,375
224,60,209,256,230,468,319,381,154,379,505,181,220,344,216,429,476,502,439,118,95,221,341,504,80,129
99,451,480,398,496,60,92,425,133,466,152,41,40,357,69,210,25,139,166,374,185,395,408,463,26,264
396,188,259,302,305,325,127,461,238,366,508,168,110,42,192,469,18,209,115,213,69,187,125,210,199,3
303,9,497,369,504,468,211,97,104,386,144,310,184,152,35,500,323,59,192,34,388,322,496,302,186,254
210,450,435,381,60,64,480,408,143,152,159,326,352,449,474,298,169,140,288,188,81,486,84,19,17,213
494,506,446,192,444,373,426,96,395,418,286,302,152,194,232,331,431,141,138,322,210,130,98,169,291,5
171,338,184,421,297,63,144,418,232,233,194,55,347,311,437,88,152,254,3,188,42,371,401,480,484,66
343,413,374,194,293,419,508,270,151,97,245,276,405,76,210,268,61,125,122,504,23,275,217,334,335,246
280,115,210,396,302,209,236,69,190,157,506,26,401,489,479,111,395,28,508,89,472,116,193,502,211,180
124,246,508,122,136,371,127,78,354,123,466,141,297,144,482,3,485,287,426,324,188,152,480,49,194,111
229,36,118,266,362,333,377,253,508,208,152,457,332,156,37,371,148,160,281,69,248,466,42,14,302,391
411,342,495,67,144,42,213,152,260,1,195,508,299,246,502,136,14,391,180,127,479,254,276,210,505,499
188,269,374,395,222,117,371,471,322,480,123,193,438,48,484,38,92,210,446,60,499,343,98,336,214,10
196,373,193,3,211,463,152,508,32,325,256,457,387,62,287,14,437,71,341,450,133,151,468,144,496,391
93,151,42,469,315,139,508,254,423,168,65,489,391,362,152,286,143,395,367,53,490,192,15,49,419,69
188,34,152,430,424,60,410,218,97,508,210,194,302,273,57,479,372,41,462,331,186,237,352,312,290,151
288,508,115,211,457,426,251,370,395,391,342,40,316,371,120,31,293,169,8,34,352,245,157,193,232,69
156,346,248,408,141,501,269,297,387,51,211,206,391,247,280,232,213,182,480,374,464,260,41,432,443,154
55,460,116,210,71,16,297,309,508,269,484,152,92,51,446,480,109,211,251,434,506,87,316,126,3,170
220,169,126,179,130,374,343,302,487,77,454,407,210,30,326,502,194,371,387,509,465,97,26,211,340,152
409,391,246,210,389,488,377,66,98,63,293,480,218,152,115,123,33,439,258,508,193,325,144,190,342,280
303,210,51,231,26,317,357,169,8,84,387,508,124,479,426,254,151,208,315,311,10,439,339,483,75,188
34,130,430,228,156,504,245,281,303,269,36,160,391,152,444,368,125,1,379,129,210,225,41,120,38,408
32,504,457,273,98,167,356,411,463,367,57,219,275,246,508,359,251,11,95,125,14,247,429,70,208,60
210,151,268,209,299,62,106,203,256,508,290,111,399,359,369,201,186,328,205,434,378,351,29,389,395,211
41,457,489,290,367,115,326,174,423,376,30,111,461,434,210,472,340,152,443,424,460,35,158,422,331,483
152,21,121,10,433,26,192,309,194,101,311,1,437,156,371,3,358,480,230,98,120,210,508,126,396,381
408,8,301,447,128,127,12,334,219,354,359,398,29,406,61,439,269,302,364,36,210,381,151,329,4,83
105,154,424,127,439,148,66,302,270,95,250,151,328,155,126,164,342,246,482,479,27,186,75,109,374,217
179,166,230,218,313,140,88,23,266,35,73,214,211,170,126,508,359,112,127,272,425,115,49,210,41,164
207,228,506,460,275,502,196,468,326,494,63,508,378,141,311,208,152,99,140,98,109,102,210,215,276,407
398,440,186,450,472,504,105,251,169,12,54,371,482,33,79,214,170,26,414,238,416,343,197,90,42,210
502,67,217,291,391,351,249,274,221,174,169,445,131,210,238,395,87,408,130,198,70,276,505,35,322,349
34,371,286,109,159,152,95,303,254,48,402,33,171,350,239,247,276,186,5,114,272,391,210,446,75,452
287,482,221,211,110,336,302,26,508,193,269,152,219,187,30,502,208,216,35,240,479,49,341,226,117,470
2,206,159,238,311,371,484,166,110,152,362,89,208,317,423,136,504,406,470,210,42,84,441,246,192,448
152,198,508,73,408,261,210,232,245,331,38,371,21,224,175,404,157,259,184,348,29,199,126,489,195,395
391,226,26,398,210,185,259,342,216,508,506,152,395,92,479,123,309,434,340,53,201,30,215,360,335,209
215,14,333,395,301,173,3,127,391,277,328,151,398,376,359,236,425,187,322,246,66,375,408,488,89,349
273,49,148,398,506,311,199,280,419,69,58,373,189,228,266,343,112,26,274,250,392,7,325,389,33,412
41,211,60,426,122,501,69,111,345,373,188,209,356,259,169,477,246,508,100,151,63,67,210,203,276,489
251,338,185,107,246,502,493,40,28,66,432,428,210,152,50,273,192,395,19,179,211,449,394,118,96,289
316,309,95,462,288,508,169,254,120,276,210,155,376,311,198,75,69,378,387,371,217,294,374,54,38,219
186,200,199,210,131,96,359,402,175,445,398,6,508,494,352,413,104,279,33,14,468,193,470,71,457,467
64,81,308,508,208,507,402,375,184,210,352,317,156,109,220,414,63,132,102,3,302,398,276,248,476,78
5,480,42,31,221,359,188,508,52,334,88,174,210,269,154,268,66,109,101,311,151,290,211,95,17,291
236,293,422,508,401,234,149,83,408,428,60,194,88,439,449,247,398,144,169,53,461,445,152,459,210,151
285,448,508,469,477,268,175,504,304,402,490,336,151,396,460,302,300,498,90,207,312,367,252,333,159,179
53,126,211,251,491,64,236,210,42,194,273,154,291,60,143,226,471,391,220,160,418,281,169,427,342,2
267,499,489,106,322,349,109,373,210,506,52,99,196,425,156,236,416,362,136,294,211,480,269,42,508,140
508,455,274,179,426,216,85,507,180,120,439,34,60,456,149,219,381,3,391,152,306,392,254,359,504,42
373,256,452,374,508,158,19,191,354,459,110,281,151,418,21,391,332,395,334,506,362,35,199,182,187,1
111,141,434,210,389,338,283,34,157,100,379,417,188,74,395,67,35,115,26,484,492,446,83,214,356,359
354,471,452,396,336,463,286,104,64,283,311,224,395,408,8,457,153,314,464,373,60,173,508,154,443,133
29,7,491,269,377,257,149,156,102,405,53,312,426,466,334,193,408,395,202,506,151,413,109,60,201,464
92,313,193,302,417,461,42,250,35,109,60,78,63,335,164,47,330,51,151,238,88,508,506,440,39,30
102,93,471,265,322,197,504,213,457,332,175,156,303,273,246,450,333,261,302,464,396,223,364,388,42,251
263,88,6,167,25,269,54,60,152,246,41,424,449,130,333,423,236,508,113,503,193,151,484,244,467,266
87,188,31,233,206,100,174,166,497,245,179,80,435,171,399,42,41,354,262,239,460,302,226,479,12,238
152,202,123,371,245,346,90,143,302,197,212,12,85,469,439,334,287,357,14,8,158,194,282,266,211,29
508,273,140,177,127,316,136,198,34,426,193,388,344,230,66,495,299,118,389,437,169,109,497,440,143,62
402,127,141,334,260,246,494,31,332,392,210,57,185,126,17,431,33,297,326,351,496,467,371,99,502,391
26,152,13,90,100,202,241,434,66,171,47,491,501,42,254,401,167,210,462,508,77,141,499,281,330,144
457,212,286,12,194,508,151,371,94,307,65,106,268,472,389,358,398,455,404,288,254,479,348,156,357,6
336,466,198,449,144,337,452,216,181,97,54,506,95,403,245,238,260,461,219,186,508,324,10,395,309,297
391,63,158,152,115,367,81,508,400,348,302,232,186,151,480,281,413,98,453,230,139,47,339,417,240,192
326,53,508,391,110,152,42,375,315,194,407,111,345,188,179,62,408,470,61,127,441,406,129,40,151,477
214,464,224,210,118,254,34,6,42,494,503,347,417,487,151,111,371,457,194,300,23,244,325,41,501,302
254,336,238,127,374,302,210,334,422,209,179,288,325,367,493,92,317,236,246,168,174,429,91,292,122,100
152,404,208,43,407,99,18,470,141,266,375,245,205,32,276,61,17,53,83,188,409,3,426,185,11,211
179,326,3,221,232,508,344,261,115,493,42,4,109,98,214,55,371,228,311,154,23,408,359,357,309,169
92,61,287,398,437,155,108,458,440,395,76,339,441,312,13,335,337,269,367,210,480,332,138,98,311,383
210,240,484,292,422,126,508,413,288,481,470,67,132,237,13,164,447,472,193,301,449,340,169,15,249,391
230,269,376,194,502,490,134,98,210,308,508,77,52,325,301,406,36,197,251,42,391,403,260,238,383,159
381,508,244,216,84,126,51,175,359,121,302,151,101,210,449,17,83,232,105,120,213,311,389,363,246,272
508,115,210,151,3,506,186,82,439,114,479,359,95,290,110,152,296,66,193,302,347,444,206,194,260,42
58,281,302,175,166,266,128,447,56,323,169,60,39,198,391,152,418,211,389,499,188,120,434,111,308,417
302,256,342,332,95,209,478,395,65,152,501,299,16,290,276,469,508,300,373,155,101,334,446,327,34,357
366,2,379,183,210,85,65,152,66,381,470,471,228,352,457,420,508,246,18,151,129,182,179,288,409,144
262,156,120,95,428,3,109,371,151,210,353,416,169,27,226,128,41,213,431,302,413,373,35,502,468,439
265,193,53,61,452,134,479,268,42,499,478,401,186,347,458,152,413,453,47,290,78,377,360,59,302,386
145,158,54,34,312,425,14,68,282,98,32,445,236,489,102,508,101,88,297,461,193,60,179,268,368,357
416,121,219,254,508,452,302,466,211,432,213,15,281,311,395,246,26,111,210,178,251,23,383,279,234,32
37,101,251,67,155,154,357,467,152,188,427,198,383,206,480,316,439,464,195,332,468,449,97,210,506,219
144,328,26,322,60,381,342,219,110,317,276,426,102,427,383,152,347,42,508,224,151,404,10,290,54,457
65,391,433,402,112,126,479,87,273,13,26,158,425,312,457,98,194,342,61,129,143,156,492,168,313,480
396,414,42,374,281,26,51,503,188,391,115,210,204,134,34,71,111,466,154,508,152,317,431,328,155,233
71,101,332,41,219,246,192,29,194,245,466,309,133,373,244,151,383,152,356,286,302,391,371,98,252,161
407,151,379,124,100,314,273,158,152,262,139,187,9,83,3,77,493,120,468,427,132,236,26,294,474,191
395,151,179,55,130,418,93,445,360,460,385,381,508,3,337,348,81,26,392,128,492,42,472,169,404,241
322,432,427,152,374,336,508,169,287,391,355,360,267,210,80,218,275,123,364,151,463,402,256,194,291,118
231,112,402,281,273,12,443,426,166,418,218,395,506,179,408,504,476,337,254,232,430,40,383,461,470,83
379,77,168,357,193,192,143,508,126,354,194,283,145,331,135,42,287,209,50,256,144,395,78,470,224,400
328,493,273,326,206,196,3,210,115,132,370,496,151,221,61,281,169,425,193,175,453,309,480,454,9,478
426,417,175,3,269,420,476,78,320,408,303,457,254,211,104,391,210,397,225,162,488,286,334,155,371,332
457,195,311,439,479,1,175,226,508,476,152,179,315,312,34,124,482,302,66,371,123,438,129,475,448,207
367,373,508,405,40,426,288,429,87,42,262,388,314,152,469,196,65,115,254,439,93,113,322,467,259,311
302,152,281,149,190,60,325,246,482,95,144,470,450,83,106,267,324,337,126,210,316,462,355,136,479,232
399,370,408,29,255,374,237,434,461,45,457,73,42,400,211,254,383,164,140,362,458,281,447,99,325,89
396,168,373,416,413,169,74,99,36,295,26,13,194,64,210,457,167,276,67,382,377,423,120,244,208,478
508,75,187,331,164,55,497,126,312,483,117,210,381,326,348,174,48,127,344,322,335,311,175,219,408,409
311,135,210,143,392,370,158,367,395,38,242,489,377,154,3,151,508,60,124,494,250,142,34,245,92,316
335,423,508,3,99,96,210,341,223,211,351,281,468,501,171,8,314,73,408,126,130,425,352,195,238,216
400,502,286,463,164,110,506,403,425,29,364,335,366,330,141,251,115,248,3,477,434,152,210,435,59,66
357,4,211,85,352,281,467,246,232,363,497,76,157,210,67,124,110,508,338,286,109,152,207,480,194,434
194,454,143,281,126,317,447,324,318,8,210,228,391,508,58,51,211,457,207,60,169,144,254,262,47,152
505,233,118,232,229,366,32,156,132,418,408,33,466,50,34,308,108,16,317,370,211,164,374,135,441,268
408,508,278,413,476,246,151,39,497,337,46,77,11,355,309,354,159,80,506,210,211,79,143,436,53,420
210,333,169,391,508,469,471,266,273,122,296,10,298,99,282,338,494,342,79,57,299,371,223,429,132,12
126,349,177,256,328,206,343,508,111,287,214,498,276,291,169,115,457,136,164,440,391,345,14,224,193,5
469,342,43,429,112,17,152,463,56,141,408,471,476,349,247,226,260,399,71,340,269,109,268,359,387,73
311,414,291,495,425,368,395,212,108,508,63,22,166,389,125,444,211,107,266,83,175,122,232,42,326,129
152,508,158,236,264,359,182,159,67,434,210,328,477,98,494,121,151,23,298,50,386,311,232,373,503,194
460,472,267,42,325,13,318,502,469,508,3,422,391,91,209,352,97,349,50,373,445,88,77,374,367,359
65,110,326,405,151,8,385,439,437,508,477,57,463,51,480,109,154,32,261,365,46,257,210,60,367,34
152,395,266,482,508,281,371,262,175,367,464,207,270,246,8,192,448,302,3,214,68,213,113,288,98,224
50,316,466,273,246,332,252,60,373,84,58,179,113,144,301,199,211,488,274,180,26,391,23,508,475,122
179,477,36,193,415,470,144,450,302,478,224,245,443,222,334,367,133,281,399,269,210,89,152,186,292,476
311,204,192,428,349,61,263,378,334,11,231,302,113,445,109,151,502,254,26,80,43,478,185,210,35,235
34,177,83,152,484,265,103,193,499,96,39,38,281,126,210,497,380,449,427,494,112,172,273,349,391,508
54,21,152,480,457,42,331,145,268,286,66,429,47,192,169,391,151,69,26,115,287,316,455,23,132,504
373,16,302,403,379,470,211,418,101,433,3,371,217,254,495,169,224,246,41,408,230,152,375,26,236,377
62,468,433,391,213,503,113,446,210,215,508,139,378,126,40,395,311,67,398,25,219,267,138,291,24,92
343,152,344,413,254,193,75,192,418,456,472,373,39,110,188,151,453,359,503,411,195,362,238,326,26,233
192,206,381,506,101,273,55,311,398,302,426,260,463,210,362,314,508,194,115,266,503,281,12,49,95,217
334,335,424,414,185,441,401,149,391,186,50,48,246,81,508,115,85,268,3,342,158,26,39,498,209,302
395,126,269,464,74,204,236,15,508,194,434,111,413,463,152,502,493,430,122,158,210,1,190,506,188,444
210,48,79,38,226,129,224,202,152,496,383,478,395,207,209,379,180,348,194,408,111,42,311,179,396,60
73,64,337,378,502,306,432,461,112,506,476,311,330,53,480,151,312,13,452,246,475,484,152,101,210,331
210,188,156,260,276,350,383,480,96,407,3,344,477,484,245,123,76,381,429,179,199,388,114,40,440,126
210,500,67,144,206,508,10,391,60,493,244,246,434,227,426,113,151,480,474,333,300,26,32,187,438,274
240,42,63,371,434,211,386,177,457,406,315,392,119,281,83,398,502,260,98,125,151,489,208,250,210,254
271,193,276,210,440,322,246,447,457,46,446,266,65,177,34,76,327,209,389,470,152,164,455,508,288,368
428,311,43,402,118,45,126,508,494,398,327,210,90,142,301,200,445,391,201,434,333,34,187,113,144,460
362,504,138,209,439,99,207,302,508,443,152,10,41,60,371,194,254,311,26,367,34,373,317,23,179,422
508,456,223,210,25,374,211,404,100,246,158,395,126,288,34,475,466,8,175,234,454,151,499,198,391,83
422,325,426,292,152,236,508,144,9,311,164,209,389,169,378,359,211,214,474,127,110,408,193,29,200,251
391,425,54,157,381,463,34,202,359,479,87,210,286,397,285,28,117,417,97,336,374,439,33,298,180,477
292,367,194,493,231,258,55,53,148,454,242,109,183,506,171,508,413,182,263,341,448,51,23,376,477,211
389,446,498,151,266,268,67,464,469,169,127,113,395,394,396,175,192,218,78,197,330,302,26,65,470,70
489,269,488,380,470,414,254,228,425,144,145,480,346,110,392,199,303,258,434,3,95,391,185,309,239,312
371,389,502,370,468,373,310,23,317,387,216,508,472,311,474,96,78,207,29,58,145,140,428,423,269,291
247,508,210,445,407,112,477,179,52,436,334,193,57,482,457,316,333,502,371,301,383,109,169,449,273,209
493,106,51,95,397,194,392,457,251,242,335,497,151,508,177,307,221,122,152,354,246,89,102,116,34,460
210,41,349,463,432,254,376,310,271,199,67,124,236,249,152,443,274,192,457,438,56,140,503,302,381,498
156,375,128,442,243,35,426,108,179,47,282,16,508,459,155,236,371,193,69,126,366,391,29,115,200,161
499,302,458,194,479,110,422,446,408,152,109,13,210,348,206,508,495,438,156,169,477,76,329,362,384,129
169,437,380,80,154,198,470,508,322,228,384,16,466,185,447,36,507,471,493,332,302,246,272,460,474,186
508,111,316,92,293,112,221,185,105,331,162,239,359,463,100,94,461,98,246,34,195,70,12,22,155,3
391,60,202,34,373,70,395,95,500,474,441,245,480,199,152,376,314,227,83,193,404,169,508,217,156,187
53,506,103,218,440,234,281,508,439,152,194,185,288,398,36,91,125,25,454,438,98,60,38,57,70,78
34,155,308,276,240,120,440,18,200,302,468,252,168,8,77,206,280,371,128,474,33,316,210,359,223,48
281,109,508,370,426,209,156,213,207,144,174,371,342,311,380,408,463,166,274,219,269,218,344,416,291,413
26,254,447,151,43,499,116,204,226,34,53,238,179,377,354,508,302,126,218,344,387,246,479,9,395,476
120,25,302,452,282,97,210,39,508,408,237,457,398,175,391,311,166,13,206,470,368,151,156,9,169,246
396,109,283,40,501,269,210,12,276,408,67,34,47,194,301,471,41,151,330,329,97,163,461,303,284,238
60,256,83,470,238,466,401,151,210,254,239,471,416,452,3,6,439,311,303,104,480,91,112,468,491,374
508,141,497,477,395,205,367,219,194,447,254,227,502,60,374,46,256,188,214,96,3,9,77,12,126,361
508,129,426,27,380,487,499,246,351,312,198,10,251,151,478,324,73,468,232,428,118,194,178,480,132,377
89,139,193,102,317,42,506,490,126,408,453,508,142,199,246,354,262,15,56,156,34,111,127,311,468,200
467,381,144,218,420,151,26,366,113,311,373,201,120,283,193,440,45,37,308,302,281,183,230,152,79,457
454,476,415,36,468,26,315,333,462,457,337,488,151,33,159,98,133,291,506,435,405,245,349,491,302,336
309,64,371,450,332,156,152,475,281,402,26,42,117,236,395,198,361,127,387,106,232,60,210,508,14,13
194,26,432,112,374,332,152,173,244,483,381,131,210,478,111,423,28,439,426,398,340,326,480,62,269,333
332,16,3,98,187,413,151,290,54,424,508,281,452,199,302,496,286,152,60,342,171,497,41,31,89,62
391,369,508,221,169,198,276,188,155,371,462,396,433,180,32,498,232,367,338,373,267,175,325,6,457,316
508,151,469,325,10,231,221,232,404,374,302,6,26,246,506,109,422,432,371,335,479,194,421,395,42,111
367,124,151,30,246,136,258,395,408,207,8,418,224,145,440,210,131,19,162,14,25,373,219,169,194,409
244,351,381,339,440,219,304,499,308,508,152,98,498,169,214,234,370,178,494,8,232,17,434,312,319,443
381,7,224,113,483,236,94,211,114,186,169,174,362,36,408,210,379,152,330,421,262,426,13,4,109,327
344,143,23,457,152,210,194,171,294,191,96,54,97,300,508,60,488,470,398,3,267,505,452,109,110,325
248,209,471,311,267,316,152,78,41,1,287,30,60,508,92,155,431,16,373,55,52,418,499,299,445,139
87,42,41,330,98,370,311,246,95,188,351,374,236,450,435,379,77,377,179,8,210,139,27,169,244,274
66,3,87,13,376,203,437,329,352,339,322,169,146,257,506,413,462,15,466,395,494,443,125,502,99,98
211,104,120,356,210,121,389,24,246,281,361,202,102,98,478,164,367,508,395,303,231,404,350,205,426,371
121,457,194,175,66,478,173,216,28,386,168,332,127,266,29,444,92,210,109,494,506,290,297,236,424,461
30,468,368,416,113,28,301,100,64,508,51,156,381,25,41,391,222,284,109,69,373,147,14,311,230,480
480,395,447,267,145,66,508,430,12,125,77,208,479,18,112,151,373,168,303,80,245,408,311,331,402,449
469,192,55,164,210,213,302,325,140,268,225,17,508,41,36,9,168,227,429,251,209,374,498,217,506,381
162,196,144,232,55,439,386,3,245,508,83,41,430,389,471,139,482,391,203,441,302,434,424,217,129,206
60,462,267,222,377,347,266,211,395,231,94,254,425,389,80,121,238,371,61,83,201,187,450,245,210,379
430,508,148,180,207,98,57,65,335,194,41,152,240,111,504,374,428,208,482,177,61,502,457,35,50,23
395,26,492,391,462,482,158,175,111,273,457,342,211,381,269,1,113,329,376,253,194,12,152,435,440,168
483,211,254,125,140,331,128,381,450,21,508,461,226,316,433,65,268,501,23,237,437,62,208,113,486,152
502,98,42,398,276,400,169,101,110,108,219,434,456,354,435,468,105,193,421,373,240,164,301,53,127,286
367,231,171,376,429,348,109,342,124,179,74,169,201,328,166,99,395,489,387,276,234,152,457,498,128,210
467,257,409,126,371,69,395,98,254,379,8,193,389,26,41,332,424,466,205,234,217,60,85,168,207,232
61,287,338,505,175,65,43,114,127,92,132,380,324,316,111,370,267,11,378,88,133,508,357,211,60,461
469,464,98,505,240,151,209,49,373,13,65,435,113,101,313,374,194,83,320,71,54,312,478,311,498,175
148,127,386,42,197,191,125,159,372,283,501,161,332,19,367,292,311,152,246,110,60,243,325,508,254,434
445,125,126,374,230,238,156,28,319,311,212,129,223,92,98,148,211,192,122,454,42,151,6,210,318,77
418,238,40,14,114,236,229,109,18,200,196,395,75,391,77,82,233,237,47,273,438,426,127,126,57,222
359,217,373,281,50,467,309,452,246,383,372,345,328,14,456,216,389,408,159,210,129,495,206,257,178,114
210,478,311,369,159,194,92,508,474,199,26,156,395,352,491,319,349,147,391,188,258,482,248,85,504,382
273,20,154,131,468,124,281,99,461,61,497,411,342,494,240,156,299,152,188,303,422,322,109,297,493,182
302,152,38,398,179,373,296,144,69,133,385,83,508,210,98,41,274,314,461,84,280,194,281,14,119,254
396,349,460,224,408,194,42,177,509,508,413,326,489,17,211,426,148,113,411,470,78,401,395,12,340,97
228,491,246,500,14,381,311,109,333,152,269,210,114,211,190,438,125,508,26,230,434,245,179,25,323,27
