171,269,41,284,250,336,168,407,210,99,236,333,152,79,508,21,392,266,273,493,238,334,398
471,311,506,302,276,70,101,413,216,234,414,398,326,128,177,316,325,139,405,210,14,10,395
508,399,325,79,444,89,109,294,391,77,254,417,371,259,489,170,219,42,281,41,439,302,282
463,508,342,113,151,164,173,54,27,309,36,9,383,91,144,396,60,302,248,199,371,94,429
32,28,213,489,47,3,368,395,42,157,246,276,333,408,302,446,16,10,67,254,104,53,381
395,420,462,276,152,339,211,443,386,245,42,98,28,269,221,233,158,213,311,83,171,342,156
17,30,309,28,492,488,302,121,70,35,479,317,281,508,312,152,338,414,245,98,49,311,352
234,318,325,506,152,227,430,340,195,395,437,160,358,42,284,141,113,80,461,286,71,398,95
236,276,69,302,450,425,373,234,28,71,102,244,493,429,109,423,80,167,194,332,325,41,306
132,381,217,65,281,194,508,37,167,144,82,100,254,391,112,231,311,42,275,395,425,171,54
403,211,198,194,312,168,48,156,441,77,94,386,371,398,152,347,134,42,422,361,258,26,508
14,1,25,95,274,35,210,383,476,218,3,387,23,102,231,276,251,377,367,40,421,508,9
115,256,26,210,413,374,254,358,364,139,386,381,208,206,194,373,140,302,211,420,395,504,461
499,246,194,360,460,36,308,113,358,89,29,302,210,221,168,395,42,457,245,371,439,491,236
468,288,232,210,449,127,286,414,152,390,295,34,498,143,452,294,209,500,349,473,92,416,432
148,210,384,95,168,395,152,389,69,81,62,417,309,221,429,508,211,500,427,145,192,30,333
251,50,57,454,151,38,210,6,146,309,194,286,430,55,266,488,175,92,26,226,97,318,508
381,311,8,66,443,357,508,302,463,54,358,156,210,23,75,217,420,12,89,251,100,398,483
419,115,508,195,371,309,152,194,180,210,30,506,463,212,93,439,179,480,326,97,299,499,151
149,234,198,32,210,251,254,508,332,169,281,57,319,194,226,110,338,328,168,127,470,5,90
508,280,466,450,75,127,21,437,198,115,370,262,214,311,209,109,418,144,254,359,156,505,391
41,428,194,199,317,503,49,213,385,35,152,334,207,291,238,159,471,205,170,457,34,425,400
421,269,113,62,121,246,48,508,487,283,133,452,112,84,255,158,444,381,325,274,210,199,350
326,221,493,186,121,97,431,158,460,254,102,245,3,468,348,84,152,211,395,330,297,351,359
386,381,457,408,210,479,260,396,470,274,227,19,391,409,270,395,101,506,371,133,207,309,135
354,452,12,221,251,166,299,276,210,144,383,64,151,80,357,384,281,349,468,344,343,136,101
173,457,289,232,395,508,170,143,188,302,422,300,237,312,417,492,468,360,97,210,96,115,154
55,247,8,457,152,211,98,474,370,236,210,42,113,232,94,357,268,126,508,18,352,502,201
246,326,434,3,211,84,245,307,207,302,98,391,417,371,508,195,439,469,354,408,182,151,42
238,174,500,399,192,137,302,109,42,331,508,138,50,149,36,332,23,193,391,367,182,457,179
412,494,89,211,209,101,274,324,352,226,58,26,81,457,222,452,245,468,148,137,184,371,335
422,281,267,238,232,3,35,508,118,374,151,304,169,102,292,176,69,115,210,246,220,252,286
198,423,454,224,508,444,154,210,385,125,316,477,152,49,492,177,367,141,396,467,61,254,268
144,23,266,194,446,381,267,49,210,438,123,140,496,136,508,236,468,269,25,156,374,302,199
234,508,408,317,373,322,358,56,193,276,374,323,35,123,431,450,448,370,290,151,346,192,494
324,126,419,179,499,246,226,506,389,151,354,211,332,508,88,417,391,439,371,3,367,9,375
211,115,69,391,245,127,14,210,273,195,357,6,254,326,11,3,99,370,246,168,83,484,152
283,256,109,193,395,396,360,447,492,152,508,3,129,480,357,112,79,398,286,474,104,163,224
251,40,167,312,506,114,120,276,184,289,462,334,398,56,311,14,10,76,404,42,36,174,339
105,126,374,3,169,164,294,184,287,335,497,506,109,508,254,269,152,197,92,210,293,258,211
151,447,238,332,448,219,433,107,281,61,188,152,423,316,25,404,179,508,239,124,166,199,314
205,508,234,199,54,283,457,294,120,174,42,302,478,494,144,246,194,152,209,3,396,100,127
23,201,422,198,191,373,141,267,3,367,232,504,244,460,266,157,171,312,480,418,288,484,89
205,254,154,120,78,269,83,465,384,123,214,210,447,234,144,374,391,26,300,164,169,18,129
439,249,483,42,303,152,281,162,49,251,471,69,112,464,210,449,201,209,254,169,136,494,5
98,81,193,379,446,179,63,53,26,373,194,389,359,412,177,8,233,60,232,152,371,269,158
426,316,50,144,41,407,292,479,371,6,378,21,199,211,417,280,273,143,152,126,52,83,326
197,357,120,413,309,269,389,417,151,109,420,129,354,196,60,193,52,200,480,42,156,71,483
426,317,126,26,300,152,3,136,134,494,209,286,457,335,302,508,355,388,496,131,408,117,294
290,300,403,302,255,442,415,482,404,69,0,480,441,324,335,373,304,25,292,101,26,398,383
477,34,231,455,58,508,113,377,178,239,1,283,8,194,261,260,185,3,476,206,182,348,436
193,395,127,359,87,58,210,152,98,387,148,179,139,23,60,30,508,447,319,452,288,248,214
151,213,417,408,248,482,99,292,472,97,286,381,184,433,506,489,302,62,152,477,318,182,508
424,43,322,455,408,372,206,491,374,494,191,492,79,288,127,389,126,163,23,254,415,8,26
94,59,383,152,391,381,280,477,12,180,398,258,427,246,50,395,256,224,92,287,415,281,169
281,333,297,427,457,171,188,420,302,230,398,387,9,351,374,346,219,41,256,151,373,210,192
281,149,508,158,213,371,1,47,232,5,302,285,479,414,41,373,499,179,311,380,346,383,374
274,398,477,302,411,220,207,204,323,508,123,151,66,316,56,381,156,158,118,131,210,171,498
262,367,254,410,134,112,213,439,358,209,35,31,210,23,273,508,331,158,219,50,366,467,332
196,98,201,482,127,30,168,126,137,151,163,161,508,179,63,431,219,145,335,427,35,321,276
3,391,12,325,169,98,466,280,378,182,140,188,181,413,402,54,60,508,217,285,491,95,373
275,366,508,174,141,88,12,253,312,505,151,91,66,199,376,309,40,450,34,461,3,126,158
42,208,280,211,403,347,457,363,133,462,381,508,197,290,36,373,60,151,173,302,392,127,398
457,467,342,10,309,53,434,90,35,352,179,23,11,198,125,126,375,156,418,215,232,488,236
283,508,503,398,395,473,359,159,441,64,372,151,216,300,210,195,42,434,281,433,336,115,67
12,230,98,219,395,92,302,254,379,508,238,373,210,158,169,195,111,188,168,14,367,266,131
254,455,113,400,408,152,326,98,298,331,256,245,169,22,236,439,436,401,279,14,502,172,48
452,1,17,378,65,508,226,331,411,112,479,152,374,193,74,395,60,26,216,115,32,292,169
348,192,140,58,152,308,302,422,208,424,357,413,254,62,434,25,144,109,356,247,396,73,236
424,408,395,159,232,221,400,115,207,211,167,413,414,64,476,3,370,127,508,325,218,42,241
276,19,287,386,51,156,395,324,170,506,381,454,357,62,322,470,317,424,450,91,461,242,508
245,196,236,466,152,360,63,431,211,219,457,311,163,246,166,118,51,371,101,479,30,426,7
480,395,331,194,333,468,467,169,391,470,398,457,247,81,178,399,346,309,188,127,389,70,506
396,508,115,152,209,379,272,167,141,468,159,426,25,480,226,370,402,478,168,151,436,69,47
94,162,385,124,20,330,301,424,467,438,276,34,461,480,152,132,303,463,270,443,323,501,239
294,22,127,182,175,280,322,161,90,395,211,236,144,508,46,163,246,337,299,445,423,480,88
381,311,210,304,422,281,126,127,26,160,484,187,152,15,51,77,363,330,362,10,23,494,435
490,434,504,16,441,209,405,384,126,503,414,54,152,461,64,273,447,151,403,277,242,309,34
188,311,447,291,381,84,83,254,98,508,41,66,271,197,175,276,60,379,151,109,253,374,331
458,114,151,436,193,158,14,414,51,342,383,294,333,26,12,439,194,178,90,303,211,217,10
50,136,160,79,151,326,174,167,14,3,316,508,126,152,347,354,493,492,73,384,144,210,401
299,302,383,34,98,124,41,277,232,508,51,45,209,245,294,127,114,386,151,464,456,113,396
113,367,47,102,447,196,151,37,506,144,360,183,126,508,38,84,281,431,164,112,348,374,61
290,287,26,362,151,5,140,144,60,408,474,41,431,455,480,439,170,123,508,70,269,194,233
87,374,353,169,263,500,97,298,115,226,156,439,279,391,508,213,151,398,164,144,114,12,127
382,269,400,483,448,258,32,115,152,398,109,286,276,408,395,254,242,302,417,23,194,458,367
211,424,87,381,73,17,470,440,286,142,375,208,266,326,508,412,193,159,480,299,447,232,456
489,79,45,398,333,429,193,463,120,447,29,144,422,126,395,476,287,377,146,213,14,5,425
246,408,164,280,475,210,198,274,109,503,244,0,329,269,437,12,508,499,59,214,83,138,461
152,283,151,391,9,219,109,115,395,302,322,209,61,210,155,25,489,348,508,486,268,68,495
182,152,236,210,6,123,359,174,391,400,207,151,109,237,214,408,318,326,98,73,377,46,370
469,188,249,211,508,483,246,210,232,87,115,478,226,80,53,391,445,497,169,197,194,452,160
29,87,157,326,60,194,292,246,207,508,191,317,179,325,171,34,299,204,442,336,83,232,80
325,209,115,8,159,291,276,316,472,311,480,164,499,288,42,67,479,212,174,359,101,224,210
276,374,417,174,273,484,129,194,192,34,475,152,193,314,200,22,506,109,395,359,508,176,189
420,302,429,508,324,337,23,151,457,463,468,433,98,314,340,417,112,76,273,113,475,155,202
138,508,466,357,218,235,333,308,201,276,89,83,381,206,281,311,127,211,109,334,26,502,130
399,17,93,232,246,395,330,168,144,477,26,149,348,102,408,236,8,447,291,411,120,228,256
493,383,51,155,398,272,315,374,210,173,477,497,316,403,152,480,208,261,502,328,69,77,432
508,408,3,210,152,271,347,1,15,126,209,274,326,50,504,395,304,342,201,416,166,164,114
179,70,74,262,41,457,17,133,141,291,175,233,97,408,210,242,98,456,279,316,466,228,508
57,274,254,256,46,199,251,508,414,343,232,404,265,151,236,55,60,127,355,347,194,234,434
413,326,90,498,307,269,211,362,288,457,20,392,508,295,122,193,255,414,174,343,128,278,71
385,23,391,359,450,504,408,3,269,69,329,276,0,496,432,472,383,169,74,302,334,34,223
199,35,408,193,203,114,128,281,493,194,141,468,0,458,152,159,30,300,8,243,440,192,210
389,344,371,414,83,66,74,236,311,433,502,35,405,426,325,169,431,477,101,211,447,198,41
138,152,479,209,371,309,9,468,502,395,238,171,417,418,174,489,6,34,508,270,248,219,109
316,448,152,373,210,461,124,111,505,211,457,98,311,194,335,508,240,136,423,108,187,354,386
148,211,136,210,26,258,505,85,42,432,276,55,212,130,273,254,381,452,508,168,319,108,99
95,254,480,263,90,373,434,69,354,413,508,298,148,152,435,156,126,469,398,125,40,41,417
303,11,455,415,337,236,64,342,14,400,450,508,325,184,161,210,93,311,399,429,151,380,207
506,286,316,246,457,198,362,281,211,498,88,36,255,484,408,290,508,83,389,398,432,331,416
117,477,508,131,504,501,281,140,461,269,210,302,188,14,374,90,343,185,234,219,254,215,338
23,504,474,98,494,67,226,260,6,508,480,124,272,374,231,34,269,210,499,244,317,395,408
414,302,325,42,183,232,486,21,260,445,152,446,79,402,192,470,346,508,81,127,209,159,335
444,229,184,56,152,299,311,65,233,210,493,42,429,447,179,283,193,75,18,127,406,277,480
21,228,472,157,509,109,372,415,169,194,151,506,281,50,502,136,508,130,439,436,203,496,127
48,383,12,210,508,319,359,60,457,152,489,395,424,119,342,141,454,332,426,377,187,398,236
155,396,37,206,281,482,290,3,75,252,475,332,151,391,47,466,56,207,251,352,254,469,213
342,366,145,281,221,314,120,238,205,324,8,3,96,289,251,179,210,224,126,498,234,168,152
395,457,413,181,508,325,164,236,260,245,408,232,476,94,186,188,38,381,504,127,194,180,60
113,141,468,418,325,441,276,51,10,359,129,399,206,210,470,193,151,174,440,101,69,197,158
391,75,457,306,502,246,464,499,151,373,194,414,195,99,58,10,102,311,60,479,83,333,210
417,325,445,152,250,254,105,8,69,236,3,231,211,256,491,162,36,464,30,257,428,347,243
399,508,127,94,156,276,213,317,87,254,151,18,233,312,42,34,256,60,3,66,391,152,179
215,261,65,152,286,104,508,476,412,217,496,413,281,231,166,42,120,35,210,148,236,247,324
467,371,109,174,460,396,505,430,336,111,214,395,329,192,156,42,149,322,502,508,95,113,273
193,440,109,335,152,42,253,470,476,420,372,346,174,389,377,434,408,133,402,210,395,303,246
327,480,42,457,211,54,232,381,219,435,324,194,215,282,436,311,367,213,238,276,508,158,210
508,503,395,60,371,38,181,352,418,276,109,247,199,480,193,392,210,312,302,460,471,84,98
158,100,127,389,95,482,69,193,42,508,504,293,91,344,5,152,506,113,210,391,55,115,168
395,413,23,341,256,246,156,288,302,61,81,14,362,169,281,477,333,194,19,210,454,267,34
211,186,359,64,110,151,156,41,8,508,348,489,335,480,245,152,206,69,104,21,366,246,395
224,167,288,109,418,28,335,502,163,302,129,210,12,427,433,398,281,497,194,87,475,157,98
39,29,362,325,185,276,477,508,395,211,216,90,210,245,54,497,446,55,197,309,366,152,335
453,261,426,217,378,69,122,349,373,151,96,325,446,483,129,416,255,198,91,316,238,480,199
71,109,310,78,246,508,491,171,504,121,269,197,252,179,154,502,88,98,110,464,311,374,425
103,169,312,508,104,311,152,375,293,211,325,111,464,392,251,151,188,302,368,341,140,236,156
506,66,152,10,169,323,362,281,67,41,371,230,267,447,470,185,100,288,343,300,430,214,18
456,440,508,371,230,30,362,466,328,288,367,120,490,281,363,59,434,409,447,152,395,62,68
85,190,272,508,471,8,210,162,426,32,109,146,344,115,151,34,311,158,356,479,3,297,480
214,366,302,399,281,171,161,348,254,294,398,199,245,358,349,98,489,218,300,157,246,317,335
209,508,210,142,3,333,229,232,97,325,483,14,360,417,324,312,34,225,93,315,452,73,461
133,76,371,60,101,508,211,135,58,387,276,332,375,175,378,158,198,333,207,149,459,437,98
43,389,480,15,89,130,412,504,254,408,83,411,398,384,429,210,323,218,457,452,476,372,35
256,312,378,50,246,65,41,94,381,400,42,197,83,101,16,125,152,158,361,463,181,307,210
224,126,337,435,34,186,311,508,408,138,66,170,101,440,379,336,463,403,84,325,417,266,438
181,102,508,464,127,26,311,391,356,61,276,50,89,186,210,245,282,18,313,84,367,188,450
450,470,168,359,324,325,508,502,66,234,503,210,10,413,457,290,2,41,159,175,335,8,104
447,126,498,65,87,128,196,8,508,14,152,311,276,402,502,436,66,435,204,262,353,345,208
262,302,372,106,480,57,158,256,175,184,247,334,333,359,463,328,325,41,130,368,11,417,297
269,146,128,340,470,276,508,90,211,50,91,457,95,498,435,151,78,3,471,332,54,484,88
210,47,157,281,109,246,325,311,375,211,64,371,35,508,245,488,466,189,152,340,307,6,395
74,111,315,508,152,174,458,131,56,495,151,426,79,228,386,329,389,477,435,153,126,478,179
48,243,427,480,22,273,386,286,439,294,411,331,127,156,408,76,145,467,508,34,402,405,395
201,62,98,341,373,508,42,88,139,152,229,125,82,15,311,193,420,453,418,194,395,374,210
389,158,177,372,445,477,189,192,447,508,87,92,407,344,62,331,396,434,298,420,216,232,184
328,30,311,508,112,188,8,154,26,302,210,114,490,98,23,7,357,439,432,397,211,141,374
236,3,240,163,144,102,136,52,214,303,10,56,98,439,109,152,489,206,89,502,114,217,151
34,203,317,194,7,136,40,60,152,127,230,237,22,408,429,238,216,210,434,303,174,426,61
391,281,417,256,303,97,16,213,25,442,156,210,26,466,395,46,20,470,508,332,138,425,461
102,238,155,254,446,250,391,508,306,433,335,130,494,379,92,381,31,367,399,193,12,407,503
251,106,216,130,63,413,209,219,271,381,335,34,179,110,169,508,254,246,455,395,367,348,211
171,95,260,256,118,450,361,8,414,378,83,151,185,144,392,381,23,442,152,39,80,254,317
141,121,503,416,417,226,390,242,15,391,402,110,355,223,186,362,433,423,453,194,410,145,10
152,351,301,246,26,42,226,489,276,100,3,153,281,371,508,357,109,440,177,211,210,198,127
418,54,94,60,98,109,207,34,198,22,374,254,377,136,493,457,343,37,12,384,425,309,163
174,169,508,395,448,152,211,341,334,26,25,298,77,39,59,281,42,479,303,69,194,333,245
25,508,78,35,125,468,14,217,491,292,276,189,21,28,101,11,98,405,152,63,151,209,111
508,455,164,468,159,238,503,130,344,371,463,454,69,373,210,22,229,302,391,315,504,41,127
127,508,210,357,408,276,268,506,356,214,69,403,262,255,502,152,395,98,409,336,126,199,291
312,34,123,188,207,462,470,508,440,257,0,3,38,246,281,226,130,267,152,506,245,125,194
402,16,332,216,138,336,315,488,219,502,57,152,461,479,225,180,476,292,164,221,240,194,170
479,341,371,131,501,286,508,468,484,8,201,183,413,333,140,329,98,324,10,276,464,71,271
210,102,395,11,341,432,209,376,152,76,373,3,297,217,398,489,491,69,424,392,308,378,278
210,161,15,41,311,148,191,173,489,391,163,152,396,246,506,239,34,508,338,398,227,96,281
475,417,493,359,144,433,507,468,506,94,400,472,501,418,360,329,130,235,211,324,201,320,381
93,127,232,481,316,323,342,202,147,119,39,131,3,269,281,470,66,210,480,343,432,71,276
273,324,285,221,89,83,270,417,41,130,120,174,251,35,94,133,88,354,416,157,12,184,281
273,463,247,193,316,346,166,395,391,342,282,38,210,480,311,315,188,309,35,23,361,88,450
101,480,20,330,174,484,508,381,180,112,210,89,434,202,254,405,400,26,95,481,374,466,387
330,35,210,498,346,508,95,471,492,157,194,294,452,281,371,502,480,305,10,381,28,66,389
32,23,508,395,58,55,151,223,326,427,124,409,420,96,504,62,391,152,210,76,73,3,60
31,377,210,64,234,366,112,254,244,273,53,42,508,201,328,154,230,501,504,314,457,195,55
488,408,246,203,24,495,329,69,140,290,220,207,67,145,190,379,418,462,169,133,28,490,210
418,508,477,109,140,81,463,288,122,433,337,102,254,438,332,152,260,169,432,161,8,503,241
472,75,51,211,418,505,45,109,434,156,342,209,266,463,359,152,69,9,101,274,408,129,168
210,49,16,417,457,333,353,281,351,32,261,7,151,2,229,489,391,152,34,401,254,122,371
482,506,92,98,489,60,273,214,389,282,417,470,201,463,373,113,148,154,418,246,413,180,73
389,69,115,226,474,428,35,297,337,171,225,395,42,399,311,127,508,104,449,232,152,83,27
408,63,12,45,158,425,291,508,439,152,47,312,42,111,25,22,26,32,374,470,468,190,341
425,295,246,469,337,97,325,109,84,480,287,374,405,254,148,35,424,318,210,463,398,217,312
447,404,247,378,325,158,190,439,449,302,29,426,311,250,347,55,94,383,244,489,443,170,462
234,147,457,374,348,478,254,508,336,480,371,447,332,73,21,426,152,414,202,6,12,60,90
302,64,359,352,157,497,341,445,444,443,122,126,211,275,281,346,115,41,114,303,508,364,480
480,210,420,411,7,466,127,288,506,152,429,40,8,474,266,179,426,317,348,244,238,215,312
152,56,164,251,156,115,18,508,246,112,400,28,188,441,286,88,479,495,126,178,417,332,302
348,508,476,354,287,470,238,457,426,335,35,126,104,484,133,468,319,482,440,74,171,376,91
62,332,109,502,152,246,145,508,317,98,348,413,501,367,328,352,66,158,194,216,81,76,210
210,84,169,503,90,348,371,292,1,391,395,42,460,378,152,490,341,397,508,144,245,226,98
477,293,195,29,193,152,392,289,234,254,100,506,210,508,66,34,151,373,42,469,192,434,236
307,118,152,258,62,151,172,339,360,311,276,218,406,179,267,493,188,477,228,389,428,381,254
236,127,219,3,170,499,394,378,98,434,396,398,95,151,417,179,463,97,290,357,468,391,188
204,419,302,277,135,109,202,251,398,504,81,110,23,449,480,211,331,136,245,431,3,312,102
124,383,357,251,94,371,34,101,210,129,388,102,232,66,263,75,348,61,126,62,255,152,268
152,34,371,373,12,408,468,121,348,202,156,429,439,238,360,377,254,340,416,41,207,405,95
152,10,375,325,508,302,424,169,95,238,121,408,506,229,246,405,480,334,11,197,41,54,188
218,211,472,166,414,128,397,508,373,106,209,349,26,460,338,328,359,34,36,210,212,184,317
246,373,125,81,277,31,433,248,303,94,255,508,300,395,43,245,505,391,476,185,158,189,188
104,280,491,261,452,356,508,442,215,342,112,156,12,222,395,246,502,3,353,426,260,417,424
242,96,151,504,381,410,292,391,232,142,152,440,430,421,12,171,6,500,367,95,69,262,163
2,22,192,190,507,88,508,298,381,434,194,457,206,262,238,60,391,302,152,328,199,39,96
3,502,394,245,311,219,235,156,194,192,103,202,143,95,396,316,152,26,110,297,425,208,281
301,480,490,360,493,232,508,92,138,367,152,179,156,145,169,144,288,278,73,198,151,210,467
114,127,381,357,126,366,508,466,151,455,41,254,374,391,66,386,42,504,15,102,125,193,158
152,429,169,268,56,210,407,156,508,123,396,73,444,499,112,374,158,344,34,26,163,214,437
130,179,246,210,412,178,111,266,343,466,281,484,328,506,209,218,94,85,232,47,10,391,114
432,460,373,210,387,98,395,36,126,508,14,284,145,200,408,34,316,140,236,156,209,226,330
208,447,114,479,416,19,303,273,396,46,254,194,16,156,200,159,18,311,506,185,88,478,472
399,151,159,210,60,312,406,374,87,281,119,250,254,16,107,293,396,230,71,248,50,23,386
210,378,151,237,505,480,98,118,54,225,136,152,130,129,508,80,169,373,247,38,470,66,307
325,169,37,180,210,340,142,188,447,151,468,133,145,426,12,21,467,5,186,194,238,30,494
41,346,359,109,108,224,303,211,416,234,173,357,322,376,99,486,311,377,83,292,450,245,186
491,332,36,394,22,96,3,506,195,23,450,249,311,193,126,466,156,208,32,299,26,130,57
448,504,210,269,267,209,194,127,245,394,395,219,380,311,136,479,144,152,332,352,324,265,197
446,498,109,342,151,484,195,383,246,358,260,480,254,70,98,163,219,324,371,60,408,412,113
248,434,169,76,210,474,77,359,450,55,302,392,395,317,508,432,67,113,232,373,220,376,306
482,65,14,508,60,5,208,223,389,425,26,226,161,57,151,504,241,302,309,246,242,215,98
461,311,28,154,426,192,49,399,146,115,152,323,298,210,379,359,246,156,375,14,83,194,266
359,38,141,188,171,61,492,23,381,462,210,152,508,6,156,333,135,110,291,246,421,219,201
208,12,245,312,391,451,36,395,314,214,487,69,124,115,152,205,41,91,126,398,340,223,332
225,272,217,266,194,232,423,234,41,161,424,308,60,254,386,14,335,317,129,174,311,281,394
344,75,288,281,312,329,377,69,291,30,484,34,238,322,496,464,156,391,152,127,109,476,47
454,296,0,409,391,475,467,417,258,214,342,34,114,115,35,158,218,227,208,328,373,173,175
360,132,202,457,429,140,326,438,342,36,357,508,149,376,418,187,302,299,504,65,287,259,145
144,151,445,449,381,152,463,26,41,457,498,73,77,94,97,491,472,261,79,325,64,195,297
508,457,439,446,36,210,140,169,192,426,157,274,463,300,125,109,152,502,155,193,480,3,361
234,254,508,33,504,232,299,225,498,374,502,367,155,99,185,294,89,276,6,198,36,359,291
53,105,194,110,316,211,381,417,467,60,126,325,395,276,238,434,457,25,199,67,195,23,496
301,331,391,408,152,446,508,158,210,192,236,241,26,128,457,302,286,151,501,498,68,175,411
457,268,152,32,73,320,179,254,433,26,417,314,508,156,158,466,74,250,496,483,83,60,35
318,337,179,141,11,193,258,56,210,198,79,246,121,130,302,245,390,156,109,412,159,117,398
157,219,338,434,212,362,311,313,288,42,444,459,414,210,152,244,437,399,229,374,47,383,285
262,291,79,508,257,96,267,470,131,302,408,151,122,415,152,472,192,245,90,326,344,286,391
127,362,125,141,311,23,156,479,457,97,99,171,151,189,22,494,508,102,502,480,35,14,56
508,395,423,91,67,506,41,483,214,416,95,493,343,184,35,221,461,342,245,367,198,496,201
338,114,319,115,23,155,224,236,95,12,204,268,367,316,294,174,113,302,254,391,211,492,179
423,42,183,391,422,395,193,266,211,238,110,376,90,97,440,113,152,208,156,120,314,251,158
326,342,306,198,443,224,129,265,234,387,210,508,109,391,213,334,383,448,151,361,246,136,20
160,12,349,331,417,3,398,211,402,461,152,408,194,60,55,422,30,101,328,42,47,35,112
151,136,156,123,28,210,75,508,66,126,426,273,466,392,155,238,248,205,25,85,456,42,506
126,349,99,55,371,257,401,109,112,54,379,398,425,495,51,489,309,311,214,246,283,366,245
450,195,98,144,131,302,357,4,112,476,315,293,60,494,336,121,156,199,211,254,6,398,210
152,411,286,99,302,34,416,102,126,89,76,162,508,242,209,433,340,284,471,29,359,246,274
95,170,205,37,213,363,377,209,46,254,98,81,232,434,357,359,473,168,210,324,380,391,178
42,126,174,444,501,443,498,366,344,502,470,328,25,12,371,92,19,62,356,237,152,373,316
508,152,419,426,123,3,151,98,506,269,449,311,445,349,49,126,494,220,471,292,144,60,373
489,371,136,294,419,152,140,398,276,408,373,508,370,341,272,449,219,36,447,210,61,41,432
506,26,284,215,34,47,426,408,254,174,447,151,3,126,194,211,364,429,238,508,463,159,494
74,151,210,55,198,383,113,460,357,14,343,508,297,332,288,22,375,49,430,148,96,112,260
326,57,508,466,23,261,41,322,239,190,66,445,246,75,328,457,506,357,303,395,210,126,151
324,3,294,431,276,395,232,346,188,302,447,92,297,278,434,193,10,218,414,135,266,222,174
330,192,210,98,193,371,17,80,53,483,171,326,61,127,406,246,201,151,219,122,433,91,392
200,179,508,232,123,194,92,190,480,379,98,79,435,33,474,193,46,311,224,29,30,11,285
152,375,34,105,403,448,193,340,198,134,126,195,111,3,341,194,113,50,398,109,283,302,232
152,211,115,216,502,213,43,251,508,470,156,88,504,157,390,151,446,463,3,334,98,210,91
466,417,437,270,20,508,152,269,74,383,262,492,335,58,141,102,236,428,314,60,183,439,471
508,362,416,94,81,336,39,412,253,419,290,391,213,284,208,479,60,324,460,74,66,506,127
120,432,373,34,508,105,347,391,487,91,366,439,235,254,141,250,210,130,333,218,87,497,390
30,32,269,193,179,311,357,66,360,474,97,508,194,333,231,108,26,428,439,434,265,246,86
504,407,251,303,50,498,192,361,508,300,112,179,194,325,169,418,239,246,480,176,211,161,415
297,73,381,127,326,307,152,168,318,42,310,391,401,31,219,416,475,335,211,508,213,34,258
459,175,375,42,226,149,115,210,357,425,78,127,391,480,288,374,247,302,340,103,330,102,164
359,326,381,121,480,256,317,374,119,446,506,503,268,145,51,210,276,470,151,334,435,80,459
506,406,343,87,292,255,42,476,312,433,125,471,12,97,288,152,10,424,327,299,378,154,403
336,50,133,190,395,179,59,508,429,193,61,32,430,394,152,381,290,505,42,131,129,269,402
151,374,208,228,51,431,439,306,104,216,98,79,210,4,325,307,55,418,154,483,236,308,452
12,501,466,210,89,174,87,101,506,380,41,198,160,395,479,317,113,35,304,490,346,392,457
281,431,93,506,243,502,332,106,381,185,398,416,156,287,272,315,389,109,113,112,168,100,319
246,152,216,127,133,193,36,363,213,281,217,57,147,362,426,457,232,241,211,90,63,151,276
152,193,199,370,385,508,210,303,26,422,298,42,15,496,14,127,474,157,446,96,129,140,70
281,65,219,461,405,29,145,78,279,440,395,179,487,223,506,20,471,54,158,199,480,449,508
236,199,126,346,508,194,100,506,276,157,35,168,210,283,488,246,254,470,185,152,391,182,376
292,192,92,413,438,479,98,70,379,417,242,210,26,276,125,340,439,230,504,193,404,58,46
35,256,420,211,283,220,197,238,443,503,156,97,152,60,499,115,151,371,92,466,106,225,344
26,18,479,69,379,41,343,144,172,478,25,269,140,262,110,60,399,2,230,129,222,77,210
144,216,502,154,284,198,505,422,337,377,45,431,42,217,86,254,197,111,461,481,504,224,133
127,14,425,389,179,169,52,371,104,374,395,34,215,221,168,210,467,154,508,491,193,471,122
40,371,428,31,102,299,408,80,471,4,462,426,434,266,42,280,151,508,475,61,238,3,480
109,213,170,370,60,441,414,359,163,508,356,395,21,87,360,154,144,426,155,357,49,142,235
210,155,6,60,408,199,406,246,71,472,111,345,480,188,359,428,182,54,115,28,494,409,508
401,89,133,383,497,359,26,210,276,349,338,376,381,395,228,39,426,192,103,300,216,508,269
61,180,317,508,36,325,49,199,64,455,152,41,476,275,311,210,502,351,418,62,231,98,209
480,11,417,60,445,179,453,471,317,210,362,268,232,194,78,157,8,139,508,401,447,491,160
309,140,175,171,457,461,438,99,210,269,141,152,98,273,180,157,378,359,504,476,434,201,125
508,328,359,133,313,454,66,470,300,141,209,307,164,188,246,106,81,367,395,97,384,334,77
36,356,431,144,126,424,49,67,251,136,254,354,488,102,152,408,360,470,508,155,15,109,381
508,472,273,268,337,35,361,404,246,151,447,493,416,302,381,210,307,109,65,280,197,316,156
374,3,482,251,151,494,6,315,111,126,496,98,504,508,195,488,396,500,157,171,302,264,43
331,104,8,164,111,102,389,374,115,157,360,326,200,152,508,80,194,208,98,439,346,383,470
508,88,198,357,10,408,210,414,240,348,151,118,26,365,169,60,261,504,442,5,359,425,110
279,55,374,413,422,100,311,502,346,450,94,395,138,240,214,424,211,302,377,498,476,425,4
281,373,210,134,194,476,115,457,111,158,477,156,463,460,54,69,299,63,238,162,302,7,508
198,449,23,78,54,294,126,141,302,292,508,276,226,486,176,17,474,395,152,175,436,114,281
468,152,9,246,359,426,459,457,132,394,431,193,314,115,23,177,138,476,170,337,34,320,332
245,179,127,102,433,494,246,342,288,501,42,325,506,209,175,462,281,79,207,473,138,352,12
321,359,171,130,152,134,120,293,506,218,47,210,246,476,464,201,273,209,508,391,162,75,254
254,210,498,331,51,266,10,280,348,508,25,21,477,193,182,246,476,371,222,349,211,438,70
424,228,374,171,23,425,148,60,273,34,26,501,168,111,188,152,474,288,431,12,434,38,210
315,125,325,14,245,145,292,41,152,210,248,457,222,173,135,358,500,416,53,413,209,359,348
210,106,217,166,246,29,152,158,205,3,20,498,428,408,130,376,497,508,280,42,480,194,416
59,423,355,323,46,37,28,236,42,84,373,506,144,504,216,508,276,211,480,352,101,79,268
14,404,241,83,378,82,238,210,381,434,104,151,234,152,256,391,242,462,183,413,197,66,179
210,185,35,34,508,425,433,144,422,446,155,498,325,280,191,236,348,376,127,491,314,271,187
65,210,151,188,290,14,417,117,256,453,109,130,416,471,266,504,352,379,122,139,467,152,141
152,301,417,478,174,462,129,113,277,357,266,9,210,420,3,331,350,456,42,106,148,145,366
42,213,122,330,101,254,439,98,331,152,104,40,341,126,411,206,194,391,395,461,125,38,148
508,156,8,287,63,417,236,340,61,335,276,210,315,395,152,246,60,67,26,384,408,441,208
152,240,40,237,482,254,279,151,332,371,139,426,198,508,92,480,423,245,60,391,505,394,95
106,508,45,65,98,171,319,349,328,204,504,294,141,218,367,26,34,230,14,184,444,210,269
158,480,395,340,26,374,309,400,302,427,316,170,461,392,236,425,508,269,210,326,213,476,144
445,114,246,63,201,508,210,391,397,30,228,339,361,342,143,28,254,407,480,128,69,61,374
132,60,236,356,35,392,406,151,90,254,113,206,504,475,498,8,54,266,503,37,329,238,292
288,441,83,14,120,141,446,90,170,470,3,267,26,194,443,373,227,497,333,400,251,272,339
49,12,129,398,42,57,156,210,414,502,381,243,413,334,470,276,55,374,281,372,98,251,207
349,251,233,371,451,372,414,141,359,238,23,223,256,226,508,75,443,148,370,408,136,325,383
167,144,57,462,347,268,439,350,237,14,102,23,325,499,300,255,302,508,192,89,435,478,66
397,371,432,466,425,169,152,464,312,136,3,112,210,316,413,276,151,131,508,144,193,395,26
285,281,460,467,251,508,77,98,207,163,140,178,169,198,28,367,35,358,254,20,490,395,466
213,371,254,426,152,64,325,232,47,318,43,399,365,98,90,304,193,158,201,179,439,204,391
321,151,470,265,250,468,395,508,319,452,359,141,223,127,273,50,371,450,30,457,455,325,143
501,379,16,463,18,326,399,432,208,26,426,210,42,453,449,192,254,71,152,258,443,103,480
254,244,467,480,381,332,469,249,506,236,302,491,295,210,180,334,276,194,8,169,193,317,508
490,379,429,464,179,189,115,411,502,508,63,478,422,210,268,503,416,250,55,383,348,229,281
210,267,412,148,206,42,205,457,26,326,490,374,132,211,127,371,249,285,192,314,470,95,78
73,71,190,427,489,325,418,254,154,289,111,480,214,158,311,127,508,398,115,151,256,337,210
247,323,90,395,403,330,325,98,243,211,311,156,26,329,344,210,110,31,141,386,479,366,145
471,455,344,391,168,424,414,408,110,152,210,199,287,282,377,508,426,219,231,387,162,174,254
271,489,470,329,60,342,245,308,471,402,439,333,251,23,290,55,311,312,374,373,276,455,226
210,269,138,34,383,462,337,182,193,348,109,256,459,151,152,294,0,347,405,323,392,379,464
88,69,23,110,3,61,98,457,210,269,305,462,369,134,379,141,303,238,366,299,456,136,87
210,151,238,302,506,476,311,83,367,255,260,395,158,23,192,422,140,49,160,441,21,457,271
506,180,141,487,430,111,500,186,508,152,210,245,148,481,391,386,10,102,16,398,388,166,249
508,437,369,99,480,210,254,433,140,471,98,361,216,245,238,205,486,395,482,152,399,16,434
98,106,247,129,26,293,210,466,381,28,269,214,373,338,457,67,213,3,200,13,491,508,281
353,501,426,447,256,238,126,231,248,408,508,245,210,313,9,254,61,484,396,209,322,185,432
254,506,210,359,269,127,163,228,42,121,300,312,462,484,281,207,55,62,246,232,98,221,175
491,480,493,330,111,487,46,398,234,269,152,23,460,506,211,80,292,335,169,401,100,115,312
431,384,121,10,482,214,331,432,328,210,238,464,133,155,156,381,503,392,151,274,357,260,480
304,255,77,470,238,298,65,210,497,426,409,429,152,508,254,381,351,299,1,331,115,256,8
508,429,152,495,392,23,332,194,170,171,238,330,503,116,217,258,93,42,401,63,209,246,371
210,251,151,5,425,489,439,398,81,174,47,315,35,379,168,391,143,22,373,193,246,326,493
323,204,254,279,152,46,333,34,26,270,102,444,194,370,140,12,445,42,448,66,260,508,169
144,163,391,267,479,154,152,443,254,187,198,265,414,506,67,155,480,404,508,403,138,39,168
117,65,491,187,395,95,266,69,508,401,28,219,430,167,245,140,92,343,57,40,291,417,212
466,47,399,313,126,483,210,66,60,108,388,272,79,391,211,508,98,179,92,498,162,288,357
245,263,169,309,34,266,198,66,9,95,210,188,214,387,207,151,184,211,281,180,497,55,439
457,144,312,322,117,498,342,508,326,373,23,371,73,494,211,434,61,468,151,125,495,126,476
489,379,266,155,414,505,126,95,103,359,286,479,214,404,219,332,42,26,450,154,89,210,429
313,115,54,28,111,369,398,336,361,335,234,88,381,109,506,492,246,217,210,455,203,152,25
152,491,508,482,127,429,418,274,470,403,373,497,395,210,356,333,23,194,299,494,87,164,254
439,470,392,326,395,113,501,426,135,81,276,508,69,192,3,89,188,320,125,244,198,169,311
254,152,112,312,459,171,275,210,231,3,508,8,429,175,12,240,207,446,379,84,441,50,279
207,291,3,16,508,450,381,244,98,106,308,261,188,42,480,254,174,34,256,221,138,506,359
92,389,345,374,258,256,99,101,476,418,312,28,342,93,60,127,479,373,209,204,29,333,211
302,381,70,211,194,152,311,89,450,376,188,118,230,61,324,420,186,391,98,457,287,428,473
209,140,437,333,26,59,10,191,221,508,216,301,496,42,412,90,109,58,39,51,463,210,347
186,498,169,311,503,210,130,391,479,188,268,9,276,274,494,211,389,109,506,61,70,395,286
98,178,15,246,95,508,371,210,391,506,77,477,274,158,151,216,134,67,100,340,502,431,302
156,329,170,232,210,431,23,65,11,463,508,413,194,496,408,466,275,34,175,368,174,302,317
210,302,469,348,314,504,269,461,286,465,131,417,3,100,308,334,483,508,454,47,353,27,114
169,78,14,210,475,65,73,167,109,444,76,281,190,188,317,348,276,437,471,192,367,324,12
28,193,391,329,126,359,457,273,97,252,348,467,280,425,493,381,135,506,210,424,408,340,101
502,70,26,209,207,169,247,461,52,395,14,391,398,151,194,359,381,105,506,508,89,269,333
121,60,457,456,45,171,127,41,149,461,401,91,413,151,391,410,12,104,494,98,159,206,387
111,210,169,395,154,312,156,449,193,198,311,309,106,240,201,238,481,57,276,480,258,152,447
48,343,336,354,480,186,508,302,3,193,213,127,423,248,498,488,188,427,196,461,60,209,313
138,139,110,503,429,260,55,113,351,34,88,276,431,157,506,234,395,435,206,398,508,210,332
244,154,269,239,333,374,443,480,161,190,413,463,497,417,491,418,151,175,5,141,34,271,479
469,331,498,186,210,151,235,470,441,508,302,258,443,381,371,311,178,495,78,14,506,74,158
505,269,474,288,471,151,163,62,271,101,32,436,423,158,298,232,251,278,169,46,337,457,113
3,458,210,144,194,426,374,179,120,211,508,504,381,429,466,82,79,54,273,299,152,243,469
391,414,226,156,480,26,42,317,401,429,396,452,60,469,152,302,267,237,283,73,457,503,188
364,130,274,443,411,151,339,508,175,109,313,246,181,100,395,148,502,470,506,141,193,434,240
380,381,337,148,113,198,423,413,471,127,480,206,328,425,269,290,418,508,36,301,458,251,324
60,199,50,435,127,247,374,402,428,506,226,391,79,386,289,288,125,491,23,189,83,328,408
265,457,198,508,210,439,42,504,398,262,326,425,311,461,395,34,506,391,60,194,135,420,236
218,458,167,316,247,3,340,436,508,435,328,303,268,480,152,491,391,274,88,49,317,229,456
433,407,158,360,156,122,347,468,367,140,152,26,91,218,309,229,348,246,84,170,480,357,297
281,55,383,343,174,443,136,210,109,506,442,426,381,59,254,154,104,198,440,395,480,416,391
502,201,17,161,480,420,87,508,226,215,318,75,34,457,383,343,175,300,121,60,166,188,115
152,210,301,33,245,224,468,246,391,159,122,476,221,179,508,29,185,408,17,491,34,354,370
346,26,480,42,35,172,357,110,454,423,302,122,126,260,391,470,56,12,32,60,19,211,479
480,169,238,47,138,113,152,49,288,264,497,99,87,457,368,109,383,245,209,179,471,248,472
167,152,450,26,482,73,18,130,334,508,408,337,224,349,64,371,151,55,480,20,502,258,288
406,112,63,331,141,408,115,383,371,450,377,53,308,193,124,245,502,145,303,127,55,152,462
115,311,160,375,196,429,493,293,395,81,65,504,151,13,343,83,325,508,381,506,194,249,269
6,448,211,219,426,123,105,458,281,127,210,394,246,425,39,167,362,180,74,324,480,491,283
210,56,299,408,140,57,359,275,189,94,109,456,489,325,167,457,63,433,446,440,12,330,329
234,119,408,69,3,450,60,148,508,505,113,102,488,144,367,187,337,384,474,467,206,19,38
50,459,367,508,392,506,210,489,245,248,378,76,42,299,452,396,463,276,28,502,258,33,211
152,207,245,126,371,98,26,133,16,292,225,276,236,34,449,362,322,278,60,71,273,328,136
144,122,188,152,276,286,452,309,502,448,112,3,498,151,69,415,359,66,250,408,288,304,404
361,195,281,26,301,159,21,210,508,507,171,405,373,397,300,262,455,194,303,432,378,335,114
180,115,344,366,317,88,399,276,151,333,374,73,508,212,325,383,381,42,241,174,158,167,332
209,402,315,329,67,194,211,254,109,381,210,95,459,456,311,508,230,208,123,53,226,412,462
238,185,114,392,98,173,482,502,77,490,436,302,508,152,254,198,260,374,219,168,209,266,206
152,220,315,461,254,156,99,447,211,389,257,290,497,476,126,477,381,133,210,34,482,508,418
359,152,265,369,342,75,248,441,141,303,266,217,317,211,210,269,479,62,157,204,103,455,106
487,269,152,345,61,187,186,89,171,169,508,438,93,210,95,396,126,109,127,192,294,371,66
160,391,194,499,114,58,111,508,357,169,480,109,290,52,312,395,503,211,334,112,3,468,230
311,109,395,99,6,431,16,167,111,174,335,422,404,469,281,39,391,254,194,325,326,480,470
484,245,398,21,129,434,223,28,162,42,210,151,173,195,470,403,455,283,379,468,387,75,373
312,234,144,219,371,410,437,462,168,152,246,1,236,436,366,508,26,179,407,6,449,311,248
309,498,434,333,58,200,457,471,417,18,484,74,185,147,8,210,348,230,414,467,224,509,154
206,220,459,408,164,502,480,395,55,450,236,156,91,210,157,69,243,3,331,417,508,42,488
480,6,210,280,508,34,398,175,15,190,301,235,254,18,155,211,96,222,193,237,56,391,311
471,359,104,174,245,379,8,9,66,210,352,503,430,194,83,211,450,248,26,335,68,98,120
218,98,199,211,508,41,151,494,57,480,407,452,489,316,209,276,287,268,234,403,109,417,406
335,363,274,508,159,152,47,286,312,457,99,102,299,302,60,424,309,140,433,461,448,174,94
371,376,457,494,53,461,391,379,442,3,41,96,62,288,42,195,141,508,135,152,208,129,272
127,292,426,238,245,332,156,170,73,452,371,466,417,50,424,389,23,395,272,152,126,435,414
158,168,135,9,478,141,356,480,463,314,496,169,370,221,151,198,41,423,441,3,126,90,346
210,29,383,343,504,493,32,41,502,438,16,80,426,354,110,191,40,417,180,455,66,48,302
35,169,415,89,162,254,439,404,64,23,453,377,480,402,213,249,395,42,457,390,100,141,194
100,23,99,26,128,443,479,499,178,413,210,126,254,312,35,152,441,457,332,381,504,508,151
508,359,219,484,420,210,128,381,279,81,395,152,236,308,275,459,148,175,206,409,140,151,391
75,275,383,34,323,210,152,144,251,457,69,267,168,246,219,214,12,21,3,248,432,232,234
213,127,408,440,180,70,356,36,468,169,151,371,87,357,391,185,254,317,35,237,101,39,194
269,443,35,90,228,417,119,480,285,457,66,445,439,3,9,151,62,49,314,210,188,506,412
152,112,338,457,257,424,226,389,210,54,1,482,263,237,216,177,194,160,98,182,508,47,505
500,96,434,45,346,151,422,480,359,232,454,120,308,210,288,470,425,69,410,53,127,110,406
324,43,350,55,506,388,281,460,157,210,6,411,14,479,144,302,312,374,400,417,508,342,193
125,210,152,508,335,302,425,149,151,146,41,406,339,391,10,246,75,281,115,374,245,455,144
125,258,69,507,339,53,322,503,300,493,212,169,330,508,62,365,271,111,164,128,186,468,138
198,26,424,83,220,13,371,351,120,367,344,31,269,100,254,206,308,435,42,231,498,286,169
209,281,126,169,246,287,55,152,235,211,208,466,260,302,286,426,151,100,254,480,508,359,23
235,359,167,168,468,273,425,221,466,460,151,448,194,497,210,297,508,302,243,152,349,371,226
276,262,423,209,60,272,460,395,430,508,210,506,471,249,256,33,133,343,457,122,439,152,79
210,212,71,434,211,144,508,127,302,469,357,292,30,42,325,226,330,373,146,258,466,418,34
469,238,26,457,499,192,138,210,508,184,349,280,359,109,496,325,351,269,27,319,312,246,356
42,450,210,470,244,152,10,365,426,402,69,114,391,428,436,226,38,49,267,277,250,303,231
151,276,308,210,482,408,433,175,83,281,331,63,374,238,103,333,120,256,325,330,213,499,417
443,256,152,508,83,332,109,164,391,333,127,447,136,193,184,274,47,171,357,168,367,210,412
172,23,255,60,228,212,292,169,140,138,281,496,11,223,216,151,449,395,311,74,302,30,457
367,383,274,326,251,114,211,358,41,286,491,229,193,508,242,56,92,376,246,381,98,161,476
505,506,57,109,502,347,224,221,226,193,238,359,166,218,152,278,8,254,322,274,14,504,210
391,492,75,152,97,446,344,349,179,276,98,508,386,26,435,182,290,479,210,273,288,429,272
341,325,354,192,108,105,479,262,61,251,131,240,110,211,188,506,417,332,508,302,111,283,182
62,87,396,343,201,188,494,284,92,157,287,286,508,192,232,33,391,303,230,503,445,460,347
333,246,115,339,326,256,13,152,398,138,89,34,508,194,26,168,70,66,10,210,450,88,417
316,499,223,79,127,345,89,444,502,380,243,164,211,506,151,59,322,57,417,85,26,231,415
109,306,110,152,36,193,472,83,179,491,330,238,7,14,174,479,371,391,446,408,426,508,342
113,210,194,276,396,236,359,246,302,192,458,56,431,417,199,319,508,394,11,245,0,75,170
426,222,156,252,152,6,508,41,302,140,387,402,395,130,19,245,225,126,186,422,474,298,203
43,508,281,333,129,98,219,446,503,236,151,309,210,376,51,461,283,180,373,152,209,434,201
26,41,308,185,333,205,479,431,302,67,371,348,501,214,66,188,152,194,69,136,65,210,209
326,210,60,405,376,238,256,246,333,114,209,144,480,508,395,479,276,15,152,175,307,108,42
83,98,26,226,498,481,95,325,398,46,477,37,332,152,395,194,10,280,210,376,508,92,213
111,113,356,508,32,232,152,299,10,210,58,402,312,490,198,474,392,374,459,211,156,302,375
329,188,477,33,210,364,506,308,422,134,96,98,416,389,39,231,60,190,508,302,195,415,299
387,151,464,210,83,498,508,246,235,326,463,26,169,64,397,60,276,457,443,391,414,348,144
236,325,395,152,508,140,101,182,60,48,156,89,192,211,160,323,196,63,46,234,14,302,185
266,283,468,318,65,29,349,325,470,130,113,126,450,88,497,210,373,508,211,151,254,496,302
210,341,413,160,443,269,328,395,156,194,318,356,374,144,3,504,236,143,448,208,508,254,207
359,218,248,508,468,129,479,156,439,311,152,210,5,494,32,223,26,309,475,395,219,486,470
26,322,434,196,395,240,73,281,156,376,256,478,67,508,111,251,311,404,247,127,211,55,368
83,151,501,211,508,194,196,505,98,326,336,434,496,416,311,185,342,66,260,106,109,378,71
454,194,156,144,210,98,418,391,192,508,236,205,470,312,171,328,359,84,423,182,332,452,54
19,31,281,330,151,158,266,127,441,414,395,425,379,182,375,199,254,508,226,201,185,457,461
246,248,460,188,108,31,493,114,269,183,374,14,216,199,173,333,454,152,75,128,76,346,79
464,188,307,61,115,407,457,408,26,312,199,152,133,302,309,18,373,159,480,37,479,60,381
30,5,333,60,75,210,3,269,310,89,381,414,325,306,127,81,220,211,83,290,496,98,508
381,409,336,238,323,73,215,371,434,449,274,506,194,367,221,287,269,138,188,280,204,14,405
60,39,52,241,479,359,109,54,193,113,170,247,457,102,361,157,460,399,438,79,498,506,316
389,127,320,377,479,508,3,152,230,474,158,56,471,381,259,449,274,302,316,11,148,50,340
354,477,457,318,114,508,237,386,158,286,77,123,78,79,179,88,441,331,39,427,26,175,417
207,19,236,434,209,85,28,480,109,151,39,440,219,496,217,508,122,297,210,275,77,269,370
264,118,480,470,117,439,493,211,204,477,328,371,155,310,424,15,281,156,27,326,230,459,98
370,368,173,457,152,89,381,222,337,450,210,398,399,391,266,110,156,429,426,324,358,290,369
403,213,210,236,47,152,356,206,366,168,5,482,466,439,26,491,169,23,413,114,182,198,129
12,192,127,236,57,61,302,160,337,383,381,371,325,359,415,186,42,111,258,412,438,395,498
90,377,298,366,403,175,389,411,215,413,426,254,276,73,484,371,272,417,54,445,51,324,376
480,69,124,101,237,210,493,140,81,245,311,387,302,152,399,337,22,102,40,151,67,247,200
17,508,109,283,186,245,105,202,254,175,5,152,330,277,367,195,434,87,128,151,256,66,465
223,461,360,312,311,210,197,293,231,442,199,94,503,282,408,184,206,55,398,65,285,245,70
80,210,497,333,151,246,111,154,158,14,326,508,194,79,500,323,383,26,457,444,317,389,42
340,281,371,209,14,351,457,208,320,109,115,395,179,260,276,373,234,210,404,201,463,459,370
381,394,28,67,200,254,154,188,115,199,315,441,417,211,292,179,324,185,475,5,342,105,330
339,147,158,276,152,332,145,417,126,14,443,253,149,367,375,260,90,120,429,464,156,387,395
391,399,378,224,170,35,236,69,402,348,479,367,480,60,159,38,148,34,211,288,311,453,508
307,298,389,20,109,152,423,397,439,127,199,91,480,94,50,273,125,448,34,357,508,156,217
353,506,402,151,154,192,114,211,169,281,410,357,284,303,155,41,193,153,389,438,194,209,298
34,373,371,207,140,286,318,434,508,385,96,338,121,42,281,60,238,504,258,210,326,256,151
245,194,232,174,395,478,18,70,23,239,312,258,479,330,276,363,417,202,41,391,384,98,211
210,118,98,280,144,111,508,284,51,143,276,328,97,391,457,354,347,493,130,47,34,60,100
343,287,127,197,26,447,112,34,136,156,463,206,469,302,51,411,158,269,164,151,266,25,61
498,238,125,226,508,457,429,169,83,426,252,322,477,281,333,406,11,267,144,256,26,311,112
3,457,269,476,30,254,379,117,12,246,40,443,201,453,461,373,300,404,151,188,508,352,154
230,169,342,464,385,334,269,508,290,109,140,234,170,192,248,273,432,461,129,374,162,13,335
210,354,330,151,109,508,3,452,405,506,352,274,152,1,323,332,302,417,275,155,187,175,408
42,60,144,325,35,47,26,210,2,61,88,301,346,508,483,12,46,65,480,232,77,403,450
281,151,286,317,273,424,389,28,88,199,50,350,169,133,251,98,359,237,452,99,391,431,206
23,371,493,311,360,70,210,482,127,339,168,471,445,434,46,391,62,156,447,317,385,104,502
113,315,84,83,395,270,174,114,508,463,253,422,401,80,288,111,34,61,328,75,109,388,210
239,483,381,70,60,272,140,267,188,302,125,373,328,236,504,115,251,359,108,275,57,101,383
198,340,236,506,144,62,219,104,113,489,325,193,132,482,55,359,2,168,175,457,194,311,244
83,426,312,468,238,360,152,359,198,62,154,100,325,408,42,454,66,279,224,508,407,194,183
283,266,166,29,502,448,503,182,325,397,152,57,161,217,245,368,168,398,232,84,387,391,199
104,42,269,112,489,396,117,87,14,470,192,406,98,224,395,23,206,238,391,197,28,261,129
52,283,282,391,358,425,70,158,468,408,466,131,299,11,508,98,456,277,152,136,215,177,101
337,447,210,428,489,211,170,238,498,168,398,152,80,87,439,9,506,251,440,434,156,299,208
119,373,508,417,342,386,213,192,127,464,303,199,194,316,371,362,506,385,325,154,504,381,427
142,472,508,145,342,188,478,480,211,330,41,102,246,337,193,228,359,210,302,242,254,28,251
211,69,479,49,152,25,231,98,395,65,428,169,508,6,184,480,235,97,453,88,392,346,87
144,126,210,317,408,64,403,398,360,480,344,207,443,445,208,496,35,395,192,316,439,309,457
442,266,493,13,56,508,135,136,348,398,346,163,144,471,504,168,328,440,363,417,432,140,395
51,28,154,14,50,455,81,55,127,12,246,76,131,366,337,322,152,326,56,378,98,62,125
134,226,508,238,67,408,56,299,79,231,402,114,55,395,145,83,461,152,426,305,41,194,251
282,281,477,219,311,502,508,109,141,49,348,144,166,115,417,63,420,447,105,416,290,312,480
333,428,210,195,35,199,236,269,374,42,414,460,260,413,479,508,68,411,417,242,276,105,51
463,323,210,101,508,133,395,352,437,456,466,311,102,281,207,504,208,413,179,126,477,109,267
498,224,219,480,508,41,212,395,489,381,182,277,139,192,109,132,174,112,491,158,468,246,261
448,435,426,350,388,224,371,151,62,455,3,395,156,349,476,63,194,342,281,508,297,231,414
35,109,201,302,325,398,73,144,405,489,508,149,439,168,194,349,311,232,101,445,296,175,184
32,210,381,417,152,281,471,401,351,332,158,341,298,66,213,389,144,70,391,491,104,61,396
317,380,287,508,1,26,169,428,478,408,151,179,417,391,270,311,210,155,186,96,83,194,319
118,250,194,89,309,26,136,269,391,83,210,7,405,452,188,229,34,216,384,112,489,104,3
92,101,426,152,472,10,187,361,77,64,211,100,201,332,398,226,387,359,506,395,491,470,303
471,89,362,454,231,244,39,417,246,156,65,238,126,395,152,413,374,317,131,50,450,497,325
343,400,194,169,246,152,50,398,210,168,192,455,313,302,109,128,93,386,407,259,209,3,480
155,127,381,395,213,489,506,302,69,413,3,0,313,41,175,394,210,168,42,84,493,82,144
12,508,101,281,65,371,425,325,143,299,256,62,98,36,215,198,398,60,466,212,320,134,118
480,210,75,230,493,508,183,324,118,505,88,16,5,26,381,453,318,389,489,3,162,451,115
312,192,151,146,508,92,64,273,450,179,303,210,169,126,186,299,290,425,504,56,212,493,1
380,311,175,6,285,168,431,323,328,26,172,508,391,178,272,32,57,192,408,479,477,468,169
47,161,207,3,448,357,391,151,111,377,292,314,194,76,91,224,184,371,453,269,188,210,477
347,245,311,69,467,386,175,31,133,157,352,79,188,197,479,198,325,117,508,506,281,376,219
98,141,342,228,42,53,389,426,329,268,169,404,323,206,50,435,338,328,221,376,344,371,232
201,320,498,287,420,151,395,281,89,367,424,14,156,323,127,426,62,495,341,292,477,58,474
454,456,210,479,98,255,443,508,171,56,396,300,53,83,123,48,457,102,211,385,156,124,149
275,250,151,192,118,96,373,374,234,49,317,302,152,402,210,201,480,42,445,197,371,133,254
508,376,192,262,210,100,27,174,74,439,299,302,196,169,316,145,381,202,367,408,459,42,431
213,360,90,366,462,248,282,251,104,335,34,26,151,402,449,492,350,10,163,114,334,14,508
75,269,432,297,251,413,106,381,140,470,130,111,190,438,508,69,148,325,61,152,210,466,92
136,439,302,303,508,152,118,391,190,210,353,93,22,145,42,113,219,90,392,167,179,135,140
34,26,217,152,211,457,470,330,42,199,236,204,415,91,286,23,141,274,467,413,374,127,64
417,174,470,207,156,188,508,60,405,144,319,299,168,19,189,495,109,302,38,152,437,489,298
36,254,480,66,319,368,335,211,215,42,10,325,246,3,155,256,508,359,391,373,83,304,450
152,432,288,276,210,101,398,462,426,256,408,483,184,194,287,407,105,401,383,199,283,493,186
302,415,151,188,210,51,194,158,265,387,471,351,152,171,464,508,470,319,300,99,448,316,121
213,244,35,158,14,464,102,268,503,429,457,251,152,376,415,430,292,466,169,246,118,386,450
319,129,332,166,210,462,131,391,457,35,218,496,497,54,194,311,198,117,420,508,256,507,466
58,290,135,103,42,460,154,480,408,469,98,317,398,182,457,66,426,210,465,91,211,269,439
408,171,353,26,440,133,39,90,282,160,462,489,169,371,226,210,122,78,140,424,126,508,283
113,190,395,238,457,194,261,174,489,425,275,357,96,246,66,129,109,251,210,311,120,98,476
35,381,254,246,210,34,208,95,151,405,127,300,334,3,383,98,371,232,506,445,489,408,219
475,144,179,508,53,425,79,81,219,266,152,115,61,211,476,164,334,192,243,210,23,208,63
418,3,60,174,508,335,126,179,325,470,426,109,429,192,496,326,168,136,206,213,300,405,219
23,464,202,370,499,344,395,246,358,448,156,60,482,210,423,508,325,367,394,111,109,303,343
344,280,152,326,211,396,390,268,492,503,151,101,341,170,508,502,408,383,257,22,51,175,40
508,351,151,158,391,112,395,248,498,128,313,434,47,206,359,236,342,413,503,87,217,424,291
262,395,153,25,69,502,77,170,98,424,273,498,166,39,241,46,228,76,352,151,351,508,188
324,501,171,251,151,210,508,206,245,94,214,406,276,330,316,170,267,452,237,109,381,494,35
175,325,506,11,55,411,156,497,336,389,330,302,450,143,26,346,508,178,48,31,85,60,69
326,98,171,151,162,403,256,468,211,480,466,75,238,268,210,360,479,442,302,343,391,457,408
3,70,353,56,210,344,480,211,61,458,463,219,323,457,170,90,391,229,169,332,136,91,381
482,115,383,141,410,359,255,59,285,395,508,75,175,273,27,156,435,151,335,192,498,45,398
395,53,440,152,156,158,347,64,489,81,144,360,210,109,207,211,439,126,380,457,398,364,209
251,276,211,335,156,425,152,171,210,302,458,334,395,369,427,508,188,371,230,453,194,349,80
42,281,498,267,302,73,508,207,126,351,285,316,152,256,94,352,57,75,464,254,251,74,391
420,78,286,207,432,245,338,180,93,152,408,457,480,350,211,163,246,422,371,508,365,359,69
394,380,391,248,323,127,179,508,92,228,175,270,3,191,193,368,12,236,362,198,283,457,317
194,260,480,231,42,498,396,384,60,401,440,295,246,395,491,132,211,95,381,391,210,80,62
206,169,184,94,152,109,126,192,209,402,318,216,74,210,435,211,256,508,67,317,373,3,90
87,367,113,152,482,65,34,383,151,414,159,3,269,229,29,374,228,411,156,210,395,199,158
211,133,379,354,266,398,508,276,34,62,210,392,61,9,403,236,457,89,323,179,426,400,387
432,344,475,155,469,217,103,508,262,325,368,152,365,311,95,249,502,147,276,47,115,402,426
34,151,439,281,340,152,56,503,173,251,164,211,494,502,62,314,259,375,206,389,248,33,320
246,210,379,152,477,127,402,244,123,447,75,92,65,351,151,62,80,21,413,429,274,125,23
292,476,332,220,123,415,429,445,37,508,359,398,457,302,366,281,245,251,26,81,143,447,405
391,372,73,334,169,156,125,257,288,32,192,395,506,193,88,3,325,508,430,480,152,62,136
211,377,141,308,286,63,222,412,98,408,152,508,432,156,236,138,83,426,217,113,40,395,506
495,25,151,8,152,357,482,402,444,60,190,413,64,18,219,217,98,508,418,371,5,144,311
325,210,359,396,127,295,508,439,302,248,288,299,62,433,245,323,425,232,3,470,466,435,46
490,69,281,457,216,177,480,144,171,14,221,469,508,444,496,30,26,352,118,379,32,3,440
354,152,477,154,66,236,434,302,294,226,200,210,71,147,504,383,199,77,334,395,309,255,87
42,220,127,471,139,480,102,302,60,338,185,242,144,426,152,49,351,448,476,213,29,309,474
140,436,276,60,508,175,457,292,371,231,402,149,386,66,210,109,502,209,102,69,307,255,398
377,99,477,492,268,210,228,329,127,265,322,384,69,508,218,188,152,417,330,468,426,320,357
371,508,498,460,213,405,210,75,357,470,144,40,367,183,251,302,126,109,450,156,15,281,430
12,416,224,151,178,131,159,145,302,173,292,298,356,73,268,508,286,60,210,453,179,14,391
208,274,42,452,408,210,69,443,168,30,127,152,97,229,474,14,26,339,109,397,151,381,262
88,96,127,479,210,98,476,211,159,508,152,207,413,418,412,126,486,302,311,55,371,423,447
235,125,499,42,106,482,433,274,407,375,183,251,169,328,89,417,310,83,338,192,210,402,334
302,205,111,385,199,246,152,251,145,129,458,173,366,371,457,120,377,379,188,368,317,381,414
343,391,340,42,108,383,248,357,311,508,210,266,454,130,179,333,446,392,232,381,476,491,443
315,221,378,114,112,254,106,333,19,274,113,193,28,342,476,383,111,37,122,398,56,294,344
24,199,371,281,506,113,156,470,368,152,306,42,378,187,317,328,210,155,287,508,221,246,193
23,491,480,178,508,147,302,246,457,281,337,210,357,83,439,291,386,174,218,212,169,193,217
381,470,171,286,359,245,156,115,140,508,60,127,35,148,338,427,4,138,236,133,354,210,168
489,391,415,92,302,479,478,169,508,11,273,480,83,88,8,311,237,239,268,362,434,457,256
456,302,508,247,286,391,211,26,60,188,98,460,103,23,2,16,426,466,151,236,378,349,274
98,480,254,268,443,441,261,395,344,503,58,126,184,156,129,185,352,444,89,457,508,197,407
444,14,151,175,171,159,439,504,275,144,62,128,299,123,365,179,241,55,316,381,334,8,230
463,479,207,168,379,83,211,480,457,160,493,107,331,61,195,35,508,151,461,113,74,152,476
113,398,54,42,431,34,192,251,372,148,5,248,210,438,466,152,272,363,417,261,49,492,293
446,23,219,57,481,228,381,337,104,212,232,302,60,151,478,205,426,474,166,169,374,15,503
262,288,398,152,381,269,211,253,232,60,180,255,258,287,508,453,194,73,399,313,317,17,141
311,255,283,100,284,56,404,326,402,26,464,246,442,193,62,418,381,194,210,102,152,391,463
468,121,210,62,489,55,134,32,220,508,168,471,246,34,155,426,129,310,288,182,171,461,193
387,109,245,276,312,428,226,374,88,302,398,225,415,211,402,337,101,174,294,439,228,403,458
128,26,29,132,209,256,90,177,151,506,192,359,197,53,508,187,12,234,371,74,443,188,206
398,434,21,164,167,213,210,276,130,267,492,152,78,481,209,219,395,293,483,508,480,470,96
266,329,41,508,54,394,267,210,188,193,476,441,92,169,504,391,156,47,412,121,499,402,434
508,417,268,175,360,489,283,109,139,127,158,115,311,276,245,92,439,36,302,164,8,309,106
49,101,14,73,508,179,469,327,302,288,210,113,357,460,467,110,300,47,464,144,2,41,371
37,508,381,69,466,152,230,462,153,454,431,448,184,295,179,336,266,115,395,111,186,121,210
439,413,211,391,433,508,359,244,351,226,46,328,87,450,457,91,35,60,152,437,448,499,194
206,83,474,395,77,193,199,402,100,16,6,341,152,151,49,302,211,14,34,463,75,88,98
169,111,30,246,387,41,280,51,506,403,494,4,126,21,237,439,390,102,26,123,167,508,171
154,286,309,408,451,155,210,111,232,396,417,426,211,98,359,480,381,194,344,508,357,391,257
408,194,210,179,386,371,340,90,389,261,168,299,325,136,297,395,174,311,445,328,61,332,352
322,211,151,127,98,302,160,316,60,210,156,136,395,375,466,178,480,34,460,101,62,33,246
504,269,474,395,54,333,19,81,364,243,246,248,198,235,499,144,188,398,374,20,210,442,109
395,136,98,460,407,194,288,210,417,337,326,42,236,254,506,148,508,191,198,452,469,357,124
278,246,151,169,320,50,477,508,56,186,61,256,470,369,25,254,313,491,160,36,457,152,302
484,171,508,65,431,398,506,505,24,23,31,351,30,156,323,501,397,311,152,34,387,260,38
474,269,133,228,207,27,3,41,344,336,109,508,122,246,478,232,84,156,461,64,231,254,20
299,190,27,175,162,83,141,152,236,336,326,113,73,126,42,371,269,169,508,254,426,301,212
140,26,250,428,210,449,440,87,323,262,438,316,317,395,232,156,489,508,237,359,57,126,169
36,234,225,381,395,114,157,149,40,170,211,22,254,315,91,389,391,151,479,412,379,210,101
287,213,201,261,62,88,468,392,376,3,197,84,508,444,286,210,94,385,83,193,188,483,198
303,122,328,202,102,171,217,109,437,167,247,16,211,219,238,395,152,146,53,324,26,391,168
343,133,384,179,145,211,160,229,299,374,163,42,208,451,359,489,152,381,67,61,306,276,154
14,281,434,169,16,126,58,37,109,364,26,238,467,23,5,480,395,408,76,73,7,194,175
217,152,213,14,429,298,163,60,450,104,428,23,491,39,178,483,251,273,479,248,158,10,76
408,458,20,61,169,443,238,311,144,174,101,232,455,404,179,276,309,228,89,125,43,284,413
152,398,306,159,466,42,148,194,422,508,497,418,311,408,26,350,337,3,231,256,302,158,89
114,322,91,68,461,77,205,122,66,245,508,211,129,413,260,425,210,366,84,281,109,494,333
316,439,156,480,301,193,139,494,59,508,181,457,226,442,102,238,110,269,148,224,506,326,60
174,236,165,508,215,179,254,480,186,472,311,489,139,491,60,193,371,175,262,237,380,211,469
504,508,207,136,311,146,151,344,409,66,160,316,3,109,336,235,175,458,154,437,486,269,254
194,186,100,500,404,341,375,395,302,508,281,367,110,246,228,373,119,138,127,364,343,83,464
508,252,332,188,177,203,8,152,426,361,22,168,256,373,480,23,321,107,281,506,108,333,425
395,224,459,287,379,151,332,508,15,210,245,471,476,37,71,394,6,56,413,259,315,436,226
395,396,189,399,186,199,356,508,267,43,152,248,140,359,251,35,55,207,29,297,111,169,333
508,298,93,51,40,55,470,133,246,325,199,480,126,23,467,169,214,152,216,303,377,444,396
395,470,386,111,302,236,20,75,151,325,244,457,76,152,210,141,287,98,349,171,408,454,228
283,376,298,482,113,151,311,149,123,92,194,371,232,60,2,480,214,169,83,175,12,152,239
337,254,193,398,450,443,30,238,251,326,154,490,152,155,491,169,77,129,383,109,506,139,493
166,193,133,438,242,130,395,110,466,125,136,430,210,200,40,274,251,201,254,349,80,101,508
92,268,395,54,335,373,478,447,9,414,389,381,492,60,305,222,322,457,286,391,42,462,255
505,104,302,232,292,256,29,484,452,210,238,175,268,322,214,35,113,243,391,337,156,491,480
169,193,204,154,180,166,373,395,477,475,268,109,56,174,254,103,211,318,302,363,30,232,319
278,52,169,216,26,340,324,508,132,408,98,274,174,57,152,182,90,348,195,391,10,34,331
371,242,325,110,403,359,278,316,236,50,419,262,354,138,463,199,391,20,426,151,244,274,84
469,98,427,480,344,238,228,104,370,453,508,491,420,118,470,506,47,294,352,211,483,433,302
383,371,101,26,432,69,151,439,395,70,357,311,211,130,332,36,197,505,210,508,431,75,111
340,211,484,352,508,54,311,326,85,92,98,325,210,412,341,95,367,112,417,152,362,193,376
152,349,151,210,238,311,306,76,6,405,479,174,158,89,236,120,181,448,230,477,232,440,475
91,391,316,413,246,375,10,267,61,344,12,376,57,459,323,184,371,314,245,210,480,387,405
246,266,332,302,469,508,364,98,174,231,66,408,193,206,434,463,436,220,113,479,184,335,391
211,246,42,228,266,110,323,381,478,205,133,244,356,14,476,457,337,426,152,218,502,55,287
278,389,136,269,346,233,3,152,26,206,503,333,328,408,17,8,216,219,294,227,127,126,164
190,219,373,343,185,152,131,280,169,84,130,297,65,434,395,210,508,196,113,263,59,121,14
302,109,128,41,339,104,75,480,140,508,133,206,441,463,228,202,117,427,199,151,155,254,111
29,309,346,154,193,99,389,395,342,502,417,392,57,152,109,337,135,446,508,398,449,194,503
467,47,254,340,471,354,213,462,122,98,308,204,296,211,68,479,179,56,389,152,186,508,182
251,343,236,151,207,21,426,83,317,26,210,42,122,480,463,408,263,421,431,57,320,213,489
126,246,186,508,210,391,470,96,447,41,179,42,16,243,182,419,127,136,67,164,330,429,505
240,206,156,442,276,105,342,245,46,331,140,337,246,92,211,69,356,104,395,41,29,265,137
254,151,264,374,171,343,15,50,389,306,328,508,335,325,311,314,315,269,239,276,210,234,480
226,45,115,29,274,95,154,211,367,426,206,281,60,439,499,104,151,133,248,506,175,113,508
474,246,391,424,417,152,502,187,209,232,325,508,311,118,177,335,464,37,93,56,494,32,463
455,28,180,443,391,101,169,179,490,141,432,273,508,325,479,470,60,380,145,143,331,281,286
62,269,92,438,342,69,126,53,185,311,170,291,297,450,408,486,374,26,373,115,396,316,181
289,309,42,308,484,199,14,280,127,129,219,63,144,326,497,133,421,496,302,213,3,194,152
255,457,194,236,137,202,508,495,301,15,383,302,53,254,164,352,1,208,211,288,151,239,374
373,144,318,408,179,477,251,287,210,489,30,199,207,480,374,448,186,451,246,6,60,508,122
301,508,469,302,376,494,2,12,231,54,234,407,383,247,351,429,156,332,276,492,123,462,205
231,239,508,126,152,193,210,125,151,454,476,359,179,499,91,106,398,457,26,42,54,169,188
480,126,129,504,452,359,125,348,32,271,331,221,28,185,395,219,42,152,508,98,398,439,360
490,224,446,254,169,93,6,104,64,450,154,227,478,11,356,109,493,508,210,194,92,127,404
508,73,283,342,390,114,506,25,330,392,174,197,268,54,98,276,246,466,325,14,156,91,175
334,425,462,201,50,338,413,210,175,266,391,325,211,402,85,126,37,87,148,286,168,470,152
210,504,476,503,11,494,508,94,8,144,395,247,239,303,42,299,302,480,112,298,372,147,152
428,392,71,60,508,302,359,373,69,404,47,186,466,308,214,118,92,135,94,2,18,26,506
300,158,476,362,95,508,311,97,447,199,208,480,361,98,269,434,3,210,475,64,21,94,442
210,508,256,26,411,276,335,326,10,434,249,35,302,232,300,67,336,502,47,343,325,435,201
162,447,246,75,281,477,238,109,494,391,132,221,367,91,476,192,50,356,302,206,155,358,23
90,237,1,493,109,281,508,210,140,152,322,479,342,307,356,287,6,462,11,318,87,378,474
254,156,152,373,112,185,272,392,96,283,292,245,274,395,256,133,209,21,171,80,14,126,508
389,506,210,476,33,71,333,198,381,127,12,141,376,311,383,211,470,425,421,398,98,194,232
424,246,333,209,291,133,158,260,231,210,95,362,401,477,75,265,208,269,217,97,389,433,506
302,475,136,210,98,251,238,41,157,174,432,424,306,508,445,330,207,315,155,359,464,198,144
37,210,127,504,308,225,130,287,113,256,211,469,497,212,480,38,266,166,213,232,333,109,391
395,341,478,19,508,468,283,152,197,201,127,210,200,391,409,71,41,115,498,90,426,111,313
26,156,508,499,425,93,264,288,343,144,194,294,34,226,489,8,254,51,233,122,328,290,398
508,327,95,152,319,75,228,395,130,483,311,480,447,249,154,199,408,445,246,14,457,122,224
283,34,173,372,370,71,132,60,322,326,408,14,308,462,290,126,249,508,502,316,260,340,26
222,56,77,210,170,140,303,454,19,427,508,476,491,464,102,498,330,357,171,42,443,272,468
229,18,207,308,121,11,158,489,256,374,159,286,210,126,311,12,315,39,59,168,185,480,461
164,251,241,480,161,186,304,262,384,200,13,64,280,8,240,211,426,331,309,91,506,503,373
408,506,373,129,136,126,467,170,403,508,371,210,175,152,23,61,447,209,141,303,330,256,102
502,211,103,60,195,58,478,65,12,374,210,498,480,70,491,483,113,35,508,2,198,408,412
457,122,508,248,332,128,302,360,112,90,381,109,330,449,470,311,405,503,502,170,152,34,89
210,376,416,258,211,325,289,462,307,90,3,245,248,268,290,237,477,1,184,493,75,66,255
445,28,211,402,349,472,162,140,13,423,505,251,275,210,362,476,115,342,508,352,35,350,237
399,171,210,3,80,508,89,152,242,379,373,402,325,198,94,84,316,41,347,40,254,378,281
62,441,273,246,129,185,414,35,466,457,477,384,269,458,439,21,169,490,236,60,449,395,67
508,489,123,61,70,461,477,210,375,325,242,457,381,154,374,113,249,238,480,434,152,395,455
371,26,420,188,23,463,166,30,73,211,496,504,508,448,34,274,425,248,291,381,226,385,210
325,426,224,370,349,392,154,114,246,156,298,210,194,411,127,508,375,83,193,109,152,98,492
439,383,198,334,398,302,159,283,152,151,379,110,246,89,96,444,447,34,22,7,339,445,417
28,155,101,248,374,508,377,454,213,8,209,372,357,169,466,482,224,303,194,51,457,246,189
468,414,402,371,228,476,339,101,452,214,113,114,207,147,398,246,169,136,408,489,210,205,193
95,199,210,498,439,98,87,374,391,354,14,13,179,34,114,45,342,247,211,316,470,497,335
199,254,477,434,151,226,104,71,348,464,19,203,1,438,163,34,14,98,439,67,65,66,64
426,140,277,42,63,479,449,508,420,89,396,11,66,498,210,204,151,471,474,14,405,403,238
45,34,224,5,0,156,184,151,30,105,342,477,69,216,23,195,115,395,484,35,325,189,219
83,483,311,479,276,198,170,456,395,371,398,367,51,246,337,403,505,360,302,377,31,126,206
93,480,136,219,478,487,508,475,58,180,23,152,233,226,481,83,14,304,349,324,381,16,396
198,213,34,188,288,167,41,314,127,394,26,171,400,350,326,169,408,457,6,152,398,226,147
3,439,508,491,457,242,353,392,222,127,269,221,206,152,216,469,383,355,238,260,437,193,143
63,152,383,112,428,373,460,185,276,283,450,105,236,474,340,457,494,156,423,61,212,2,34
270,136,121,210,38,438,115,480,358,461,436,261,152,508,405,504,212,75,151,337,395,217,194
285,204,188,169,373,194,180,457,245,146,124,426,60,55,392,506,202,439,231,219,455,427,69
480,247,486,281,15,156,151,461,494,126,152,96,187,329,168,290,324,408,239,395,303,444,102
410,3,235,160,316,466,191,440,25,94,151,59,386,251,405,258,333,457,232,173,439,34,417
450,211,315,504,365,373,460,179,55,81,152,8,170,29,138,290,394,374,291,398,470,417,253
101,128,191,381,198,241,445,508,407,372,90,6,302,98,312,94,193,357,444,457,443,254,210
127,398,326,508,349,156,495,308,114,496,337,476,54,439,209,362,375,456,171,89,429,238,468
508,180,294,387,498,348,210,254,370,3,187,152,391,217,127,126,27,197,38,28,30,151,33
156,34,194,104,508,344,32,120,140,455,332,3,152,398,312,155,163,251,314,110,269,472,219
158,188,493,128,508,144,38,179,275,194,126,373,34,83,263,210,429,102,152,14,141,221,255
8,491,349,85,403,366,332,508,381,480,231,325,106,311,137,208,25,66,300,173,210,238,169
213,151,411,49,256,96,78,457,152,3,359,480,111,381,57,502,362,316,136,175,232,274,377
482,281,438,210,185,362,508,477,41,489,14,157,42,297,132,62,23,408,152,470,336,24,151
508,11,137,156,152,42,66,275,474,126,186,41,286,407,169,236,504,288,233,506,424,210,144
156,508,352,417,102,450,281,503,3,350,77,329,158,505,463,132,359,387,60,188,33,54,343
41,331,325,23,395,398,470,34,196,471,406,477,376,211,39,14,480,506,219,134,155,210,504
316,466,331,46,231,67,365,168,333,102,272,111,391,152,8,436,223,508,114,371,129,288,381
100,358,303,423,359,265,55,41,184,478,34,429,248,497,476,434,504,245,60,508,25,152,230
440,314,508,170,311,54,48,463,109,422,144,432,395,468,34,344,115,83,203,445,479,357,132
210,83,367,346,238,242,53,476,338,232,395,440,27,470,281,251,508,89,63,270,129,29,152
156,238,144,457,292,242,328,337,176,431,373,115,508,131,468,98,273,248,151,182,375,439,93
427,397,106,37,225,272,508,276,246,194,151,402,93,356,467,14,113,3,183,426,169,338,417
424,450,127,459,12,508,226,23,122,210,466,125,276,51,193,202,18,386,95,182,449,504,368
98,508,106,292,425,152,61,463,286,326,362,232,367,373,190,99,194,254,439,100,42,174,210
231,395,498,506,486,236,308,462,302,127,340,445,439,179,133,392,80,480,502,213,151,483,351
504,95,178,113,114,124,92,213,144,152,485,210,109,145,54,6,70,379,488,351,508,20,486
302,98,158,58,156,346,171,508,67,63,245,210,211,277,416,151,376,455,100,34,95,247,154
194,455,283,248,58,246,111,92,477,69,508,149,401,219,84,468,211,358,438,333,126,3,277
269,199,276,478,219,289,426,151,235,133,26,195,344,474,130,491,128,360,268,402,374,297,127
152,146,213,315,192,398,42,483,328,371,464,304,359,15,324,439,508,292,441,201,426,169,457
450,347,331,35,47,152,508,483,491,3,310,335,426,505,391,157,462,302,95,467,395,326,399
346,244,427,201,258,104,387,152,56,336,323,210,318,316,18,337,468,109,251,331,168,49,457
35,506,77,238,249,160,34,169,417,466,123,457,402,100,316,481,151,290,504,341,122,67,207
236,338,155,60,386,184,460,233,132,354,158,159,324,434,426,280,240,503,489,322,42,152,399
300,254,508,174,406,6,329,343,76,497,199,98,148,210,193,169,69,324,26,75,49,266,506
262,211,206,376,152,112,482,333,493,413,474,2,8,98,508,232,69,342,102,251,417,193,210
126,398,387,281,251,395,443,245,412,210,234,464,316,370,457,368,383,61,145,211,417,156,175
438,342,58,94,132,142,211,109,439,143,336,23,11,42,228,478,508,405,67,53,192,169,232
426,508,69,57,331,252,171,33,233,452,400,345,324,115,84,280,89,497,151,231,357,389,224
325,434,439,245,158,276,190,374,198,496,278,472,480,395,387,67,297,411,371,210,360,20,136
270,417,134,79,183,314,52,439,493,209,151,129,488,450,466,71,508,460,12,210,98,66,194
42,228,246,235,111,391,371,493,65,359,268,311,323,426,360,69,81,286,160,431,156,50,504
13,494,254,89,69,186,371,482,363,100,508,470,210,29,400,144,415,4,214,152,503,242,50
332,416,470,229,42,127,175,144,138,457,377,88,56,440,250,401,123,12,508,210,419,254,26
190,171,80,234,198,25,508,55,245,504,193,395,482,248,41,178,115,436,14,398,16,210,34
508,26,452,193,95,333,80,225,391,28,498,494,152,135,41,297,428,67,426,127,276,210,63
63,480,314,92,392,202,89,339,47,407,192,353,427,466,300,210,508,274,315,333,83,86,309
506,58,195,420,210,391,42,209,130,461,256,349,204,234,426,365,508,430,166,342,157,180,232
246,66,127,194,210,184,206,147,158,329,360,395,381,198,455,504,396,417,193,211,505,70,180
221,508,106,245,397,316,288,198,251,256,429,32,3,468,381,425,479,374,408,151,69,505,489
483,224,156,313,80,255,221,152,318,335,26,63,410,343,452,21,429,298,453,109,103,432,17
323,99,369,106,464,130,152,21,156,299,508,151,481,213,426,205,160,210,435,39,232,269,417
472,342,23,346,470,193,428,210,267,326,195,349,113,256,270,232,245,508,392,376,501,12,63
141,367,408,290,166,497,36,210,389,9,508,238,477,16,197,157,377,71,212,83,366,494,394
179,489,29,121,302,254,349,431,383,155,428,483,115,64,198,340,395,508,207,35,76,238,311
343,445,42,457,302,508,325,207,210,366,156,126,34,331,198,477,398,89,384,228,394,8,219
371,508,366,174,151,506,122,34,63,417,499,266,99,431,16,185,222,439,129,124,3,232,497
417,13,125,271,178,219,343,41,398,78,90,481,504,27,486,113,111,230,221,193,79,387,381
312,268,367,246,417,445,199,447,427,158,141,151,164,504,41,276,375,102,185,508,434,255,275
498,374,499,108,65,180,257,391,364,332,468,82,204,55,358,438,70,289,394,210,395,54,354
466,491,409,256,198,210,212,236,192,362,211,302,434,417,373,141,189,70,0,131,229,499,152
232,60,146,326,158,426,39,297,28,210,151,19,18,200,490,466,460,468,274,478,62,12,209
210,156,355,245,211,123,151,439,82,508,152,223,134,348,374,171,449,77,181,359,26,325,418
152,480,221,34,145,172,26,251,394,106,455,156,408,446,333,488,414,508,275,83,311,469,109
152,506,288,179,233,486,95,198,35,508,397,126,351,370,69,469,505,463,201,151,383,457,306
480,451,391,379,210,337,219,373,276,111,508,383,127,192,1,238,442,158,387,75,94,402,30
479,14,151,494,111,166,359,367,246,127,311,417,54,83,324,476,342,71,222,194,61,333,126
120,157,508,443,322,437,152,375,461,311,453,374,69,408,199,343,198,501,169,137,98,360,226
236,158,508,436,355,31,408,430,308,40,78,101,211,200,152,470,439,179,443,432,254,266,482
91,331,434,171,209,398,95,219,267,302,84,169,66,213,343,324,477,335,211,152,144,341,508
192,340,457,508,110,218,34,66,258,374,468,174,101,80,187,107,251,216,123,53,276,185,391
210,283,152,287,333,236,179,434,417,148,447,14,127,488,407,508,461,140,430,362,130,457,435
508,483,99,470,151,165,178,422,194,152,415,65,220,278,171,372,395,35,466,458,359,343,157
297,34,66,433,377,466,81,144,98,61,193,26,241,113,395,169,370,426,229,95,126,209,456
241,217,26,184,508,180,408,15,239,46,164,358,449,168,491,156,254,114,54,166,163,151,493
377,194,274,126,482,236,184,362,25,152,179,168,211,256,504,508,336,373,401,270,95,480,264
17,491,436,69,475,81,449,87,421,489,47,275,457,395,6,127,143,406,367,508,209,426,228
14,248,394,349,75,113,163,276,34,470,371,66,506,416,199,381,330,322,202,98,356,480,375
208,110,14,204,462,210,401,92,391,332,311,66,152,79,463,98,3,159,264,211,178,57,13
152,101,10,391,254,60,205,177,426,438,94,384,413,144,232,75,340,83,494,456,217,374,358
125,228,405,302,108,476,478,148,181,210,221,266,194,332,416,184,234,41,464,269,83,104,312
442,326,364,294,431,311,411,182,171,290,469,156,83,28,194,233,115,506,496,246,440,152,34
276,30,127,508,171,79,98,396,466,480,251,219,14,381,201,418,218,179,257,246,83,151,209
169,219,126,311,179,278,42,96,457,371,324,259,399,120,8,210,244,152,269,342,194,232,447
345,470,138,154,144,215,332,28,226,56,489,508,210,395,35,311,109,152,214,155,41,335,185
71,212,460,51,291,7,302,57,434,469,209,493,178,141,152,169,24,79,332,395,408,333,26
381,235,425,429,506,480,368,179,448,240,132,311,377,73,444,333,376,302,194,386,276,383,26
175,118,210,245,411,406,478,74,82,506,120,98,432,6,232,342,154,463,311,335,440,392,117
236,11,126,365,508,395,486,494,186,21,325,455,152,383,113,502,349,58,362,63,434,212,408
413,409,248,63,277,42,194,508,75,127,11,41,123,163,66,27,332,479,450,391,389,229,8
156,207,119,281,141,346,98,110,126,384,14,438,163,333,92,508,439,211,144,446,164,152,60
152,211,316,245,171,360,506,371,356,383,104,445,120,200,288,37,175,372,470,108,83,440,202
311,90,31,342,406,381,42,160,256,326,212,210,506,249,484,459,151,323,480,508,376,396,316
60,141,332,351,387,371,469,193,339,151,396,508,41,188,9,78,10,374,395,210,211,484,199
406,193,136,232,326,377,179,366,417,379,508,61,151,338,210,333,422,322,381,175,238,474,335
42,113,129,359,283,18,207,210,26,253,391,505,374,8,45,152,480,474,463,508,90,83,194
458,126,211,174,35,417,80,332,169,96,276,244,69,370,501,145,198,508,479,110,125,269,67
404,377,373,508,356,435,493,125,325,376,57,491,317,484,280,12,372,110,333,299,254,3,64
67,96,311,399,334,160,98,41,140,373,303,210,442,374,486,395,186,391,508,144,478,60,398
159,144,423,370,232,508,96,29,302,461,288,374,13,373,395,448,170,201,480,325,377,408,314
6,194,211,362,403,459,464,508,3,34,439,184,248,50,103,456,493,217,433,265,325,288,458
394,395,348,26,98,272,335,251,49,508,34,160,215,47,70,217,426,470,254,196,210,8,403
426,213,389,134,371,379,49,247,101,269,211,508,156,391,230,277,417,425,395,3,251,84,121
0,499,454,180,387,310,391,140,298,302,175,23,434,34,482,300,316,151,98,386,494,46,208
251,246,306,48,484,129,281,280,406,169,80,469,248,467,102,369,189,254,210,322,216,243,391
211,426,254,392,186,198,121,78,8,371,114,61,193,63,495,331,317,77,21,103,404,94,311
314,220,152,26,127,248,391,102,302,333,440,460,246,501,66,214,122,493,254,399,10,362,169
479,161,60,45,152,26,395,52,192,54,18,427,198,6,329,43,348,254,25,281,7,193,87
135,222,292,134,398,365,454,0,303,152,287,13,439,266,130,209,508,475,49,210,101,260,281
490,85,504,480,341,109,155,6,148,152,337,426,402,461,361,389,273,486,75,210,110,302,198
373,34,3,168,371,179,210,437,69,395,193,431,56,394,109,26,303,205,254,508,396,83,41
152,174,508,408,210,317,25,204,115,384,98,262,199,167,103,118,484,314,17,104,23,395,114
508,371,311,316,210,236,192,470,492,294,285,152,123,133,28,395,198,127,83,449,359,158,34
151,36,34,205,133,226,254,391,371,124,426,311,152,51,508,269,359,171,211,395,217,246,199
356,80,95,112,246,126,371,26,98,253,196,332,152,447,508,35,472,210,307,63,127,14,297
210,251,151,90,468,325,98,491,381,83,111,430,28,386,246,302,306,466,278,422,3,265,105
55,431,200,433,21,286,1,123,76,152,450,459,374,122,245,251,211,314,316,452,100,508,66
109,219,159,101,281,34,450,302,115,360,156,403,440,190,210,287,463,251,211,371,23,63,45
508,370,166,237,337,174,440,314,426,311,391,75,151,160,381,30,356,109,468,74,417,133,201
236,226,91,368,98,188,55,444,132,63,170,15,331,408,246,457,171,126,75,397,187,320,359
211,331,312,317,476,89,374,399,151,330,389,245,508,333,23,238,397,414,59,213,232,422,356
175,42,376,66,158,284,354,127,359,185,498,114,25,442,357,413,398,6,236,384,168,209,251
298,381,70,198,10,142,194,125,135,476,245,367,126,395,302,87,324,428,206,480,23,297,489
508,395,343,41,183,432,65,254,39,210,362,58,60,55,3,127,400,156,226,207,460,337,34
3,246,312,210,168,374,417,290,26,311,351,258,508,497,146,377,46,23,465,208,457,445,309
181,79,301,111,71,463,387,34,210,469,216,460,381,123,508,497,41,268,59,502,160,333,164
194,277,33,501,90,113,398,335,102,49,470,250,370,179,152,360,477,371,268,299,156,238,232
391,375,342,210,109,95,55,489,179,508,464,471,151,447,60,470,254,457,392,456,477,266,359
372,505,391,54,318,194,274,341,236,126,17,426,169,125,151,99,478,459,386,251,246,69,19
230,508,457,211,199,286,210,398,156,184,98,237,323,494,293,452,50,417,70,447,302,140,120
371,238,476,457,210,179,35,302,127,504,230,14,508,95,174,245,117,113,136,417,246,65,211
170,508,503,28,423,193,311,42,352,425,10,127,309,438,326,14,128,331,188,194,397,256,293
73,151,273,442,158,281,446,311,254,152,325,411,474,431,144,479,398,396,408,169,8,203,214
145,378,206,193,418,491,26,499,143,98,152,219,194,89,508,417,107,470,278,171,294,3,259
133,68,487,508,193,251,112,468,495,166,383,17,391,454,299,196,349,179,392,311,470,41,126
391,103,395,508,152,401,464,337,455,41,96,246,318,330,160,126,95,470,332,388,362,288,502
423,457,235,395,356,398,480,312,140,110,152,276,359,450,245,260,58,388,126,41,311,374,170
26,326,51,42,283,48,169,194,210,404,266,508,188,77,69,303,57,161,256,302,402,111,504
480,330,508,334,381,322,366,236,29,74,25,282,171,423,127,431,120,180,8,395,324,198,438
190,408,368,395,356,63,314,50,302,23,508,192,449,325,244,49,100,426,274,156,61,101,210
149,60,206,210,208,241,64,169,311,194,167,346,112,256,467,122,508,152,288,457,391,326,506
323,188,359,362,399,281,224,446,371,61,209,413,47,179,98,503,288,128,151,302,141,210,105
285,16,415,245,219,179,302,433,460,187,276,508,23,414,3,443,374,367,345,309,359,226,339
144,26,23,166,276,168,210,508,381,440,430,179,433,295,424,359,115,160,127,456,122,455,171
136,391,144,373,254,270,94,303,359,322,151,90,477,371,30,111,167,152,64,115,385,374,402
89,134,381,232,171,245,285,480,349,152,477,256,362,508,67,309,102,467,505,359,507,62,430
35,418,210,495,209,311,444,508,395,119,268,325,269,281,246,490,452,273,152,151,208,420,69
269,278,249,398,290,14,426,133,286,16,235,124,468,423,395,102,508,254,155,371,292,236,65
360,273,107,379,407,237,302,112,100,322,65,88,458,79,344,185,326,508,94,98,471,265,180
21,147,145,167,411,20,383,76,333,415,414,106,280,328,452,42,275,156,136,236,158,2,19
491,504,403,302,55,194,371,457,398,349,508,328,157,145,493,35,152,383,180,324,169,210,269
102,67,201,6,84,446,398,92,464,335,480,288,383,193,199,439,210,292,266,348,508,60,479
210,35,124,371,151,22,73,373,251,395,472,32,368,274,476,218,467,439,284,3,254,508,61
201,211,251,402,151,53,41,101,127,219,391,235,366,136,266,193,100,144,333,210,140,246,216
439,207,354,302,92,238,371,267,232,339,17,497,115,172,121,461,158,385,109,261,250,180,152
346,288,23,47,348,359,145,104,128,152,389,403,471,304,472,151,41,73,371,313,238,214,213
174,8,429,87,372,64,391,170,36,160,194,281,32,272,12,357,482,210,151,198,371,381,269
508,111,232,276,179,490,316,207,342,2,408,334,58,245,480,472,83,15,359,193,169,374,269
359,374,307,392,491,417,365,32,102,256,151,195,254,81,35,498,408,508,497,126,84,232,56
35,274,308,133,210,480,14,479,110,433,470,508,251,281,170,138,330,98,412,258,426,152,504
395,138,251,159,130,210,325,177,508,354,176,262,73,357,281,245,383,201,267,276,324,461,423
438,57,343,26,180,256,35,101,490,210,317,66,42,349,257,453,402,508,292,302,151,251,447
113,34,145,267,504,328,476,211,400,266,497,483,152,136,484,156,174,370,408,398,508,481,420
125,317,182,339,141,198,333,385,480,69,23,151,70,6,133,374,108,217,469,281,187,302,363
128,187,335,508,402,237,457,395,391,31,436,71,55,254,139,151,57,311,497,194,94,246,210
152,158,480,169,226,273,481,430,413,328,188,508,84,112,450,60,395,374,141,373,462,299,251
211,126,398,193,332,254,417,386,91,163,3,96,359,285,351,424,148,420,508,270,413,503,102
455,243,505,460,424,447,92,111,109,155,267,169,152,219,194,414,188,52,192,373,210,397,244
499,434,299,508,343,125,12,201,34,126,152,441,207,443,342,281,22,194,156,173,316,402,237
307,441,483,251,78,459,508,301,452,330,73,148,292,210,332,347,479,373,400,350,138,224,156
242,461,210,337,179,281,32,159,474,441,432,164,152,214,267,331,73,169,311,126,480,457,395
210,83,54,102,125,187,434,508,302,26,410,53,358,80,276,281,435,368,133,236,34,47,252
63,211,210,175,332,383,482,152,98,12,101,366,269,73,127,141,359,367,312,122,297,473,58
156,350,503,480,288,26,77,133,10,151,58,291,152,318,194,420,336,212,213,193,331,125,245
344,210,233,508,357,308,37,311,188,281,129,506,99,433,52,383,28,197,152,348,491,0,360
402,272,201,45,480,391,194,374,18,85,34,210,254,376,145,246,370,167,392,190,136,398,198
381,288,269,34,325,371,194,508,220,152,60,155,266,54,147,346,40,450,281,131,352,86,311
441,431,113,80,115,244,127,199,236,379,254,479,426,61,132,480,299,413,129,210,342,175,444
274,233,373,210,481,291,196,200,298,508,133,69,33,311,468,167,152,141,208,383,226,111,323
341,179,70,349,192,283,508,151,62,333,57,60,276,395,98,316,114,51,7,302,246,128,398
317,144,426,1,179,457,363,62,506,63,238,438,210,132,391,246,148,449,266,470,198,388,158
406,383,109,367,254,503,450,276,159,105,247,177,440,73,211,508,468,10,480,371,236,439,28
152,210,386,50,63,281,387,194,185,311,401,501,508,370,15,302,171,127,486,128,266,391,193
92,169,474,395,210,332,127,480,251,152,53,104,101,430,376,102,508,194,450,109,316,151,506
210,198,326,383,424,62,3,381,333,479,414,241,64,186,151,471,254,281,312,287,490,508,316
443,149,246,417,302,453,395,408,175,476,105,445,161,156,217,396,11,236,89,373,416,238,471
359,371,198,480,508,201,188,399,468,54,127,328,182,60,422,333,213,318,195,194,325,100,293
193,345,338,12,508,332,248,506,160,439,210,88,20,445,302,145,256,311,194,475,211,404,356
152,391,266,477,292,498,466,413,335,423,67,440,198,254,179,1,39,311,347,55,109,446,204
240,417,58,272,371,379,381,85,152,457,313,42,286,402,168,267,424,151,506,211,508,15,395
74,458,120,211,457,265,152,246,364,508,69,238,504,79,311,470,312,399,29,151,283,168,308
368,343,356,447,499,3,299,156,245,151,468,395,141,75,408,469,43,70,12,152,194,69,508
69,434,175,87,276,124,508,495,258,33,391,159,113,151,275,92,491,229,296,130,356,444,141
372,464,193,251,370,226,110,508,34,405,73,281,323,93,70,402,395,10,169,349,311,151,109
504,474,265,210,240,426,429,236,109,267,159,31,272,302,152,351,23,457,98,151,398,154,17
508,502,206,193,145,395,192,210,1,326,234,498,30,219,226,69,168,92,374,191,504,28,179
488,325,140,210,65,12,408,491,315,400,395,426,42,152,333,481,348,298,151,253,53,336,489
506,175,246,3,159,66,359,43,158,299,24,325,105,401,274,502,168,126,116,130,238,211,112
332,471,466,408,152,98,194,377,210,32,280,97,105,10,260,399,492,96,358,363,439,177,175
470,508,15,170,55,132,125,377,506,115,152,478,62,197,352,151,29,311,198,370,89,504,391
438,144,225,74,49,152,493,206,369,285,281,333,508,299,314,58,359,374,414,11,482,184,302
367,145,142,352,105,329,371,426,498,447,453,158,323,219,359,111,14,506,302,471,254,508,201
158,246,210,283,366,109,123,508,27,194,143,151,199,258,376,354,222,371,397,323,190,326,34
237,463,437,342,146,381,246,232,209,459,468,385,326,508,192,428,151,129,306,471,17,128,41
276,208,246,450,475,457,361,183,508,480,228,490,424,189,60,392,129,477,324,114,169,290,302
174,246,502,461,332,8,338,249,210,151,374,501,359,457,14,91,81,506,230,316,183,272,391
501,302,246,151,508,443,90,126,312,325,193,472,67,276,114,100,141,392,152,423,294,245,283
144,429,343,428,413,152,151,210,69,127,25,251,35,391,192,407,311,180,62,268,98,442,454
458,479,152,508,109,193,194,395,246,232,381,344,173,477,16,457,245,403,226,391,126,444,426
152,298,470,236,129,233,238,41,375,193,42,216,467,246,439,311,206,159,211,135,274,267,392
210,35,3,211,21,122,395,483,290,113,182,169,145,189,400,309,398,408,5,468,100,38,280
67,408,26,133,320,435,336,386,464,254,102,211,508,23,121,171,187,199,145,302,246,357,119
125,164,34,232,408,170,475,183,508,79,49,293,255,344,395,506,217,298,194,377,149,35,292
479,70,337,236,499,453,401,210,380,269,198,455,102,46,183,214,232,299,316,246,144,438,349
127,98,506,399,273,197,326,508,170,276,426,377,376,464,156,166,169,389,205,184,462,466,109
23,372,247,246,128,508,502,337,48,429,248,210,69,276,349,188,96,126,46,98,68,60,118
126,286,302,301,460,454,422,276,488,14,477,152,192,136,179,27,125,65,247,396,246,233,151
315,30,290,26,152,189,77,47,160,240,156,325,255,88,138,408,101,381,146,507,277,391,246
192,231,508,356,278,70,425,506,483,115,238,193,109,359,54,391,505,374,158,455,6,470,151
273,98,16,295,318,207,494,210,452,394,245,236,480,86,195,111,109,281,477,508,192,168,151
399,92,156,349,65,333,273,96,324,508,122,426,145,113,61,23,269,440,243,313,454,316,3
231,8,49,354,502,385,151,83,245,210,152,340,316,457,60,17,236,121,306,498,480,26,41
8,508,57,479,440,5,337,411,61,444,503,136,88,251,50,248,115,210,257,280,506,244,267
164,477,154,502,126,26,256,286,392,325,361,33,6,22,199,144,13,341,480,263,269,115,174
254,89,351,224,457,391,26,215,124,39,273,202,302,357,395,19,92,43,497,389,152,365,182
13,153,210,69,304,77,26,3,186,256,138,245,414,102,100,288,281,480,359,120,434,491,291
450,286,152,184,256,134,193,60,508,120,217,291,497,296,309,334,374,233,475,311,198,308,299
127,236,498,468,34,152,422,59,209,199,319,214,73,452,245,333,164,424,204,411,188,435,336
57,79,322,211,328,281,155,98,508,154,383,236,476,470,29,269,418,481,404,248,42,292,408
113,254,475,497,152,232,358,455,316,66,62,495,65,359,413,314,183,198,168,302,372,231,201
261,99,194,152,159,179,312,479,216,175,508,63,273,42,332,61,429,174,435,366,185,376,480
171,154,26,356,381,232,290,137,3,354,113,161,351,303,145,491,333,379,302,156,273,272,445
434,322,148,412,427,254,363,506,359,379,104,316,455,303,158,196,362,151,408,413,194,368,210
164,430,199,325,311,440,475,223,318,508,170,34,144,404,155,219,127,506,426,128,1,211,88
179,364,418,463,313,508,14,281,458,447,157,26,126,302,188,101,498,84,32,192,342,258,272
109,408,206,383,396,26,151,173,110,364,152,367,213,259,209,175,53,256,254,70,106,85,188
152,182,374,96,333,26,238,436,426,151,34,25,472,237,461,83,38,498,36,174,98,169,113
251,322,417,194,343,374,357,42,413,252,331,168,379,193,383,93,392,470,371,396,34,482,464
114,508,49,100,281,417,178,236,408,211,439,17,210,221,395,214,251,175,456,16,169,13,384
42,15,288,179,192,35,228,152,188,508,144,476,182,50,88,405,364,359,210,66,270,151,446
472,223,508,414,490,41,245,290,357,252,320,381,273,246,213,214,409,23,391,183,130,188,30
469,186,267,290,26,152,38,238,326,169,42,224,508,265,66,88,163,57,373,144,309,470,111
479,460,368,276,464,60,317,497,168,194,466,151,160,36,308,350,443,354,247,391,506,312,182
109,34,152,6,381,501,448,348,217,269,135,408,281,246,125,497,7,23,398,366,313,221,233
36,412,126,508,466,457,151,62,391,247,482,217,191,424,66,288,326,303,205,144,98,209,452
322,203,144,136,407,479,293,268,311,508,98,194,349,68,506,197,210,145,434,188,30,395,101
334,187,466,417,439,34,452,210,222,508,154,427,273,423,482,458,211,489,383,93,55,440,371
368,309,371,333,77,119,317,258,508,300,479,127,67,444,213,188,432,152,179,201,303,199,162
48,56,83,472,264,506,412,106,243,3,476,422,230,270,309,124,199,368,488,238,333,457,50
323,298,167,175,126,48,395,273,208,51,26,111,199,371,502,343,238,424,508,503,426,480,411
285,211,351,269,288,29,98,418,324,242,328,463,409,161,170,508,88,193,374,213,401,429,152
316,370,83,152,120,315,248,109,58,167,471,143,162,269,209,45,373,241,34,211,108,508,210
127,81,210,316,395,120,362,140,498,375,384,417,109,476,374,151,312,55,169,311,10,464,416
193,152,151,470,127,508,332,489,274,471,120,143,72,382,140,206,446,156,479,370,126,27,396
453,133,457,152,54,477,405,428,371,193,297,34,210,439,471,71,83,396,461,391,375,219,129
502,508,19,506,375,188,373,171,236,256,176,498,354,452,127,151,179,302,211,384,330,210,194
152,41,508,461,79,120,106,403,489,208,398,418,193,389,221,269,372,472,254,71,251,151,352
32,280,395,397,151,267,258,232,437,14,6,112,311,367,29,158,144,383,348,46,192,235,193
344,355,414,160,361,326,77,318,374,156,152,506,311,104,293,315,137,426,303,164,386,508,11
191,70,169,498,457,492,417,325,206,49,463,62,454,373,356,466,349,216,60,230,483,54,366
210,359,391,299,398,311,95,335,194,480,314,98,179,371,443,463,508,418,3,280,151,71,358
440,381,90,439,210,311,171,498,209,62,312,55,291,508,317,229,482,254,213,10,243,155,477
196,431,92,144,207,329,398,409,127,90,269,199,81,401,78,245,302,1,84,495,461,348,210
348,169,309,8,272,292,115,199,194,381,213,216,313,347,128,160,211,395,34,170,508,17,238
414,355,18,39,113,399,437,311,492,256,508,404,302,476,129,201,463,211,14,112,193,205,275
42,306,413,408,311,153,392,249,25,477,192,351,188,367,60,202,55,380,317,506,39,152,378
439,291,151,236,196,508,123,499,193,14,391,434,422,95,152,384,53,303,177,13,48,316,36
213,432,238,62,469,180,3,15,210,152,303,109,401,398,88,281,476,384,508,246,371,418,276
281,391,105,439,213,389,34,53,205,383,302,367,408,219,214,210,492,508,286,152,244,184,328
294,159,131,420,391,103,25,353,398,221,168,185,408,220,210,174,146,173,192,169,334,329,508
489,355,105,185,326,288,210,474,299,508,230,426,8,445,116,343,73,480,256,414,376,369,214
480,64,425,281,505,464,34,13,395,104,381,315,389,508,238,115,222,285,193,445,404,301,191
152,175,128,144,45,415,395,95,41,341,211,431,489,439,246,311,391,110,252,210,483,131,408
254,354,396,457,480,335,274,96,269,207,451,89,232,169,188,371,193,257,34,462,196,498,464
