130,66,508,53
508,312,225,297
8,483,152,211
501,110,237,416
281,508,143,213
302,429,144,89
140,192,210,152
424,288,499,234
408,395,113,478
350,457,118,230
450,114,28,168
194,508,92,477
336,105,134,152
508,60,122,47
351,109,335,469
88,303,256,194
69,480,254,445
182,210,236,238
305,312,254,418
255,16,439,229
508,433,88,480
210,364,374,65
391,396,448,151
311,152,423,414
508,269,479,23
42,239,457,387
34,461,391,184
70,278,416,234
471,113,127,334
387,23,373,151
269,328,440,268
429,88,211,281
6,156,152,123
359,198,333,6
374,246,138,302
34,179,480,156
210,211,389,152
374,463,324,126
480,269,65,383
371,231,148,213
67,440,152,281
232,286,218,38
359,137,371,502
3,314,328,331
426,216,152,325
375,414,218,3
276,6,484,417
62,273,359,349
309,392,210,111
370,151,210,467
335,445,480,199
81,96,152,151
389,223,273,63
89,10,349,47
193,37,189,126
152,415,463,373
186,452,216,1
210,66,111,168
276,67,193,14
169,426,351,173
347,413,203,60
231,85,356,457
395,341,254,16
187,395,372,69
129,210,434,211
73,60,151,378
391,166,499,348
302,506,430,144
166,194,67,399
55,39,124,66
381,152,278,269
214,152,457,417
232,171,495,92
13,436,367,449
503,344,6,417
104,42,10,6
324,41,232,297
138,298,478,449
159,508,26,288
151,39,210,207
395,221,215,168
54,288,238,357
12,108,337,508
391,246,508,276
423,457,69,415
92,170,260,287
499,469,152,132
188,281,373,210
97,425,376,395
476,211,95,26
395,98,336,323
60,451,55,325
294,230,302,81
302,142,381,209
59,508,479,109
102,11,381,256
476,156,226,210
47,306,480,365
124,60,508,136
100,193,210,88
139,151,41,97
35,67,372,494
169,214,440,356
137,152,246,502
189,151,28,112
401,312,210,434
311,171,246,316
377,508,379,357
3,302,346,426
69,171,302,444
92,444,210,89
207,398,276,60
360,446,480,265
440,60,424,104
199,245,273,211
371,463,272,326
480,199,175,306
246,431,152,288
439,209,11,251
422,391,225,417
290,369,343,211
151,311,411,269
152,426,199,341
254,471,156,439
292,391,312,25
210,169,450,101
429,105,508,408
344,226,217,434
284,332,128,31
66,466,188,505
302,312,68,479
440,152,314,42
199,155,452,12
286,180,508,71
257,197,194,359
476,158,508,417
127,199,437,292
50,112,61,399
387,422,152,214
196,144,348,227
36,477,391,447
69,232,508,399
236,156,103,126
83,263,383,127
476,493,339,224
151,287,311,343
151,42,111,186
499,443,349,507
129,460,302,470
55,166,412,11
210,79,251,486
264,331,302,82
281,303,50,415
397,450,12,210
425,357,508,288
254,329,2,175
102,381,325,89
113,508,77,60
103,374,151,152
237,359,401,200
259,447,216,394
232,61,269,383
61,157,42,370
337,166,426,483
373,501,159,169
399,211,66,461
228,151,325,468
495,110,479,210
439,290,494,302
242,475,508,219
210,197,94,380
134,55,213,210
332,158,226,127
210,101,392,454
384,378,276,254
175,196,195,46
387,170,168,254
140,325,417,164
6,210,371,403
388,305,157,489
49,61,445,248
219,361,302,185
236,226,395,348
276,331,507,342
186,93,79,223
371,348,185,313
26,508,112,3
302,241,60,187
311,508,363,283
462,281,120,364
115,435,317,447
12,493,174,506
213,418,169,403
148,211,128,210
341,254,232,251
55,381,508,1
332,42,305,479
42,480,502,14
375,50,199,324
78,284,183,111
237,498,324,404
210,9,98,152
126,41,335,221
156,164,100,188
384,69,210,246
98,82,234,353
502,62,187,156
127,98,506,477
238,269,462,90
169,210,152,103
163,302,464,219
17,438,3,53
376,470,152,448
328,399,193,506
22,268,164,238
35,151,460,275
508,445,154,83
103,98,152,8
366,139,386,158
418,21,316,470
508,151,205,395
478,199,240,193
466,126,115,439
266,394,373,508
171,371,430,115
330,25,283,51
36,0,152,208
508,169,457,413
341,228,316,109
445,246,226,323
227,398,332,132
17,469,460,156
288,362,312,124
394,66,488,130
381,50,271,359
277,398,99,374
455,3,151,415
332,17,446,77
256,379,34,427
395,508,415,210
32,508,362,66
381,394,371,480
324,141,347,317
154,221,88,373
187,360,210,439
83,223,211,3
151,164,156,508
112,457,116,179
34,342,246,73
92,287,141,395
3,194,208,1
356,98,479,144
132,269,26,342
466,381,343,210
508,324,331,435
473,281,311,99
120,115,277,349
345,152,96,426
480,396,145,3
294,383,165,367
269,182,373,246
54,127,66,209
314,457,426,234
373,403,221,57
92,381,290,495
81,164,193,383
431,1,347,371
39,10,508,403
34,491,102,152
281,21,151,295
192,463,162,408
232,38,83,129
508,170,210,436
55,177,219,323
457,210,10,484
246,396,128,83
496,254,400,379
221,501,214,383
322,395,437,22
376,267,236,152
402,30,245,10
476,42,193,508
377,7,283,299
169,50,133,211
374,214,151,288
436,188,152,440
98,281,508,113
444,402,439,152
127,371,468,160
391,336,317,176
466,264,280,256
248,97,219,144
379,144,110,171
441,8,276,477
110,372,290,466
95,58,508,53
25,254,41,201
391,166,213,106
447,202,98,333
32,83,357,247
194,207,374,26
392,508,280,395
60,374,371,179
246,30,378,63
83,109,57,97
298,210,477,222
210,251,359,152
504,62,21,476
210,290,104,14
508,151,325,224
333,311,302,508
317,387,463,351
335,396,462,157
302,160,493,322
226,476,357,63
101,46,248,320
493,193,69,256
463,318,408,190
179,194,508,55
251,154,193,398
238,179,152,508
343,246,508,348
106,174,408,391
5,419,87,395
171,71,389,211
251,169,333,332
127,359,238,246
480,373,457,508
503,137,136,169
371,247,18,318
152,362,381,200
236,23,354,333
426,230,395,208
143,323,328,61
399,395,71,230
493,374,278,367
332,194,508,38
35,83,47,340
368,404,391,194
62,468,98,134
25,286,67,391
229,270,63,246
347,123,457,414
3,210,22,475
325,100,302,475
194,210,193,445
152,315,80,349
194,508,391,193
159,102,169,464
365,374,196,499
232,391,312,186
391,497,381,325
34,210,112,188
224,494,508,113
18,357,228,29
400,210,294,391
316,214,164,195
462,353,194,391
89,484,395,151
194,100,508,0
251,357,408,508
133,63,179,440
371,55,374,144
355,152,346,508
83,480,508,473
508,219,11,455
344,385,274,251
383,395,42,273
316,286,57,151
493,332,179,14
219,323,41,255
401,299,83,508
32,276,109,386
76,508,78,499
23,470,66,346
132,127,269,145
508,389,174,236
131,308,345,389
274,383,115,417
359,429,99,508
201,133,98,474
26,499,156,18
503,349,281,408
274,280,23,144
352,210,133,346
156,273,89,151
193,470,254,223
497,302,378,322
246,391,88,426
207,11,232,124
122,399,311,348
122,151,383,125
34,84,302,391
152,210,300,83
8,56,12,98
389,41,225,168
479,152,205,62
159,491,41,502
389,135,484,359
309,140,236,470
220,21,15,348
356,230,121,144
64,14,10,470
395,311,31,502
271,222,210,95
63,269,236,136
171,270,83,48
210,408,359,169
62,128,130,115
288,445,378,426
152,210,359,495
342,372,152,356
130,109,489,47
228,373,383,504
206,399,66,67
435,42,175,102
463,41,503,92
371,113,115,508
470,127,383,300
224,298,248,402
39,126,432,508
203,178,254,91
359,317,73,508
417,470,261,392
151,247,164,102
60,43,349,286
256,217,413,213
195,287,447,441
324,89,391,377
417,210,167,46
236,508,395,131
213,303,237,152
152,194,216,326
215,10,391,302
412,42,381,312
416,407,267,71
238,32,370,323
466,508,184,168
508,38,491,371
344,325,218,42
199,232,15,73
98,145,151,477
6,14,228,50
297,18,472,422
1,333,248,328
484,47,199,391
187,371,302,506
508,479,211,503
87,354,303,213
113,66,262,210
434,477,156,403
64,484,148,457
471,211,411,508
151,199,60,246
200,276,469,383
54,92,502,363
89,229,477,332
466,290,426,265
260,254,198,398
508,193,283,87
111,40,62,385
26,479,43,381
152,288,373,173
167,426,281,156
242,379,388,174
344,207,302,438
41,98,508,287
266,296,457,371
496,314,236,98
83,48,415,260
209,213,418,152
364,508,12,26
211,453,406,325
34,159,468,384
254,455,21,89
144,404,51,17
398,457,210,298
254,62,479,333
194,238,342,210
211,302,256,26
282,340,323,224
42,35,34,287
193,508,79,211
350,471,405,281
168,210,83,211
32,252,233,470
344,444,368,193
211,35,164,426
425,88,61,216
492,203,41,421
269,152,158,228
303,67,66,269
281,246,504,339
101,98,251,317
508,95,256,426
161,395,373,110
391,152,169,470
235,188,179,98
159,223,127,54
367,219,422,457
208,62,470,293
152,505,231,210
210,169,432,466
308,211,508,391
294,98,506,171
14,325,374,315
429,505,316,463
444,210,417,316
210,340,248,392
429,192,403,222
64,160,193,308
206,129,458,8
439,216,381,152
356,457,330,260
494,98,30,151
457,460,193,35
301,371,192,450
254,399,297,395
112,246,425,394
188,93,232,506
372,234,123,408
210,276,508,324
88,324,506,401
488,344,23,171
426,32,232,371
269,49,152,183
391,460,501,219
269,439,148,160
152,245,496,155
481,248,409,145
96,325,489,98
506,55,251,371
470,35,177,108
95,155,256,398
328,51,254,167
60,508,461,207
454,506,266,46
297,508,178,246
98,360,162,373
75,152,464,154
455,80,376,16
402,188,508,391
494,188,10,169
219,178,211,426
419,108,410,388
175,188,493,266
238,480,381,248
439,391,193,108
281,490,102,298
63,78,464,169
431,461,80,199
60,8,37,354
469,361,194,210
156,188,489,236
194,335,506,133
254,99,108,151
316,111,63,328
373,238,281,218
450,160,425,211
491,115,508,111
60,441,359,269
359,477,265,417
417,210,26,17
286,254,457,359
255,508,13,395
474,387,491,179
210,149,268,209
114,210,344,3
408,207,272,210
92,53,120,34
127,81,256,211
274,424,381,311
346,151,461,126
196,228,27,107
469,397,175,35
104,276,379,261
463,333,411,210
324,282,95,426
395,274,374,127
276,16,395,480
151,417,356,460
219,274,149,269
100,426,134,395
408,508,383,461
474,439,248,346
66,208,232,83
237,426,109,193
405,158,174,502
135,485,429,47
396,185,294,338
27,245,210,166
480,381,158,391
406,60,385,207
210,463,238,273
479,377,250,123
48,302,251,53
115,152,169,58
104,12,151,508
8,113,152,169
508,245,171,342
56,152,476,325
184,34,141,426
508,32,280,408
234,310,98,159
377,34,302,163
22,337,210,208
308,117,389,406
188,127,232,73
457,184,297,36
300,359,408,455
214,232,491,429
273,195,215,92
119,21,395,34
60,450,425,179
415,494,102,49
470,190,402,170
489,198,89,424
395,60,218,144
398,6,256,431
405,311,332,98
155,188,328,417
160,273,73,457
132,287,367,151
444,370,357,316
508,169,121,253
27,151,276,289
212,90,113,32
221,195,508,325
252,494,373,467
144,152,504,303
219,237,56,470
155,210,480,168
60,3,359,211
291,5,414,90
129,480,371,428
140,506,179,508
210,485,219,151
403,323,23,179
210,281,126,10
422,244,322,126
198,395,477,457
276,491,501,206
156,508,104,115
355,288,222,113
302,152,395,51
503,502,87,221
334,273,77,232
154,204,395,480
478,149,175,311
146,508,8,348
424,373,349,474
508,194,195,407
194,152,373,214
449,10,219,192
96,188,8,213
75,4,311,104
42,210,125,434
211,448,232,98
287,259,361,458
508,130,408,42
131,188,333,454
136,490,152,395
83,126,42,333
334,508,435,151
255,62,480,325
311,273,126,276
224,399,298,348
90,508,217,143
154,25,209,384
383,17,98,302
281,151,148,408
245,71,216,419
19,210,194,395
207,183,442,309
374,376,452,35
316,114,198,377
112,286,281,251
317,186,508,244
184,302,220,159
209,444,376,415
56,238,359,165
152,174,143,315
217,210,457,322
480,372,14,53
328,395,14,112
440,439,209,311
236,186,256,156
139,373,127,506
170,482,210,326
159,113,325,251
95,318,85,194
274,370,179,168
148,159,205,210
302,133,128,211
346,189,101,383
311,288,312,508
396,336,457,101
374,471,127,317
303,152,29,460
288,70,304,66
265,190,508,188
426,193,361,26
312,422,414,145
26,508,3,109
15,497,210,45
281,61,314,246
197,29,219,164
27,129,261,120
399,125,508,371
9,111,342,207
504,77,322,457
251,152,503,234
508,222,41,420
194,62,221,151
60,76,170,199
210,262,248,193
148,209,508,243
190,192,304,313
90,232,217,18
309,428,500,115
257,151,429,144
152,471,442,209
333,211,125,367
151,435,502,207
493,371,471,302
4,373,367,185
395,120,323,283
373,193,268,106
18,251,333,152
36,171,249,489
276,339,132,508
311,3,273,503
152,201,94,371
492,100,281,478
127,276,206,508
23,418,127,281
311,466,312,219
290,508,20,500
152,29,174,138
417,151,147,276
386,350,416,53
361,98,218,276
34,482,213,93
111,238,379,468
56,59,491,240
504,193,318,413
154,159,152,48
144,191,186,26
152,395,128,269
115,477,246,401
84,390,3,53
287,318,281,0
417,144,276,211
14,47,226,281
508,371,194,439
387,266,460,229
126,508,493,71
376,441,131,289
262,269,371,471
57,381,276,395
140,42,101,151
128,102,439,17
504,152,508,268
415,508,276,42
293,138,442,115
426,311,303,219
508,401,408,318
367,202,504,328
466,315,508,435
373,56,347,23
175,27,359,94
89,129,499,84
457,276,28,180
359,397,208,42
104,21,387,14
152,168,449,399
254,403,316,98
156,183,508,371
210,254,194,311
508,77,448,17
508,293,489,348
436,171,502,275
198,188,330,447
172,80,22,159
98,209,276,286
143,502,498,152
395,273,446,210
281,148,193,254
210,62,339,206
331,508,371,152
381,376,354,221
460,447,246,118
210,478,418,64
415,352,491,470
193,167,406,152
335,177,391,300
81,219,184,12
404,316,42,508
228,55,42,59
380,341,152,373
316,358,211,195
3,248,428,496
439,56,55,377
26,201,452,192
468,115,249,151
374,158,397,29
470,41,36,304
276,347,122,210
42,57,180,79
234,191,508,198
172,101,470,199
8,398,399,29
332,73,113,381
372,486,304,231
310,180,458,438
251,196,491,13
211,385,322,350
477,311,426,348
202,508,254,179
290,87,492,219
377,113,218,145
28,210,269,17
362,63,377,111
203,457,208,225
351,151,164,131
174,464,309,491
179,446,166,185
297,357,311,183
309,101,498,109
205,245,209,497
502,240,338,126
312,73,159,328
148,128,432,450
508,309,272,98
78,210,394,468
439,269,325,42
334,13,250,188
273,54,188,99
98,508,35,299
352,211,209,78
342,246,388,109
374,113,316,417
302,2,174,83
144,478,255,76
467,83,383,457
323,151,192,342
41,200,389,187
352,395,199,251
395,325,357,480
344,294,504,236
152,81,254,193
374,254,381,53
188,379,105,34
164,34,256,342
251,94,34,143
98,254,201,0
140,32,174,50
457,277,109,254
313,445,113,508
127,392,151,359
56,135,211,417
179,322,156,55
252,148,448,302
210,403,27,508
506,316,210,445
499,434,281,153
285,192,193,466
194,30,251,213
460,224,346,78
332,109,324,152
466,329,290,152
239,318,158,376
113,403,41,78
151,468,283,228
334,189,326,209
114,508,157,26
266,385,272,299
379,358,157,381
508,89,458,94
248,242,391,232
260,222,230,431
427,493,246,125
210,145,381,101
417,374,211,92
100,471,462,179
282,260,254,45
330,378,169,461
152,41,246,119
424,346,185,188
373,273,152,246
60,206,237,9
398,360,184,508
101,506,329,435
482,104,359,124
29,242,490,266
494,311,210,457
324,378,381,60
359,476,408,111
25,395,332,233
256,211,468,21
302,276,457,224
263,155,489,2
417,188,236,276
395,454,508,103
369,422,333,204
246,254,396,240
427,302,82,489
152,308,466,218
251,256,94,194
349,476,140,357
359,334,337,273
391,22,236,456
398,302,90,325
418,47,395,282
61,249,468,254
281,210,466,442
151,194,490,275
160,131,179,395
211,177,254,288
439,413,463,469
508,435,183,457
395,210,457,178
152,79,190,345
457,113,17,325
127,508,418,335
211,399,34,194
8,395,502,66
286,269,283,391
86,489,352,391
348,162,286,231
152,210,127,395
283,426,111,193
226,276,508,374
144,194,502,210
152,40,378,130
221,308,508,455
398,113,508,339
400,494,244,212
391,263,484,191
91,190,491,268
312,508,370,108
348,236,232,113
246,125,236,193
508,8,169,333
447,386,47,109
157,61,441,389
159,219,246,115
410,494,395,34
218,151,412,83
329,154,482,126
332,193,154,432
30,359,229,194
109,508,430,370
439,245,64,210
503,487,360,346
423,136,228,210
351,168,377,246
236,34,55,425
242,458,270,23
35,417,445,199
226,457,193,3
395,508,439,417
105,251,157,456
291,491,210,34
408,106,326,508
110,508,466,395
309,254,94,211
217,349,3,65
418,447,226,98
158,504,398,49
508,230,175,112
254,114,152,334
10,224,170,502
413,356,312,467
193,282,312,344
152,462,70,191
219,318,374,432
3,238,23,463
344,36,100,281
468,469,303,188
472,311,508,398
126,209,457,120
248,464,214,151
152,211,388,102
81,89,304,238
54,222,207,157
57,137,97,447
244,498,14,367
34,92,389,193
408,381,358,239
316,395,61,113
495,207,211,356
480,162,160,407
430,381,152,235
408,272,214,236
26,136,8,145
102,502,482,342
373,463,341,283
478,210,317,148
83,151,124,21
