245,322,298,237,345,139,377,374,361,366,86,337,354,196,458,126,92
148,444,157,247,5,350,266,395,330,63,108,231,209,267,102,413,163
181,388,125,300,448,128,51,364,35,157,472,169,426,142,75,425,151
396,112,152,223,135,70,64,430,444,55,236,76,105,399,243,253,366
307,100,92,431,184,476,333,373,137,367,105,417,380,25,296,174,414
410,356,383,472,409,342,237,476,174,417,211,19,179,485,300,309,110
233,430,76,481,161,169,110,366,363,298,56,85,138,292,431,373,245
177,53,95,443,61,245,124,373,54,456,110,134,43,298,402,357,293
454,402,84,425,485,462,435,248,189,157,175,236,444,436,249,41,61
222,260,96,482,367,373,317,412,447,121,216,211,446,190,214,332,76
166,43,176,316,446,456,489,406,339,7,159,396,324,373,319,178,254
366,219,373,268,256,360,390,124,322,89,480,139,118,144,159,308,11
431,67,440,156,239,342,54,308,449,363,460,159,447,366,453,112,92
455,124,140,145,254,387,74,231,476,354,69,299,391,157,366,61,302
247,308,357,221,139,456,483,342,375,249,396,124,469,10,44,435,448
436,144,438,53,123,182,91,258,163,375,355,463,108,127,298,439,25
472,199,202,366,452,406,266,179,214,394,169,71,112,198,220,204,105
169,27,166,344,17,134,220,156,288,61,112,421,298,303,366,217,334
266,109,210,476,43,260,148,357,374,209,185,241,354,82,322,219,373
453,39,394,112,489,432,49,56,126,346,386,0,414,160,357,243,236
126,205,298,62,274,252,374,4,177,237,248,409,43,198,195,293,142
103,95,448,75,41,345,393,470,258,170,352,25,304,43,313,355,222
367,464,250,414,462,65,89,124,182,136,391,210,272,161,356,201,70
85,463,366,393,382,406,55,344,317,371,286,445,146,409,426,362,490
255,376,368,258,396,392,212,50,123,373,173,76,394,21,450,92,64
479,486,412,9,315,145,49,388,253,446,92,273,394,264,4,190,373
40,420,325,426,367,201,427,396,264,0,340,366,481,455,298,259,224
482,253,99,41,436,412,396,390,336,362,152,145,139,142,340,178,12
165,374,396,348,211,394,60,266,252,258,350,158,87,112,230,251,83
6,189,466,454,3,323,393,299,43,478,343,210,444,199,394,124,118
155,172,409,319,139,36,28,448,2,267,401,3,287,53,146,277,84
332,331,157,413,398,63,475,120,292,436,156,202,373,253,291,128,399
4,214,373,339,479,264,321,63,413,165,486,423,402,233,446,190,100
176,3,409,472,392,168,366,261,480,187,61,106,417,224,401,440,137
221,273,373,309,408,479,64,367,216,291,30,76,31,340,469,66,80
467,250,336,185,99,113,298,174,124,482,242,453,223,372,452,54,431
87,183,159,233,467,289,222,433,210,31,381,251,214,452,486,484,160
189,41,402,400,53,266,383,396,250,261,32,393,490,201,342,158,214
245,23,388,292,169,424,159,246,378,214,175,204,234,431,296,368,472
294,366,484,267,412,260,336,341,107,469,62,159,140,214,130,188,381
139,368,186,200,59,124,453,53,191,480,366,266,367,25,264,263,155
336,265,255,481,366,174,264,260,472,124,94,453,272,3,240,352,160
114,356,275,31,235,212,403,260,99,417,300,107,70,213,267,430,408
42,394,58,212,84,461,476,308,261,418,115,478,116,166,384,131,59
214,292,418,176,482,386,134,276,366,282,181,218,456,344,308,7,337
158,489,16,287,119,170,62,385,379,159,228,391,483,204,250,51,246
264,92,352,278,112,79,202,258,336,335,17,161,401,185,412,121,389
187,439,161,364,339,134,265,294,367,172,91,309,109,274,298,195,331
53,447,431,445,393,367,78,49,483,421,72,64,48,366,285,413,137
409,139,270,371,324,475,70,286,346,292,187,82,319,386,450,76,413
54,201,49,256,9,110,246,296,294,245,388,255,225,211,409,230,273
76,350,184,374,267,223,402,75,424,233,366,264,348,89,380,464,41
379,83,199,373,81,23,247,29,32,334,289,260,109,110,91,348,461
436,50,105,289,412,264,102,117,31,234,40,359,33,373,465,428,67
430,266,215,412,393,70,6,169,3,381,460,392,191,336,41,137,31
451,412,450,0,271,234,309,344,221,472,245,278,81,366,260,461,445
388,99,411,214,359,341,436,413,242,488,184,190,420,177,172,195,234
169,40,67,257,66,459,386,367,275,440,373,218,426,445,336,359,374
196,453,237,231,135,370,320,308,70,390,42,267,463,187,427,139,214
169,124,164,381,334,405,440,209,366,202,485,21,352,300,207,215,463
226,359,360,378,374,1,477,383,132,2,473,286,20,334,5,279,139
140,411,332,241,338,481,489,5,263,169,374,89,64,14,20,159,245
157,43,42,41,214,257,70,394,452,199,298,245,426,34,259,482,170
102,245,145,308,264,31,334,85,298,125,187,2,202,170,413,171,76
112,331,118,436,20,69,324,253,450,161,130,137,373,459,402,220,366
28,422,31,69,462,218,378,61,409,266,452,41,402,385,166,361,373
362,200,476,302,337,324,394,472,62,120,72,31,142,180,9,353,134
256,320,142,215,220,69,407,366,115,300,459,49,132,236,190,128,478
59,15,463,12,265,144,334,181,392,81,326,368,398,373,151,404,133
425,336,232,357,393,469,266,418,89,430,271,85,24,394,247,421,360
374,246,367,444,260,266,377,301,30,442,454,439,363,353,69,364,230
275,229,391,286,133,139,345,336,399,259,21,266,129,292,374,273,45
338,443,255,475,428,462,203,44,481,154,121,369,376,205,413,43,388
20,41,81,268,116,437,472,106,406,294,359,123,92,32,424,293,373
367,162,346,138,219,442,117,6,431,188,36,336,331,359,396,344,144
35,64,31,135,284,56,272,16,201,84,138,382,222,5,245,192,339
155,211,366,239,13,413,209,409,56,249,210,20,49,390,175,332,277
375,286,129,366,181,391,189,245,0,61,373,214,484,196,190,31,112
204,332,130,43,205,260,13,60,234,76,81,404,446,453,377,329,486
28,2,431,185,413,373,211,421,104,427,313,394,335,266,419,439,456
32,340,49,182,278,273,431,228,266,173,405,211,199,309,433,134,0
373,108,285,261,89,203,125,212,340,272,175,124,166,352,341,431,9
157,431,148,421,352,193,114,436,440,174,70,469,448,272,300,354,279
49,295,216,90,27,366,203,316,350,282,238,281,336,86,378,48,431
80,233,299,276,319,468,408,347,1,244,350,20,482,292,338,413,220
214,206,342,346,376,393,286,222,37,366,204,219,433,164,482,471,31
70,131,373,371,489,444,436,44,431,122,367,71,84,317,46,324,89
471,190,144,201,490,278,31,61,69,254,101,63,214,397,477,226,438
444,472,398,187,43,126,112,372,458,51,413,97,447,196,59,286,223
235,190,431,138,397,72,373,412,489,460,394,324,453,219,1,14,270
422,362,388,214,393,366,196,0,299,383,326,133,240,484,198,158,425
363,429,238,77,395,438,156,443,388,346,198,56,382,484,348,464,117
165,298,32,382,428,406,217,417,136,324,277,53,143,238,202,398,163
267,332,215,4,296,211,431,367,394,376,46,149,25,64,162,373,350
55,432,175,341,156,463,11,381,22,162,31,436,452,373,185,134,41
41,373,175,202,336,409,431,176,378,410,447,159,479,323,357,98,390
359,175,304,155,465,183,156,89,12,453,207,406,160,233,278,373,447
234,140,366,241,237,256,431,244,453,294,16,185,326,438,171,236,5
476,179,205,198,393,295,426,48,281,406,428,352,374,411,40,175,396
7,212,406,230,174,89,469,382,315,159,263,31,64,178,342,479,409
453,147,462,161,413,366,251,447,31,183,196,201,266,448,452,370,260
430,356,56,374,4,366,355,393,281,204,299,141,63,222,178,210,87
484,373,264,184,150,445,110,98,346,357,70,138,132,446,453,256,235
388,412,252,128,144,103,209,334,247,178,243,31,196,340,245,479,69
119,426,354,396,70,236,183,335,421,394,176,381,292,272,185,106,377
456,445,223,393,76,373,476,233,36,184,9,55,355,144,118,214,110
336,245,308,350,282,139,288,390,352,346,334,322,198,148,244,374,2
299,224,399,120,63,260,447,168,281,401,66,45,373,469,115,4,53
5,56,4,9,472,381,31,18,467,226,402,354,367,476,105,366,139
49,56,289,50,319,190,395,394,336,198,486,257,311,227,298,260,189
267,273,118,237,7,366,59,338,309,246,198,233,319,115,390,240,137
164,453,388,279,322,433,169,382,117,218,0,264,187,394,190,159,56
191,91,393,346,342,137,215,352,118,142,289,1,120,388,368,485,401
11,211,300,13,260,399,151,436,20,461,333,375,56,69,124,279,431
267,164,255,198,223,355,169,275,336,58,348,374,155,199,305,99,208
171,151,426,42,206,221,251,197,252,352,464,31,140,72,176,212,400
396,256,103,64,325,196,190,222,263,204,449,266,36,202,182,59,394
431,298,484,82,190,420,145,8,313,41,70,366,77,121,461,266,373
177,120,173,284,373,463,77,97,336,338,408,430,382,139,107,453,398
0,402,199,49,215,81,148,296,156,45,413,430,453,124,178,362,322
6,373,377,48,218,56,61,231,68,194,381,62,361,31,365,55,264
79,1,223,66,189,160,368,266,286,422,406,431,387,425,121,481,435
427,99,41,12,439,31,401,436,373,61,231,70,209,195,112,378,176
46,27,253,366,146,355,254,5,394,313,476,371,216,181,176,49,57
266,373,214,265,147,453,204,346,390,50,405,436,413,242,326,152,268
233,14,119,308,394,31,242,247,462,332,79,401,366,220,174,169,289
144,396,169,478,261,117,268,453,281,457,266,264,465,32,470,333,2
18,157,122,472,482,338,286,164,271,1,107,43,447,64,411,268,245
309,120,436,203,346,431,135,372,485,409,87,31,308,24,92,285,331
151,169,438,308,268,394,99,297,261,328,110,160,440,61,465,266,386
140,366,409,428,426,258,300,239,263,351,142,299,260,468,61,288,222
393,180,216,444,201,268,208,413,453,366,456,20,436,31,388,352,326
261,176,403,13,313,382,5,102,407,431,305,170,371,300,135,112,413
420,161,394,232,319,359,352,42,97,438,366,40,249,425,188,239,67
450,305,320,366,41,266,377,357,70,137,395,62,28,438,99,144,204
297,431,455,111,76,453,201,91,144,336,421,28,318,140,214,366,416
471,319,480,375,219,244,299,481,466,330,292,370,390,231,297,98,344
64,63,19,169,404,214,278,424,311,370,398,218,40,337,191,380,319
197,138,63,422,233,361,332,472,373,286,43,206,401,54,185,32,67
308,298,456,465,488,304,242,43,175,254,128,303,83,114,282,62,373
304,373,31,404,136,217,432,188,266,303,245,137,246,226,376,261,197
471,138,266,369,119,198,79,364,165,128,436,414,53,250,188,308,298
264,260,141,45,300,103,273,226,460,374,15,334,413,210,131,105,185
367,84,271,453,66,45,31,359,292,64,300,305,480,336,276,335,355
346,267,95,187,418,83,134,32,264,155,0,12,294,22,332,156,337
323,386,275,246,98,175,398,388,374,157,320,453,61,65,373,12,455
22,434,72,226,56,336,204,257,436,244,298,199,300,406,366,143,407
135,31,471,460,179,334,373,430,106,412,143,401,4,142,221,272,332
40,147,178,13,469,402,309,474,334,407,380,399,32,337,99,171,187
57,201,258,62,39,341,245,176,436,297,54,329,280,88,166,76,171
264,372,434,54,58,370,426,266,440,297,362,251,349,286,207,81,32
476,413,350,278,43,54,432,426,393,265,429,137,200,372,431,359,96
348,483,40,485,245,240,319,426,333,81,17,258,448,31,286,351,410
489,311,452,234,232,438,224,42,352,168,323,364,453,89,202,277,346
481,442,159,133,66,251,1,340,336,416,452,461,215,244,436,23,112
49,272,121,464,188,41,5,410,350,303,391,92,439,308,221,56,443
139,212,160,176,25,12,162,336,463,433,418,29,130,205,324,266,286
21,255,50,214,245,261,425,144,142,373,344,66,294,370,472,41,323
298,63,245,374,431,244,308,323,140,327,202,206,68,260,393,222,90
313,409,101,45,366,395,124,280,204,439,133,335,435,5,431,273,283
434,373,482,198,169,264,333,441,269,15,67,57,68,336,431,103,266
210,81,464,57,70,137,453,200,319,465,375,64,17,139,485,14,348
456,230,190,292,465,180,310,352,81,468,396,398,394,146,329,243,203
408,89,280,247,433,181,272,366,219,395,411,479,78,315,41,352,490
49,431,319,366,476,134,297,144,241,304,305,361,286,408,233,84,362
342,326,184,229,461,364,325,320,294,431,421,246,373,405,486,32,25
407,366,222,478,374,250,198,267,362,33,289,382,315,9,128,202,426
298,368,324,366,260,245,239,129,373,197,41,274,406,2,58,157,268
173,76,267,291,298,211,368,227,452,144,189,426,60,64,4,431,442
431,253,199,102,374,440,451,485,334,254,314,139,32,107,189,289,344
312,177,29,246,64,365,404,31,362,10,234,406,178,169,408,388,402
175,218,395,406,480,169,177,51,307,366,127,434,462,439,315,188,120
317,479,279,373,340,374,196,144,366,139,334,226,442,483,71,12,208
405,64,114,393,297,146,105,15,446,338,217,300,155,401,159,139,174
0,256,286,418,383,369,465,132,375,68,374,169,431,298,101,28,396
197,221,6,139,219,386,316,214,452,239,150,294,426,368,301,142,433
223,75,23,127,472,366,144,276,488,165,429,159,99,323,395,267,83
45,305,205,70,40,132,336,175,396,391,49,377,453,209,114,295,134
481,404,478,6,162,0,336,196,82,292,70,53,34,76,124,139,460
153,304,485,298,336,31,190,394,471,354,238,178,374,366,156,209,81
346,324,180,204,156,70,238,142,121,391,160,329,237,382,351,20,40
384,394,84,187,124,336,397,141,23,217,41,352,488,45,441,274,9
334,438,481,105,196,445,448,405,359,260,210,169,250,83,294,320,407
283,268,333,373,339,360,362,149,300,411,430,382,363,284,344,404,323
226,181,286,294,298,102,57,334,17,49,342,135,31,189,335,400,50
76,437,31,336,49,89,204,373,238,360,214,119,278,139,251,453,489
30,440,105,490,426,186,196,344,392,460,325,330,456,234,45,58,226
342,479,291,148,381,340,169,336,110,451,18,373,218,161,14,144,319
366,314,204,5,31,211,121,378,409,56,404,438,340,161,454,187,179
304,17,238,19,481,99,345,402,70,369,221,367,139,320,132,354,256
377,18,235,453,454,195,245,52,139,200,85,404,352,214,421,93,4
183,99,465,406,142,40,285,468,245,110,315,153,202,366,222,270,399
186,116,223,7,472,315,388,92,303,160,165,324,191,239,366,430,49
405,281,142,266,43,414,412,110,150,402,368,61,221,9,436,372,139
358,400,346,260,241,366,14,265,384,184,181,310,175,222,373,221,336
400,88,373,363,145,443,250,393,18,362,471,329,191,112,371,423,267
326,439,150,168,292,42,454,101,480,402,214,88,48,336,453,31,92
239,89,157,315,459,138,182,382,135,433,453,355,322,214,320,195,247
118,245,416,452,323,128,151,238,120,242,191,483,348,202,215,368,47
431,353,309,160,64,373,11,366,245,211,436,394,488,242,131,471,189
233,396,264,374,14,57,336,443,127,41,90,257,76,177,322,174,485
245,480,351,186,390,211,77,246,459,327,0,471,428,268,188,204,318
92,297,426,353,80,198,212,41,35,431,405,116,223,237,269,70,190
31,169,187,84,259,239,316,71,105,121,49,315,279,111,198,51,302
254,148,428,13,373,336,341,300,372,161,113,215,9,7,153,355,489
254,245,289,144,57,31,438,399,106,202,46,125,198,404,242,388,269
32,122,92,272,297,373,388,95,209,146,239,473,298,317,252,126,41
476,152,68,83,176,291,21,294,489,223,51,264,138,366,3,362,30
120,107,375,160,142,31,322,133,162,240,255,414,382,383,140,440,401
94,393,431,276,246,92,370,29,250,149,68,436,285,323,368,387,422
319,416,475,462,18,256,455,46,331,124,366,465,364,332,363,43,71
65,409,149,199,279,192,478,120,144,31,107,187,366,403,214,446,332
140,479,51,455,70,409,300,374,472,239,252,397,267,214,97,388,231
205,281,373,246,145,157,393,334,190,27,188,444,61,489,454,172,397
334,436,393,390,241,366,477,374,161,479,315,295,322,357,482,12,220
36,402,231,190,285,453,393,58,310,473,195,9,228,366,240,334,266
204,298,32,156,214,85,464,435,317,31,146,91,89,412,161,421,284
373,48,325,324,455,334,442,360,489,174,469,45,12,390,173,413,368
298,324,340,305,478,398,368,81,443,239,416,237,355,304,319,426,141
198,472,340,53,357,180,54,83,445,131,373,128,483,366,41,430,170
313,367,222,272,294,299,366,81,478,21,298,136,413,247,226,462,431
115,2,423,31,455,370,203,239,21,189,175,49,139,112,394,289,164
382,2,139,413,237,271,300,99,145,455,323,77,67,444,137,366,10
49,286,145,296,146,195,308,374,233,73,256,299,322,469,376,41,123
245,58,56,128,476,292,430,264,202,167,300,129,467,92,244,239,433
258,342,448,160,70,132,207,98,137,346,31,1,135,157,119,214,373
49,373,323,395,139,359,298,284,1,400,39,112,474,134,318,8,175
382,450,321,403,45,75,364,464,288,14,453,405,175,300,131,367,319
372,438,366,426,429,489,362,472,146,4,95,256,128,292,400,8,63
299,453,350,128,274,267,244,327,139,11,85,245,142,77,178,417,460
475,209,226,395,363,426,292,148,416,239,309,451,313,455,486,119,134
453,117,102,124,188,305,169,409,31,374,436,300,186,95,337,139,219
474,42,164,103,221,272,72,149,283,447,8,407,373,7,426,34,245
173,204,429,49,431,439,344,12,483,17,281,190,243,421,413,237,441
39,266,298,324,24,81,21,14,50,129,234,222,245,25,46,31,457
184,373,245,479,304,204,336,471,300,159,244,273,353,237,96,425,448
342,54,337,455,286,47,429,372,483,215,431,73,374,460,373,113,272
124,425,463,388,454,227,394,260,163,373,144,299,187,328,1,288,412
233,409,261,17,0,455,373,37,31,50,425,53,161,214,369,150,429
145,253,323,62,100,106,420,95,267,183,401,272,452,23,286,352,162
190,253,130,204,21,344,458,292,320,144,49,381,282,13,191,224,398
179,112,266,180,76,300,127,124,162,31,242,176,212,178,431,292,254
116,463,35,43,9,31,215,226,175,479,6,336,298,320,209,486,362
297,366,219,294,338,145,49,355,43,155,373,31,74,48,246,348,150
172,232,61,341,85,326,402,448,462,489,348,480,323,65,57,186,337
393,374,1,486,298,339,278,49,322,300,173,194,461,301,395,27,336
305,31,382,355,271,173,17,427,406,256,292,114,404,196,350,366,155
54,355,9,429,112,363,334,25,366,120,41,472,211,166,70,430,101
144,437,320,49,337,431,103,366,27,149,461,298,206,45,4,325,169
292,428,148,383,483,485,248,3,467,264,89,247,21,344,367,97,62
142,116,20,13,467,366,371,448,179,7,323,239,336,180,409,468,260
198,14,366,340,489,438,350,211,373,396,315,361,72,31,431,368,464
12,221,465,440,365,249,304,300,349,145,386,431,486,315,160,396,28
183,298,450,322,135,453,346,400,221,224,247,383,260,21,142,57,472
188,396,424,45,84,49,190,404,364,219,223,43,483,286,469,267,490
453,431,51,412,201,214,305,278,396,71,110,366,176,254,243,65,376
57,84,50,299,371,214,195,453,337,428,319,394,99,383,246,155,198
64,152,463,303,260,469,261,99,133,31,201,234,482,286,57,402,116
133,196,254,117,482,363,67,159,191,417,411,424,203,146,453,373,413
265,472,39,81,257,334,3,64,353,181,300,394,138,408,280,158,471
366,370,60,356,169,214,41,336,157,479,293,142,176,21,391,116,420
257,51,23,198,344,462,396,286,67,57,468,61,381,164,188,460,43
325,46,410,463,82,283,232,259,471,195,190,137,366,162,453,352,412
366,371,447,398,174,464,462,472,373,266,267,481,135,203,230,17,88
159,271,249,373,369,380,85,173,417,292,41,171,394,469,408,10,458
372,373,150,387,370,328,484,228,436,77,246,333,362,163,139,160,439
169,249,290,350,396,417,278,226,400,259,480,69,121,432,176,355,65
366,25,426,169,119,33,184,157,224,386,118,196,401,439,422,90,215
177,418,308,258,175,218,267,89,65,366,481,253,280,142,169,49,297
139,472,476,90,260,255,169,453,128,125,151,442,259,390,211,455,416
387,242,429,196,436,322,467,4,307,61,202,453,21,416,388,101,479
306,353,282,385,184,421,183,302,170,455,449,479,231,150,3,138,463
414,263,367,393,432,57,173,267,266,5,292,192,67,398,155,243,142
456,32,232,144,298,436,139,327,475,79,89,383,433,35,17,227,398
138,331,431,226,413,489,51,202,245,175,484,139,32,453,184,374,186
453,214,187,163,366,476,338,393,264,233,370,25,260,336,94,59,450
210,166,185,204,394,366,380,112,120,135,176,53,200,67,66,76,190
31,289,70,201,179,202,464,21,336,299,238,437,266,61,189,286,274
469,72,393,44,32,305,348,312,124,241,254,365,2,63,6,181,332
245,474,298,232,118,29,436,175,255,357,218,390,322,56,194,305,70
233,397,188,90,64,20,292,76,426,364,264,366,273,5,243,57,189
390,245,56,298,374,75,39,489,367,182,321,371,49,50,349,355,102
142,284,175,394,187,198,483,189,63,181,408,472,4,304,105,261,488
268,405,363,211,85,244,23,336,374,280,483,341,6,214,108,131,305
4,11,304,359,117,346,139,170,209,189,396,84,146,383,66,134,167
342,390,301,247,40,24,62,196,319,480,231,461,374,228,83,373,193
239,430,484,431,155,433,58,218,167,382,394,374,461,198,221,315,246
49,490,366,421,9,164,433,368,401,122,12,299,204,271,245,488,279
479,443,412,266,31,198,178,364,0,169,363,40,340,204,463,17,220
282,9,336,237,334,196,362,218,439,35,135,286,436,31,474,199,338
169,89,416,214,314,247,373,287,153,472,422,105,278,366,460,101,176
49,362,223,226,368,422,366,228,430,88,89,230,244,484,105,188,268
188,139,14,292,367,413,204,184,446,334,13,475,272,348,376,391,330
451,30,77,223,124,92,236,361,18,74,81,385,189,377,453,387,245
417,176,243,159,49,294,114,436,73,398,413,344,292,219,211,218,189
244,3,50,127,286,409,483,31,131,169,354,258,455,362,321,300,140
422,457,218,128,280,209,394,264,353,344,49,156,374,230,191,297,417
394,59,366,297,342,440,94,300,174,277,332,157,198,103,344,28,222
271,168,483,245,239,198,312,431,472,79,267,214,128,32,398,430,454
376,422,50,19,264,288,115,70,375,274,169,261,239,431,112,23,259
474,479,214,310,268,400,79,198,440,121,368,199,438,387,183,378,461
388,137,61,134,76,18,366,368,393,157,382,431,340,126,3,162,239
466,272,197,323,222,350,453,270,363,373,294,292,174,465,49,64,490
269,127,45,43,364,490,70,31,403,300,23,116,460,50,323,16,232
483,253,211,453,346,164,465,274,368,314,2,124,318,336,196,198,31
187,364,373,171,188,149,294,79,312,436,472,174,418,426,83,408,329
308,67,388,43,251,211,184,264,444,199,31,478,136,253,378,70,256
156,264,271,126,234,87,463,289,446,324,245,238,244,456,485,202,247
400,373,84,298,127,204,336,417,413,140,69,429,482,430,112,447,377
82,391,386,261,390,198,51,439,418,298,216,407,373,238,181,484,31
489,409,195,301,441,117,355,79,134,32,486,177,333,289,244,231,439
346,24,329,361,336,81,472,219,440,436,61,110,175,341,204,23,299
169,223,134,201,167,366,273,436,11,356,396,8,20,4,100,374,467
95,373,43,407,355,488,53,409,128,32,400,348,410,294,450,473,483
378,436,247,163,384,147,232,453,366,364,16,261,39,146,92,321,292
300,1,377,366,421,70,43,423,131,90,89,71,102,413,9,54,25
169,364,25,366,302,309,416,36,139,334,107,245,134,489,490,457,341
334,294,302,254,142,453,266,146,211,186,89,88,183,447,390,1,259
139,374,268,340,286,41,461,206,196,453,489,377,247,408,64,357,289
266,139,397,478,281,53,302,298,140,352,458,376,364,69,362,430,20
166,206,249,215,202,418,124,230,411,366,267,41,134,241,371,89,247
462,102,5,266,3,49,292,61,181,464,50,436,332,132,188,456,196
293,390,466,215,176,216,134,274,35,268,278,340,21,431,164,373,181
51,59,76,366,245,346,447,415,42,110,218,368,181,371,312,210,95
434,483,21,210,264,91,463,175,309,221,320,311,366,112,228,373,250
222,478,136,138,216,453,211,150,443,344,257,18,239,298,5,336,166
247,429,377,433,114,65,298,237,428,175,142,162,356,362,168,394,294
290,121,204,431,27,36,165,226,328,150,148,453,173,49,477,287,89
78,431,92,64,88,140,300,23,149,251,271,5,199,194,370,378,284
282,475,132,472,267,463,449,11,155,330,59,367,142,64,346,10,163
211,45,180,177,237,274,435,352,463,353,436,300,482,338,431,137,190
42,234,481,168,366,398,81,286,304,218,210,319,159,230,209,322,439
292,228,421,61,156,333,5,409,276,382,361,198,373,395,412,298,187
294,214,59,43,273,198,215,393,237,460,144,21,120,479,485,100,438
99,381,43,413,21,201,344,340,474,287,447,180,57,231,392,124,204
356,31,452,355,61,422,68,42,354,84,14,406,342,366,187,353,212
460,223,14,453,146,62,186,436,324,476,105,322,42,397,89,68,204
454,64,139,449,209,245,371,381,307,303,350,110,214,257,366,141,247
404,286,395,65,295,190,218,366,485,2,110,224,439,28,259,341,472
89,79,28,319,462,368,341,238,245,273,192,374,370,366,142,2,453
10,380,413,242,307,14,337,463,147,71,324,436,274,142,378,479,288
143,134,268,139,373,469,385,432,98,248,436,16,250,31,413,454,374
81,449,388,342,32,266,463,76,408,134,481,242,387,156,368,453,35
472,393,416,21,251,348,162,277,308,76,255,388,28,118,224,294,396
207,438,336,482,394,386,4,107,373,54,298,281,115,405,480,266,70
373,448,398,393,42,117,232,336,246,340,281,166,142,112,105,482,411
218,354,81,164,480,447,431,279,50,370,203,453,366,27,413,434,378
431,195,226,30,166,444,244,205,481,267,189,409,99,142,381,147,4
149,459,362,284,31,473,344,236,238,169,366,221,267,102,299,212,336
444,136,263,261,350,36,42,430,144,60,469,123,134,485,209,344,284
366,312,61,453,413,378,399,397,210,398,200,466,352,353,12,187,145
404,155,221,367,64,139,177,59,357,160,341,285,369,362,18,218,238
202,433,200,178,69,144,12,205,367,149,463,244,427,483,442,49,134
453,178,367,41,454,190,158,366,416,243,62,142,463,274,303,252,246
476,471,478,113,217,189,218,237,315,488,92,40,149,426,267,6,354
214,440,257,20,471,379,402,9,241,45,367,418,408,118,119,252,319
232,179,219,447,74,442,178,25,373,247,477,390,151,413,76,68,269
298,6,366,445,220,225,340,188,367,236,139,471,121,51,110,382,59
373,34,294,369,381,175,72,204,134,43,17,259,28,49,469,139,227
422,258,369,121,119,298,63,424,35,308,48,345,467,469,114,145,92
292,64,373,31,431,350,298,86,15,122,1,411,397,324,388,434,229
60,211,88,453,267,100,81,463,49,485,450,412,28,233,393,339,334
476,99,317,201,3,451,138,227,242,182,457,373,402,479,297,148,366
105,10,483,326,431,322,214,215,286,336,224,440,320,177,190,282,366
45,190,304,408,169,376,139,387,396,224,197,355,478,245,111,366,336
65,70,336,266,420,253,359,398,431,373,323,2,260,457,236,105,308
282,39,323,452,110,395,406,149,58,112,431,245,50,184,388,148,116
340,120,371,319,298,322,261,237,431,460,43,103,468,148,467,463,246
288,32,68,414,303,445,266,97,9,103,118,123,159,13,256,273,210
447,374,124,214,430,236,317,231,255,245,78,431,239,340,31,49,18
0,370,461,342,42,54,107,187,322,176,110,198,350,118,87,21,455
426,196,241,483,48,381,233,368,245,286,284,165,293,430,20,474,342
334,134,346,45,188,89,409,362,11,44,200,398,112,275,308,276,455
373,355,253,442,135,215,383,446,232,320,162,1,209,316,110,433,311
428,268,162,304,174,157,374,53,322,124,185,325,87,261,220,128,340
124,218,129,188,461,82,484,240,467,353,452,393,333,354,425,410,246
31,207,440,373,394,455,275,196,388,128,218,50,30,143,473,298,138
96,400,242,336,76,320,319,465,452,239,378,430,256,110,355,302,453
187,469,444,388,172,436,336,376,374,355,197,2,386,169,489,323,438
431,464,57,398,274,468,281,84,156,4,148,142,261,302,455,336,214
203,399,308,65,168,128,175,464,342,247,250,320,441,17,348,202,325
305,256,177,388,49,357,237,415,197,164,470,463,431,214,84,218,92
448,161,372,390,256,234,396,245,177,94,483,413,103,371,159,380,21
371,410,187,389,244,335,436,400,165,196,249,338,169,232,339,463,211
40,69,390,65,247,114,368,199,62,177,60,124,402,215,33,308,442
246,98,266,448,64,120,67,466,377,402,366,410,135,211,346,334,430
59,160,235,294,42,107,11,211,467,473,214,255,274,289,116,95,399
406,24,334,178,49,124,484,341,111,196,126,298,9,84,242,204,394
188,228,314,186,215,468,478,293,166,218,109,164,146,433,336,187,452
368,20,5,460,269,366,489,156,299,19,308,402,147,438,440,70,355
215,178,322,247,9,479,195,426,137,474,70,431,165,214,455,203,408
256,245,27,13,396,280,39,360,477,366,257,362,8,119,359,204,233
174,214,164,264,134,128,245,70,48,36,190,373,479,378,201,121,395
266,297,388,260,169,46,139,371,275,52,367,116,15,334,339,34,114
157,412,266,439,139,366,18,453,31,304,142,300,479,117,39,195,442
66,338,232,438,291,428,434,190,95,377,453,81,412,21,250,41,152
6,393,469,31,79,448,300,289,153,481,222,204,346,8,374,292,95
67,187,44,490,230,148,64,324,422,363,185,300,467,105,144,466,374
244,240,228,142,5,471,461,462,227,411,315,474,365,317,348,434,189
424,81,355,257,31,336,146,165,330,145,246,100,42,135,394,41,237
141,110,319,214,26,36,156,121,334,61,175,90,433,386,267,416,211
292,409,323,309,464,75,269,467,462,122,366,377,478,119,69,105,370
409,66,95,413,266,210,28,383,373,275,247,310,357,181,393,112,120
177,479,247,298,344,293,224,305,49,70,63,142,485,169,428,214,198
238,486,86,452,353,237,245,488,84,31,139,135,49,453,145,266,345
157,396,317,366,301,294,209,151,224,195,175,390,362,59,330,241,271
231,332,27,227,73,31,406,378,386,274,482,344,143,334,247,67,426
257,416,222,20,110,75,31,457,436,303,0,454,307,169,157,240,207
366,85,155,472,56,167,298,130,411,98,110,335,108,346,393,431,112
336,232,447,377,146,366,101,99,421,203,409,444,49,44,169,200,242
88,196,433,139,367,172,123,244,354,32,3,458,189,267,483,304,45
331,472,222,285,31,112,122,155,95,454,82,18,460,232,177,374,89
332,425,366,155,288,307,299,393,353,303,271,436,373,363,298,89,54
109,202,357,214,323,299,373,174,103,336,438,259,212,63,464,386,313
303,408,410,23,336,20,204,450,57,396,274,373,245,380,229,481,252
279,70,469,366,486,177,252,14,157,46,8,475,352,282,256,95,460
80,290,427,315,415,307,14,453,333,400,222,169,96,267,79,246,157
298,398,322,214,268,215,138,394,367,189,426,424,420,169,42,258,247
139,388,13,160,311,315,187,485,219,88,336,353,74,417,263,376,456
153,434,196,134,62,17,267,142,92,373,404,322,220,292,190,121,139
86,367,320,150,168,312,65,169,161,324,136,307,366,157,202,260,207
85,488,331,364,486,388,231,439,228,458,63,37,446,373,156,28,105
214,394,189,430,396,2,238,121,84,376,67,129,324,375,18,21,264
160,479,373,360,90,186,114,443,407,346,61,224,420,108,148,219,433
385,214,215,476,366,5,213,448,164,344,39,83,368,110,232,190,30
97,190,5,90,337,366,219,35,52,443,40,356,168,150,183,242,139
366,394,31,476,434,139,105,96,364,233,355,471,49,159,449,396,91
244,418,241,266,307,31,469,268,75,410,315,276,148,409,433,443,373
303,148,11,56,1,370,247,445,0,20,382,286,344,48,267,203,394
483,242,409,278,362,480,164,302,149,21,45,142,373,315,79,255,299
412,369,207,168,25,299,105,169,433,203,210,269,3,445,366,431,480
175,101,169,374,462,391,300,188,447,397,251,403,366,143,457,127,67
447,197,462,324,243,398,223,61,260,85,175,76,49,31,460,171,198
477,200,71,366,388,386,212,393,218,294,374,373,209,271,334,307,309
331,209,409,366,184,50,169,51,476,483,340,425,129,298,77,201,216
22,275,125,226,60,169,471,310,318,130,164,176,185,286,214,402,366
214,371,455,209,264,31,385,177,4,446,374,415,202,266,90,88,382
231,204,396,134,335,388,366,44,205,334,244,179,113,267,234,373,401
211,15,453,208,196,231,25,368,419,321,393,246,202,320,409,385,447
103,258,41,16,254,453,140,302,133,354,165,403,132,245,139,185,330
298,214,483,81,476,242,446,210,58,398,11,130,301,312,153,471,100
222,224,385,467,179,445,354,373,176,319,150,63,388,433,175,209,142
247,74,425,230,170,56,89,92,460,69,447,77,9,211,245,429,49
132,222,157,183,220,435,463,266,476,365,134,76,366,434,79,282,344
156,195,211,70,251,467,214,6,216,282,394,374,366,207,117,221,483
355,334,162,169,378,462,266,42,211,346,153,214,380,431,434,57,134
252,352,214,476,144,439,130,133,268,255,4,196,361,316,412,226,469
152,476,406,295,326,325,160,432,382,357,475,88,322,292,227,426,58
382,366,298,56,466,190,367,226,440,405,67,368,229,394,272,130,346
437,488,366,173,400,353,139,190,120,103,9,249,102,461,196,76,110
252,322,82,142,213,224,453,61,366,79,471,306,294,37,380,139,41
431,14,177,49,229,202,349,442,342,222,262,438,46,43,196,6,169
454,23,105,489,245,146,267,433,247,256,163,144,250,386,332,6,486
357,392,259,367,395,398,348,322,353,394,374,483,166,116,168,324,28
289,41,223,369,32,188,323,236,426,271,234,122,50,31,83,244,257
471,90,13,64,281,373,62,135,211,232,454,190,139,464,71,366,341
67,475,29,245,18,174,261,204,456,448,5,367,32,139,216,159,481
247,294,251,393,237,239,451,228,354,32,392,345,314,257,391,157,190
448,372,40,28,436,453,54,196,246,214,396,412,178,489,393,145,465
359,388,488,135,366,226,246,132,239,325,422,176,259,142,32,322,190
382,219,273,401,297,175,277,67,196,266,31,428,377,201,462,394,226
309,31,85,44,382,21,325,448,447,32,456,271,193,366,299,396,103
291,263,177,418,142,394,54,158,261,243,191,248,178,300,282,57,146
315,402,220,170,451,7,436,223,342,327,304,5,211,337,286,292,110
133,245,218,417,334,268,231,159,202,190,354,56,213,298,322,367,283
462,472,254,316,315,387,333,360,373,44,475,76,119,364,0,155,11
394,469,465,156,211,157,327,447,266,49,88,383,438,268,65,186,398
375,438,349,245,56,373,380,66,465,70,32,430,215,407,219,323,262
190,298,461,341,366,388,396,418,292,134,368,386,353,266,245,115,32
231,456,159,453,182,340,323,43,214,391,275,363,203,137,367,387,429
361,126,402,289,173,170,144,231,346,165,134,331,118,80,429,211,367
473,220,128,121,8,190,12,189,124,299,379,403,137,72,409,27,472
191,298,21,114,328,256,283,56,338,233,353,342,370,238,284,448,246
333,404,119,398,281,453,233,315,400,444,28,472,464,152,417,301,159
49,400,415,334,135,453,362,413,142,214,439,159,350,288,373,131,255
373,450,219,11,410,29,337,143,88,442,196,87,459,434,277,401,211
371,118,49,31,204,121,236,40,4,214,286,466,190,409,442,112,109
447,396,361,366,334,11,124,433,462,348,422,162,306,169,488,453,273
185,136,138,456,98,76,184,0,300,32,44,122,446,366,340,192,235
31,280,61,50,366,114,319,362,214,14,400,336,293,429,127,323,436
228,59,436,262,155,374,171,190,286,247,71,447,40,477,32,20,139
192,163,31,430,128,209,64,488,245,220,366,65,148,275,180,268,199
14,75,134,489,469,226,36,490,97,96,46,215,69,354,277,101,352
472,36,214,64,106,120,394,62,447,473,40,319,445,209,354,460,292
299,462,410,112,214,168,186,413,219,24,215,31,257,334,144,272,285
33,431,249,334,299,476,373,425,369,56,36,96,198,374,71,212,237
319,338,339,266,205,91,408,19,313,402,208,53,483,31,386,472,139
35,253,188,305,267,434,222,394,271,190,366,431,361,324,462,319,255
177,239,228,315,425,486,153,337,139,70,352,373,413,223,409,376,191
263,252,307,367,431,298,146,168,105,371,65,445,465,292,204,425,388
377,297,64,85,102,338,245,43,461,269,206,266,331,374,97,334,392
256,57,108,413,302,219,189,321,215,74,195,320,366,293,470,144,98
135,209,20,31,198,215,90,463,379,394,49,86,431,183,219,105,444
140,431,436,368,337,432,366,445,443,226,148,356,144,413,276,62,7
316,49,381,155,96,374,354,268,252,266,453,203,62,71,342,187,294
346,367,35,401,67,76,32,423,426,112,300,184,433,129,264,169,490
386,269,231,203,363,99,21,36,238,373,334,124,362,451,298,266,474
453,359,116,286,246,310,35,55,344,411,256,126,406,291,265,255,308
14,368,446,266,335,128,413,31,322,490,342,478,267,323,253,181,233
25,258,373,465,388,243,461,9,196,239,204,266,285,41,64,288,252
169,32,332,436,253,156,114,245,119,489,298,366,267,482,64,62,57
431,346,50,479,31,9,355,345,63,359,314,142,202,387,218,125,159
77,64,312,201,31,195,23,481,264,21,204,190,118,437,294,160,102
405,366,105,165,169,268,297,19,374,63,241,31,438,134,313,155,252
283,348,184,357,368,81,155,173,217,300,253,260,3,310,304,51,322
214,421,105,166,426,393,371,367,91,119,479,285,127,243,318,340,209
60,417,481,366,472,42,299,79,196,400,453,405,353,438,187,225,20
373,297,489,152,232,445,140,367,64,44,288,462,456,161,124,175,444
343,436,373,62,439,398,238,486,335,314,247,387,41,300,49,219,25
303,31,170,20,62,12,336,431,176,198,25,137,394,366,116,49,5
300,377,203,72,256,220,81,233,398,255,127,99,178,335,195,298,373
476,448,175,453,239,460,189,420,470,228,484,373,188,336,392,57,77
72,472,174,308,302,264,67,144,485,3,317,342,36,357,29,373,442
121,368,336,155,346,20,290,171,359,211,71,251,385,107,65,45,430
474,247,378,454,468,199,128,346,266,276,201,227,340,2,179,481,86
266,245,253,300,69,144,427,430,149,34,374,391,334,121,448,98,260
43,455,252,396,398,377,200,330,37,239,416,160,126,114,380,298,105
153,373,132,325,400,438,40,204,133,79,322,265,230,115,114,43,334
334,228,281,250,366,100,253,304,391,350,408,273,337,109,70,401,40
236,181,95,31,50,244,449,396,304,267,300,224,316,173,221,40,0
464,17,100,103,81,224,383,362,346,174,40,429,373,460,247,273,352
44,436,322,118,139,228,40,367,198,2,46,49,428,465,434,307,246
49,161,156,12,409,402,44,411,387,303,43,28,124,334,255,438,90
467,96,246,62,335,6,241,86,114,385,374,336,245,222,369,436,397
57,298,79,475,394,140,43,144,160,241,222,112,481,376,405,256,220
49,139,235,374,362,281,289,255,317,485,46,191,453,245,297,198,439
114,36,74,159,137,209,406,87,413,454,231,322,125,438,398,1,431
121,218,136,377,380,245,288,373,431,12,465,169,286,295,215,221,388
418,90,196,474,327,362,412,49,162,296,143,219,218,323,419,364,221
394,88,367,431,462,173,98,478,135,12,155,289,121,42,270,113,14
366,214,374,266,40,363,402,49,369,86,362,3,401,41,261,353,155
399,247,152,71,462,400,138,392,358,240,31,446,287,264,289,453,402
265,465,71,413,271,436,99,452,223,79,394,160,89,429,119,28,81
348,205,77,388,142,204,76,367,5,406,452,488,308,396,162,292,355
462,277,5,11,256,334,402,99,331,167,412,211,150,151,20,171,117
397,467,200,362,41,440,226,132,370,426,1,158,231,142,354,204,449
219,134,94,366,453,340,430,354,291,423,209,409,464,218,191,304,352
431,348,214,346,160,142,215,176,222,246,250,247,32,31,113,308,422
408,392,363,169,224,155,121,460,402,184,39,188,474,365,309,366,331
151,252,356,478,111,436,426,446,444,366,364,64,82,443,429,427,451
340,272,247,374,142,426,438,294,391,435,242,453,14,107,125,404,338
479,250,397,296,74,169,1,362,291,17,31,190,168,402,46,137,151
472,105,300,178,131,388,20,381,160,9,464,29,431,51,271,317,394
334,342,41,267,186,215,149,307,237,246,172,483,90,205,241,3,353
377,258,45,439,66,346,435,118,127,156,298,472,483,348,398,354,332
300,42,46,350,266,430,111,249,443,173,202,188,381,321,288,268,49
460,121,364,153,41,173,297,47,363,222,490,321,67,246,306,51,428
438,69,184,336,269,309,186,49,456,299,189,123,453,378,339,480,175
465,126,152,159,267,260,121,463,131,149,482,456,92,353,124,292,190
362,459,58,448,413,467,210,483,54,124,453,108,32,241,256,246,278
94,454,57,337,413,112,124,453,177,463,139,189,0,479,233,18,261
59,214,273,31,373,29,162,311,388,60,68,413,155,198,43,442,61
65,267,453,48,317,383,218,266,2,233,20,420,51,27,402,405,188
409,374,449,245,185,281,216,381,31,47,483,442,16,187,377,259,431
264,221,385,8,274,252,453,14,214,428,241,123,135,230,363,353,263
64,2,253,348,315,232,440,70,114,402,14,56,364,143,249,118,132
482,29,31,324,366,264,296,303,261,319,117,254,340,169,380,53,179
228,256,448,89,385,373,366,132,413,224,71,99,426,266,76,156,30
396,27,28,23,421,251,133,359,12,290,366,63,17,18,70,298,374
139,257,16,333,31,206,463,82,352,388,401,460,224,218,272,409,253
39,368,110,187,448,472,292,72,462,391,361,69,68,394,294,311,454
413,458,31,368,315,5,365,484,352,367,113,399,393,30,249,29,72
36,315,57,250,400,214,465,13,294,371,295,375,177,466,235,245,209
339,195,31,37,174,270,380,483,462,474,440,481,266,230,340,346,300
244,16,433,198,438,319,315,218,336,476,298,196,178,332,59,322,432
404,337,459,483,196,139,289,28,374,240,75,355,242,198,68,253,331
65,388,431,399,432,466,458,346,19,129,439,223,31,272,471,362,447
216,355,468,431,453,298,308,67,189,482,292,88,366,458,465,240,409
234,350,295,49,223,336,56,266,453,461,463,467,255,409,267,340,278
29,481,221,162,355,139,148,31,417,131,227,53,169,77,469,129,58
41,51,128,28,315,214,456,390,482,121,397,278,202,48,296,463,323
31,188,307,145,11,40,409,440,396,82,413,392,80,248,20,70,178
359,140,430,243,207,312,266,164,14,135,405,442,131,89,425,374,221
51,190,278,471,485,314,149,41,79,400,379,410,282,388,394,472,307
67,398,351,453,413,28,187,394,428,57,422,112,344,346,354,188,464
324,140,261,337,224,388,294,336,370,190,66,99,202,346,319,157,457
417,170,283,218,463,198,166,346,446,185,41,37,383,45,414,363,373
359,167,260,197,142,89,383,182,187,249,484,176,298,412,283,49,366
317,297,266,446,408,441,352,222,67,482,247,36,64,89,421,176,368
226,146,396,420,413,439,472,275,215,394,374,403,417,367,485,271,178
364,346,455,411,190,298,82,21,434,32,110,366,303,156,368,284,302
32,181,399,256,373,113,342,188,352,25,299,76,422,341,356,168,388
410,438,276,363,422,190,340,204,4,461,237,373,285,174,394,19,207
293,212,139,303,204,176,366,242,330,431,373,263,261,70,107,374,334
214,480,258,373,393,284,57,150,390,230,334,232,368,344,164,189,31
266,356,428,61,240,164,239,335,298,244,455,100,90,9,210,181,12
202,66,1,445,425,319,428,304,144,60,404,6,318,124,450,369,184
49,490,381,366,362,394,57,84,458,361,226,139,149,105,264,273,155
214,179,294,65,482,413,426,119,83,305,81,327,34,320,284,419,3
422,246,139,453,366,364,11,116,135,407,30,271,428,363,368,76,382
319,127,313,192,387,285,479,406,6,230,246,266,84,227,277,374,78
149,90,410,455,245,268,138,49,412,322,62,483,170,76,81,124,275
155,211,424,157,40,0,300,89,386,280,267,87,49,214,394,64,99
188,139,334,265,431,176,401,186,308,366,69,25,119,463,173,199,105
448,189,66,68,175,74,402,124,455,100,241,2,67,113,119,416,437
341,412,435,98,266,3,121,42,143,28,271,298,45,234,472,357,114
463,321,135,121,319,180,198,265,149,94,92,42,134,282,336,426,460
300,413,135,435,451,159,181,267,255,208,232,180,428,54,366,393,434
124,164,344,134,406,373,308,474,359,396,244,156,157,366,393,211,56
334,366,490,290,338,190,71,425,475,183,469,67,393,32,119,161,112
338,344,315,388,426,346,57,185,215,348,115,483,49,230,31,271,298
309,259,221,43,366,317,137,448,462,412,252,360,453,263,215,422,367
377,91,382,352,286,418,198,169,15,396,403,479,371,485,258,14,315
34,297,220,191,332,447,386,256,466,277,373,242,137,461,31,285,88
124,17,355,54,324,413,390,322,345,234,167,304,49,440,334,366,309
462,210,483,218,463,214,157,456,271,453,54,390,432,142,319,21,355
471,344,139,189,69,203,191,18,431,406,461,475,325,58,45,359,426
295,485,431,227,139,476,467,330,396,258,321,239,73,429,40,278,71
286,161,73,413,223,170,388,396,426,144,454,433,245,386,45,58,124
321,64,266,216,265,456,366,413,169,189,333,130,325,371,46,428,228
283,295,4,88,371,227,292,281,476,395,366,19,198,486,185,298,334
283,353,351,268,56,356,208,245,359,31,453,333,6,156,162,79,294
166,383,81,442,363,200,148,267,481,31,485,322,431,289,413,87,260
2,243,110,175,360,366,67,155,137,377,224,126,398,199,28,281,453
214,408,480,383,31,127,272,438,277,122,50,286,188,334,6,403,96
21,266,211,373,301,50,471,438,137,170,379,203,302,177,101,99,216
226,405,243,342,129,368,55,30,127,369,202,20,353,463,76,169,29
211,245,311,232,319,191,312,417,398,160,371,95,188,187,35,409,43
127,349,7,243,71,352,431,331,263,142,221,362,155,81,348,267,391
202,376,182,49,165,249,374,253,277,137,16,140,31,338,334,394,396
175,229,156,225,241,472,388,403,31,114,253,18,322,152,286,7,214
425,355,298,446,32,441,108,289,28,342,133,373,137,431,206,266,174
196,431,471,390,412,107,205,94,212,58,297,374,245,246,120,323,169
31,178,251,325,448,444,257,147,139,119,28,488,69,401,39,316,409
432,396,300,49,465,372,327,102,253,383,483,484,119,381,409,413,296
287,298,64,49,354,440,161,257,400,442,32,4,373,89,367,453,8
149,334,51,222,484,188,208,64,391,410,2,373,244,366,390,272,170
390,355,412,222,428,354,264,431,344,452,281,383,153,190,221,70,233
183,295,40,224,435,151,374,316,41,401,253,1,155,186,192,391,260
366,143,430,58,203,26,299,334,393,362,352,244,344,305,31,116,340
116,76,190,121,291,9,48,281,458,316,323,169,417,250,282,476,446
425,156,150,312,260,473,300,105,366,236,130,256,118,367,140,251,175
292,92,379,484,485,252,84,396,72,469,371,49,287,443,233,336,250
463,366,363,58,447,370,106,145,174,31,409,423,134,361,43,481,112
396,414,293,237,313,61,227,56,132,274,188,49,107,436,393,406,142
473,442,352,313,295,145,371,378,214,28,255,156,297,284,65,41,45
48,256,116,146,299,407,266,389,394,226,406,13,489,27,292,156,388
224,203,390,20,301,406,391,121,353,402,362,346,170,431,209,473,271
469,366,299,214,178,325,4,461,133,329,438,152,169,208,156,489,457
475,175,480,440,400,8,150,232,48,9,488,366,388,15,266,323,189
187,264,144,373,230,411,361,114,436,169,43,113,409,139,322,233,366
445,169,377,330,413,139,278,223,286,472,342,199,356,121,189,391,336
380,373,419,188,128,482,98,65,446,297,49,308,349,421,398,124,452
284,31,337,412,288,155,465,398,61,3,367,195,221,425,316,247,189
373,121,366,378,299,18,386,246,472,81,231,142,90,300,273,245,262
184,327,264,64,478,455,315,14,476,388,467,282,413,349,368,153,244
46,413,254,326,431,31,231,373,226,436,41,49,146,393,481,223,199
18,157,20,249,97,214,90,86,464,367,173,357,233,354,473,334,130
436,446,319,311,366,285,336,284,292,253,404,187,31,297,429,407,340
188,49,223,143,393,280,439,398,31,71,383,368,16,151,153,311,465
396,352,373,334,8,431,453,394,483,134,36,353,206,341,82,118,245
27,448,84,176,447,245,25,163,79,321,363,188,377,336,61,49,181
393,396,204,468,366,24,282,473,156,230,439,150,97,298,23,463,476
304,159,112,215,210,203,269,96,106,164,49,438,458,245,213,231,132
409,435,119,214,292,366,289,411,298,65,297,368,390,467,209,154,360
19,318,244,47,120,289,397,327,332,292,56,149,440,97,245,307,49
190,431,377,373,396,422,102,0,424,187,386,81,200,412,15,297,295
116,399,469,115,152,424,31,319,75,436,393,76,298,14,264,489,251
393,340,115,153,245,64,465,46,219,232,458,429,188,252,67,345,45
190,120,373,298,309,203,483,56,370,228,8,456,292,464,199,114,148
373,406,352,209,453,215,344,54,214,261,198,189,139,396,51,483,307
483,256,354,230,178,272,350,244,467,302,28,183,207,378,377,441,453
334,21,89,28,53,353,142,247,130,268,294,44,298,239,431,253,432
398,223,251,142,135,208,160,103,283,157,486,12,352,413,464,264,198
45,357,298,304,464,284,394,369,427,139,187,268,185,169,252,12,202
453,340,176,169,373,321,331,31,161,239,206,349,265,392,146,127,402
6,196,430,334,212,256,247,145,89,139,161,443,441,417,453,476,298
75,203,169,210,317,366,447,151,479,393,448,202,251,357,211,446,252
373,118,433,186,3,14,207,305,398,266,472,253,282,336,391,242,222
386,393,298,169,148,377,394,99,211,5,488,80,362,213,206,397,479
189,455,28,334,31,144,482,100,226,264,408,115,188,204,445,198,177
428,210,241,334,183,41,356,446,88,124,352,67,16,344,388,317,128
409,57,163,396,383,228,198,337,218,334,426,436,332,288,117,18,459
472,4,216,12,489,214,268,79,173,139,353,122,245,117,267,374,421
433,348,204,476,189,390,23,177,400,226,84,409,455,163,112,32,144
354,36,319,223,227,402,195,190,3,413,350,391,388,322,406,49,27
83,190,81,472,266,444,7,374,405,380,274,49,176,356,319,366,479
453,309,45,228,48,460,363,371,373,21,369,337,135,44,415,100,51
54,159,139,110,366,426,469,412,393,20,135,13,214,215,488,151,338
20,439,431,110,254,272,34,88,114,239,187,175,201,35,354,2,298
292,189,466,486,256,479,372,51,451,114,136,268,326,362,480,28,357
369,416,431,413,264,167,139,77,450,285,403,218,373,255,358,56,137
430,488,460,156,431,398,1,96,420,204,198,309,66,405,260,346,440
374,337,232,251,462,187,46,113,26,14,490,221,64,274,313,480,488
50,70,174,31,342,92,120,390,20,233,437,9,222,444,226,264,321
322,428,223,18,252,360,179,366,214,489,190,256,193,123,484,400,109
459,245,325,154,451,341,156,124,99,476,366,391,334,255,234,394,431
180,398,460,300,382,81,115,402,286,276,320,62,266,332,139,342,142
31,361,218,354,16,317,399,336,202,107,209,64,141,51,344,99,433
472,423,298,280,478,293,367,315,271,202,61,245,304,323,447,453,391
247,390,298,366,361,74,483,273,417,305,32,331,473,125,211,294,188
69,214,433,288,9,89,366,148,128,124,388,113,373,275,337,336,79
296,226,245,307,451,76,298,440,254,42,448,406,450,364,331,164,359
440,279,317,388,266,135,175,48,184,420,297,373,53,190,436,366,137
115,20,117,279,366,214,113,299,81,408,346,67,380,272,221,211,374
418,132,354,159,353,31,340,156,468,13,395,33,415,431,285,426,336
211,271,338,476,166,120,431,62,40,149,2,448,68,188,386,352,122
40,300,308,169,431,327,373,319,412,57,156,261,185,91,119,292,348
373,139,445,453,361,245,14,345,291,335,246,380,323,83,274,334,192
42,409,336,295,289,357,34,431,25,290,453,138,8,142,54,69,315
298,190,296,404,376,160,386,195,393,198,366,249,260,348,486,412,238
312,486,400,202,1,204,145,198,448,406,453,219,169,8,475,43,261
428,101,99,32,396,2,56,160,31,182,51,164,376,399,264,218,169
346,233,362,373,29,157,334,202,404,102,68,476,286,308,211,69,366
169,296,401,214,373,129,16,146,222,355,444,243,265,376,369,120,334
20,276,35,359,57,353,398,435,247,169,484,460,79,300,148,409,14
110,124,451,173,436,158,66,171,327,338,196,346,61,176,203,366,62
113,247,373,6,363,439,190,198,413,2,481,333,385,191,7,454,361
271,431,429,242,273,438,286,261,371,313,118,366,92,156,443,36,441
338,92,483,85,323,63,224,231,374,337,289,207,157,79,210,49,440
421,456,268,120,366,142,453,92,193,236,7,398,266,333,241,316,392
167,61,189,267,266,15,144,245,204,60,490,388,425,4,366,169,359
14,49,265,148,372,401,475,156,226,155,453,373,394,413,463,258,422
174,67,291,426,207,354,391,72,198,452,355,336,23,483,307,152,247
19,198,176,482,169,202,143,298,112,476,259,101,76,385,222,456,373
245,374,261,474,187,266,331,482,470,314,247,461,24,216,214,0,366
54,77,36,464,432,398,485,366,31,490,180,402,206,239,64,294,328
43,431,300,4,211,254,480,322,27,253,49,84,421,30,325,200,416
268,199,283,6,189,161,455,134,145,478,286,476,2,472,21,379,391
424,97,103,233,5,237,131,19,102,453,32,409,300,61,247,373,232
366,480,417,163,211,242,110,99,412,449,274,97,304,373,152,49,251
374,6,483,94,366,196,479,410,309,413,28,334,289,400,27,112,116
198,188,440,431,373,393,359,32,374,438,306,298,366,342,205,264,346
336,171,203,274,118,49,322,307,77,366,72,102,218,53,42,334,156
39,50,49,0,422,309,474,31,45,116,98,35,183,393,247,308,284
28,124,322,81,431,342,325,146,413,134,256,67,126,54,453,191,336
61,367,31,383,169,396,79,370,408,221,331,373,232,254,204,366,72
471,449,94,54,237,430,373,155,431,210,145,314,489,412,300,490,49
26,475,462,396,146,49,484,451,429,31,488,330,436,189,37,282,285
185,373,222,237,358,430,159,428,245,69,313,488,61,324,336,256,371
300,381,112,396,207,373,166,383,39,215,118,234,120,244,241,431,367
373,43,445,358,384,465,239,224,112,292,181,366,406,140,240,156,21
256,62,440,124,373,245,339,81,453,186,371,472,446,225,40,396,442
431,126,215,157,462,413,336,90,151,54,400,57,354,476,117,115,41
342,331,182,148,250,112,372,39,180,383,486,266,261,23,416,191,467
248,272,313,409,2,56,44,436,173,452,260,429,387,321,292,190,57
455,429,467,200,162,169,135,394,278,14,453,358,178,180,218,357,294
35,121,340,218,384,481,453,224,469,426,142,209,366,463,207,189,329
188,46,266,57,244,446,385,315,135,282,463,49,274,42,300,58,119
252,368,456,31,4,34,245,175,250,214,421,161,364,97,19,373,381
31,133,486,300,83,442,244,436,70,297,214,119,101,463,399,12,401
64,292,384,145,298,253,426,13,75,16,313,462,428,187,217,212,6
149,49,407,95,422,4,394,187,278,228,222,374,298,209,12,419,462
350,98,100,396,50,128,167,286,70,334,143,377,485,260,339,479,34
40,189,219,245,453,363,362,65,398,142,102,298,139,354,373,265,123
168,322,28,315,198,288,121,152,306,418,137,475,188,109,247,453,368
393,468,171,463,112,37,180,398,479,394,18,402,231,110,228,373,431
17,99,118,113,233,254,209,144,277,300,273,366,354,465,95,431,201
169,159,168,94,280,334,394,465,67,31,64,386,247,266,244,396,303
264,12,175,71,383,399,354,240,254,114,134,233,428,366,0,482,310
373,332,164,296,61,226,112,286,429,214,485,298,367,388,28,393,195
177,483,453,144,366,161,397,88,263,203,325,255,18,374,139,182,187
211,362,81,431,433,400,89,490,444,335,467,381,402,8,406,377,336
366,316,471,392,466,173,367,108,256,139,480,188,272,346,483,434,85
202,338,469,118,480,260,221,332,114,95,124,117,368,413,390,41,23
486,394,300,29,416,388,245,25,366,374,189,442,187,413,408,355,265
366,442,189,300,453,331,383,198,124,6,232,217,31,443,472,465,64
214,441,205,453,422,370,272,267,215,139,242,295,275,66,429,366,300
158,56,17,366,31,214,266,301,144,460,319,101,447,455,178,198,3
73,366,31,112,63,96,437,336,265,424,211,204,451,453,307,309,121
77,30,447,453,413,476,15,188,448,185,29,334,408,195,196,25,187
340,429,241,161,431,79,452,120,308,471,31,368,231,175,417,126,199
242,218,271,202,87,453,304,336,234,199,219,288,64,403,392,42,323
288,258,374,124,305,430,368,178,233,2,129,164,415,344,13,425,149
142,172,83,205,438,447,246,177,247,418,287,169,32,221,107,44,433
247,394,30,242,369,342,464,157,297,31,269,216,204,198,439,122,136
119,294,323,254,232,401,377,298,476,245,436,39,478,138,383,199,410
409,353,289,196,132,69,110,325,388,190,180,276,28,334,215,425,402
32,346,148,187,174,369,266,228,200,407,332,277,217,409,373,295,43
205,366,49,238,243,72,361,359,304,477,462,472,466,156,150,278,145
102,366,376,290,348,333,398,374,278,178,109,16,431,373,251,227,34
61,147,151,318,404,131,178,433,11,373,140,188,262,300,245,336,154
376,189,420,469,453,31,200,207,124,69,351,264,406,251,184,488,468
173,210,371,350,387,172,147,453,448,408,483,19,114,231,139,354,366
2,117,265,5,65,322,352,32,459,134,138,34,170,458,239,271,371
370,43,144,195,196,126,260,83,323,188,329,222,61,310,437,438,234
231,302,472,65,438,396,433,482,452,163,142,368,326,342,488,148,145
176,373,426,67,376,479,31,71,214,467,243,448,464,393,486,362,208
481,341,62,226,368,80,430,439,145,421,381,76,286,64,165,379,475
96,253,202,350,468,469,340,71,2,159,113,206,297,342,235,242,81
245,21,179,472,115,30,158,336,244,137,50,145,31,266,402,393,453
472,486,43,3,211,214,470,406,245,162,64,479,277,447,376,346,54
394,346,112,270,2,61,64,351,250,366,289,48,399,222,390,473,253
41,89,436,185,341,124,413,31,300,394,138,430,260,64,245,296,102
209,259,210,466,483,388,19,112,240,337,148,471,396,454,17,366,369
335,342,324,300,139,144,340,291,169,282,429,31,338,425,393,176,369
393,132,59,91,397,234,46,25,406,233,235,364,485,142,460,92,280
431,350,258,365,393,314,460,190,241,11,388,144,340,64,246,472,461
336,159,224,46,354,20,438,55,334,278,74,105,366,394,211,283,56
179,337,366,365,310,273,169,490,386,418,214,453,68,478,407,427,134
126,308,231,219,382,114,471,112,193,332,417,378,431,350,227,388,142
100,363,453,42,479,454,354,189,472,163,49,50,474,69,77,316,243
76,61,245,366,187,465,223,27,278,367,421,304,400,166,451,210,316
114,283,189,99,409,296,214,127,79,395,455,278,258,431,401,373,315
429,373,198,376,321,336,215,13,266,8,360,217,270,78,188,105,399
406,27,69,227,57,31,448,432,303,64,32,257,62,166,47,373,252
120,398,374,39,334,202,103,7,298,20,49,268,10,267,289,324,198
266,285,60,175,49,279,207,298,45,54,363,469,1,361,119,378,70
4,305,440,2,84,128,266,205,49,181,71,462,467,416,427,409,464
453,260,352,353,56,145,366,158,236,80,90,188,217,351,156,294,354
134,453,242,318,63,131,53,381,245,155,140,353,130,1,298,481,169
411,346,413,109,448,421,172,344,336,145,71,387,271,353,169,335,390
63,64,407,475,334,239,195,151,142,119,155,289,308,317,112,3,178
320,217,222,275,181,363,188,110,17,124,146,126,480,266,355,162,196
315,159,388,69,285,160,6,202,295,344,84,239,374,215,307,20,142
21,287,248,481,188,485,431,210,396,221,83,297,51,426,465,399,307
488,422,201,392,409,413,33,31,404,143,21,63,185,174,486,13,410
397,328,121,357,323,322,268,275,115,476,436,485,249,453,354,440,136
148,252,239,105,178,123,18,363,16,49,88,232,130,19,367,463,264
250,392,221,362,180,352,111,462,436,314,388,235,5,327,252,118,296
139,142,35,218,32,362,284,7,220,159,89,98,37,118,261,214,319
355,322,356,287,431,162,476,159,265,43,373,214,111,131,204,411,474
145,198,128,253,375,373,131,214,175,393,337,425,153,352,428,85,101
222,435,322,32,129,336,196,457,92,139,198,368,279,111,399,54,394
4,370,165,373,138,56,252,346,401,171,244,213,468,320,66,20,309
340,334,463,396,82,245,142,208,322,86,367,31,315,378,402,136,426
79,461,309,49,132,367,391,338,308,190,253,114,453,431,200,61,322
239,298,18,169,464,220,280,91,412,364,116,49,121,100,124,459,226
374,189,105,447,290,336,40,215,122,348,58,214,198,321,66,272,266
263,488,272,5,52,145,174,317,288,156,245,77,387,452,191,482,371
139,360,412,322,298,23,489,468,85,337,9,366,297,172,48,488,59
357,375,366,185,152,289,450,438,303,367,160,232,300,263,344,215,72
366,40,34,147,70,462,79,29,318,344,235,402,81,394,168,414,214
98,336,235,294,338,7,327,408,86,362,45,31,216,268,396,253,15
346,460,366,408,336,270,277,195,462,322,144,472,435,468,394,215,190
489,366,198,393,350,214,50,88,110,89,475,453,463,14,268,67,374
281,195,155,64,374,365,115,436,294,456,45,471,83,376,49,366,272
456,49,484,4,249,178,336,348,265,72,465,61,319,134,256,436,13
49,366,32,448,14,477,450,483,60,220,82,156,317,240,471,266,314
243,211,232,314,145,152,366,374,266,463,484,50,31,472,440,150,114
197,65,6,148,412,447,135,276,161,217,66,247,281,137,190,266,215
70,179,114,169,187,99,239,165,318,222,449,483,448,149,173,7,83
486,166,447,479,214,373,276,428,366,49,86,238,368,266,132,339,22
298,23,147,63,169,140,145,480,232,214,181,365,404,163,46,257,436
246,64,367,58,293,316,324,6,410,105,56,226,252,444,467,120,131
37,366,252,49,266,367,57,428,184,92,185,440,373,102,399,14,441
402,218,397,223,299,144,295,408,99,155,134,172,305,409,122,92,436
304,45,449,439,488,144,265,218,394,391,431,290,390,4,48,236,334
89,219,67,43,204,22,188,442,206,295,226,294,484,181,286,49,123
159,453,374,190,144,231,145,254,174,214,386,373,34,56,99,383,150
190,205,114,367,483,65,158,242,422,366,374,56,208,153,157,445,409
485,486,329,228,483,350,263,305,409,216,335,134,436,149,434,14,217
361,366,301,453,199,25,285,358,31,28,58,371,325,374,489,336,223
284,39,247,26,7,363,426,107,174,301,162,148,11,466,159,189,373
394,218,77,139,136,116,336,362,397,442,346,31,52,12,468,324,431
243,273,42,153,245,268,436,385,466,260,301,329,137,92,426,344,374
214,284,460,85,388,173,223,292,229,152,247,228,155,442,211,154,37
405,388,64,90,31,222,430,171,484,261,359,324,350,413,144,231,393
344,18,372,175,215,157,311,334,340,342,96,57,409,332,166,272,229
431,394,259,463,11,426,4,62,310,436,169,158,61,173,40,260,48
247,366,183,332,412,233,376,31,140,413,157,277,370,427,257,431,460
400,134,387,364,450,336,25,213,161,9,120,432,485,209,179,406,292
146,232,454,107,366,17,35,116,181,345,267,397,256,228,15,412,199
153,341,413,315,145,81,51,287,432,3,431,84,375,338,43,324,300
300,443,314,406,62,212,367,334,490,431,325,422,210,269,488,95,31
257,336,128,349,45,258,200,14,322,431,139,393,221,118,241,49,388
73,197,188,157,268,412,315,364,453,429,298,377,405,168,205,236,27
42,374,267,118,471,224,356,133,269,156,251,397,261,439,473,94,105
173,336,36,152,338,337,260,393,40,340,136,373,444,417,429,266,82
476,51,264,44,5,355,394,393,91,169,357,142,284,204,396,6,400
379,35,387,161,432,346,2,367,70,145,143,195,31,74,221,101,232
163,300,49,24,315,167,255,438,237,314,161,242,463,440,147,171,308
32,426,348,385,139,242,43,157,231,374,14,395,299,407,425,336,206
458,412,298,368,279,440,287,217,261,81,166,61,361,295,483,226,410
231,342,125,490,264,457,41,289,335,177,59,361,373,144,476,455,225
214,94,187,60,298,482,61,442,413,411,197,472,224,354,222,446,134
28,19,146,56,382,414,266,71,197,275,300,255,417,297,366,373,169
35,168,385,304,31,159,138,400,373,444,433,107,61,5,412,329,17
195,429,126,21,41,453,109,50,373,7,245,164,124,248,374,267,12
71,452,62,298,22,390,221,215,327,455,367,49,374,161,245,287,214
436,105,377,328,373,261,174,486,409,60,318,200,128,444,119,393,188
299,483,235,394,36,336,68,221,313,211,188,453,31,112,355,273,323
234,363,49,227,132,61,352,175,481,266,243,410,110,386,147,24,323
453,237,8,422,298,79,201,412,199,431,130,20,64,261,360,245,100
49,302,27,368,56,98,297,190,138,422,393,237,298,327,245,480,139
62,452,337,245,82,61,430,483,54,456,388,146,118,422,424,431,366
402,334,471,238,266,473,271,427,412,423,211,311,442,158,54,2,302
381,272,361,194,49,60,429,454,336,169,414,460,90,227,366,421,340
238,285,170,408,434,483,31,391,445,300,246,200,66,469,444,294,149
448,299,308,353,28,92,119,354,272,383,151,169,424,45,344,481,242
187,368,254,484,107,488,100,137,210,2,475,396,417,411,314,242,346
62,186,430,48,148,66,134,376,175,67,422,145,81,5,300,402,466
366,283,238,49,382,453,28,89,242,300,3,451,264,107,344,214,377
308,298,31,373,438,138,486,178,413,244,69,41,299,81,468,234,128
431,43,245,413,18,46,203,475,112,16,260,29,51,472,184,420,436
352,425,24,445,121,367,118,396,89,366,247,315,373,297,440,476,183
163,64,439,129,490,325,112,224,45,454,184,373,453,92,156,368,82
299,173,188,395,247,396,300,408,121,234,68,305,258,226,337,219,474
471,452,346,48,345,335,408,226,232,25,184,2,12,466,366,190,325
366,378,444,469,69,354,139,383,175,483,394,56,172,92,232,413,398
278,472,246,354,103,150,256,350,49,164,9,249,369,420,71,385,447
72,102,374,349,100,373,315,342,336,135,229,434,308,103,117,196,41
155,8,161,465,252,190,434,132,390,134,275,70,426,4,139,373,119
114,420,414,298,354,258,362,59,128,19,461,289,290,206,377,4,232
121,75,219,363,32,281,401,158,425,472,25,164,237,256,453,423,412
49,135,240,421,31,13,45,373,2,465,23,198,308,484,267,181,160
402,352,465,147,121,377,439,373,128,49,115,232,354,413,110,131,440
453,241,431,28,227,156,31,205,105,457,41,145,146,485,294,211,366
20,254,471,278,373,421,356,39,256,4,259,15,268,374,43,366,298
29,2,18,342,49,377,158,413,160,184,3,214,401,429,422,453,156
218,215,114,89,386,406,248,397,167,269,283,115,157,118,169,220,266
95,463,42,413,354,292,373,298,412,100,65,304,31,400,430,248,398
198,453,39,419,63,12,124,66,227,383,428,435,211,41,366,94,119
169,367,256,355,292,111,129,400,344,31,331,253,433,168,406,484,288
348,367,390,53,86,393,245,259,452,213,331,369,464,58,83,438,102
377,29,356,8,94,229,450,0,350,223,472,155,393,19,203,442,232
465,226,397,189,434,448,41,76,16,146,87,357,219,336,202,254,204
51,272,443,374,45,462,431,369,319,21,324,124,64,65,118,159,409
401,336,247,404,139,49,119,220,160,317,112,308,300,234,54,260,353
396,462,317,363,237,298,247,461,302,139,70,169,368,172,218,266,156
433,30,480,431,235,278,146,121,377,422,185,299,176,483,362,367,188
211,453,31,51,242,393,323,92,444,179,64,41,291,26,255,246,399
175,192,286,245,79,255,373,342,271,178,33,110,214,124,27,442,308
277,387,234,472,467,483,478,79,274,105,220,32,154,366,235,386,140
246,245,149,425,157,329,336,298,473,132,413,31,258,394,263,64,383
399,135,382,273,413,377,336,395,350,374,161,144,480,199,0,356,76
376,41,117,136,366,234,431,240,168,221,311,9,374,437,360,322,149
244,322,135,436,366,102,361,149,292,490,54,397,419,368,460,82,267
366,291,209,439,17,124,453,223,121,382,483,147,298,173,286,325,98
218,392,175,285,352,366,31,342,247,134,348,171,166,373,443,458,374
34,392,191,160,3,31,471,431,486,273,10,350,90,430,222,408,140
266,373,134,364,334,398,289,41,321,385,124,367,366,256,298,132,393
325,281,139,254,237,162,267,100,332,140,189,83,36,222,124,190,3
5,356,427,103,226,383,169,323,153,36,488,64,437,254,267,135,445
185,142,272,43,100,468,353,245,257,309,407,172,394,294,232,425,8
319,295,261,375,346,303,214,264,393,152,417,474,357,124,160,294,170
375,295,7,241,114,319,164,181,191,463,336,17,32,85,411,95,254
6,88,158,61,211,338,278,32,335,245,187,477,188,478,483,397,21
304,62,211,295,168,156,386,292,31,140,394,348,396,431,366,463,367
57,152,366,207,222,281,453,66,462,246,364,236,419,292,204,227,485
336,396,265,188,218,387,1,221,465,282,61,337,345,120,192,485,90
353,42,216,366,111,202,413,191,446,322,175,373,41,31,367,297,212
325,183,224,27,286,128,453,388,465,350,173,317,381,65,460,112,367
281,80,31,232,303,437,61,240,348,213,274,186,264,6,272,99,115
49,273,439,99,3,29,352,484,281,264,271,27,253,121,473,222,251
473,114,170,201,407,419,377,231,461,378,128,28,214,298,412,479,150
124,245,405,32,155,373,267,455,25,340,190,464,222,210,186,117,395
91,384,144,306,391,428,176,413,238,338,190,31,142,452,300,113,214
99,360,40,126,355,86,425,399,65,336,447,430,482,31,465,17,417
292,178,335,158,333,31,0,392,245,330,309,118,58,175,336,249,167
184,137,32,489,326,407,366,204,408,289,77,462,471,341,190,267,348
174,20,231,465,31,478,267,244,85,431,223,402,68,139,312,107,103
374,366,247,337,207,319,41,220,164,453,480,34,448,18,331,472,259
469,198,112,209,232,95,170,156,259,305,176,246,219,157,227,137,102
321,405,222,252,314,289,151,367,358,31,139,112,38,44,216,33,132
7,435,438,65,317,68,272,373,26,376,204,188,137,134,309,112,37
171,368,290,110,12,469,158,378,342,472,45,253,198,336,41,387,127
431,480,12,0,266,381,81,373,263,192,211,302,6,135,62,448,187
352,195,134,424,86,433,59,344,298,251,422,109,257,133,45,64,43
356,171,408,245,413,486,70,429,111,76,89,320,243,266,402,319,301
434,20,188,173,325,469,379,69,14,81,461,294,484,123,445,406,446
411,69,78,286,380,292,22,315,12,118,159,412,187,363,403,5,289
455,146,289,488,64,89,427,41,66,295,30,334,330,46,135,373,324
313,412,156,226,362,413,15,373,237,268,370,231,319,388,214,259,169
309,366,64,277,176,316,199,386,20,481,51,110,71,222,436,205,420
294,337,458,32,205,160,402,213,366,378,70,398,310,390,169,239,286
49,463,390,91,286,190,298,155,214,51,481,473,334,275,117,314,436
292,83,226,20,271,35,445,241,107,119,173,244,489,227,396,315,5
85,18,396,300,341,126,251,373,195,366,24,153,56,427,244,374,319
222,187,35,483,463,99,107,348,46,81,276,450,323,364,110,238,431
14,374,64,433,291,29,464,89,357,78,377,336,233,115,478,373,101
18,202,249,266,87,65,8,354,297,439,129,300,253,415,458,246,453
121,428,443,53,159,69,49,180,367,239,261,48,410,373,366,260,303
150,484,45,261,70,361,426,366,406,214,268,188,204,292,75,107,32
366,267,99,145,132,118,46,32,239,311,233,261,212,440,305,79,12
391,319,41,440,264,221,485,456,184,187,190,291,336,188,414,373,139
39,110,138,146,155,188,431,406,371,242,352,344,334,179,164,346,210
245,223,298,457,169,17,309,188,461,152,69,474,479,218,77,235,239
230,132,482,252,275,299,222,346,146,267,40,303,215,289,396,221,181
314,83,260,476,374,464,400,338,265,219,79,61,309,385,334,30,436
456,216,273,366,31,206,298,431,81,383,89,341,43,374,334,115,198
402,239,309,429,407,244,205,465,119,313,268,426,489,245,207,390,197
100,315,249,169,42,88,483,302,374,83,330,412,214,373,23,354,34
244,198,43,335,242,406,432,203,472,49,51,136,426,214,121,452,206
36,223,404,440,451,148,106,286,444,99,264,430,376,198,285,386,336
366,300,373,2,336,429,145,298,353,285,307,284,273,75,127,291,392
270,139,315,306,118,388,396,352,380,198,294,31,77,5,125,127,2
196,393,366,464,121,402,438,266,342,178,188,24,369,139,453,161,67
453,280,146,197,461,245,127,288,61,31,284,184,344,27,105,483,239
196,24,149,436,67,211,152,69,413,244,350,366,35,371,189,432,116
277,64,366,488,482,332,302,305,41,196,489,221,146,255,378,421,190
264,453,142,254,396,366,288,121,196,16,445,442,209,436,115,293,184
94,377,199,308,5,61,227,218,368,323,41,33,299,366,337,400,121
474,184,430,293,41,453,176,32,360,297,407,448,234,413,16,277,387
255,108,252,121,364,247,156,64,314,428,198,123,346,356,292,181,76
413,481,294,225,374,478,157,100,161,211,390,265,210,396,352,298,454
371,90,115,127,252,447,324,245,195,247,483,374,334,482,10,401,242
4,35,54,401,413,272,366,394,85,31,306,235,352,273,271,132,489
202,180,190,195,259,111,245,139,311,9,159,211,398,184,334,216,298
366,466,293,463,430,119,462,394,396,434,169,456,245,367,453,190,284
94,430,344,37,150,162,239,441,71,92,122,266,475,118,204,438,373
243,209,412,390,39,70,413,108,246,112,157,277,447,363,268,153,436
181,366,456,332,391,376,218,159,457,246,334,440,283,99,278,476,438
298,433,211,118,146,281,264,265,371,338,373,352,18,297,431,429,49
230,90,203,399,305,429,275,15,266,436,373,486,49,268,190,105,336
457,409,138,340,472,305,218,9,223,32,375,65,53,485,277,466,367
259,67,285,369,298,373,177,134,124,361,23,482,50,132,425,417,159
363,171,322,90,366,308,409,407,234,167,351,292,335,118,159,387,396
300,290,242,244,204,269,169,232,285,272,409,362,284,161,252,382,369
25,309,281,373,162,204,380,234,245,402,472,186,374,37,198,200,201
