239,299,426,6,280,150,298,357,242,198,256,19,457,64,330,302,186,469,124
329,44,279,344,222,153,173,304,18,121,334,463,483,5,408,426,438,429,1
154,41,421,426,467,168,366,476,81,63,456,226,29,5,152,210,267,271,31
166,367,364,79,333,34,465,188,31,413,232,355,47,207,27,422,195,163,305
475,9,368,274,319,215,72,176,250,320,295,150,486,430,28,112,284,336,423
463,261,374,76,155,25,144,434,140,446,173,369,94,21,481,387,305,249,399
451,338,188,253,412,250,286,155,342,153,64,214,106,169,382,266,459,398,311
184,334,285,139,107,31,216,87,412,266,317,481,367,237,203,294,198,357,425
356,173,246,66,254,299,121,424,308,46,139,428,422,271,224,297,444,341,345
417,318,125,169,441,336,463,391,375,43,220,36,142,295,204,266,214,162,308
267,324,416,209,132,225,474,445,190,155,249,166,94,417,92,430,89,177,211
372,28,438,359,107,142,474,326,6,406,59,172,488,161,193,436,69,240,110
319,394,132,102,366,353,200,338,252,60,309,242,66,189,267,190,434,462,334
118,159,297,483,375,218,373,233,252,25,278,49,180,344,96,457,130,164,396
366,94,394,215,281,267,227,71,473,324,453,391,436,187,396,320,275,64,458
68,190,346,337,213,48,368,244,27,227,442,396,35,298,221,125,201,178,447
39,198,403,7,393,83,489,319,64,237,25,475,156,331,373,302,251,332,384
88,175,176,204,210,12,383,352,196,142,61,1,384,258,227,70,388,32,254
406,336,368,373,16,87,450,54,111,374,413,474,476,185,469,63,244,472,371
91,429,285,484,115,92,105,451,5,113,439,198,109,218,404,275,373,271,436
461,211,346,226,176,124,197,373,470,284,189,266,135,366,147,413,283,406,260
161,134,373,453,340,465,196,215,463,366,364,280,456,153,484,160,300,226,390
180,371,127,273,145,459,227,279,103,232,202,140,188,97,139,469,388,22,45
368,36,373,463,360,32,162,393,416,176,169,366,58,287,85,145,230,298,297
267,429,112,170,338,164,204,36,451,41,28,206,286,469,124,79,198,398,220
85,283,412,432,170,177,47,53,167,297,424,444,438,173,374,65,460,308,334
7,283,57,219,203,131,258,232,273,222,259,183,348,160,429,110,144,124,320
467,305,263,169,356,430,436,39,398,201,340,366,25,180,328,368,183,92,286
464,183,146,121,456,432,169,274,375,374,348,84,199,345,198,414,366,170,266
431,149,202,412,141,460,277,188,222,334,166,467,155,405,142,247,115,71,336
334,139,367,428,445,50,336,364,299,344,41,151,6,159,439,171,178,245,147
366,169,471,173,187,161,373,426,431,8,27,399,100,203,369,124,266,315,31
139,373,184,350,223,402,198,25,332,182,153,393,233,145,106,24,438,35,42
222,207,366,241,204,255,267,292,120,33,177,11,304,187,169,266,336,354,289
321,453,401,426,407,251,134,363,224,354,135,129,162,324,362,124,483,142,178
36,159,263,53,426,279,323,409,372,366,429,40,364,380,177,29,144,453,308
76,479,207,203,302,159,369,240,448,9,409,26,1,381,93,383,27,108,171
337,373,483,123,254,228,374,211,88,148,339,109,64,348,137,99,153,420,105
216,436,483,188,250,388,176,135,10,322,282,373,25,42,61,364,89,96,40
174,6,242,412,429,390,388,64,49,240,201,417,7,413,70,261,35,144,169
179,219,198,295,483,359,444,413,429,32,367,82,27,320,485,64,346,393,225
105,447,426,476,424,412,23,284,21,332,322,394,393,254,188,282,369,147,239
485,138,326,206,14,375,421,428,195,258,42,297,112,362,239,31,188,49,62
294,315,471,202,455,186,241,5,316,31,64,290,32,432,156,401,195,112,392
353,281,184,218,431,54,401,8,471,367,169,134,380,300,264,454,388,292,195
245,260,273,300,373,361,216,108,159,68,463,284,5,444,413,351,313,234,443
189,187,305,268,447,96,264,275,233,90,124,393,482,5,331,434,463,295,230
429,0,314,413,383,247,402,185,245,139,463,141,22,228,16,216,214,4,288
64,244,300,355,415,305,268,198,31,39,346,164,396,271,227,54,2,119,267
472,159,272,79,188,239,67,361,150,200,190,445,177,394,248,298,303,305,366
244,137,120,390,352,199,393,178,363,222,198,90,186,246,431,344,30,228,160
453,31,186,68,244,329,336,220,264,166,189,233,181,482,247,355,39,153,174
337,437,31,456,266,189,295,331,236,468,138,275,363,393,162,254,447,34,176
107,289,337,452,344,324,476,489,417,211,32,188,407,447,334,346,135,438,272
407,121,251,226,278,171,463,197,69,401,265,421,368,36,465,419,404,209,174
484,111,175,405,354,328,264,366,2,247,83,488,352,286,167,5,300,431,266
408,49,429,373,378,476,177,319,333,464,257,371,124,10,332,453,230,196,214
124,148,443,472,139,16,471,211,99,489,169,135,309,286,181,111,354,362,214
446,124,169,251,259,207,69,369,20,121,199,378,139,64,453,51,181,76,134
289,298,267,374,340,284,366,134,266,182,320,306,190,254,29,0,144,118,12
409,181,235,245,31,438,148,486,354,287,159,50,49,325,175,22,124,332,62
408,453,402,382,350,340,254,242,36,357,61,226,132,230,332,8,341,90,336
322,174,466,212,479,319,309,148,157,256,17,32,228,393,402,470,488,34,186
25,315,127,105,308,174,340,242,275,307,334,431,297,480,50,298,311,372,362
121,292,28,482,367,474,454,174,305,245,230,141,440,87,294,247,267,239,97
153,366,394,350,85,377,481,376,172,334,468,368,348,355,430,417,436,439,98
274,313,439,300,463,154,373,67,40,402,165,12,244,65,458,106,350,273,268
204,146,319,213,168,425,353,44,367,128,294,0,232,311,268,3,214,308,368
117,36,271,385,345,129,184,9,270,402,160,394,431,52,306,299,440,390,41
373,210,245,94,440,332,273,240,105,306,483,352,145,448,168,50,304,214,447
150,388,140,141,366,164,430,230,359,341,382,292,211,463,374,76,179,3,161
28,378,53,453,266,180,382,362,112,159,188,202,4,123,253,373,189,300,317
298,431,23,230,62,7,392,156,166,460,145,369,466,454,376,366,133,406,92
284,170,320,144,257,92,11,393,120,12,110,116,221,352,407,45,150,404,469
31,187,227,211,225,417,335,436,431,286,230,205,254,221,409,352,440,186,326
49,164,169,121,211,53,338,220,82,8,118,366,362,105,295,429,194,397,120
375,198,59,410,119,426,352,398,273,303,393,417,242,407,463,116,189,225,136
393,173,256,250,137,64,134,348,375,23,294,1,430,233,155,115,410,366,0
467,388,394,325,285,366,66,485,245,12,266,137,364,352,57,218,354,286,213
222,373,31,164,139,185,284,6,402,188,483,448,350,63,198,247,300,214,254
421,298,174,153,368,58,176,374,409,110,311,147,132,442,443,102,214,218,391
254,481,396,40,338,145,20,224,196,155,199,87,422,169,448,198,100,401,242
266,129,431,378,42,366,430,67,174,490,180,218,334,373,35,162,294,132,145
262,338,41,232,373,32,62,56,294,394,366,134,20,475,476,199,137,260,90
184,297,188,397,471,346,460,14,366,169,123,433,371,464,405,485,220,490,191
59,136,469,233,459,165,409,276,358,42,471,260,453,373,60,294,152,428,173
336,287,449,15,439,204,68,366,146,90,196,167,266,425,402,321,87,451,418
204,236,383,280,84,261,20,380,413,346,442,355,462,292,242,96,304,185,300
14,366,236,116,245,375,81,399,319,317,232,388,448,484,145,190,272,307,329
233,33,416,397,300,115,336,463,484,186,199,488,346,9,381,373,454,92,436
79,56,168,373,20,89,400,464,27,189,253,245,289,436,308,234,425,134,32
455,250,65,388,251,12,25,247,346,2,116,441,226,88,29,9,136,46,366
479,173,380,12,64,137,240,142,57,228,374,214,277,234,484,430,431,346,176
100,245,84,438,171,301,218,150,286,463,184,126,198,42,336,331,283,417,89
440,300,81,461,479,214,211,398,359,152,409,478,275,234,58,201,360,316,453
436,398,355,453,106,325,159,488,215,311,312,413,17,478,371,373,421,434,400
373,57,481,404,63,370,341,79,319,485,126,247,336,8,277,374,59,266,346
215,218,266,396,176,194,233,453,388,245,412,336,418,203,96,440,366,393,205
374,13,202,90,373,10,421,172,20,431,334,83,31,7,403,246,140,245,209
374,371,186,19,366,190,316,282,483,13,319,120,145,232,268,352,355,438,360
212,118,64,331,19,256,49,404,40,247,37,367,266,173,278,206,8,188,349
180,390,139,355,210,373,469,329,199,102,456,322,226,184,351,142,262,396,480
294,0,308,342,69,373,234,490,346,431,22,406,6,411,344,462,388,266,366
31,167,187,432,271,333,161,45,426,453,218,454,251,300,159,373,484,181,466
430,175,249,182,373,346,180,362,260,374,201,50,304,31,445,434,90,440,288
413,207,92,186,397,409,204,421,299,2,68,26,181,298,43,214,398,432,118
304,215,21,264,245,50,374,62,398,136,119,63,239,116,404,208,174,139,453
119,348,413,416,7,409,118,175,272,41,198,465,478,149,460,430,449,83,212
105,120,224,241,366,22,251,323,314,409,373,420,209,428,465,269,286,464,412
430,298,472,46,297,394,368,388,438,221,486,142,175,271,455,344,45,267,48
366,139,318,143,17,43,327,346,455,409,369,425,128,421,50,148,245,119,23
366,18,19,248,367,46,314,451,482,303,145,67,209,270,160,122,237,118,359
61,474,472,19,232,226,229,373,195,49,242,351,63,401,427,396,333,223,191
77,355,406,174,374,79,215,322,11,214,4,352,18,139,440,0,217,204,453
288,54,132,128,0,26,273,267,431,67,138,373,61,32,453,142,382,360,209
387,336,61,298,322,238,185,3,195,31,90,124,239,366,480,215,201,405,226
198,146,474,413,296,469,24,414,195,309,452,39,121,21,2,135,118,481,391
224,240,438,283,433,48,269,316,260,272,127,4,177,12,286,466,334,371,366
71,411,199,435,431,463,45,334,340,325,239,479,211,447,266,273,483,132,55
324,157,167,431,483,49,81,113,457,471,282,142,123,226,51,398,400,283,235
202,264,383,173,234,77,363,428,366,336,315,64,345,322,263,374,396,237,438
286,486,199,69,321,459,21,452,10,468,461,247,245,37,288,25,338,460,466
276,367,71,227,110,190,315,458,294,81,206,410,43,21,201,162,273,25,112
308,386,465,283,121,486,390,208,336,476,453,41,478,188,406,279,413,458,259
245,28,214,44,394,304,385,257,222,2,366,438,447,160,268,297,360,334,79
276,5,228,187,353,61,70,483,373,135,275,438,42,317,119,265,18,112,181
309,442,312,426,282,319,175,298,362,118,222,407,135,352,355,340,294,242,113
214,373,463,334,171,325,485,49,322,259,486,157,181,366,244,124,4,429,468
57,235,246,92,261,299,239,153,411,438,429,463,142,401,7,42,475,476,3
231,400,127,139,184,266,101,421,205,386,125,204,336,431,473,248,206,258,252
25,316,399,453,210,242,89,490,378,31,353,412,286,314,196,303,352,247,49
266,48,77,215,146,111,366,262,417,469,31,336,117,96,302,413,329,27,167
383,139,75,366,136,475,191,207,315,469,395,461,430,436,204,28,253,406,9
91,100,417,21,223,264,41,456,175,414,157,253,105,465,215,355,439,350,118
119,426,124,267,231,85,271,366,27,43,404,41,256,280,116,273,485,281,255
139,160,366,264,45,207,266,54,94,208,19,63,56,459,239,373,222,72,361
448,130,336,49,183,65,191,367,50,342,373,42,460,344,417,31,108,476,461
89,225,87,197,401,426,201,481,224,364,214,289,245,49,370,190,474,298,267
43,120,458,272,374,124,375,366,465,402,25,32,214,466,453,114,475,0,351
20,174,144,483,169,292,188,403,198,70,55,88,28,259,451,278,428,39,139
231,264,15,101,476,394,214,413,229,489,174,35,349,170,61,398,157,156,138
88,325,334,288,357,489,336,400,36,13,275,184,447,433,161,139,366,322,413
169,143,146,346,31,348,320,214,405,162,304,366,392,198,216,79,432,317,102
465,292,413,298,428,360,425,276,210,313,20,116,366,112,373,459,279,396,32
221,489,67,206,112,247,346,30,64,402,344,453,89,436,137,176,465,248,285
31,173,188,353,228,366,390,439,430,164,322,373,285,82,374,466,247,94,372
461,89,69,27,178,204,120,224,381,144,388,23,431,460,489,186,53,240,273
100,400,411,33,49,418,353,392,311,135,60,305,371,132,18,29,482,322,366
320,142,12,292,350,374,203,5,226,256,50,259,29,346,299,373,31,247,449
39,195,446,436,313,56,382,69,264,469,95,173,142,266,467,251,453,366,352
442,342,489,430,352,373,336,413,44,9,460,438,43,431,322,67,17,383,211
484,28,157,292,360,147,231,301,155,61,132,261,431,205,112,245,69,410,119
4,430,81,202,305,134,31,435,362,341,49,321,196,386,300,394,339,261,20
342,300,302,485,298,187,67,411,124,216,461,431,456,121,215,136,29,258,90
214,153,139,305,374,184,265,167,459,324,293,266,35,104,164,96,341,483,169
70,9,200,188,149,320,431,87,204,407,373,457,486,402,261,112,317,99,366
299,211,44,209,105,49,264,446,64,293,409,245,139,186,199,66,232,406,65
402,426,271,178,429,465,30,118,13,334,166,366,186,427,272,31,237,488,4
86,408,267,63,453,338,214,488,239,373,186,385,369,37,32,211,149,298,19
406,383,45,437,428,61,153,442,226,181,390,178,367,97,142,373,300,155,198
400,443,190,479,334,350,3,429,36,99,82,373,294,419,73,175,307,354,440
300,302,456,266,292,471,280,124,234,253,145,298,103,166,435,412,479,279,373
411,190,89,394,156,383,429,305,260,431,214,117,300,438,445,64,148,447,254
336,146,92,345,97,31,388,438,102,305,362,12,366,426,309,89,0,368,300
393,402,388,49,421,112,3,31,79,375,353,471,4,346,409,116,237,257,163
4,124,351,42,139,284,298,472,211,373,9,168,406,159,235,421,455,60,143
124,177,382,195,207,337,237,366,388,319,206,105,214,368,396,102,282,236,199
277,74,352,29,145,155,286,9,245,214,257,385,339,442,476,354,166,215,319
31,211,411,113,373,29,75,304,334,457,204,281,361,112,336,92,267,278,244
337,418,99,324,2,412,282,41,463,252,456,366,215,309,336,9,402,281,105
72,336,375,388,342,436,247,255,373,175,167,232,286,79,444,416,202,370,22
320,25,436,297,386,454,460,118,148,299,374,222,40,256,114,241,483,139,366
470,357,226,304,49,45,188,453,300,424,236,438,444,301,381,396,146,67,72
256,277,204,15,397,291,248,373,336,227,199,260,105,89,377,214,169,55,58
489,60,162,463,413,282,158,69,245,67,364,430,317,273,211,441,207,63,118
245,65,217,246,76,49,105,283,452,198,285,344,12,205,51,288,188,227,356
453,142,480,266,48,28,205,352,319,485,402,466,214,337,242,465,206,215,286
260,413,408,264,332,248,17,36,394,209,242,442,162,426,273,60,350,455,28
447,134,320,254,72,188,348,302,280,198,481,81,120,204,479,436,442,65,3
197,139,166,244,471,427,20,165,453,186,356,110,16,355,144,388,411,69,395
166,418,440,260,126,274,239,92,217,383,291,480,396,79,112,366,388,156,340
378,213,170,440,315,431,135,356,59,334,472,164,374,366,469,10,336,324,412
373,256,440,64,120,246,28,357,235,371,107,443,322,420,411,475,222,18,210
344,98,412,240,278,237,297,79,89,173,336,67,40,160,245,366,409,253,365
459,105,245,8,388,364,244,366,456,285,226,457,82,177,112,232,61,66,442
442,139,8,338,336,328,39,426,164,294,411,214,317,358,4,131,209,384,379
41,345,409,13,274,18,245,31,377,318,92,106,363,137,61,325,458,367,442
9,393,376,43,374,160,6,453,396,366,41,409,254,321,131,357,257,191,20
294,308,295,6,210,190,260,226,299,297,374,338,209,114,164,355,285,99,453
280,237,63,161,403,479,121,315,342,272,211,373,355,282,90,234,243,352,150
176,48,211,175,323,139,172,486,42,409,64,186,120,112,456,92,272,425,41
383,131,103,207,484,398,221,362,430,356,40,373,139,335,14,294,313,31,453
439,67,467,382,367,62,53,138,8,457,221,244,75,238,133,222,323,341,230
308,318,462,338,221,440,20,142,89,336,100,1,311,465,112,143,246,120,357
285,427,346,431,286,320,307,184,216,37,373,199,113,344,26,12,17,40,437
469,375,482,108,394,260,414,323,124,241,200,140,191,486,366,177,168,162,181
464,213,386,332,431,62,357,186,416,413,178,150,309,374,69,324,248,56,394
145,384,235,396,366,421,453,430,427,426,234,67,40,261,268,6,457,18,41
220,308,174,51,460,353,206,335,235,139,68,118,117,257,253,421,46,32,236
198,396,356,156,42,320,412,394,242,41,36,331,435,83,188,118,177,267,181
277,301,135,446,120,323,235,69,474,279,409,14,431,383,226,185,300,426,155
409,306,8,484,202,130,434,256,433,466,322,195,61,62,173,366,299,377,374
260,23,402,144,41,413,371,264,60,308,336,121,168,373,479,22,366,482,175
366,68,157,342,16,8,268,463,382,241,386,369,132,388,373,383,165,233,252
136,258,182,413,240,84,195,402,452,453,386,354,477,61,216,218,304,123,261
256,151,431,251,293,77,70,131,463,243,189,246,69,145,179,346,387,146,260
157,246,468,385,428,249,432,136,474,406,8,300,400,427,169,467,284,191,235
271,119,219,60,392,340,389,430,263,42,309,344,139,402,438,278,102,471,41
167,139,4,246,145,228,485,1,242,114,222,158,453,482,469,206,92,348,136
145,416,458,14,446,337,169,462,219,244,366,99,456,315,346,233,177,117,364
336,139,111,158,107,322,163,333,99,36,30,332,377,341,218,189,0,40,41
63,214,442,456,31,29,236,397,485,386,19,453,335,352,35,211,298,42,336
251,64,402,146,124,204,435,144,83,87,222,99,255,131,396,334,356,472,421
291,453,311,170,300,266,33,62,247,53,478,285,472,413,161,484,304,353,90
142,341,431,233,276,64,363,438,265,115,260,402,51,27,25,61,435,336,430
211,63,88,252,159,119,196,26,291,48,412,267,431,459,234,2,105,145,458
377,361,128,79,142,370,323,402,46,102,226,64,391,203,465,472,383,429,224
431,311,287,394,175,336,396,346,364,280,138,49,211,398,445,6,105,88,259
260,412,434,281,79,249,431,485,210,51,227,169,112,312,63,61,465,216,452
221,70,254,215,50,12,250,417,9,393,32,467,234,102,238,7,139,58,442
221,200,417,352,357,99,211,366,116,37,48,304,209,264,346,224,482,214,486
332,137,421,176,463,406,264,436,317,453,39,64,247,374,260,298,220,162,278
435,373,96,402,124,81,49,42,273,291,190,307,57,83,1,461,308,333,46
232,430,426,164,333,20,54,190,76,48,294,28,362,456,310,467,142,374,324
159,45,341,345,219,376,402,414,258,185,9,148,430,43,49,183,65,44,406
477,85,359,267,28,25,371,345,235,3,88,8,447,264,163,292,167,468,442
366,340,225,297,238,344,436,466,174,294,204,362,368,426,321,315,381,139,303
268,401,431,131,11,111,313,31,43,413,41,214,294,316,209,32,75,319,373
49,323,338,467,476,317,442,459,217,154,191,315,403,470,431,102,350,348,465
144,40,330,374,132,424,96,440,103,199,443,258,401,139,152,369,325,183,4
119,322,175,233,209,81,346,266,7,181,425,146,476,171,245,336,458,374,367
148,373,11,393,443,280,107,224,144,401,346,458,279,264,70,188,90,41,56
294,373,46,247,325,122,433,366,48,245,211,452,95,226,300,111,79,209,320
3,429,177,256,190,338,42,463,391,53,29,76,313,254,320,312,31,249,287
360,95,409,114,305,43,32,432,41,214,298,229,40,83,440,300,402,31,427
55,397,417,386,260,8,114,112,142,176,394,188,369,1,366,401,245,115,233
108,218,95,96,469,366,459,479,76,450,64,114,444,318,269,271,374,373,49
298,255,373,155,216,405,333,388,47,175,447,468,313,202,456,124,95,214,352
348,121,390,366,51,451,66,153,383,422,123,472,89,431,173,439,342,27,148
56,12,227,354,188,76,337,415,134,378,124,366,282,453,121,405,131,293,187
438,64,296,182,367,37,92,134,188,388,393,114,172,348,218,63,382,256,110
77,115,422,401,105,366,485,291,468,471,229,442,486,159,383,454,246,417,134
414,61,179,464,198,256,175,427,25,436,400,393,204,254,145,384,304,105,316
426,278,362,212,157,45,30,3,144,61,57,378,20,443,258,385,323,255,367
222,128,264,130,400,64,416,455,287,19,385,308,265,267,346,298,45,105,412
58,472,276,373,488,302,386,292,32,81,222,65,41,210,253,442,186,413,108
146,394,156,484,284,110,31,355,238,409,1,210,384,155,99,457,46,316,395
139,360,484,431,25,472,77,332,374,255,366,315,175,55,453,110,257,261,124
366,401,153,373,336,152,396,429,186,312,376,121,348,456,69,461,150,319,431
326,105,453,367,373,24,209,388,145,282,155,133,226,416,251,304,245,267,195
473,65,489,280,479,373,20,64,436,245,366,88,462,29,136,146,348,286,105
56,338,489,197,373,298,436,400,431,303,28,439,87,0,434,312,212,447,46
241,299,484,59,45,214,136,278,486,267,413,153,412,115,224,227,337,161,285
112,169,331,393,266,285,55,49,145,374,204,413,305,238,122,367,400,352,209
92,439,60,261,469,113,283,308,4,440,209,208,5,452,282,401,266,377,173
367,376,399,43,4,371,65,213,461,380,433,476,178,235,401,426,468,353,223
429,204,485,70,371,127,449,390,177,430,460,393,206,298,268,137,311,391,63
476,256,413,204,226,366,427,158,453,364,436,187,281,397,200,460,62,382,182
221,336,116,27,481,151,409,56,373,49,431,269,224,138,92,164,462,79,468
179,346,167,211,260,118,334,406,469,71,261,137,479,474,245,322,373,214,125
402,270,221,120,150,85,168,247,231,453,259,18,163,388,462,346,408,100,225
219,332,66,366,53,251,429,440,467,89,2,434,350,302,371,176,13,232,121
83,187,176,483,298,364,252,14,322,155,368,36,425,472,198,388,169,334,110
222,26,105,458,428,190,344,170,355,402,366,479,375,255,472,481,424,226,211
62,204,279,317,428,381,76,373,404,103,8,374,265,391,352,117,260,245,442
406,425,253,71,453,260,174,145,105,261,201,0,386,456,348,479,264,340,431
302,32,391,107,221,429,393,25,369,397,121,182,190,45,453,301,144,198,374
70,434,483,76,31,289,359,459,336,121,366,341,253,169,108,188,247,374,124
195,61,199,218,476,430,246,353,461,115,242,247,318,95,71,152,144,162,105
426,462,264,476,355,103,139,153,371,175,72,31,402,465,81,336,13,79,344
40,440,190,292,99,165,386,224,413,204,452,30,369,102,243,246,264,162,396
4,437,211,50,167,49,394,115,488,37,31,162,24,281,404,479,213,221,198
31,27,137,130,185,456,460,60,36,81,272,488,481,464,482,337,434,202,223
175,331,355,244,480,361,467,322,396,449,479,173,439,408,401,427,453,413,277
417,20,139,486,247,488,482,246,475,446,136,264,392,146,9,121,161,47,346
403,31,297,393,337,284,70,335,160,457,348,267,440,465,204,43,166,321,216
429,44,127,241,218,267,109,398,276,409,46,49,425,338,134,70,406,7,55
185,413,334,49,67,195,293,362,161,238,182,366,396,57,156,128,389,123,429
206,374,461,221,438,340,222,167,422,304,366,452,159,408,4,204,273,394,373
221,258,366,27,476,157,324,152,205,5,110,362,393,66,240,285,153,426,339
59,65,243,426,220,79,413,311,84,208,371,377,6,265,438,81,390,453,460
288,366,402,105,139,198,398,126,339,53,353,260,481,408,393,289,437,227,430
190,229,345,132,388,32,245,374,258,427,109,472,246,202,462,31,370,0,394
366,301,42,91,475,19,102,367,17,71,320,223,99,391,352,124,106,208,169
31,464,226,152,396,173,331,268,375,336,433,366,12,310,243,394,47,280,71
469,35,314,467,49,349,389,463,76,388,367,426,258,309,320,215,97,114,366
396,336,256,447,211,75,161,367,163,266,13,383,299,189,99,244,286,366,344
178,4,476,434,132,137,406,96,346,105,401,212,9,254,350,344,436,62,301
105,450,331,352,214,362,478,196,26,164,349,337,250,167,247,382,409,243,472
353,374,146,31,2,134,273,439,3,434,184,399,386,137,410,329,447,346,463
25,176,102,342,352,164,31,264,341,92,449,366,35,452,134,100,131,88,228
222,109,253,409,411,31,336,139,416,189,98,285,204,108,110,298,398,206,29
416,464,286,223,338,411,79,352,261,118,137,285,83,396,31,231,401,452,368
453,404,388,366,319,426,235,277,362,231,396,178,197,469,271,53,177,246,190
191,382,490,31,12,300,65,180,291,33,352,254,177,112,185,173,474,346,267
366,413,280,209,139,148,41,284,301,116,89,452,471,393,336,11,67,373,377
406,144,413,202,24,405,128,210,348,274,334,51,139,135,31,267,69,292,264
281,85,47,390,20,127,332,244,204,139,485,308,181,331,53,29,354,105,344
69,446,139,388,303,266,334,405,432,2,196,356,308,229,411,252,185,67,436
237,363,175,11,289,366,482,206,401,58,61,56,234,119,444,317,294,361,188
166,189,272,284,253,402,294,210,445,11,394,363,352,65,2,237,180,371,374
185,260,178,136,289,65,266,292,60,472,232,93,327,355,31,298,402,145,364
221,341,256,304,476,11,366,344,165,274,431,267,332,479,266,32,174,367,383
436,148,7,83,422,245,371,382,124,469,0,139,137,467,238,366,444,259,298
434,366,383,232,479,31,41,388,298,317,199,115,132,464,211,299,300,68,447
480,153,286,5,292,79,413,336,469,476,119,253,386,340,436,205,302,187,424
243,198,427,204,459,384,298,286,245,453,196,449,464,255,297,402,41,485,357
6,190,445,138,112,268,276,245,387,196,241,169,134,252,325,178,218,117,290
207,294,462,362,387,413,81,432,190,148,88,366,360,221,156,260,405,196,31
157,169,67,387,286,267,322,376,175,208,166,43,245,412,418,204,390,459,394
460,173,143,414,366,41,353,283,120,81,227,69,407,68,377,49,280,303,408
89,42,272,441,290,148,110,142,257,204,85,367,15,304,156,190,112,364,245
337,267,336,334,9,463,431,436,60,85,445,77,159,206,142,461,64,397,155
426,248,429,362,432,399,481,45,159,443,245,382,190,413,252,87,201,7,198
36,427,303,190,485,417,148,81,273,264,139,195,327,472,192,430,92,446,457
336,134,310,421,282,388,334,119,83,406,363,484,368,174,32,340,319,142,476
53,215,164,137,373,472,184,426,223,219,79,300,284,338,70,366,430,221,75
292,380,436,142,18,218,221,262,199,68,224,23,453,130,405,334,61,301,351
299,326,324,257,431,175,64,308,335,3,56,224,103,336,332,478,444,202,334
434,220,124,331,245,169,450,446,373,304,375,231,374,207,390,222,462,286,336
20,336,187,460,280,42,175,331,62,366,467,198,73,115,440,319,140,226,438
191,366,28,486,369,26,130,49,374,299,286,467,258,399,474,264,438,118,391
13,133,235,130,135,342,116,442,281,341,210,207,439,72,319,204,45,79,21
474,366,112,19,454,63,417,190,291,154,40,444,373,352,488,461,31,420,381
115,431,453,245,400,295,373,305,211,76,481,314,219,19,119,132,476,477,473
143,366,135,463,260,426,177,385,374,56,88,65,428,178,53,311,70,145,25
242,436,453,139,209,27,197,214,450,42,366,413,308,164,176,314,60,356,190
25,30,271,384,431,240,190,453,256,247,128,319,166,464,257,149,137,392,456
431,464,364,436,275,214,371,245,396,75,442,223,345,11,292,319,463,373,42
354,442,446,280,229,346,160,393,366,470,428,400,472,299,20,164,158,453,410
71,407,172,105,374,72,413,65,97,476,366,272,122,254,317,438,87,429,332
468,50,191,367,336,43,95,360,374,182,260,429,482,21,124,319,464,383,49
274,385,467,102,373,120,139,2,340,6,322,299,72,85,368,223,91,49,309
10,273,198,250,9,342,472,45,180,144,256,489,190,214,281,394,138,387,344
214,228,144,394,318,304,393,356,155,68,295,65,249,14,45,401,136,472,20
245,402,40,473,232,373,139,428,447,338,43,150,301,246,455,144,175,1,255
61,68,472,232,378,239,124,155,169,179,366,176,30,469,343,81,36,177,330
68,51,366,56,319,378,183,49,118,323,165,350,436,486,63,388,345,317,453
175,483,142,202,76,4,204,45,57,286,250,245,258,218,378,24,124,414,308
273,280,299,233,377,55,336,9,270,166,427,148,373,313,420,475,465,359,286
373,481,179,32,219,246,209,320,471,325,363,228,453,14,261,198,268,247,439
143,17,431,168,85,166,68,237,335,157,154,144,440,92,119,333,228,374,214
408,430,8,253,102,175,264,85,64,164,234,65,35,139,88,435,464,81,277
255,145,366,472,377,233,31,254,216,211,374,410,373,42,460,453,464,57,84
446,273,285,386,366,388,331,260,43,336,409,479,56,241,69,453,393,217,403
92,48,182,49,384,369,271,374,460,18,156,382,351,361,214,31,482,395,489
32,27,327,332,269,185,360,47,286,373,402,251,167,322,177,436,391,170,231
369,166,172,374,188,279,334,137,337,271,310,174,76,243,366,428,124,253,226
185,232,440,63,479,223,215,395,56,352,456,146,114,388,19,389,266,364,201
409,373,218,112,411,150,3,13,481,42,313,224,34,203,77,188,40,120,410
84,371,433,264,427,366,246,137,185,54,242,223,334,438,356,373,461,340,62
175,303,263,366,383,177,169,102,92,415,245,31,238,182,214,362,173,233,463
400,280,35,61,97,249,65,107,264,420,373,471,436,3,363,145,371,366,83
291,387,353,481,337,42,63,189,488,274,300,298,243,113,124,74,414,175,197
46,214,2,229,462,336,375,159,315,440,107,169,473,430,431,201,161,300,366
415,476,189,31,393,213,386,408,269,215,169,428,157,66,383,72,466,362,306
404,96,333,305,119,476,430,436,336,226,427,76,378,132,453,334,441,446,116
136,276,323,223,341,96,88,207,45,440,211,261,430,442,385,175,139,214,286
461,373,376,129,474,86,366,400,264,398,249,255,253,245,371,395,45,207,311
453,60,156,67,32,138,366,253,144,298,282,69,443,461,337,489,160,408,254
176,202,260,341,186,18,399,90,177,110,233,366,258,146,124,223,417,452,436
244,217,142,194,120,42,212,388,406,414,112,250,402,129,469,432,82,337,489
19,431,265,437,12,1,235,277,433,332,268,53,81,257,469,436,352,336,363
375,318,207,169,393,160,134,280,217,110,411,98,400,25,396,62,322,81,462
442,466,245,415,473,20,336,256,157,297,486,475,278,408,429,68,355,302,190
409,245,139,246,256,381,459,292,218,401,251,469,266,29,404,281,16,57,442
98,261,410,169,325,373,366,54,188,185,264,180,133,233,11,226,8,222,61
293,412,366,190,226,224,396,464,326,235,472,370,151,411,29,16,247,309,138
412,253,431,334,264,321,242,43,68,142,472,114,199,102,257,398,217,255,373
373,139,467,336,374,172,2,224,316,217,444,279,214,455,359,388,269,368,8
49,42,281,430,123,319,298,215,204,237,198,394,180,426,145,92,226,8,398
476,102,2,453,393,382,187,442,426,350,180,436,214,329,485,445,245,285,266
442,413,362,364,109,222,41,354,388,103,169,339,305,191,186,392,2,159,247
451,470,414,393,417,49,81,31,112,367,255,366,53,388,373,115,430,243,266
29,96,455,251,28,200,219,453,479,486,241,31,195,299,414,384,398,160,171
74,1,29,398,274,428,214,448,156,483,409,362,316,49,425,233,284,373,442
206,336,264,81,374,356,49,367,32,438,114,263,247,202,21,76,16,210,69
82,206,31,396,419,138,434,480,342,373,155,157,462,190,298,49,367,402,105
219,114,366,216,46,393,371,245,144,49,372,190,367,29,369,57,175,340,464
386,36,292,190,416,121,134,59,102,215,434,349,308,198,382,218,181,452,283
283,429,227,365,121,144,462,56,393,245,146,141,394,110,482,253,407,80,204
57,81,366,232,342,92,111,31,95,225,183,407,206,249,473,303,336,398,426
184,438,69,323,18,28,142,357,355,475,237,168,137,253,423,105,446,312,49
397,28,392,97,223,454,243,156,279,403,2,61,305,317,242,443,451,188,426
123,211,309,373,153,438,325,362,79,323,275,124,292,252,113,229,268,32,243
266,179,121,300,448,63,210,334,117,265,120,77,260,365,42,14,189,206,482
97,412,169,273,112,76,446,396,301,89,252,31,488,5,356,254,453,75,214
394,362,299,202,143,461,264,8,21,374,134,385,257,477,255,443,263,463,31
428,189,148,355,267,486,59,394,167,310,39,105,373,62,230,421,360,414,300
230,474,141,188,204,245,398,71,297,232,67,273,268,266,417,191,107,210,50
211,43,241,386,50,431,8,296,170,292,124,31,414,452,78,108,373,232,412
148,469,278,317,263,411,198,324,229,139,203,124,85,153,373,177,107,337,433
429,445,170,39,94,177,227,409,196,202,374,377,197,476,188,388,271,478,402
465,429,373,418,315,285,486,338,188,178,71,124,209,267,459,320,64,150,159
473,206,342,411,401,245,334,446,425,429,169,366,278,407,166,178,379,428,61
64,226,1,381,209,406,9,414,169,393,31,2,105,386,240,413,489,405,348
210,439,117,373,387,388,425,476,350,131,371,229,311,169,253,391,452,41,126
421,134,444,476,459,408,69,169,488,214,79,189,405,432,448,196,334,298,161
19,352,65,247,61,336,283,443,157,20,431,473,409,196,334,84,453,56,273
13,283,426,224,369,303,390,420,417,481,425,344,373,68,214,72,245,113,210
230,473,63,376,415,68,483,334,320,271,319,434,70,32,305,247,3,178,260
361,41,260,421,188,4,374,58,144,397,406,344,336,203,473,21,386,118,402
146,156,461,218,109,31,373,300,226,220,199,238,44,393,341,245,413,69,191
302,282,195,15,432,396,214,366,337,199,6,362,10,459,368,329,66,485,25
129,393,183,446,44,366,69,305,336,134,397,251,31,257,102,486,190,462,120
10,469,118,385,90,77,366,188,145,284,142,486,388,438,300,204,206,465,172
219,430,124,178,37,185,262,342,453,319,424,402,171,128,426,176,156,110,265
233,202,431,28,209,216,65,142,51,164,334,458,430,214,370,390,421,203,366
385,13,110,354,31,433,336,9,147,287,267,8,103,34,475,260,283,81,315
246,133,203,355,353,15,299,293,310,352,337,205,323,190,145,281,396,135,242
94,4,22,292,281,264,220,339,435,224,120,426,298,273,71,42,482,1,212
112,275,413,232,323,100,366,478,402,83,449,315,30,151,377,66,373,139,246
430,394,162,172,180,354,245,346,474,317,110,485,410,47,453,135,134,285,239
92,443,251,12,374,168,257,171,375,174,0,56,124,323,200,436,214,483,396
297,374,426,255,352,402,440,364,300,118,247,103,340,268,168,189,469,139,442
373,185,377,232,221,71,46,86,154,421,215,134,145,53,268,102,210,388,406
243,165,364,252,441,70,381,121,12,454,81,287,298,191,436,303,245,412,426
131,324,407,396,483,200,463,443,123,259,430,424,121,4,341,374,58,394,159
75,202,215,110,342,346,22,120,288,174,412,399,169,153,31,300,472,61,453
282,348,145,221,77,476,425,374,174,163,298,490,220,408,257,366,112,478,336
6,115,341,92,226,116,161,211,475,198,305,363,322,253,369,178,134,381,443
260,313,486,233,189,409,286,388,436,42,338,331,169,311,336,334,244,272,321
316,344,479,356,401,213,450,50,412,297,474,13,85,42,267,224,226,323,274
406,397,408,203,63,342,396,96,198,461,247,111,453,88,92,7,39,374,455
382,175,90,383,299,189,285,352,125,453,369,385,197,21,138,309,485,374,319
271,79,396,174,145,169,259,219,486,483,84,456,253,442,264,20,466,426,215
190,44,363,300,397,32,325,175,114,302,392,51,43,74,178,234,148,388,460
479,353,31,65,462,294,151,394,12,237,195,42,431,247,324,227,396,370,426
115,488,146,284,390,366,229,367,388,79,380,266,465,189,70,352,108,116,181
426,386,122,284,203,461,105,305,406,448,76,317,292,55,336,408,486,245,405
472,156,482,463,98,449,11,81,412,283,112,445,477,279,377,411,237,413,348
214,50,352,355,41,373,25,110,138,135,396,81,159,151,239,33,470,284,393
31,129,427,132,393,408,292,171,281,274,463,398,378,299,208,44,260,215,446
61,27,392,170,307,311,284,433,345,479,198,381,228,452,410,323,70,55,334
399,431,387,430,373,351,469,406,366,448,90,490,390,482,83,348,426,305,158
110,156,139,202,278,199,211,215,388,319,334,442,36,308,164,409,377,123,137
41,264,43,81,127,273,322,443,253,199,402,39,266,366,489,299,166,171,16
411,252,402,197,315,409,366,488,278,31,413,314,431,169,458,70,420,355,461
268,349,461,4,84,374,460,200,282,476,190,1,7,394,75,254,114,382,61
430,257,398,114,337,294,222,431,6,169,317,149,316,473,218,121,436,272,476
190,320,20,72,187,287,222,45,41,336,275,176,69,315,421,16,145,362,171
374,413,324,361,26,485,32,350,472,212,205,292,159,401,121,48,335,400,280
138,371,42,366,238,212,309,46,245,415,286,258,75,211,113,26,249,267,463
480,177,413,366,477,436,353,143,1,402,373,357,11,142,184,252,441,392,6
297,16,9,266,197,64,180,412,377,386,366,393,428,342,315,142,245,244,95
384,174,452,337,403,331,115,171,370,42,319,0,5,259,374,410,366,28,254
390,406,280,426,448,323,355,215,157,400,353,31,330,376,177,420,132,219,102
325,366,431,336,55,67,407,467,26,249,202,222,245,122,469,146,350,120,348
205,8,31,297,146,346,61,190,339,211,363,483,187,188,453,422,219,14,394
429,49,129,332,479,8,287,444,319,462,413,199,256,149,364,146,404,212,258
413,476,99,433,408,241,165,342,161,282,390,237,402,334,350,374,136,258,134
214,353,231,264,366,77,261,92,85,157,356,376,158,266,89,436,472,463,62
387,459,267,264,88,450,349,239,313,266,483,366,373,256,203,61,436,170,335
431,7,184,408,324,352,244,429,298,20,114,282,224,345,453,162,92,286,342
413,146,330,409,224,366,31,357,300,436,249,132,76,124,211,87,394,421,476
305,322,245,413,397,102,431,31,69,436,45,254,362,20,363,5,304,37,320
448,483,244,186,446,465,96,488,148,263,28,201,65,390,72,29,171,298,434
57,65,453,369,280,444,388,409,366,294,52,226,442,338,82,219,268,76,8
346,246,214,443,146,190,121,213,206,336,368,409,450,370,173,391,473,285,444
334,40,436,281,112,384,429,109,41,256,161,257,309,447,218,180,293,390,329
133,429,369,410,49,334,472,394,192,144,330,366,188,278,263,460,203,258,436
127,224,413,331,409,169,84,281,135,175,446,300,211,59,489,298,377,323,283
155,452,132,219,139,42,137,334,204,413,430,374,92,390,18,81,142,268,134
344,244,439,53,431,480,302,440,174,331,214,366,188,127,45,46,436,29,134
140,130,160,199,254,190,20,43,469,300,432,205,204,114,264,169,188,399,353
257,146,388,172,39,169,319,63,482,336,138,182,113,373,65,357,231,342,409
304,70,195,76,5,30,128,398,91,294,272,447,411,175,261,269,367,356,8
300,90,342,485,76,428,463,281,214,40,332,331,169,465,489,252,442,451,350
476,402,169,472,164,217,120,298,239,251,364,396,72,322,308,350,393,146,300
79,278,205,432,90,485,199,390,195,463,336,431,373,143,305,197,367,21,274
352,244,87,258,128,484,92,23,71,0,190,25,354,247,112,131,405,83,473
120,118,234,132,339,139,113,41,144,348,394,388,211,398,323,311,216,264,204
48,110,475,297,319,436,226,10,452,135,445,286,373,227,471,134,95,366,310
169,270,431,196,394,429,393,250,198,234,188,42,49,22,463,352,242,247,232
49,188,341,489,292,453,159,20,96,142,283,265,89,356,375,241,187,256,240
110,196,413,185,483,396,33,20,253,394,44,235,60,319,223,359,195,245,256
266,326,366,221,32,465,175,25,300,134,207,4,298,120,190,397,11,479,486
239,242,381,182,82,486,383,289,481,68,184,424,276,393,293,363,446,275,311
359,393,459,40,425,450,267,431,85,453,475,268,113,76,334,89,103,228,181
440,342,399,31,197,11,443,119,245,174,184,140,234,299,294,130,431,374,478
141,41,412,118,272,367,239,145,200,198,398,302,282,325,130,2,119,96,49
366,298,468,221,362,59,430,131,356,394,240,400,336,278,290,214,173,373,429
383,373,474,62,239,215,421,232,388,284,309,357,454,355,201,204,64,45,1
143,285,297,356,366,231,245,31,49,368,453,204,92,176,308,309,40,298,247
334,298,21,245,232,357,436,18,16,256,320,305,350,247,482,273,313,309,430
84,438,478,304,6,334,8,352,175,453,305,234,275,289,264,268,277,210,208
53,156,374,200,261,67,177,392,399,472,334,337,471,366,163,241,238,100,150
422,457,59,239,34,82,471,98,353,436,135,211,205,237,247,350,340,246,336
367,373,41,286,405,134,357,453,90,2,62,40,390,433,120,321,429,31,33
452,69,221,417,299,31,388,44,366,456,245,409,464,166,201,466,199,465,3
261,142,471,202,396,77,371,366,398,198,6,403,469,257,380,409,429,252,458
469,319,115,51,274,204,332,255,34,322,143,316,373,378,298,473,231,288,366
35,336,112,411,366,483,266,469,169,305,40,92,236,382,451,243,367,160,164
89,412,414,7,458,226,213,36,489,460,185,424,111,336,269,472,114,53,367
149,365,85,298,87,202,252,49,452,382,386,374,340,440,226,288,366,401,352
438,395,476,49,186,300,141,247,169,409,272,48,179,239,412,267,266,215,366
41,298,284,401,37,9,485,428,229,131,258,316,483,136,140,464,88,167,64
374,350,302,169,31,446,273,49,403,113,142,156,406,102,369,266,434,144,145
387,286,431,156,355,79,162,368,49,306,441,246,417,77,178,117,46,273,252
281,128,266,479,237,364,467,82,336,97,359,396,448,350,297,188,129,187,102
334,7,266,373,67,247,101,323,479,393,167,124,473,289,421,453,357,281,437
469,346,189,305,475,355,282,255,373,283,431,462,22,261,23,369,190,204,447
316,28,453,246,383,271,334,361,164,226,258,237,336,79,181,243,356,436,378
164,436,298,50,215,386,408,402,413,48,175,366,398,214,456,76,297,190,469
109,269,461,422,257,26,188,143,485,31,436,68,384,472,32,69,48,298,11
376,89,474,114,459,49,332,112,139,465,300,319,258,266,400,445,383,448,70
363,145,72,320,440,287,359,239,394,303,376,354,315,197,31,97,403,368,49
31,404,23,373,465,366,138,400,167,322,4,247,323,79,317,409,300,275,376
204,24,195,245,251,417,112,366,57,144,249,302,373,135,313,275,321,137,247
195,131,258,42,354,243,337,143,28,448,413,346,366,444,464,41,200,137,369
338,458,355,475,321,304,464,354,174,265,323,58,391,124,409,282,83,188,344
409,223,331,412,366,3,64,30,259,411,360,161,278,26,245,39,431,383,144
412,397,384,242,469,464,3,223,300,431,245,202,340,25,366,155,49,323,215
154,202,336,308,338,178,45,442,244,357,135,14,453,204,465,130,342,42,117
85,145,189,12,8,366,245,327,439,147,323,5,71,255,451,57,463,363,357
149,7,132,187,124,388,28,462,433,363,116,276,338,444,138,62,299,12,71
17,374,401,142,482,120,252,367,436,190,421,169,461,397,383,462,134,49,207
226,27,64,268,46,446,396,70,174,203,82,456,275,318,234,243,253,421,348
234,269,272,261,459,35,148,362,164,285,246,68,295,142,196,413,479,128,137
377,267,338,376,463,278,486,139,49,31,422,296,322,198,362,245,75,150,430
110,331,245,89,327,20,373,448,215,31,396,170,157,318,253,442,481,204,486
233,463,462,332,268,342,244,28,41,346,333,78,300,440,62,57,311,266,251
483,187,247,49,393,32,223,83,246,231,36,420,31,218,275,135,169,429,314
230,322,49,476,298,269,390,373,441,135,461,473,489,403,41,380,413,430,350
102,394,60,436,45,51,17,252,204,253,350,217,242,266,209,373,341,273,297
231,152,294,68,334,438,196,342,20,333,448,41,163,139,259,348,452,366,124
100,305,57,488,32,363,76,18,199,398,436,70,232,424,168,65,148,201,28
373,330,424,14,456,218,29,429,267,296,208,398,100,97,11,353,114,49,39
161,137,321,240,290,413,409,342,302,155,453,425,332,27,234,463,374,270,183
24,373,446,219,12,157,116,478,161,56,470,443,232,211,32,127,100,296,368
196,405,145,235,213,50,366,382,469,453,283,247,315,2,162,142,322,147,305
334,393,362,31,406,176,139,49,411,320,451,10,201,103,212,46,48,133,369
5,402,457,465,151,137,367,58,483,15,32,266,368,39,159,233,327,377,103
139,67,242,337,92,480,89,478,41,309,406,55,390,470,479,137,381,394,218
28,286,471,304,15,71,211,239,373,92,253,408,83,350,266,31,162,185,112
81,277,474,473,135,346,397,334,45,331,299,454,16,209,141,313,438,354,302
292,316,57,48,290,446,226,289,322,132,392,20,317,71,210,373,221,14,325
366,179,249,426,137,261,264,226,230,423,483,373,374,170,246,392,211,346,460
173,41,145,244,99,248,323,76,364,396,334,31,157,66,159,214,90,195,247
313,139,21,308,276,291,102,31,364,337,196,300,20,409,425,416,370,311,49
181,40,301,431,397,474,15,392,373,43,213,286,148,187,336,50,166,254,451
367,472,304,286,338,222,90,368,162,61,323,319,384,373,80,336,144,153,11
468,471,303,68,71,196,49,146,62,27,162,135,273,409,127,490,34,138,450
292,393,76,174,21,69,414,117,369,382,330,49,360,226,388,27,134,164,233
45,146,298,245,237,371,160,417,252,266,54,13,79,188,476,333,267,120,214
54,40,25,266,231,319,426,155,30,99,331,189,216,196,326,209,373,141,229
355,314,242,311,305,210,356,370,413,373,168,135,364,393,475,412,204,100,369
246,117,146,298,221,424,20,291,312,490,480,285,428,267,434,214,132,324,453
399,431,216,256,137,4,393,355,390,71,267,103,270,31,338,314,283,49,403
425,434,88,413,374,71,251,197,458,263,3,61,159,66,317,214,207,55,334
156,396,170,463,478,233,112,184,100,289,234,453,70,399,335,294,377,464,199
176,63,44,267,437,233,7,83,188,29,61,384,485,154,300,186,172,489,481
170,277,109,472,195,359,314,266,434,215,366,394,245,250,453,138,1,306,124
207,214,266,355,337,265,57,113,390,294,90,173,85,374,428,366,12,177,454
439,277,447,156,442,282,7,188,9,368,324,431,31,369,142,412,49,392,472
484,284,169,198,20,427,476,56,298,292,83,401,355,348,350,437,275,22,158
325,234,316,322,395,49,160,88,488,240,475,480,63,336,464,135,3,394,110
210,271,336,366,248,149,341,267,157,140,218,29,114,268,118,25,467,325,183
35,441,388,336,198,294,142,7,31,324,458,407,181,34,315,41,334,422,81
179,318,352,465,266,286,366,402,187,64,445,323,411,72,197,60,215,484,134
169,260,139,460,31,338,9,61,309,332,185,289,315,483,383,393,15,363,334
224,342,336,215,441,266,140,204,50,463,184,393,199,112,425,246,452,173,264
81,190,198,169,480,135,267,293,211,214,246,289,312,434,390,442,196,298,412
377,407,220,355,206,363,54,283,251,85,471,208,344,65,298,398,77,451,438
410,69,297,246,133,266,76,413,340,334,454,110,390,245,393,27,354,119,322
292,390,489,186,146,300,438,298,138,40,97,291,387,164,464,223,242,196,184
453,254,374,483,372,214,224,305,264,139,63,25,246,336,130,301,145,137,66
238,404,366,331,243,183,160,222,236,3,46,394,251,297,65,89,373,112,32
438,485,476,24,51,431,67,393,442,453,258,261,237,4,139,268,394,410,31
181,139,211,112,226,31,430,105,411,168,173,474,390,472,463,413,321,195,44
176,427,424,137,184,139,241,371,471,476,49,317,260,280,9,265,341,320,394
76,222,294,254,299,188,433,241,130,187,252,200,440,2,1,394,129,19,345
144,57,438,336,300,468,169,167,107,115,476,186,426,428,466,409,355,398,219
88,37,82,297,36,207,287,33,24,27,393,227,124,317,353,266,175,373,256
90,252,137,243,286,215,466,66,374,35,247,364,366,241,141,31,127,469,476
372,438,420,294,169,366,40,105,60,409,254,250,297,388,462,374,472,321,72
321,434,135,69,352,238,177,222,381,107,283,203,403,20,336,324,57,134,61
159,174,175,411,219,268,413,442,224,85,35,324,216,367,229,436,417,274,66
63,296,248,357,362,49,148,436,65,98,373,161,154,483,298,251,399,431,460
479,36,448,83,206,27,95,412,413,118,67,371,424,214,91,328,127,256,196
46,119,129,231,462,235,380,278,361,469,329,188,157,12,425,416,409,458,134
232,75,361,366,83,320,434,455,139,376,461,252,231,209,49,53,169,240,5
434,339,292,489,442,157,105,436,410,97,472,28,209,336,41,312,195,260,30
35,334,85,70,352,426,14,348,363,434,388,250,49,153,20,267,383,344,144
14,200,392,484,178,355,186,233,251,237,43,214,153,99,315,382,431,367,352
366,175,415,259,479,75,440,286,70,431,383,315,161,137,374,32,362,323,162
329,473,139,461,264,240,158,105,304,42,338,98,228,303,226,267,406,135,159
225,280,401,410,413,394,223,231,409,455,268,294,261,365,362,350,388,198,267
366,472,118,276,169,361,397,467,176,292,346,214,37,112,15,91,463,232,298
182,112,29,456,267,24,377,300,301,431,263,27,319,203,223,183,121,472,224
31,430,312,428,112,118,258,455,400,355,242,144,61,299,479,246,100,188,37
336,139,366,317,5,223,220,428,414,338,446,9,448,348,43,83,367,183,488
264,210,178,336,426,134,20,12,145,461,396,423,346,227,76,157,162,27,289
45,368,233,442,476,11,237,392,40,394,65,350,245,357,113,430,396,112,201
400,374,367,144,267,69,453,272,471,11,263,180,409,2,6,334,119,385,398
431,64,57,179,175,396,433,266,138,424,457,334,464,407,486,193,97,385,3
161,408,46,203,28,49,168,229,128,321,407,430,368,174,489,481,42,68,167
18,355,160,69,242,455,176,115,367,268,13,371,273,464,408,128,215,138,95
374,159,39,226,463,182,346,402,413,79,301,144,222,438,107,444,376,480,175
188,143,42,312,446,483,280,112,122,102,242,311,408,303,202,205,357,307,443
365,371,464,63,408,138,256,242,87,448,31,334,9,395,127,184,374,56,452
147,366,353,407,451,263,11,123,254,352,473,413,264,102,376,135,230,429,368
121,264,335,192,132,71,110,378,259,4,31,268,232,360,261,396,447,27,23
373,135,134,79,226,1,321,2,348,355,124,185,367,188,146,31,140,166,43
4,359,350,114,100,211,346,214,366,486,183,159,169,336,393,46,436,362,299
203,137,476,304,393,182,362,399,32,51,426,241,103,475,65,449,373,233,425
490,331,32,412,57,150,444,462,341,260,298,372,267,477,141,190,373,388,391
211,64,436,461,161,198,159,403,72,340,264,363,404,21,350,409,220,240,135
223,388,413,136,202,316,49,373,168,404,300,453,303,436,159,406,272,41,381
253,66,434,373,298,39,112,284,424,9,63,278,234,97,197,355,368,485,42
334,425,400,64,476,256,142,111,143,436,433,467,219,367,145,382,41,460,7
368,132,342,426,232,484,355,70,351,214,188,31,149,399,256,230,56,251,118
211,260,62,241,335,371,180,135,151,428,394,305,334,458,485,478,383,465,298
317,363,472,338,428,480,340,102,271,137,460,100,25,23,434,436,29,247,245
47,245,79,278,317,394,44,179,4,1,98,297,363,453,298,374,478,190,46
462,363,73,373,407,165,463,425,298,239,64,294,169,227,377,90,155,207,357
393,8,138,41,469,169,257,49,156,265,233,387,21,39,272,374,245,438,396
396,99,413,49,268,108,258,179,223,178,70,140,260,65,208,436,356,273,429
71,480,355,13,441,431,6,214,9,257,162,78,429,490,210,261,139,223,56
214,190,350,353,206,184,201,202,25,281,387,3,483,189,245,336,145,407,322
56,216,396,386,61,208,29,362,444,289,79,92,49,318,4,196,260,26,54
19,249,215,383,428,224,36,319,6,164,248,229,212,90,412,476,313,190,321
199,489,62,282,466,221,43,209,53,348,453,95,222,85,226,88,266,297,304
82,247,234,233,49,300,171,260,366,390,128,373,365,412,245,361,388,346,242
409,341,285,129,490,144,486,114,216,440,78,298,191,214,84,174,251,150,388
344,444,252,438,259,83,353,460,10,316,234,23,476,260,76,222,11,441,26
75,21,12,92,339,57,118,220,43,203,466,157,68,381,31,348,15,412,442
461,145,304,413,108,447,190,373,36,292,239,450,396,169,279,211,343,280,452
425,91,270,159,279,135,452,266,49,148,76,169,245,36,486,426,30,185,432
413,120,203,31,214,366,471,436,50,426,49,178,153,77,333,298,202,281,265
477,440,264,96,331,246,29,128,465,271,366,189,452,253,169,16,406,299,153
268,264,272,296,373,283,440,31,482,366,475,215,289,271,316,82,187,486,390
121,64,399,364,356,361,472,222,483,362,366,133,204,272,429,66,166,357,334
412,441,341,442,336,325,337,338,394,490,316,92,339,11,289,374,424,188,448
195,285,177,469,222,465,211,220,10,223,37,246,415,403,401,164,431,217,267
0,211,323,377,366,384,252,431,198,239,34,246,54,61,346,180,447,448,438
247,460,459,437,184,426,366,8,391,12,158,322,139,112,405,92,401,370,49
463,413,186,4,366,244,76,317,368,230,354,130,242,355,256,283,420,319,383
267,48,465,249,341,57,188,19,281,412,432,245,321,68,3,153,13,404,186
329,90,488,241,385,209,61,490,461,266,261,444,203,452,306,32,484,186,0
462,148,342,48,42,453,447,461,469,0,268,25,377,239,2,151,122,50,61
64,127,204,112,87,370,150,162,375,71,309,158,373,135,412,386,3,402,303
291,383,112,387,369,94,31,271,282,366,17,89,424,92,153,149,176,113,403
105,258,175,239,417,466,456,214,51,71,17,436,190,483,226,429,308,322,251
459,108,25,471,312,452,412,453,468,32,431,473,162,460,325,212,211,232,14
352,242,413,7,42,126,305,448,222,378,249,462,105,374,412,366,32,314,195
252,278,12,139,42,318,61,439,437,178,190,21,366,261,449,279,454,235,373
317,350,266,126,45,307,164,215,374,324,325,176,49,41,472,447,6,244,426
382,455,380,210,424,478,247,128,221,267,311,169,31,268,254,199,209,362,479
91,248,1,453,366,466,367,342,253,205,183,172,350,406,40,306,426,364,476
174,442,326,234,129,55,58,374,21,272,401,483,245,431,438,266,334,320,240
395,325,456,337,454,145,245,288,362,166,429,310,1,55,209,271,278,317,69
112,203,366,175,409,237,336,49,214,34,320,324,0,8,144,428,248,416,481
118,346,430,214,375,336,134,340,298,184,203,177,235,185,248,179,195,196,354
362,307,282,69,366,154,174,220,373,204,320,226,119,66,137,157,386,236,129
238,123,259,320,485,31,214,266,196,352,380,213,135,141,161,124,373,143,253
453,12,417,191,220,400,476,334,425,391,238,91,170,57,282,49,239,336,241
413,484,373,374,31,235,99,346,255,256,220,159,400,322,306,418,409,249,14
334,442,222,75,204,214,98,79,100,121,258,277,429,123,256,141,90,305,431
364,63,103,263,262,178,337,484,56,330,367,179,164,414,366,76,342,300,232
475,176,208,458,351,169,298,237,54,362,469,489,436,170,31,371,471,95,253
366,119,167,356,375,255,142,5,215,386,283,89,216,397,31,308,70,252,94
201,108,173,204,334,132,180,236,19,326,232,8,245,25,0,456,335,407,286
425,448,200,288,409,187,277,294,447,87,190,261,132,253,189,138,233,452,139
266,436,453,438,354,41,64,486,43,366,249,479,376,135,431,275,253,182,95
311,366,51,261,121,236,479,155,334,361,448,294,49,239,110,244,32,175,118
159,32,164,117,337,245,401,10,340,173,396,334,31,403,58,321,398,242,350
366,250,374,408,377,170,230,220,334,394,303,248,195,245,469,164,266,439,453
408,336,141,195,301,34,422,203,453,148,471,424,108,303,472,99,188,444,477
153,274,260,369,407,124,298,188,196,413,363,372,211,17,84,476,371,233,203
340,80,342,211,169,415,333,217,237,367,16,298,11,6,445,366,453,371,406
373,371,406,365,427,46,453,315,356,483,446,333,485,317,386,5,43,153,0
110,141,338,256,164,245,374,146,260,242,414,215,24,180,243,273,139,323,9
465,325,374,124,41,190,293,344,224,412,442,373,334,203,245,302,357,247,461
410,479,91,117,44,169,49,485,252,266,272,357,223,366,358,364,112,334,6
83,128,341,478,482,64,124,29,181,365,476,6,399,461,53,317,342,160,329
364,10,349,11,142,355,196,305,247,303,39,215,195,31,254,489,159,261,324
183,393,118,31,21,79,443,103,473,169,27,366,168,375,355,29,356,49,305
323,366,374,230,148,474,431,35,274,433,472,163,239,298,245,8,398,187,424
220,51,394,460,437,157,406,462,433,213,49,341,129,336,310,108,286,7,267
381,260,31,214,223,198,383,431,46,70,228,489,252,453,92,373,135,325,410
22,453,202,315,294,244,7,420,209,177,367,109,75,448,203,31,145,112,201
5,245,284,181,46,100,453,336,41,413,167,233,292,221,222,430,148,102,346
239,152,6,40,366,462,226,373,149,86,490,247,132,4,439,184,172,169,393
273,204,221,190,217,31,254,282,81,319,152,49,300,159,177,386,195,102,299
366,61,112,377,414,123,466,335,401,304,31,169,149,9,150,190,172,392,206
174,393,60,125,218,150,107,430,162,400,399,228,203,373,245,241,156,163,172
334,398,31,41,435,188,130,135,267,295,424,271,373,298,221,383,168,137,396
322,32,53,139,88,289,373,344,96,352,298,438,367,378,219,476,203,266,353
366,120,266,236,234,144,247,388,364,69,478,13,222,99,64,176,353,336,377
120,58,190,336,287,474,226,334,245,422,65,354,53,126,49,81,322,134,157
133,369,425,372,481,12,245,139,269,303,362,276,51,272,406,61,422,32,374
44,428,61,175,332,400,486,183,116,433,392,390,354,162,3,177,152,28,170
407,31,267,461,167,46,63,490,305,332,475,198,316,173,186,94,462,394,367
475,175,436,396,463,121,476,180,393,31,154,429,481,387,446,131,383,40,454
103,319,72,402,464,431,373,366,303,429,173,121,196,112,439,124,68,292,203
0,253,367,449,317,261,336,172,174,350,377,206,473,58,442,268,403,136,476
271,366,219,336,196,413,162,373,76,1,106,476,152,57,372,195,371,376,422
412,115,426,190,317,182,88,286,49,273,421,108,139,464,463,245,302,25,60
224,234,259,302,374,264,250,449,297,482,139,119,253,469,402,50,214,118,238
272,322,205,218,366,378,87,82,396,31,346,486,100,20,319,224,357,198,233
219,377,485,355,190,293,412,171,313,363,397,374,239,144,430,366,288,402,36
406,118,241,95,242,400,356,440,65,85,297,474,150,94,378,229,62,243,110
427,363,374,166,254,478,462,40,3,72,102,446,14,159,442,201,173,344,334
318,336,264,283,42,31,481,469,245,37,188,71,374,309,303,116,255,198,114
292,456,50,268,486,390,32,164,446,438,311,128,239,185,489,169,416,135,315
477,104,484,188,393,286,291,67,113,245,223,31,61,285,366,159,374,314,368
61,114,184,32,31,292,310,481,180,469,393,332,401,436,374,260,65,476,14
364,482,425,354,118,242,18,146,368,454,184,11,394,409,367,332,49,189,187
49,392,481,366,218,377,81,452,400,103,39,288,268,174,32,223,213,319,322
48,159,103,139,366,436,128,201,344,266,388,17,482,209,83,88,373,453,214
43,142,246,184,195,56,49,472,426,442,479,44,394,373,62,490,352,292,146
373,247,164,154,282,237,188,374,198,356,260,284,266,431,245,243,334,366,265
408,366,470,25,273,355,428,277,303,61,304,476,34,23,387,338,438,455,345
425,36,463,31,127,124,431,92,366,351,332,219,268,264,147,175,203,207,315
369,278,453,420,468,163,298,149,286,199,394,366,275,228,268,403,49,182,118
481,452,57,382,191,266,363,240,7,190,409,401,366,372,336,61,113,462,188
238,366,445,112,187,352,193,45,78,431,359,211,144,488,486,140,346,159,419
486,294,114,139,413,338,49,420,422,324,471,152,118,247,319,144,464,64,366
465,183,7,18,139,441,20,155,439,430,394,181,82,366,214,108,169,176,429
442,131,336,465,320,402,476,41,168,169,337,237,394,56,435,75,7,261,458
132,315,62,9,170,198,224,418,246,112,114,366,101,256,245,405,107,260,59
442,48,323,460,211,381,73,188,293,159,266,1,220,469,336,355,202,180,49
142,252,239,490,181,425,479,119,305,374,245,97,169,375,187,342,0,135,56
57,309,440,432,88,189,352,39,199,299,392,146,233,367,338,395,334,388,110
314,292,13,388,45,37,425,114,433,309,41,235,383,263,294,136,284,295,448
207,353,248,107,75,140,333,93,439,300,486,243,86,408,380,55,232,134,373
96,393,74,434,144,282,139,92,107,427,319,71,394,336,3,12,413,426,482
460,331,373,83,7,69,411,262,241,412,13,125,251,137,482,402,28,341,377
196,124,401,298,366,320,195,264,336,247,139,167,21,141,210,425,95,102,377
78,71,381,412,134,394,281,203,5,85,484,131,67,363,401,237,187,426,243
373,255,264,110,215,198,476,153,431,401,195,99,84,242,378,247,20,51,412
84,460,314,418,286,260,271,177,472,43,387,383,462,244,163,16,450,49,18
132,131,210,66,85,164,180,431,169,373,315,110,453,301,459,350,377,14,214
261,2,157,85,81,190,273,31,466,28,336,309,357,453,392,66,212,204,406
289,87,214,280,146,323,198,19,477,341,30,484,352,368,110,376,476,472,224
83,204,247,338,189,366,301,352,16,177,196,300,383,215,68,49,340,89,64
214,103,418,142,368,429,139,75,489,127,376,208,43,25,442,480,337,132,31
316,81,186,43,190,247,214,392,356,460,31,485,30,48,216,135,311,472,342
385,139,308,260,137,350,246,39,402,272,332,214,111,352,267,338,434,226,431
285,89,352,450,292,453,287,62,277,61,300,115,267,315,472,160,409,476,177
178,453,368,196,476,230,64,50,260,431,219,176,374,373,395,121,287,227,139
483,62,235,292,358,9,357,41,142,203,478,393,84,374,433,198,181,242,222
374,139,134,456,338,214,316,450,303,13,426,394,479,76,428,31,8,253,175
267,103,109,283,214,469,96,127,162,268,417,203,2,406,461,472,354,271,289
414,245,268,325,61,219,67,69,402,247,482,387,31,413,311,230,364,478,238
456,420,124,170,180,121,453,262,148,408,139,350,330,89,31,213,214,463,198
162,272,310,474,167,254,298,199,231,374,245,258,342,202,253,468,373,209,453
331,235,366,472,26,402,32,256,173,268,39,136,284,209,135,37,83,384,239
342,215,131,148,46,29,447,455,431,153,8,371,24,204,222,477,294,63,453
453,334,336,363,239,410,298,36,53,320,471,169,353,398,87,462,268,373,305
395,134,466,392,156,483,49,286,247,411,266,459,340,65,437,215,144,430,402
375,31,401,100,300,45,367,176,255,174,373,429,182,248,17,250,169,418,322
92,366,469,32,90,436,247,2,348,112,204,175,243,144,294,407,89,157,209
381,113,72,18,172,223,398,397,395,11,202,104,204,425,319,453,350,367,209
130,32,110,399,382,481,471,30,195,292,411,428,31,316,63,149,181,134,436
414,462,394,159,366,18,15,87,141,251,321,440,188,175,361,58,170,172,320
434,169,183,212,413,9,406,387,239,470,266,292,394,261,189,168,18,193,160
214,396,219,128,455,181,81,409,378,352,246,242,470,307,32,445,222,472,129
398,245,100,84,364,463,215,294,490,89,124,142,366,114,392,34,45,247,352
376,265,153,429,292,396,374,208,18,247,426,336,252,175,66,188,306,319,480
308,264,164,460,453,91,366,57,457,299,399,232,253,433,56,467,449,266,289
115,302,169,428,429,317,361,76,218,362,307,353,332,184,8,189,394,453,436
82,7,383,181,354,292,384,459,358,27,109,380,187,488,88,442,265,4,364
209,135,436,431,331,359,126,377,267,468,292,35,101,259,233,180,99,216,81
247,132,317,6,366,427,20,322,4,187,431,453,396,465,266,267,457,437,336
368,4,382,313,25,228,15,301,84,168,338,111,355,373,185,231,465,294,393
90,214,471,107,31,64,248,61,402,140,78,218,431,388,282,62,475,266,355
471,393,298,396,448,398,394,478,10,230,69,340,25,26,473,357,145,187,446
261,49,363,163,265,211,223,245,213,431,476,90,27,448,126,238,195,396,350
255,32,31,355,101,247,137,213,120,20,259,49,71,132,339,155,417,282,445
407,158,84,366,244,298,279,245,61,291,269,87,231,311,235,139,421,388,334
4,473,476,265,190,285,175,142,185,412,199,12,336,98,232,229,79,480,371
60,31,254,89,366,211,267,40,442,465,142,412,112,300,313,268,364,220,292
272,476,488,419,81,28,388,438,39,221,371,42,431,461,97,434,110,436,373
419,53,223,144,254,394,325,477,127,21,367,375,292,404,119,417,368,294,142
169,461,110,436,202,49,396,92,31,158,342,164,245,318,29,142,4,268,369
413,210,288,463,342,92,211,234,90,452,239,103,185,2,31,256,359,348,149
373,259,134,472,133,178,453,97,107,171,294,139,168,421,189,366,414,70,280
298,48,233,335,394,337,43,112,472,163,274,464,422,321,421,250,370,415,159
302,386,188,164,377,284,379,400,237,70,374,488,357,431,82,293,263,373,178
133,366,72,424,377,437,268,400,5,37,114,135,408,388,475,277,331,431,215
335,212,467,433,259,218,243,340,18,472,322,185,366,275,392,359,226,292,171
278,188,115,266,349,429,399,373,214,135,149,160,291,119,382,292,350,81,14
453,288,245,354,233,31,30,135,355,42,324,366,25,95,232,388,157,330,398
306,289,326,79,323,55,236,298,233,414,50,342,145,308,252,197,441,31,426
380,284,298,242,431,172,259,436,185,398,346,424,32,112,378,420,97,261,417
384,100,199,490,231,381,216,152,43,474,159,157,197,402,28,8,86,414,118
209,245,386,409,61,55,79,267,388,253,20,119,121,366,356,231,49,200,42
394,373,334,92,260,436,58,185,331,266,119,150,111,304,471,317,294,356,108
396,415,293,346,350,352,460,456,138,413,275,382,19,271,112,195,211,360,431
399,2,464,251,292,146,260,363,204,412,266,413,31,201,393,223,87,140,457
489,409,215,28,49,484,269,318,116,85,114,322,137,427,87,139,471,341,379
32,214,49,351,118,21,26,277,161,67,280,292,168,346,137,92,426,463,282
251,97,241,150,175,176,268,81,266,210,37,394,490,464,360,272,299,374,26
390,6,222,468,100,237,105,346,31,61,352,322,388,230,217,278,119,42,257
474,154,346,334,312,195,426,282,304,12,446,140,337,190,366,284,408,486,381
325,268,367,405,163,438,346,198,196,243,432,350,266,396,124,103,4,344,316
272,342,64,95,380,259,97,300,27,248,350,374,302,45,220,224,190,2,167
482,472,322,161,119,402,59,167,467,268,353,456,189,373,366,164,352,385,261
164,50,481,144,82,138,396,92,408,474,244,120,314,355,146,27,366,413,63
159,474,346,67,456,308,268,309,21,452,232,398,395,348,298,260,137,453,82
64,92,461,196,226,159,377,400,307,30,21,149,9,325,43,41,344,387,218
78,396,148,485,184,283,397,416,288,386,406,436,152,273,297,214,243,424,31
426,375,408,206,214,323,282,104,31,268,219,366,228,303,42,286,257,49,465
438,135,227,244,340,291,402,427,325,92,141,466,20,198,285,239,224,287,388
462,478,125,298,362,490,264,388,448,314,107,31,367,88,369,332,41,65,12
97,453,268,424,135,401,67,398,473,100,450,144,8,388,338,169,68,90,331
176,169,31,453,472,425,350,447,396,32,163,212,146,286,206,198,49,391,106
36,2,227,172,411,457,373,245,288,489,384,436,214,105,155,169,45,222,466
25,31,436,428,41,144,142,168,373,90,56,447,159,226,272,99,172,402,366
242,246,103,327,81,31,176,374,185,366,183,488,352,59,130,436,459,388,340
355,246,367,399,490,282,170,384,377,467,237,167,57,453,374,105,204,333,266
373,0,436,321,486,148,51,426,459,336,102,139,216,322,190,142,264,301,350
336,482,18,211,391,483,471,350,295,438,381,89,177,390,145,431,67,210,48
483,254,313,268,284,159,41,324,242,31,476,12,462,353,214,346,325,281,114
334,419,131,431,409,120,198,438,415,176,482,398,75,115,206,425,366,364,21
255,294,402,155,36,360,273,425,398,190,366,473,363,144,443,258,336,87,364
192,245,424,298,185,366,144,19,268,412,66,85,461,162,156,294,204,473,250
119,245,454,288,17,376,388,364,423,134,362,374,461,368,118,31,329,453,334
41,227,336,489,394,18,255,462,173,29,342,153,471,149,107,298,334,168,271
188,396,448,266,366,261,314,152,408,453,397,317,250,462,218,102,176,214,436
429,30,396,322,465,293,341,209,283,127,245,456,346,115,273,61,298,420,109
421,242,155,49,187,159,460,374,475,298,373,314,33,180,119,56,210,453,128
370,237,393,261,114,7,264,189,367,472,373,214,15,379,286,429,453,258,362
139,366,411,449,217,49,367,53,357,161,292,471,279,112,443,431,42,260,352
176,260,337,267,15,105,190,90,81,274,405,449,366,373,153,355,144,26,148
252,80,366,351,490,247,394,306,10,105,409,398,485,113,100,1,140,198,214
119,184,475,402,214,372,340,264,169,446,373,231,456,163,174,299,388,35,436
366,409,31,63,183,234,264,16,367,287,267,209,67,332,199,108,286,144,467
431,162,452,105,311,238,170,41,261,83,198,303,56,361,302,416,31,5,216
437,373,169,64,286,446,162,325,336,79,260,462,400,12,3,18,305,268,157
253,344,373,360,429,51,292,146,55,32,367,380,418,185,395,42,210,399,431
431,199,344,409,245,14,382,108,398,408,42,195,265,348,453,201,463,74,266
214,204,298,218,378,366,374,344,475,56,11,155,322,384,54,428,31,409,198
298,195,69,30,124,266,27,51,8,402,243,83,221,326,398,281,373,337,264
286,102,298,429,367,138,226,247,476,474,56,354,83,320,436,346,300,463,334
97,103,368,409,135,144,76,359,67,394,85,414,273,302,465,163,436,429,342
232,373,469,396,412,368,264,41,169,26,374,386,173,375,247,427,464,68,72
282,455,2,66,40,280,45,431,139,291,284,429,114,457,57,398,394,185,135
275,41,488,189,144,366,2,340,219,485,101,12,13,363,321,65,405,472,42
150,70,0,340,164,16,428,139,337,315,367,478,85,350,138,76,234,366,99
338,308,241,57,430,140,81,311,352,481,64,443,366,357,440,263,459,169,356
430,20,180,105,460,175,454,319,99,3,164,358,198,340,95,305,393,157,134
387,453,266,29,341,450,56,277,84,181,367,402,465,346,282,94,460,286,153
390,195,49,119,118,9,413,121,348,105,246,247,16,202,217,81,237,456,334
377,336,214,139,302,137,247,369,320,391,68,46,71,472,478,353,106,223,263
417,453,193,431,393,112,394,352,209,74,488,49,303,229,348,481,116,304,311
300,299,396,184,43,442,366,419,164,17,168,76,310,294,336,13,394,432,413
136,121,124,8,202,214,452,28,246,64,277,366,204,275,457,479,7,367,453
346,200,184,373,425,35,388,488,330,407,69,334,413,292,135,434,128,47,469
107,11,189,373,238,197,300,472,325,342,207,100,331,188,474,412,374,304,204
275,433,283,73,83,360,453,440,400,218,40,398,60,107,101,159,258,294,377
9,25,250,142,359,103,184,28,281,23,233,393,268,467,132,89,143,46,409
336,221,42,10,117,323,83,119,71,145,190,437,79,166,306,394,361,253,30
31,277,162,89,350,92,428,258,146,29,215,176,273,439,367,100,339,120,55
137,484,75,454,488,105,350,373,31,35,363,246,319,346,226,384,366,304,393
252,351,436,242,346,244,263,267,392,348,266,332,232,31,376,301,98,304,377
216,3,228,31,489,36,324,402,60,370,248,366,388,30,338,279,454,260,41
364,144,41,474,49,281,448,188,97,169,243,133,31,15,292,189,95,237,211
32,195,479,187,374,190,429,427,245,314,298,258,91,309,81,331,174,368,139
222,49,155,471,242,369,412,253,117,180,414,469,171,455,464,121,381,272,9
0,146,48,346,84,272,158,482,461,306,85,41,413,447,276,131,394,153,478
283,49,342,332,231,56,253,464,217,489,366,271,95,174,229,367,408,148,264
139,105,464,145,245,209,309,211,188,198,40,484,371,189,233,334,79,49,445
217,203,173,142,11,7,92,222,127,172,135,336,476,426,208,71,457,398,116
106,355,413,37,117,298,390,289,247,56,303,489,169,394,321,211,285,199,377
56,301,61,382,366,240,462,263,122,20,355,246,315,344,72,189,271,120,413
336,398,442,440,203,286,268,245,349,139,455,105,436,82,374,404,247,102,319
187,32,44,294,40,43,142,223,375,229,239,392,188,2,453,357,139,4,196
159,339,37,393,82,474,234,366,50,373,277,446,308,107,402,139,412,294,119
57,167,479,334,31,219,139,314,164,118,199,472,336,245,425,12,315,464,32
242,373,460,279,214,131,156,264,340,471,128,302,464,397,243,405,178,346,318
217,393,368,76,479,109,250,413,458,375,91,388,486,212,188,348,31,272,6
233,407,155,449,398,272,61,87,475,80,353,57,199,96,294,331,215,209,15
202,22,338,185,199,285,342,226,64,425,77,307,468,427,436,214,234,251,300
32,366,230,438,124,214,61,245,31,237,144,11,265,241,393,139,300,459,219
356,305,431,200,175,368,8,109,72,136,118,355,367,349,189,382,286,110,218
442,449,431,44,144,368,89,29,34,241,325,298,164,138,118,288,139,92,286
382,332,124,362,374,281,169,485,265,90,118,320,334,152,430,355,204,253,465
54,426,219,336,334,112,164,256,374,469,474,68,189,356,126,366,175,3,244
245,121,388,308,366,472,13,430,278,159,87,236,14,180,33,327,148,252,205
392,116,336,217,408,366,411,81,228,464,195,178,374,373,211,214,188,186,139
298,64,450,460,54,211,373,465,0,316,393,409,98,153,187,391,142,31,139
70,75,431,401,86,366,340,144,89,472,276,341,140,214,116,485,286,395,79
401,331,298,304,305,261,435,260,7,161,189,102,336,138,398,92,317,218,145
46,54,451,153,438,64,473,187,31,41,460,29,70,79,413,340,114,490,446
117,196,481,412,105,465,224,264,327,176,295,422,298,293,77,62,232,239,201
24,135,336,175,89,413,284,190,13,355,201,312,366,253,340,96,472,64,460
102,41,360,259,319,448,368,486,434,213,352,212,321,400,196,116,137,463,245
87,293,58,366,384,443,164,431,127,76,188,196,377,234,222,150,11,43,490
457,410,376,341,98,354,103,320,234,160,81,55,448,472,183,248,426,138,31
260,43,383,195,471,95,214,85,473,135,79,61,244,339,265,403,176,185,110
485,130,118,369,245,373,398,4,174,439,43,31,242,352,266,489,291,48,366
29,64,18,460,363,232,418,153,155,393,107,260,448,414,156,226,378,395,400
238,266,53,463,385,186,453,335,285,418,51,366,286,232,416,483,429,61,124
83,68,159,245,286,261,175,354,43,416,412,477,32,221,291,247,304,203,249
420,174,55,363,13,141,247,246,92,373,355,282,344,388,488,431,428,118,0
129,393,190,198,312,173,120,275,264,145,254,266,31,246,426,218,98,127,363
58,99,156,420,272,127,244,61,246,412,67,308,258,335,172,352,461,141,366
8,384,188,81,260,56,373,177,63,170,242,408,133,305,164,266,162,436,396
360,412,431,393,89,413,319,253,445,267,450,97,385,76,184,34,44,31,66
189,139,32,453,323,215,486,131,56,46,355,476,469,421,184,159,293,400,468
147,245,43,169,303,187,197,334,164,360,175,302,144,157,137,118,4,45,484
448,63,30,144,408,79,160,244,297,431,388,277,300,191,50,334,267,266,321
398,377,356,164,126,334,298,413,140,447,145,274,445,359,58,417,434,458,146
236,164,112,237,156,99,67,286,180,459,16,366,460,211,480,475,478,187,62
208,282,247,456,1,393,148,223,481,139,213,245,203,273,236,44,337,196,479
7,399,334,76,115,232,151,489,77,252,473,483,396,355,356,261,426,177,110
64,30,453,438,468,45,271,153,4,253,161,65,336,209,308,379,292,366,411
421,204,149,295,145,302,184,346,137,81,175,367,146,324,278,484,392,40,266
385,412,118,159,188,264,429,136,274,359,443,285,239,481,373,51,183,303,489
61,315,453,467,172,464,354,412,373,319,469,456,394,280,119,298,148,192,275
322,101,446,148,30,177,452,112,373,396,297,271,136,159,36,64,426,124,11
112,148,215,60,417,373,5,415,477,413,409,49,266,175,429,161,298,442,453
431,53,190,36,266,272,428,383,235,376,183,438,110,233,337,366,3,282,319
356,156,409,112,407,436,314,153,384,238,77,253,183,30,61,105,302,412,307
457,367,393,2,32,326,124,293,21,432,211,320,232,363,305,285,442,48,34
142,257,285,32,244,453,9,203,397,198,421,273,20,239,383,355,466,58,306
82,344,258,374,56,250,192,453,103,434,203,417,426,101,333,143,429,26,430
374,453,361,353,150,87,149,435,61,332,448,2,366,30,197,31,399,159,174
373,166,351,261,165,173,188,429,246,322,245,125,57,430,366,446,483,346,164
386,65,394,362,30,169,463,245,99,253,350,239,141,204,135,188,61,112,142
295,414,178,96,62,385,139,255,54,131,114,338,336,239,56,449,420,331,436
463,346,23,338,413,269,31,60,449,238,320,354,431,394,224,161,282,462,374
395,406,366,481,203,53,32,259,169,394,431,396,5,130,260,145,183,48,486
363,198,434,354,361,56,277,428,246,204,342,31,312,171,159,233,67,184,373
298,69,297,183,252,266,353,203,404,277,440,254,126,472,304,112,271,368,151
178,219,204,135,295,20,282,157,42,284,68,37,484,169,160,471,234,118,292
135,472,81,365,398,139,440,409,31,413,233,268,11,482,469,316,238,400,280
218,488,396,69,207,152,332,302,471,453,481,193,198,19,311,484,479,340,366
214,408,41,143,247,206,205,396,439,356,334,84,389,410,429,162,376,366,413
438,357,127,479,46,276,336,394,247,334,16,308,149,177,142,132,159,428,9
425,444,139,370,103,373,388,204,340,366,413,255,70,261,240,218,189,311,185
218,436,406,205,355,43,245,20,52,431,405,350,417,140,174,8,412,453,370
330,117,92,379,478,214,431,5,264,81,196,31,32,9,238,377,112,124,199
383,253,64,287,148,429,453,156,387,374,19,129,478,308,346,426,448,422,158
93,332,103,150,438,429,224,373,430,431,263,323,355,334,135,199,402,42,300
353,323,254,213,403,373,401,179,114,436,299,407,260,366,218,471,429,226,51
231,350,337,366,178,353,312,398,297,295,348,445,402,70,112,186,381,340,16
79,31,286,289,113,278,484,281,255,299,44,119,323,227,156,319,279,245,35
25,300,473,394,43,326,430,31,147,368,286,2,177,463,90,420,438,340,324
274,231,437,48,3,373,70,344,366,486,382,336,419,325,140,408,34,155,413
402,169,112,321,170,366,417,188,334,82,409,327,370,292,189,61,218,215,285
166,246,143,130,12,169,342,188,9,364,108,186,366,471,224,329,453,282,31
361,433,319,184,13,355,294,99,30,476,264,446,232,290,300,393,245,440,2
264,168,118,12,245,447,385,386,272,422,142,73,439,420,334,149,451,432,305
188,266,446,83,334,142,235,366,210,278,429,367,230,163,127,7,40,440,424
46,70,279,396,344,444,483,321,232,322,319,266,148,368,294,348,233,120,20
436,145,221,445,237,162,472,246,195,464,41,211,143,223,300,51,266,428,183
174,373,300,326,484,336,307,393,16,370,196,245,357,322,409,341,459,204,42
226,427,8,453,31,103,382,374,92,350,70,471,189,18,292,321,134,139,366
400,314,403,336,453,155,102,43,299,18,346,251,366,431,469,214,202,54,409
15,377,121,31,201,440,453,185,133,298,230,65,215,61,407,211,118,366,66
384,56,348,453,278,110,79,436,41,121,100,474,367,242,221,84,297,226,266
325,81,463,162,419,479,482,333,142,453,131,175,156,319,250,247,357,382,367
98,436,366,294,163,400,178,14,53,414,456,177,451,447,64,57,150,299,453
49,26,206,192,3,169,234,160,15,255,176,321,12,63,394,245,72,429,367
137,64,181,464,315,141,320,120,334,453,31,90,58,190,239,300,397,418,463
38,357,134,43,390,183,28,143,490,187,394,210,364,252,467,190,485,135,406
155,31,428,251,485,247,150,266,226,61,89,440,257,357,49,248,256,16,390
48,266,355,103,352,218,366,298,16,25,224,303,42,271,294,65,436,92,486
21,357,268,446,281,368,453,64,426,25,264,128,444,425,405,215,321,377,367
105,489,156,390,441,121,285,102,247,267,485,60,222,421,334,364,49,380,172
49,439,54,334,21,113,25,319,50,31,274,43,409,429,118,382,432,0,366
434,3,476,289,135,352,89,256,215,468,402,144,258,436,304,388,23,69,419
61,278,411,471,185,117,9,12,49,384,143,156,11,233,372,315,297,364,198
70,148,385,239,456,401,238,476,30,413,472,79,76,462,267,266,178,447,360
490,359,273,144,297,471,303,336,422,39,456,156,304,352,85,393,230,472,486
414,296,3,77,280,302,363,141,214,366,456,445,291,319,247,222,298,453,48
156,57,13,374,198,366,68,300,467,383,85,335,336,228,468,192,433,247,413
452,19,345,322,413,113,311,275,7,472,341,61,298,479,49,175,36,204,135
31,217,374,468,211,126,301,366,231,373,246,277,69,175,161,334,320,401,111
396,453,18,12,189,164,322,416,236,315,153,202,169,394,148,264,125,121,259
39,255,336,412,211,294,103,366,35,187,425,202,292,85,464,310,268,469,346
8,198,219,50,210,158,314,174,232,218,399,61,351,366,453,350,64,469,2
366,158,207,306,205,322,263,298,430,399,31,488,92,264,178,237,139,190,398
139,451,471,112,371,249,214,464,17,373,130,449,366,69,264,216,291,355,392
202,327,214,367,467,28,285,453,88,301,350,472,471,420,21,272,370,362,204
373,272,32,246,250,239,142,182,237,348,366,369,436,138,64,222,453,323,431
332,41,228,237,96,358,70,436,125,261,360,471,152,30,256,111,373,334,297
253,64,241,368,235,9,188,135,161,99,49,205,488,169,86,298,117,472,297
447,178,413,305,157,265,141,105,144,56,309,366,333,348,33,355,371,235,205
222,375,169,56,32,324,25,153,83,139,14,112,206,253,482,69,196,68,35
128,406,408,51,159,58,9,247,272,482,304,270,139,115,353,18,308,453,367
308,245,181,391,148,483,234,253,94,335,411,141,287,372,1,184,268,209,63
158,211,189,45,299,333,20,118,68,406,203,32,170,84,362,156,124,43,346
481,96,396,429,482,235,91,387,171,7,440,67,483,283,336,312,54,175,53
338,377,199,402,204,31,169,438,150,84,403,272,202,394,245,49,189,477,481
288,486,390,373,445,426,203,457,220,29,310,467,451,317,367,298,238,334,160
412,136,61,474,221,71,57,207,176,409,428,398,9,366,375,139,430,208,303
142,281,297,214,232,186,428,402,398,292,326,177,282,112,332,155,25,340,430
146,474,382,167,338,315,378,215,290,399,346,282,436,471,434,191,148,387,92
119,409,363,246,431,198,46,162,342,453,145,448,139,368,156,27,261,92,285
479,149,228,39,249,180,245,169,313,322,367,22,442,134,218,248,15,232,304
21,305,394,429,108,373,434,336,411,363,407,42,232,300,292,268,278,98,206
296,353,11,76,216,21,145,447,298,94,157,217,291,10,363,223,222,202,245
223,187,366,190,261,138,143,76,455,460,131,301,273,263,137,215,415,6,376
367,398,210,366,465,413,139,28,81,145,453,45,410,266,48,5,96,175,114
255,95,289,408,262,264,437,240,321,352,286,295,69,393,461,428,14,214,320
