261,362,304,107,215,45,451,388,156,86,462,408,195,71,246,97,167,463
23,327,318,341,374,101,2,467,232,280,366,194,247,294,235,368,342,42
150,203,79,233,471,412,402,241,321,333,31,177,280,253,422,178,352,453
371,5,223,459,214,480,350,247,353,235,51,112,45,411,336,35,418,178
100,232,426,220,144,484,334,19,177,116,138,421,428,56,75,409,108,123
214,9,299,382,373,248,189,203,396,266,322,139,258,453,426,39,164,198
124,461,358,446,69,233,231,443,374,456,24,439,289,213,482,28,373,209
293,431,157,276,31,298,174,75,5,8,246,409,198,369,436,3,438,181
21,196,201,332,166,192,430,393,428,402,5,480,366,269,373,48,334,242
196,278,9,287,461,286,482,308,230,360,85,442,277,70,451,346,331,214
135,69,276,295,359,480,0,225,373,453,130,92,434,471,362,204,170,39
406,431,399,151,79,433,274,278,412,112,271,184,373,267,10,418,265,246
287,159,198,298,203,195,186,366,453,9,325,108,407,69,463,134,490,213
29,266,31,211,28,280,366,400,344,202,317,319,431,237,440,61,394,381
480,85,367,196,66,142,64,319,348,436,289,105,244,235,127,266,9,242
434,61,334,430,137,303,171,3,231,435,153,37,81,68,308,89,421,198
142,485,202,431,35,39,246,218,148,250,156,237,417,348,52,298,79,7
226,145,102,266,34,31,221,121,378,292,253,87,26,425,340,327,483,299
469,480,463,196,334,335,57,143,382,300,189,434,247,366,97,324,393,4
443,465,237,203,436,413,366,361,121,142,373,219,298,257,299,461,84,359
457,366,271,68,143,453,445,95,113,359,266,77,431,23,378,302,373,354
233,369,371,247,366,205,289,410,90,45,394,282,338,313,467,344,151,413
129,330,181,475,178,55,207,159,213,120,21,71,323,24,199,350,412,179
286,393,462,201,283,299,266,125,383,319,81,352,62,275,353,166,477,424
295,214,465,464,394,476,163,260,448,401,266,285,31,28,386,44,463,132
287,305,155,9,15,394,326,438,412,431,214,187,456,266,213,31,458,393
298,132,353,345,149,374,293,334,453,447,366,405,323,376,245,391,118,174
174,370,29,248,431,172,367,30,247,195,298,76,384,417,410,7,240,416
448,267,462,453,222,308,490,178,357,235,334,245,436,374,18,340,27,247
291,471,268,185,30,62,463,374,454,70,112,20,453,323,219,479,139,267
144,94,206,442,31,320,373,304,245,406,141,384,185,181,415,215,449,366
452,319,469,292,406,456,461,222,139,202,261,145,254,100,472,479,169,431
252,198,240,320,177,455,479,258,31,322,232,390,475,152,374,366,199,233
432,99,316,254,338,67,382,403,137,324,440,40,70,436,334,214,76,319
414,341,383,334,292,413,327,482,410,426,248,50,284,131,476,234,439,65
465,243,31,108,242,261,209,188,40,214,95,138,463,226,485,327,264,260
118,373,99,149,298,340,469,105,396,478,366,412,53,239,425,319,471,431
215,239,373,213,49,28,465,366,392,413,188,245,409,42,455,471,267,268
34,318,146,35,366,43,435,305,229,248,300,441,247,257,194,169,266,370
413,145,54,238,474,41,453,149,393,42,241,124,23,434,31,454,482,381
74,246,57,140,217,488,100,299,138,249,355,426,444,254,472,139,142,5
8,397,297,412,351,472,440,431,403,144,401,433,46,112,17,436,190,148
119,429,373,155,213,211,453,309,85,266,8,460,202,257,205,322,409,245
294,462,314,374,255,107,96,150,199,373,139,345,398,155,360,321,279,300
462,392,264,190,431,374,140,18,231,457,469,4,366,445,484,256,69,476
334,435,146,469,295,124,486,112,234,162,455,32,440,224,123,226,262,257
214,90,433,486,320,56,307,426,1,408,8,383,49,470,258,221,436,476
319,401,298,71,465,83,198,449,471,204,393,29,61,266,439,189,373,402
299,97,319,245,449,71,138,98,49,381,34,396,166,391,188,348,194,273
245,20,253,449,373,431,137,421,374,220,139,440,177,369,266,332,165,442
130,45,359,484,447,429,273,228,304,355,77,348,29,419,209,298,215,43
406,366,374,373,114,246,325,322,218,190,233,235,63,112,17,408,462,128
159,12,475,138,464,31,333,241,376,288,96,199,165,173,188,398,286,346
332,148,190,426,227,84,14,411,392,139,215,41,398,429,157,31,340,304
171,371,62,409,136,169,65,191,211,23,479,81,394,139,214,49,366,319
190,184,155,183,150,238,89,51,406,353,32,388,245,268,253,31,96,175
431,224,135,374,105,459,28,31,152,212,284,353,231,164,122,211,366,360
63,64,334,49,211,1,11,239,275,25,158,85,181,54,338,312,139,421
398,124,285,90,150,267,431,355,366,81,99,237,483,212,409,0,375,91
232,83,342,173,373,331,185,119,409,266,348,9,135,247,452,312,169,470
364,164,253,121,429,280,373,366,32,435,362,465,217,453,104,239,204,124
150,376,380,49,76,128,334,190,161,20,297,203,282,144,481,175,65,465
67,237,319,17,146,100,357,90,484,395,5,12,363,0,209,463,25,210
287,352,97,277,406,157,9,245,409,114,281,399,84,147,271,393,156,444
315,392,203,209,187,403,486,127,175,120,476,293,271,177,273,334,247,258
450,340,272,48,476,110,482,320,306,452,304,9,242,256,31,44,366,117
472,6,356,322,226,240,468,318,5,83,222,176,284,197,366,341,299,436
223,284,12,488,350,348,179,8,47,70,25,299,366,200,293,413,434,46
419,440,189,211,58,196,31,310,467,146,172,366,278,156,204,309,252,83
82,138,133,3,352,22,373,177,32,426,393,291,214,41,261,406,431,185
42,461,127,374,225,417,366,311,81,277,399,436,431,49,165,114,472,434
451,264,127,199,215,121,315,357,191,2,204,61,159,344,445,194,26,443
353,321,32,452,63,242,59,215,244,185,160,202,198,295,398,485,89,457
264,152,247,110,374,21,180,221,459,31,190,448,292,136,340,69,202,411
373,81,211,124,298,207,87,204,292,394,317,151,443,145,85,137,336,42
137,155,379,138,387,464,292,488,461,239,19,317,412,413,48,418,336,373
415,244,454,230,198,299,340,90,214,400,418,432,226,33,195,196,357,152
455,221,178,128,191,372,298,465,100,112,211,266,484,373,430,466,139,271
112,259,14,142,438,300,334,443,122,361,215,342,224,412,476,31,489,399
31,367,382,341,66,202,91,77,429,35,64,420,417,303,90,57,421,431
272,482,297,49,440,70,382,7,138,190,414,407,340,205,159,394,158,211
398,247,239,436,226,334,292,111,233,481,366,51,85,346,406,249,99,89
31,144,321,26,271,400,226,189,169,302,294,232,254,356,465,159,397,96
289,463,335,300,156,456,150,98,130,190,214,406,309,211,297,116,268,402
488,73,303,4,83,457,135,291,297,414,189,346,139,218,294,366,275,396
294,1,453,112,283,262,438,272,323,297,400,367,159,391,275,462,174,216
422,251,97,292,334,341,434,344,140,406,211,392,431,336,79,222,89,446
460,472,130,429,299,49,267,453,244,185,210,403,401,69,155,13,192,386
401,25,218,214,394,175,396,291,31,231,115,49,465,104,160,89,70,198
268,195,175,42,366,401,324,177,356,245,92,413,240,235,32,81,275,3
340,366,248,373,134,16,43,436,334,406,396,159,432,398,413,195,247,292
396,272,441,221,337,4,223,59,146,307,67,472,190,486,206,431,453,269
163,41,42,429,254,43,51,57,144,59,21,214,476,142,86,67,5,159
448,391,226,177,35,121,279,70,344,218,88,338,53,68,172,476,463,119
82,405,234,488,49,468,147,484,209,245,126,74,294,175,88,436,412,298
214,333,250,243,176,41,36,438,68,33,211,199,480,231,402,21,366,456
486,65,356,282,311,383,266,239,394,240,11,141,112,61,429,142,28,349
53,314,303,290,336,61,363,334,435,151,254,425,69,110,278,48,315,352
271,201,283,58,117,195,217,354,230,188,300,350,315,252,439,291,314,274
463,148,383,416,294,442,335,265,394,109,226,430,314,373,455,313,110,175
261,399,176,198,395,54,188,245,140,322,137,292,429,53,203,44,161,247
207,396,409,195,366,346,153,256,290,361,300,399,381,245,373,417,275,474
180,142,413,402,8,266,444,179,126,230,66,366,336,134,88,97,140,197
233,382,431,36,9,164,304,60,330,176,472,26,21,268,377,49,289,405
455,27,68,394,248,360,294,284,441,240,245,175,355,176,366,41,385,386
321,98,62,440,213,233,265,298,391,5,413,208,124,453,386,306,348,61
189,366,422,287,354,48,448,409,284,342,63,119,423,412,151,334,9,31
17,198,70,401,96,261,443,60,339,222,396,24,366,56,31,346,490,114
307,357,443,3,341,288,473,335,419,28,352,354,223,463,373,258,49,164
294,140,461,443,323,338,66,239,273,393,169,263,237,226,352,256,260,274
264,482,201,40,373,303,331,436,294,150,198,434,139,398,15,242,428,220
158,31,44,221,45,136,284,429,135,213,374,232,338,300,214,145,122,326
404,247,145,338,157,366,357,252,4,266,231,215,470,409,184,267,31,12
394,183,294,83,332,153,168,119,176,214,251,87,156,268,245,451,481,42
215,407,61,228,285,45,323,213,169,430,184,447,163,341,205,180,485,366
282,259,91,475,402,373,450,64,244,21,361,412,483,265,334,303,72,155
463,424,236,148,336,484,439,22,455,190,79,169,69,49,143,461,334,138
429,66,315,353,150,190,251,226,472,408,49,76,183,185,375,398,395,302
394,282,66,325,466,221,304,258,142,422,211,481,173,124,31,65,134,263
81,32,67,66,9,138,90,186,367,202,319,449,439,146,234,371,465,218
246,438,334,386,255,280,245,368,294,352,436,113,373,440,385,483,366,472
271,274,490,377,124,276,483,312,31,219,282,245,440,410,215,267,355,186
384,417,413,444,82,366,338,53,426,319,382,103,239,411,400,369,44,29
25,473,57,269,352,399,114,292,267,105,305,202,426,416,69,43,376,218
272,445,388,466,213,308,352,210,478,6,49,84,271,159,52,146,372,245
82,297,433,429,273,261,110,251,30,227,71,350,258,68,272,483,325,135
453,40,218,226,67,134,71,249,111,252,394,279,387,145,447,317,239,300
416,244,12,369,400,242,338,135,2,107,318,366,377,142,329,286,421,279
96,444,394,201,358,332,95,404,344,132,183,384,355,261,247,42,402,164
342,102,32,178,35,400,92,355,346,391,207,40,250,19,444,393,105,366
216,131,294,284,396,310,18,269,266,105,300,259,56,323,426,397,49,433
261,214,374,299,345,168,6,393,423,459,342,213,112,139,198,144,159,207
49,214,373,169,324,366,46,430,426,289,340,18,105,469,336,364,387,189
43,89,22,412,204,151,54,446,451,400,179,12,401,237,376,226,423,394
348,340,218,299,8,161,374,263,169,171,396,315,462,245,62,332,148,463
32,6,366,19,80,113,357,393,186,424,28,274,139,398,41,144,348,476
48,215,384,303,413,476,298,31,368,406,63,247,288,393,2,366,139,331
41,190,188,486,278,402,382,483,204,384,235,275,336,7,192,32,105,334
376,405,40,274,156,131,264,23,335,388,158,336,252,400,447,219,476,110
430,386,2,36,344,142,354,291,9,238,367,51,99,246,21,431,6,7
435,25,169,267,78,66,413,178,188,419,59,336,366,83,65,128,473,51
169,373,342,0,472,362,224,288,324,31,275,287,442,371,238,478,233,172
373,242,129,431,483,120,282,161,266,421,472,381,57,49,434,31,27,366
373,175,352,430,308,366,183,307,219,196,482,428,413,204,390,134,396,69
253,266,415,176,121,436,67,190,360,208,153,189,207,462,124,249,386,244
289,40,119,70,421,477,483,426,430,227,424,112,392,446,82,305,257,335
444,49,39,396,112,413,108,103,407,176,483,391,179,40,138,60,426,320
91,31,453,89,127,117,110,147,133,201,442,261,263,22,3,382,20,196
344,462,405,199,226,356,207,81,358,157,261,116,41,395,259,325,183,428
357,333,409,65,439,146,125,198,367,48,351,149,13,164,346,105,71,108
203,280,176,60,251,177,266,334,137,336,483,298,67,255,388,14,27,72
366,31,298,333,191,483,222,174,305,73,76,30,412,453,247,120,107,134
214,340,199,357,123,146,360,373,394,100,137,3,464,453,412,469,161,181
314,231,363,92,6,2,367,433,177,391,239,460,421,179,185,286,373,248
460,254,169,198,337,440,396,125,168,142,32,190,309,143,366,205,133,397
386,461,356,335,402,28,75,55,21,450,183,43,438,72,265,30,364,109
469,362,473,373,81,442,24,454,206,489,361,79,464,371,77,436,30,472
23,214,266,350,31,483,344,298,380,20,170,114,136,351,289,373,218,472
86,394,373,247,234,366,256,2,431,104,184,483,30,187,442,122,393,297
286,383,257,461,34,266,89,202,485,103,402,234,365,214,83,433,112,144
303,344,388,474,40,453,267,166,425,127,165,138,204,479,134,383,462,139
54,386,41,239,61,245,363,79,298,244,131,118,231,482,251,401,49,417
14,112,425,161,373,355,121,278,101,45,124,371,299,295,324,476,136,243
387,394,89,132,71,469,286,48,472,463,297,31,337,431,49,441,145,434
129,440,253,449,9,287,348,439,62,112,107,179,31,291,45,373,357,264
153,356,223,409,276,49,457,114,369,350,64,268,319,357,118,373,76,34
338,71,453,329,223,112,66,124,362,164,121,426,134,409,374,373,255,64
257,304,173,301,322,300,360,205,397,85,196,221,317,357,178,373,23,465
469,272,429,226,367,473,288,82,366,190,315,453,336,370,123,223,298,11
214,353,433,259,453,137,158,367,31,258,2,481,366,362,79,5,298,309
362,279,186,461,374,476,226,241,308,346,468,353,152,24,74,431,402,358
120,474,21,50,203,398,51,155,62,469,217,353,214,308,257,141,212,85
17,439,293,4,83,203,387,217,453,373,85,187,374,284,117,136,100,396
60,86,19,99,72,181,442,172,216,159,392,298,13,390,6,49,177,232
457,131,112,366,321,120,195,177,106,423,433,421,455,5,15,140,202,351
401,63,230,199,169,353,432,390,5,29,67,396,204,9,346,105,412,113
204,9,454,205,39,478,366,92,198,20,28,202,59,373,158,291,214,387
185,250,27,87,133,31,100,190,430,309,320,472,234,291,373,178,400,85
394,483,148,113,153,366,336,197,412,188,180,261,446,427,467,247,453,298
219,49,74,373,359,285,297,203,158,187,485,413,353,225,260,218,298,332
465,394,459,62,70,456,295,446,391,245,190,371,14,145,263,336,413,334
310,3,392,439,378,28,458,363,430,336,0,75,200,61,346,14,136,490
67,30,235,32,412,49,115,310,456,298,479,333,169,125,253,70,201,399
440,148,143,377,258,353,110,428,4,412,425,366,370,300,271,183,284,292
42,103,30,472,275,249,50,298,403,260,431,107,234,181,287,196,314,456
327,447,439,366,199,291,271,235,252,165,266,282,442,124,484,239,167,386
4,99,236,416,289,49,317,303,285,103,350,198,363,490,251,284,134,170
463,282,136,50,428,388,259,266,324,276,216,465,416,224,479,252,177,286
465,300,322,475,182,396,175,9,431,340,461,209,367,408,294,454,188,48
348,394,334,453,430,82,49,388,236,35,438,263,170,201,442,309,267,369
54,479,23,188,476,214,255,369,81,366,422,237,245,394,373,400,411,70
409,417,153,342,142,367,281,127,81,397,252,116,230,151,239,75,121,340
139,136,298,294,426,278,254,46,215,399,56,77,175,235,244,119,433,67
24,454,346,361,399,105,391,472,114,435,209,439,441,490,156,31,90,488
342,137,178,474,309,169,476,233,108,431,482,189,357,267,383,472,396,217
340,151,200,304,342,393,464,155,258,430,267,338,124,285,214,69,360,46
124,484,332,386,420,118,233,472,322,145,367,16,185,65,426,331,463,44
362,363,348,257,439,65,429,282,175,366,211,181,81,393,157,394,114,319
109,437,366,416,68,373,196,290,395,141,409,476,464,108,351,80,329,73
256,255,109,45,398,43,210,396,328,472,112,285,266,5,23,490,25,355
205,453,79,195,233,124,249,31,261,105,47,381,256,366,49,108,99,464
135,271,437,294,69,309,25,488,100,120,385,192,16,121,7,481,158,182
317,419,383,28,360,334,488,465,374,431,31,350,448,74,151,122,27,475
112,399,394,185,31,222,474,340,209,57,371,160,270,350,198,428,412,230
338,31,105,298,465,334,218,201,137,173,49,119,309,226,295,377,237,30
336,90,154,366,187,434,431,72,260,143,63,451,426,65,148,315,118,107
323,49,340,198,462,309,159,7,132,207,110,412,484,188,187,416,293,21
31,203,436,231,18,4,247,258,226,490,417,298,285,156,408,214,266,382
144,239,137,309,247,169,173,64,224,158,401,436,356,134,352,183,340,370
39,434,438,388,232,253,26,159,446,61,243,74,440,46,489,0,305,428
226,69,118,417,284,220,483,149,140,363,472,271,298,373,139,215,161,461
238,334,6,240,81,421,69,182,463,294,70,245,348,270,247,486,242,258
298,402,336,486,452,157,488,105,299,307,9,436,56,99,14,338,456,25
326,246,22,336,209,142,126,484,144,368,16,185,346,69,451,298,1,79
51,414,127,305,465,134,34,342,281,472,138,227,272,243,324,489,298,459
453,266,396,471,390,334,482,49,28,188,156,144,366,436,433,414,149,352
425,326,51,45,264,145,219,32,211,355,263,136,220,114,216,304,177,412
468,65,296,431,43,462,32,136,99,122,139,334,195,201,483,182,95,206
361,268,308,70,427,417,429,119,246,354,140,76,228,187,49,403,43,256
482,444,144,61,484,42,451,396,289,252,352,273,135,450,267,124,64,137
476,302,309,70,410,350,480,355,79,60,36,437,453,317,201,346,235,184
387,299,1,81,67,231,29,117,348,72,105,320,346,390,215,391,461,273
486,303,220,89,108,31,335,388,84,63,479,406,34,155,423,41,203,304
262,373,298,341,139,472,64,315,364,61,49,81,190,137,414,363,310,391
284,164,49,156,425,311,198,111,83,172,408,65,448,265,469,245,139,2
373,387,60,342,410,308,301,68,311,285,282,344,469,426,146,224,476,81
469,166,54,76,238,57,128,479,267,110,431,451,199,421,318,18,51,374
324,142,35,444,250,412,249,187,367,234,365,464,388,366,247,223,267,147
12,31,260,114,465,439,18,402,56,119,398,453,67,264,197,479,273,331
413,366,266,41,178,402,142,174,105,338,268,14,427,181,398,32,475,258
399,56,150,254,177,486,299,266,250,128,258,89,402,439,382,318,457,287
218,96,345,124,139,170,417,215,128,283,41,57,322,266,274,426,344,71
475,373,221,187,388,428,260,237,436,368,303,426,455,386,125,41,399,156
40,31,364,400,245,264,340,336,481,199,342,453,273,201,106,375,451,229
484,479,380,288,369,214,168,3,180,113,393,392,150,30,233,83,442,140
58,448,31,403,266,436,245,237,431,408,305,476,353,275,482,455,174,409
486,60,436,269,209,0,314,76,91,367,29,429,27,472,334,316,87,167
449,438,226,124,27,456,190,273,172,417,440,455,441,44,174,132,270,150
159,184,373,31,292,57,128,388,177,4,361,288,449,322,338,113,107,354
420,251,196,366,219,130,187,394,453,122,184,18,264,7,374,77,49,118
49,296,469,325,442,402,181,431,76,380,307,94,446,226,299,30,424,436
179,362,386,364,413,92,352,169,151,58,70,166,314,463,490,35,4,69
431,275,460,138,244,466,298,242,171,396,339,479,265,291,354,253,118,8
161,70,295,298,79,4,26,334,289,332,423,196,388,114,10,247,188,394
202,66,267,436,398,460,342,395,295,284,366,159,214,435,1,373,300,470
211,2,49,353,413,350,388,431,132,473,339,160,19,139,103,175,100,223
173,268,15,431,412,298,119,184,128,3,90,146,159,341,300,366,188,145
41,452,462,79,366,353,71,124,142,431,411,178,49,374,295,215,69,454
16,373,214,165,476,381,49,50,248,157,366,460,82,148,334,297,475,413
465,128,137,175,425,306,70,184,369,453,107,303,354,324,150,126,198,33
384,127,306,139,422,288,172,252,8,451,204,7,32,474,198,434,357,394
109,453,260,31,415,61,394,300,337,386,462,234,341,295,62,366,388,483
190,396,291,44,266,448,484,62,90,120,354,203,32,204,371,146,49,28
29,442,113,245,334,233,369,57,251,379,390,431,220,293,210,483,439,123
167,422,182,50,74,350,315,79,175,211,431,5,101,31,337,373,173,336
450,188,12,315,4,394,144,105,63,205,383,189,150,25,81,343,112,66
58,46,245,13,258,239,340,259,256,4,277,364,216,382,31,12,444,316
187,381,478,178,336,57,266,40,436,245,420,131,221,374,282,24,265,348
366,446,139,61,32,475,307,198,332,386,152,349,453,214,422,132,144,272
228,150,127,204,373,476,452,71,428,56,244,418,266,139,352,19,374,32
405,436,244,161,362,366,421,43,28,331,473,164,127,457,471,373,210,209
46,30,368,394,27,448,13,47,31,276,118,103,469,237,486,373,302,165
326,294,300,10,431,258,174,399,383,232,337,391,264,182,70,197,43,214
463,14,373,177,388,117,174,261,137,402,350,382,41,56,0,335,302,224
45,256,153,323,419,157,227,53,363,298,310,82,64,426,139,77,246,337
482,340,290,14,56,31,64,165,396,367,148,246,451,29,234,301,354,202
181,469,305,224,137,273,84,49,199,432,205,34,344,31,72,388,340,367
256,64,20,151,485,362,267,236,433,413,366,469,186,288,144,472,470,65
323,447,55,241,472,424,140,336,396,50,245,488,342,202,387,489,54,440
176,282,107,252,204,393,208,63,388,324,138,247,245,134,205,32,266,174
336,139,87,175,229,188,305,88,144,77,420,266,446,131,166,20,465,155
128,142,336,373,331,247,308,133,237,233,304,374,483,281,4,53,19,40
126,373,179,161,318,366,49,33,137,32,41,410,360,344,244,354,6,327
338,45,314,43,350,366,383,298,271,216,453,49,31,365,239,362,472,388
170,19,247,266,144,298,189,334,4,41,356,143,186,216,453,25,242,190
7,190,198,1,206,139,390,421,185,19,214,238,68,366,254,23,342,140
32,215,81,431,28,442,470,222,53,12,65,9,358,366,397,137,79,402
107,139,256,334,481,189,465,309,362,31,49,442,377,368,141,247,116,457
245,199,62,224,425,401,416,394,149,240,190,138,214,282,20,242,33,371
354,401,394,124,195,346,366,464,441,76,286,13,373,472,431,436,224,112
139,159,260,426,1,336,204,145,219,2,429,233,209,121,344,247,157,488
205,148,31,157,472,365,377,488,158,444,55,373,260,370,374,172,468,114
371,11,36,203,367,285,412,272,169,352,190,245,59,107,55,465,490,394
143,126,366,214,190,467,64,360,313,477,206,413,464,387,473,28,139,25
246,279,413,131,292,409,489,422,426,453,136,58,3,21,316,373,134,397
431,394,485,322,483,266,482,428,175,319,373,481,121,288,107,278,230,188
432,376,476,134,198,161,438,196,67,408,170,218,202,325,452,289,85,374
264,60,128,232,132,228,226,0,371,468,115,137,79,299,334,166,43,305
187,284,322,334,260,472,397,214,478,233,139,66,256,368,7,184,162,289
442,352,19,156,53,142,432,426,67,121,410,395,334,357,145,423,373,41
107,373,112,413,481,300,353,43,176,251,234,336,19,267,239,315,5,10
128,409,453,228,393,408,198,77,469,188,214,170,40,32,59,235,195,373
220,40,190,80,210,232,119,312,135,402,49,79,393,406,304,28,167,139
40,471,196,440,386,143,422,488,387,115,366,60,382,448,266,136,337,200
229,138,77,466,241,32,345,226,251,391,207,371,292,214,179,452,423,336
228,188,31,319,20,59,317,310,158,367,377,283,79,66,271,223,381,81
367,92,430,422,31,236,278,346,5,198,304,480,40,341,224,284,286,353
476,363,14,79,266,465,357,486,72,444,458,304,382,239,322,284,25,348
373,486,470,169,350,394,375,467,436,238,430,14,64,299,434,199,332,224
430,405,266,466,120,363,210,355,334,64,89,366,364,484,36,146,59,322
321,336,357,198,448,204,269,413,134,484,247,452,323,261,266,397,142,188
30,195,334,474,204,395,57,74,455,159,71,175,396,385,69,252,64,375
214,481,183,374,468,388,490,31,39,70,367,11,426,220,223,117,15,116
103,169,23,326,31,226,211,322,413,334,201,401,315,112,299,90,397,243
148,398,292,215,336,350,44,1,224,232,321,38,472,265,395,228,31,267
126,440,319,439,42,331,246,357,111,73,298,292,226,336,342,366,384,198
464,122,245,366,223,42,298,247,240,232,410,1,306,214,475,387,249,145
185,211,407,374,168,18,218,58,237,27,30,340,412,25,396,178,385,224
294,220,32,139,31,29,324,211,244,178,214,461,467,79,97,89,463,282
475,245,220,1,442,51,431,437,61,212,214,336,246,251,426,428,462,278
428,31,342,374,223,370,455,96,267,44,190,202,366,210,101,438,135,282
163,366,184,402,32,167,48,350,376,399,264,337,115,114,227,90,88,373
393,18,40,145,440,453,202,257,84,157,120,409,366,247,12,4,398,198
483,136,367,398,112,163,247,75,324,266,475,42,373,340,393,210,81,32
317,483,76,164,150,348,25,200,479,145,222,436,214,69,247,477,278,9
464,178,386,166,390,187,42,134,43,413,164,396,292,341,25,475,3,294
394,309,242,157,67,177,393,60,271,354,327,302,388,400,320,48,480,132
362,304,78,344,366,249,6,298,412,143,307,409,356,112,294,465,149,186
428,17,242,38,409,226,422,247,1,476,363,325,69,198,390,305,178,317
190,254,282,464,452,364,31,366,198,456,159,486,170,286,227,239,96,236
137,57,297,199,463,373,32,439,468,426,145,84,471,366,458,436,376,205
169,187,179,373,127,188,113,82,33,427,445,298,325,355,471,90,488,234
486,10,393,413,196,279,451,252,211,115,441,366,247,431,250,268,137,373
346,453,245,483,202,286,269,300,298,242,137,71,340,452,184,196,57,141
394,426,413,453,188,96,33,136,319,377,363,243,171,472,223,337,273,30
146,107,214,345,401,406,156,266,212,245,123,438,202,192,114,396,383,300
207,449,118,401,473,169,61,83,92,236,382,31,477,393,68,190,366,357
485,473,315,134,309,124,177,45,120,366,62,140,325,20,281,214,226,382
217,271,211,81,366,279,324,218,393,268,180,292,41,334,453,241,209,472
309,407,462,311,226,26,435,174,476,442,56,443,19,397,366,31,178,325
147,178,320,365,224,245,264,407,31,251,342,469,379,61,346,65,319,149
344,436,398,211,336,50,160,140,440,31,282,453,36,222,190,134,210,322
99,198,264,325,334,279,58,474,361,297,245,399,157,398,330,302,7,350
417,373,157,244,364,458,289,196,143,226,176,9,384,260,393,258,396,388
388,475,453,377,41,206,317,81,364,137,352,139,91,438,252,31,385,127
114,6,430,118,362,102,252,390,413,66,232,416,9,49,57,394,79,431
273,114,60,190,157,386,187,338,366,139,286,298,374,150,217,448,211,196
366,139,373,166,138,298,222,245,467,49,39,338,190,196,315,144,206,250
185,100,35,271,21,374,421,137,190,431,31,426,245,442,244,440,121,266
482,446,374,341,383,398,372,25,300,318,247,314,459,420,373,188,136,91
50,54,400,448,266,294,373,36,366,142,254,175,463,362,332,117,436,264
335,376,295,67,47,366,334,336,25,274,426,31,188,57,211,238,362,14
150,222,116,380,196,247,292,226,436,444,94,20,103,352,110,61,11,31
242,373,10,1,366,426,7,474,388,13,386,188,211,320,266,471,389,247
204,362,264,19,490,80,182,310,257,366,271,49,330,373,328,46,413,31
67,453,222,44,175,300,208,124,92,153,112,472,244,406,269,426,298,352
234,106,334,378,429,31,431,3,433,174,92,366,344,75,361,241,373,140
373,369,197,31,431,281,298,268,23,364,66,393,187,448,375,130,215,245
45,338,483,88,156,74,27,71,453,12,411,314,266,190,209,139,366,354
432,94,409,396,413,483,187,211,485,247,366,346,381,3,161,191,150,431
413,382,139,430,31,54,201,64,245,409,198,391,266,15,388,136,470,117
395,447,32,229,368,403,211,242,175,392,82,340,398,245,105,13,293,68
81,28,388,156,0,338,63,31,196,100,86,350,436,145,115,400,376,169
31,215,206,75,110,108,120,370,213,483,298,175,25,190,368,290,286,431
298,149,121,276,146,391,406,408,169,67,206,485,180,412,455,454,239,79
239,51,114,364,267,105,368,81,92,374,113,373,145,469,218,489,149,299
53,440,215,279,311,165,50,298,31,144,325,185,439,70,342,35,356,246
476,31,301,188,20,298,483,356,32,125,366,6,131,89,446,453,221,70
209,476,246,190,168,394,124,89,332,64,88,6,48,5,357,319,325,25
413,453,425,49,301,70,142,303,135,394,30,486,127,319,232,298,272,177
315,31,17,261,342,471,146,439,401,101,222,464,69,402,440,177,373,300
31,127,402,453,426,409,123,160,299,255,214,436,383,447,167,176,249,362
252,370,274,473,229,135,256,151,411,391,396,418,138,250,190,1,90,267
26,31,463,349,381,271,239,63,308,346,92,128,139,298,453,394,196,178
468,71,135,481,471,336,103,295,107,180,113,61,316,366,220,253,152,349
472,160,196,129,309,206,214,340,134,202,103,265,268,429,409,433,421,223
323,235,138,369,209,406,294,146,246,51,117,245,98,334,410,274,319,46
304,124,440,406,82,264,300,362,188,344,43,240,359,319,428,353,316,366
183,281,409,413,226,204,164,187,396,214,454,394,371,446,438,123,30,486
374,445,276,336,366,464,71,169,157,205,431,75,246,185,188,479,49,155
431,247,334,447,18,409,395,145,259,367,98,488,338,472,278,294,377,286
76,440,177,107,332,302,391,119,283,118,289,126,31,233,371,203,344,486
304,292,341,35,402,469,426,223,486,25,63,42,64,137,453,465,384,484
134,374,413,489,214,445,298,212,142,357,70,322,155,49,474,485,121,367
4,242,380,210,409,70,376,286,118,472,42,366,248,139,298,336,381,337
366,282,142,12,19,245,453,286,458,367,32,89,257,322,36,125,438,31
374,474,196,409,86,254,295,177,187,318,60,431,426,31,472,266,354,13
58,281,292,366,413,8,472,266,188,69,373,482,404,305,460,137,396,25
63,25,266,49,108,328,228,79,428,198,305,426,463,173,355,376,41,476
238,298,189,334,480,188,268,363,4,154,199,460,230,198,396,330,412,139
277,268,402,298,374,100,247,31,81,139,134,12,336,414,366,154,483,461
213,271,301,393,203,188,298,54,305,353,199,453,214,266,90,179,267,313
409,214,266,0,162,438,12,39,332,442,49,462,43,250,463,242,444,64
334,266,368,384,298,305,256,452,159,245,426,465,64,169,410,237,254,118
132,71,32,49,355,396,169,27,366,44,473,484,351,31,376,2,11,156
423,232,417,121,297,155,351,369,448,50,49,453,169,490,27,315,101,245
92,481,252,31,37,62,209,182,419,47,21,298,102,417,5,272,120,287
351,396,21,242,453,357,137,302,124,125,53,213,18,134,366,362,262,402
383,485,101,76,43,481,128,402,245,31,260,348,314,5,306,284,415,133
89,476,362,334,123,169,409,103,11,235,324,106,174,79,418,168,468,209
224,134,96,135,303,132,336,373,286,468,461,434,121,242,391,212,229,1
54,475,238,94,457,209,104,19,249,48,208,161,20,206,246,484,402,366
298,227,263,469,304,323,455,92,253,271,437,134,266,181,140,182,162,348
438,45,39,144,107,208,481,430,304,308,176,189,334,124,266,170,173,413
220,133,279,131,102,318,39,431,51,245,13,465,448,18,204,412,186,113
50,354,90,436,244,356,144,49,139,256,155,336,211,429,252,369,116,257
439,202,472,431,268,188,32,244,448,430,465,398,76,317,137,210,482,409
338,337,190,36,283,126,81,31,394,10,334,373,240,64,396,409,319,367
335,357,455,324,237,4,430,409,266,121,209,292,45,7,29,342,267,336
387,144,468,408,463,352,49,28,63,222,94,382,176,5,319,354,272,61
449,214,201,202,84,291,188,195,471,266,415,454,67,394,413,396,272,150
474,332,41,447,315,400,219,45,388,139,476,245,286,97,109,188,234,366
467,367,95,351,298,31,391,476,68,145,286,241,272,242,264,137,100,299
332,214,219,49,362,9,227,31,90,454,278,6,464,408,315,382,412,242
267,473,355,156,373,413,428,59,134,298,368,64,8,89,132,266,271,133
209,320,199,459,44,273,142,128,27,203,245,137,157,43,9,135,101,65
398,402,122,240,486,266,365,275,370,373,409,42,390,210,442,286,87,325
337,355,146,123,46,446,341,28,352,329,19,373,302,144,366,342,208,50
142,441,209,445,330,440,292,155,294,11,161,134,332,110,460,267,22,382
19,85,346,76,305,352,223,362,242,476,57,55,385,366,446,43,29,294
1,275,362,361,138,158,202,134,214,250,139,437,320,412,400,469,311,49
135,278,338,0,275,373,243,485,444,157,366,398,232,318,268,226,374,8
250,412,431,292,284,200,298,31,400,244,342,275,299,426,5,51,187,135
443,270,211,317,86,107,394,31,127,2,164,256,366,142,7,475,49,185
457,50,376,305,291,415,266,294,354,31,366,85,469,182,92,402,32,21
300,87,173,401,426,82,202,278,388,214,314,122,8,164,221,137,222,442
207,373,314,246,244,155,275,161,410,90,473,490,68,97,380,469,392,169
417,474,142,228,489,127,471,383,122,71,317,149,12,64,446,187,367,366
175,247,366,124,360,215,122,306,453,340,431,469,135,241,76,70,429,49
396,422,490,190,305,288,356,476,44,31,275,245,376,348,207,436,412,254
277,334,225,390,137,352,127,67,366,185,18,284,198,46,44,484,242,196
364,250,209,302,453,381,184,409,154,298,56,49,388,322,465,146,421,199
266,170,369,252,232,14,32,24,0,65,39,344,476,25,97,456,359,271
27,107,136,237,258,348,405,240,28,352,19,70,105,184,354,324,34,476
408,433,284,484,212,223,90,282,372,171,488,49,272,467,211,247,298,195
25,245,368,176,373,421,278,315,7,463,92,483,394,362,374,380,224,34
444,196,440,298,132,126,300,428,284,32,364,403,283,439,336,436,118,412
155,174,160,187,317,78,366,8,378,412,398,139,30,71,253,282,386,214
431,210,29,469,302,366,205,232,421,334,149,206,403,342,254,5,245,146
4,252,157,96,286,308,396,336,333,285,388,331,462,390,366,83,438,169
166,189,254,336,190,471,161,483,442,208,373,170,454,245,192,436,354,313
148,180,426,49,366,341,455,489,13,430,466,118,207,119,46,289,409,59
317,338,71,471,299,76,119,412,366,197,83,239,256,413,294,54,485,84
16,479,121,352,286,222,453,189,35,485,312,43,298,303,161,420,31,430
364,443,300,267,438,187,416,87,355,240,203,243,454,139,341,469,121,431
56,178,409,169,272,159,445,316,464,485,388,97,299,157,170,478,311,341
185,113,249,61,2,297,445,101,76,239,455,429,81,256,308,342,175,45
210,441,269,123,121,266,373,303,36,301,398,27,413,304,190,363,139,118
482,412,169,214,285,373,56,150,188,464,213,366,231,222,144,170,95,124
338,223,53,285,471,145,77,444,23,64,19,447,237,257,363,169,309,202
37,381,431,92,152,455,19,40,342,214,366,484,211,308,101,72,58,428
297,393,232,153,472,456,477,110,14,334,454,467,118,315,189,373,295,384
128,412,162,298,477,156,373,31,465,342,51,396,99,22,366,186,284,469
425,298,307,355,334,119,20,388,336,150,19,457,319,366,255,438,134,396
317,408,29,214,277,261,332,461,8,64,454,362,21,367,485,14,186,325
344,79,386,406,53,177,298,188,309,292,214,479,387,11,145,430,465,211
373,326,273,135,158,412,426,348,245,137,95,350,75,442,34,366,474,31
413,2,185,334,309,471,475,474,123,366,374,232,39,423,315,65,433,292
187,184,476,331,294,241,432,71,431,362,9,356,61,14,373,334,421,440
89,461,156,214,78,476,245,211,425,117,414,366,441,169,265,409,338,390
321,264,49,161,266,118,447,422,218,11,367,396,336,393,302,13,337,366
190,107,366,430,401,426,305,289,220,357,367,219,489,402,451,4,286,466
157,25,300,370,316,356,7,64,79,253,181,53,483,201,373,42,1,266
186,96,147,28,373,170,224,408,137,430,427,105,299,214,353,195,400,42
112,237,444,346,25,294,232,407,399,51,69,334,222,286,174,355,170,57
289,342,273,161,374,258,49,148,65,469,125,233,397,309,322,210,367,406
480,489,260,363,78,319,178,278,135,196,334,155,246,20,426,247,42,438
268,476,366,117,453,353,31,49,150,479,364,245,292,266,313,434,211,482
386,16,463,288,475,423,366,300,476,474,436,305,322,39,409,395,190,262
153,174,447,358,116,367,65,46,191,453,461,310,322,211,346,373,315,464
322,59,134,120,14,83,454,206,373,393,341,136,447,94,257,463,58,355
31,402,245,319,285,340,276,55,490,366,219,209,378,7,374,464,258,188
261,196,412,145,77,214,375,245,143,359,128,439,61,237,431,390,223,332
35,105,76,321,100,221,407,336,175,64,112,220,293,28,436,146,162,369
163,142,48,334,146,292,469,97,56,161,176,150,63,392,348,444,179,75
25,67,58,417,16,59,213,62,472,178,374,237,412,430,10,402,220,251
431,132,61,65,393,96,20,145,425,334,21,123,489,155,81,413,485,276
386,199,473,389,357,252,239,179,480,138,263,401,283,299,247,15,203,162
277,230,166,239,484,235,430,266,31,476,427,135,363,192,373,275,301,89
305,388,196,42,331,87,2,448,412,455,485,353,342,489,112,204,269,153
153,409,434,314,190,94,380,95,223,352,373,385,431,280,366,387,402,311
388,338,366,460,76,436,49,227,268,244,57,31,336,313,77,42,134,258
372,412,345,251,256,43,117,32,253,333,293,426,366,465,297,31,49,299
427,162,18,416,356,266,161,415,366,457,299,285,248,83,488,396,482,342
250,69,334,459,352,61,186,215,300,257,188,263,214,408,162,405,335,209
164,319,298,327,17,359,320,128,373,163,229,315,455,198,114,388,361,324
280,472,31,419,430,82,409,412,235,444,356,118,374,345,213,292,422,289
245,429,463,98,70,317,443,490,260,396,476,301,61,461,322,112,158,16
400,304,475,462,472,398,205,426,232,198,175,248,355,83,251,255,453,113
220,261,162,42,410,305,245,232,83,436,483,484,23,354,48,140,203,214
393,31,205,66,209,453,143,49,392,396,313,310,394,195,162,230,57,302
293,49,441,354,424,98,229,20,400,482,440,391,175,30,264,209,442,411
305,238,211,368,43,422,344,367,342,185,309,119,17,383,131,398,403,366
72,49,167,199,403,36,25,261,79,448,431,417,48,377,321,169,450,364
31,156,346,12,257,453,70,49,277,120,482,337,221,179,335,131,388,204
483,352,246,337,100,255,475,90,363,79,243,11,198,3,369,394,468,97
366,87,204,476,429,396,2,169,119,409,199,299,453,430,273,472,298,426
320,366,453,412,142,295,276,431,373,267,17,331,190,336,213,393,452,316
288,9,171,373,214,177,394,486,406,366,134,55,402,356,58,386,181,147
364,469,174,181,32,375,266,219,144,438,353,424,286,413,378,29,476,237
31,89,308,481,409,413,105,95,207,242,81,245,378,385,396,446,139,275
204,222,369,89,228,167,362,208,408,271,90,248,268,16,413,348,366,247
306,45,375,62,366,405,393,214,284,12,298,50,32,352,186,472,68,215
478,393,408,317,135,329,256,190,131,308,254,175,49,2,446,284,142,39
209,481,1,374,244,431,336,365,488,267,157,35,369,373,246,61,70,408
482,470,363,20,417,21,62,374,43,15,73,148,366,401,282,204,327,169
309,258,462,119,445,431,266,367,393,90,417,438,226,69,120,294,127,100
211,206,463,429,399,249,185,36,472,76,260,387,48,355,342,171,315,126
352,100,318,397,121,76,368,476,477,398,270,172,386,426,28,41,155,361
353,220,178,373,208,153,382,314,230,75,29,469,304,112,65,84,3,285
421,373,366,460,247,471,151,110,139,394,57,223,409,63,178,382,115,31
373,309,121,90,425,366,112,31,368,292,211,247,390,375,352,21,115,377
49,23,457,298,62,432,286,63,421,76,105,148,117,289,476,57,391,138
150,310,253,247,215,291,271,195,458,373,431,204,442,320,266,245,188,324
198,436,135,355,443,151,266,176,461,40,421,484,298,59,356,249,465,368
300,477,142,243,240,473,325,459,412,167,5,68,261,281,483,490,146,235
169,278,453,245,121,388,248,363,323,13,247,117,320,127,249,274,35,32
43,196,251,123,188,226,377,111,378,438,249,344,9,72,21,322,332,366
129,118,43,4,441,40,306,112,89,388,208,11,188,150,142,115,102,455
168,447,398,280,374,31,373,341,292,467,479,226,124,377,252,160,409,175
453,4,34,194,352,61,23,469,198,356,292,388,436,439,241,281,468,105
20,300,82,148,119,316,76,320,393,51,463,466,336,114,460,186,245,223
468,324,283,123,188,465,366,4,436,373,261,172,329,333,394,105,457,34
421,473,226,59,124,134,393,350,294,127,425,31,430,374,431,103,366,76
140,108,49,175,121,366,124,328,17,119,34,342,139,262,102,382,146,260
242,399,171,460,109,393,141,156,114,157,474,339,160,458,284,247,282,174
168,1,181,373,204,431,49,397,28,266,54,287,327,315,208,139,285,236
278,32,416,485,346,295,429,465,443,307,390,79,35,188,196,81,86,393
344,68,112,356,299,77,373,137,145,400,198,312,189,31,303,13,60,346
4,308,411,90,14,214,281,463,114,222,345,340,112,62,322,41,120,98
89,32,144,453,173,386,27,268,388,338,340,222,133,63,286,426,196,31
31,64,72,367,305,9,246,321,143,157,453,366,18,79,486,479,300,477
56,41,285,213,286,48,88,298,162,196,215,121,468,120,40,290,427,175
62,219,370,374,148,176,177,30,440,265,223,157,212,412,24,108,169,380
323,451,144,87,392,25,42,411,336,398,24,142,292,61,135,430,214,2
188,356,107,186,335,190,134,270,174,218,35,476,222,455,20,486,405,360
299,298,202,373,486,429,112,188,366,436,393,65,184,196,478,275,427,453
272,119,486,368,173,100,436,138,341,247,61,135,217,355,230,154,448,185
346,251,92,186,433,394,169,375,438,211,139,232,84,48,0,413,336,256
66,169,247,370,489,220,309,144,211,262,155,295,426,366,417,11,429,58
9,172,363,326,449,119,15,279,226,267,377,272,3,431,209,413,402,367
223,439,23,146,50,247,480,204,201,188,246,354,105,40,373,434,245,409
266,230,244,54,366,51,424,336,198,151,105,49,232,119,362,208,112,253
112,298,387,300,41,222,76,247,9,146,366,24,409,21,354,373,292,244
169,135,130,215,267,177,180,266,143,237,340,231,472,336,187,97,431,394
368,105,178,415,209,269,412,92,292,282,319,390,124,63,286,89,331,70
76,334,209,364,277,68,292,247,58,421,199,144,328,356,157,350,342,374
279,281,155,44,356,453,346,139,344,37,181,288,245,182,217,432,282,4
92,319,367,74,373,474,181,24,158,481,155,440,148,252,425,261,60,322
285,67,334,95,169,366,124,471,61,120,29,422,60,362,162,261,260,327
59,359,94,264,136,174,322,432,402,276,350,464,177,303,366,405,453,191
345,213,294,350,6,379,409,373,364,450,64,0,478,8,472,369,142,304
250,480,411,318,132,150,188,315,412,348,54,404,485,199,476,361,187,114
464,64,190,486,266,31,452,35,209,49,179,468,366,382,127,402,339,447
401,350,373,50,402,357,430,199,264,44,34,431,179,115,203,321,14,89
300,139,336,202,44,30,113,373,261,319,195,92,119,371,453,420,110,201
345,245,300,373,124,436,45,140,445,169,416,40,421,273,14,247,286,211
140,428,60,307,45,368,32,327,107,255,239,365,253,244,83,266,476,59
425,211,49,203,150,426,472,421,395,274,112,50,196,273,15,431,18,478
212,27,425,183,164,137,144,446,354,318,31,346,187,253,145,1,49,59
336,38,27,366,431,176,41,31,214,202,382,275,37,424,58,363,219,49
313,275,234,486,92,215,145,63,133,334,386,337,115,366,445,336,227,55
253,164,482,261,28,64,49,308,317,190,373,134,367,386,298,87,374,480
294,100,476,124,201,413,292,254,372,438,423,427,31,25,36,463,190,276
36,53,139,159,215,469,342,28,453,135,472,164,464,49,171,431,55,387
431,124,198,242,412,157,199,285,229,373,69,20,356,396,352,394,400,235
191,341,366,77,183,114,213,294,276,2,64,21,337,143,189,368,245,220
92,187,485,188,254,404,157,292,231,278,294,66,221,436,45,160,114,298
442,257,261,2,32,31,184,61,426,124,266,30,188,453,190,295,102,71
55,369,102,282,463,277,79,190,239,266,236,223,300,483,204,134,245,28
112,470,294,346,334,478,366,142,373,432,228,396,402,336,220,222,483,185
49,300,396,12,306,431,238,2,312,408,278,3,385,402,406,410,314,264
112,218,26,430,444,70,21,201,287,42,278,124,252,453,458,367,472,254
434,70,138,61,76,245,373,364,94,63,278,226,381,198,11,260,212,488
356,233,181,332,463,479,187,195,62,50,448,366,353,105,264,290,336,413
195,406,118,311,431,103,301,105,373,350,422,81,432,114,137,188,308,260
363,211,187,142,15,135,484,273,63,366,81,408,440,148,191,462,28,403
246,15,383,70,334,148,373,367,189,50,169,221,152,267,378,128,121,388
153,393,253,139,113,2,399,431,41,411,383,156,341,265,12,264,391,163
315,256,68,221,311,211,218,111,12,436,366,425,41,287,185,417,449,426
366,320,315,431,214,212,462,121,198,65,31,158,242,266,97,178,72,272
342,126,436,169,369,94,310,421,245,334,187,41,121,368,402,215,202,142
200,461,451,101,269,146,174,41,122,308,198,189,166,145,469,366,428,190
37,11,64,260,336,363,355,18,21,149,121,474,266,321,431,217,134,238
249,431,334,401,321,111,114,127,113,6,366,81,31,298,396,254,142,332
79,160,44,437,300,263,447,336,345,373,74,408,374,198,3,264,221,189
124,379,42,224,144,490,285,360,75,436,357,451,133,211,398,31,256,408
355,214,412,435,390,413,31,254,490,360,158,61,22,320,169,367,242,468
211,294,134,213,15,377,319,70,86,136,475,465,60,472,441,414,289,462
269,188,377,432,366,447,257,409,85,361,424,3,19,118,200,16,226,338
399,173,488,84,426,96,245,31,395,462,383,95,28,329,232,299,4,223
137,298,130,39,366,324,418,380,373,113,292,71,41,286,207,259,58,128
400,232,28,21,320,226,366,112,119,69,431,25,463,245,221,214,342,474
366,244,12,214,409,167,431,102,215,139,453,373,251,353,188,352,383,284
12,431,247,446,398,453,239,452,472,356,9,121,102,162,298,489,80,461
4,453,412,59,417,367,82,50,373,298,409,173,222,64,253,180,179,2
224,453,87,237,353,36,256,431,484,254,31,210,448,382,402,101,260,263
187,226,116,373,146,475,291,381,452,244,279,156,318,74,415,334,461,239
108,256,191,11,135,329,412,413,325,394,336,257,41,124,300,431,160,461
207,245,394,341,431,144,61,415,214,184,367,73,417,48,390,1,199,402
247,239,145,299,409,313,140,373,283,193,31,70,255,111,110,275,354,412
58,214,90,383,416,297,71,483,282,242,92,409,300,448,55,102,85,62
75,320,306,352,120,260,41,323,85,332,254,474,210,388,239,169,25,450
390,398,41,376,350,261,199,190,426,421,316,373,453,55,413,430,363,465
400,382,204,410,33,121,160,20,248,24,177,212,247,308,466,9,78,89
411,88,373,323,49,258,474,386,453,143,177,150,139,397,199,438,114,336
176,381,282,258,366,31,159,431,83,65,453,177,468,56,69,374,338,483
31,139,381,362,87,54,401,249,412,202,298,309,64,373,145,462,359,76
82,373,31,237,6,320,267,48,251,294,239,469,195,137,168,465,142,372
196,60,476,123,206,449,195,250,373,232,202,374,468,453,107,183,158,226
490,112,325,359,159,274,205,233,472,464,442,211,132,366,409,169,8,39
469,110,423,373,67,442,96,413,50,231,455,286,100,486,57,410,478,116
367,380,130,252,413,31,323,142,336,388,410,250,230,392,400,479,366,138
360,89,438,336,53,346,398,136,366,31,373,420,465,96,455,146,69,62
287,298,84,274,209,190,245,10,134,374,43,337,216,184,192,479,453,57
305,332,216,83,204,286,175,23,334,219,363,202,373,260,64,320,473,442
35,489,247,373,370,390,375,199,253,398,406,174,266,196,252,81,25,268
121,390,281,287,222,421,119,260,138,336,385,266,327,61,438,363,114,334
454,387,284,140,318,110,436,35,56,214,99,472,336,42,178,62,245,108
244,28,452,31,395,1,380,475,118,385,234,67,169,204,489,266,354,134
176,178,211,431,442,195,365,215,334,388,81,341,128,373,31,288,465,233
46,394,453,233,36,363,141,176,188,113,209,75,377,165,28,197,479,313
214,396,386,239,376,130,393,338,62,431,223,233,388,69,49,412,417,146
331,454,374,398,311,293,334,390,222,157,49,155,400,41,46,469,342,184
59,233,85,437,396,453,386,66,315,413,81,139,167,359,62,88,138,434
258,56,238,356,112,87,284,374,100,465,198,433,482,366,406,221,30,303
100,367,46,391,357,266,366,394,285,462,115,468,12,309,169,313,141,32
397,204,255,431,272,76,362,133,371,70,401,175,373,169,412,289,56,116
304,483,279,371,472,432,338,172,138,355,313,77,175,215,268,166,59,225
188,413,400,278,59,105,271,141,383,438,187,145,157,30,81,140,254,336
409,379,377,112,481,437,447,336,489,365,105,298,249,341,416,304,41,16
61,253,112,240,453,177,204,202,189,483,190,471,140,102,431,369,333,145
117,31,119,292,282,20,220,156,29,300,382,412,218,260,336,322,48,357
142,476,361,231,362,455,242,103,367,382,215,276,39,374,424,402,485,237
168,41,161,266,169,419,79,437,413,94,291,31,394,241,171,373,348,478
218,366,453,446,175,24,224,252,71,275,340,438,286,35,177,7,297,431
336,348,269,380,408,280,460,317,21,442,440,409,480,214,136,435,112,16
52,9,198,362,434,155,305,282,475,49,489,63,50,40,286,169,357,373
484,8,465,366,118,96,426,474,222,335,267,268,19,308,278,153,449,406
334,64,306,449,139,226,336,112,189,17,433,383,33,203,216,366,361,410
21,272,254,256,471,447,173,366,88,265,108,89,99,426,215,341,411,198
324,128,256,44,115,228,428,155,395,440,214,30,69,302,467,382,146,312
96,180,420,346,196,221,133,205,314,65,21,396,81,489,348,362,401,31
186,485,169,48,30,114,51,308,244,421,438,36,127,290,97,388,476,350
364,431,306,463,39,366,397,95,180,87,217,373,237,245,77,202,388,247
233,246,464,202,300,428,427,357,226,236,486,423,169,28,221,232,294,466
249,334,192,156,362,20,446,69,352,316,474,14,431,266,83,406,363,100
335,292,369,39,280,81,144,32,245,199,167,172,203,188,450,134,315,426
70,396,32,84,282,474,129,373,243,214,227,398,357,479,132,14,360,440
323,306,183,94,203,403,300,394,192,409,257,137,64,23,340,420,96,85
255,366,70,476,373,69,191,480,124,394,331,142,308,141,112,390,37,158
11,189,460,392,221,220,247,6,401,336,214,176,267,69,278,43,475,180
342,384,60,486,16,366,278,208,164,158,301,387,18,34,430,476,266,402
329,323,63,393,471,293,264,89,400,483,464,128,246,29,325,453,411,129
9,276,373,431,358,413,263,258,27,338,264,418,359,434,324,297,228,433
195,394,282,156,21,213,398,85,383,119,325,319,233,478,453,65,242,367
282,113,413,15,447,275,272,366,473,25,85,37,241,438,372,70,289,374
431,441,145,168,472,485,108,412,446,180,462,56,461,326,359,330,366,476
209,401,404,430,427,247,367,314,402,366,124,455,152,162,134,472,394,263
120,116,388,69,137,462,258,164,114,31,459,439,465,41,431,121,220,368
70,407,6,128,120,393,159,303,401,317,142,334,424,261,134,157,196,122
84,406,116,402,139,181,230,253,431,344,214,170,147,319,271,394,471,383
377,56,186,238,324,222,346,368,265,139,462,453,142,393,206,233,67,160
185,4,222,25,366,319,140,76,61,15,305,461,204,280,252,114,99,413
42,4,403,14,268,327,263,182,340,29,279,370,476,105,169,145,355,246
58,49,105,402,92,138,89,31,396,474,342,111,368,373,135,16,391,239
322,440,266,214,145,114,209,364,486,247,7,311,201,453,1,350,413,170
386,388,202,299,373,28,315,462,455,425,454,394,397,306,460,195,333,297
331,90,170,350,366,386,118,285,239,242,124,235,364,64,159,454,398,49
253,280,164,373,246,64,337,466,223,394,366,118,31,161,371,3,413,32
428,472,244,400,86,123,297,45,322,235,247,243,318,464,334,90,76,66
424,413,41,219,429,249,214,412,31,485,114,77,202,416,170,69,395,167
107,333,434,453,462,31,474,394,44,317,291,341,90,409,183,188,329,112
443,189,426,85,211,188,113,32,187,259,160,413,62,299,8,208,442,373
42,436,322,484,203,411,190,453,29,485,7,149,134,110,78,167,261,421
366,63,331,286,320,220,209,255,66,135,273,391,431,278,465,8,246,198
298,314,469,94,40,69,261,321,306,208,453,169,374,173,149,16,134,49
145,231,221,239,267,412,70,303,304,200,336,367,204,479,179,60,265,366
188,77,196,319,432,455,103,5,90,218,40,413,450,80,286,212,157,155
257,394,429,471,280,148,248,160,108,187,289,239,285,188,162,298,341,438
380,156,440,393,243,150,366,344,430,319,114,342,352,134,442,183,483,396
472,214,406,39,320,363,285,50,136,218,179,402,439,245,366,409,442,352
388,348,340,413,222,51,275,67,366,406,261,49,483,441,407,469,374,373
144,409,413,362,419,257,128,426,444,315,375,433,266,23,114,484,139,147
436,465,398,416,366,442,294,135,342,449,245,219,264,164,176,233,152,143
162,125,292,211,156,388,387,366,351,453,71,373,246,152,245,466,445,75
436,406,210,363,350,195,57,206,485,188,129,393,41,287,87,218,79,157
453,429,436,135,4,138,324,206,117,266,79,472,45,169,350,145,9,208
483,187,406,227,332,82,391,258,407,368,390,109,366,96,41,367,141,469
2,289,394,366,438,222,116,402,484,474,373,397,228,427,141,207,233,198
85,105,196,413,161,245,236,157,428,286,252,422,179,394,412,134,227,485
9,276,193,171,11,373,315,134,483,367,31,91,148,14,139,479,489,72
196,322,453,467,108,14,415,61,35,475,157,362,158,198,336,471,81,464
366,374,61,195,29,147,41,200,393,176,424,169,55,465,9,217,188,214
142,264,105,202,400,187,137,209,377,336,128,162,303,169,386,361,198,34
175,321,354,283,371,40,227,181,47,255,408,356,234,188,204,39,410,310
147,371,294,119,428,296,413,245,81,315,367,422,214,4,472,330,360,64
366,107,42,437,198,373,268,414,490,145,245,250,413,305,251,394,254,19
476,373,483,233,199,341,51,357,374,188,289,72,30,386,344,423,157,448
245,490,111,469,295,406,332,156,233,213,407,337,49,50,341,222,292,446
246,237,118,145,31,45,14,434,261,436,69,311,361,440,308,353,427,190
35,118,135,298,395,350,240,161,397,183,100,324,462,97,429,428,142,310
177,374,242,393,78,207,113,200,336,245,334,454,411,338,273,63,425,124
158,273,456,70,100,366,263,144,309,30,39,463,386,475,245,202,80,36
139,214,232,45,230,9,266,102,43,333,13,197,228,422,190,47,61,162
337,341,355,440,94,388,212,218,95,409,61,336,442,373,19,164,254,114
426,138,288,364,398,253,81,267,259,436,232,244,136,430,449,186,462,278
2,70,364,286,305,322,483,373,470,21,453,31,352,291,244,186,228,341
280,20,157,348,83,87,124,48,352,183,187,188,49,169,367,186,478,451
252,154,385,294,366,77,232,200,309,124,453,199,370,2,242,363,46,341
142,49,61,472,68,373,112,468,433,99,119,394,366,344,121,169,314,153
431,49,390,20,334,303,391,54,171,72,77,203,144,28,319,81,333,232
57,380,311,402,285,367,391,56,454,308,268,67,61,26,235,169,417,174
354,393,159,143,476,244,187,373,49,326,416,352,223,468,245,285,152,366
369,84,366,278,31,182,488,285,292,230,260,299,398,49,335,48,159,173
103,366,264,447,243,419,184,59,440,67,298,42,96,383,145,358,386,40
455,198,336,352,199,226,326,64,94,445,169,319,292,183,291,449,116,471
121,14,436,340,58,218,130,272,31,391,396,283,334,190,374,120,442,477
43,317,31,284,334,33,187,179,0,392,273,210,81,9,115,340,298,366
178,348,218,215,266,4,211,58,1,288,49,462,408,20,267,281,373,28
44,254,259,435,430,27,446,181,197,410,346,69,438,148,196,70,388,137
159,412,286,214,294,91,113,313,456,375,79,120,293,266,292,366,407,417
232,342,112,393,373,374,370,243,408,345,472,135,289,336,429,468,438,114
49,95,339,367,355,137,45,421,310,90,75,357,3,148,482,298,309,463
173,373,188,332,234,32,357,145,435,203,39,412,196,333,400,329,431,178
456,364,139,115,6,297,383,298,51,446,292,374,327,288,402,413,479,3
373,160,370,448,124,49,199,436,430,398,484,9,150,271,87,214,469,2
241,346,186,440,130,462,373,49,44,391,43,133,171,281,36,187,334,112
473,450,439,430,434,478,316,4,304,49,95,427,31,169,476,7,488,222
0,19,323,354,421,176,78,301,442,114,34,144,237,234,298,112,435,299
33,306,175,244,476,12,315,247,271,283,190,64,164,19,488,437,266,105
245,373,394,226,429,114,103,410,412,15,328,334,433,332,32,295,63,264
464,210,96,373,337,316,250,114,124,49,73,178,338,396,368,307,325,235
31,196,337,20,172,304,346,369,218,201,95,401,338,32,25,334,133,281
17,32,342,477,444,175,246,256,116,8,430,220,433,365,421,260,412,195
366,296,54,55,251,426,247,465,155,188,113,400,278,309,250,245,367,8
264,42,430,319,46,257,206,163,169,299,80,380,363,261,137,189,373,89
57,407,170,295,367,42,308,31,78,74,220,441,156,338,79,5,336,397
441,144,374,242,373,7,70,474,414,226,418,461,21,350,446,26,153,159
469,252,31,371,460,240,247,486,330,176,170,272,394,144,373,203,57,42
36,30,324,332,214,388,188,421,25,24,218,430,161,261,247,249,244,364
369,358,361,374,368,258,465,298,212,421,43,137,452,366,253,308,2,208
470,81,472,335,364,219,205,471,221,164,43,374,62,154,253,115,15,354
253,227,367,384,273,0,232,483,190,371,145,335,260,42,358,448,472,288
402,250,134,452,119,311,76,165,346,342,183,267,290,54,308,9,179,336
268,95,460,219,207,210,113,433,87,316,300,166,440,94,80,168,286,204
66,182,233,71,300,290,121,17,8,352,25,264,374,309,366,200,353,308
309,56,179,324,54,108,350,319,396,9,300,4,107,485,338,139,99,317
13,266,359,169,401,139,42,227,85,409,141,428,135,439,315,178,417,424
404,155,7,317,144,334,189,39,474,169,425,139,120,183,417,273,114,375
315,211,234,319,357,9,96,270,481,431,48,69,424,251,267,292,214,482
122,353,394,210,409,247,153,140,410,475,260,275,300,30,332,20,28,23
210,192,16,159,177,394,431,283,440,484,139,118,45,232,116,245,50,352
37,286,416,254,87,25,476,264,407,341,466,413,27,400,373,362,159,358
36,396,65,371,272,247,442,402,13,290,211,388,451,123,56,292,164,489
418,215,11,459,448,37,475,125,5,485,246,171,439,146,198,430,465,295
368,292,92,155,168,485,189,436,322,169,456,134,321,260,152,460,285,211
431,175,101,121,355,280,12,13,190,245,7,73,414,159,41,308,325,252
143,85,156,150,258,77,44,157,431,450,287,12,301,119,472,159,386,357
417,41,79,169,243,99,103,251,204,340,31,57,318,298,395,348,267,306
124,314,382,413,113,361,285,452,31,8,486,366,305,350,342,267,407,436
309,314,245,139,371,417,200,144,286,128,386,345,28,70,292,367,482,190
303,398,264,417,43,351,429,132,166,413,453,176,151,373,348,45,352,14
295,118,427,211,248,183,299,283,354,413,31,280,431,98,346,23,468,138
11,380,25,395,294,355,195,169,443,85,222,118,14,218,81,43,139,84
268,111,204,281,243,286,393,291,164,472,217,245,264,89,165,69,450,159
121,199,406,413,135,366,415,449,62,181,287,171,139,218,212,453,198,195
124,118,5,423,20,277,16,49,320,479,211,382,194,431,243,219,157,65
42,114,384,12,154,9,475,460,274,105,301,377,302,240,352,376,84,148
420,79,202,334,171,479,28,297,469,434,300,321,215,43,366,134,211,266
446,298,249,319,402,423,431,426,368,235,406,323,169,266,380,448,342,258
198,440,124,385,20,118,453,12,465,431,132,202,398,214,304,246,241,178
451,373,429,465,292,430,332,232,472,25,51,89,471,245,445,202,214,198
51,407,431,15,245,235,53,165,462,486,260,184,413,137,120,275,1,41
15,442,219,44,72,68,334,247,30,390,380,153,65,440,315,461,214,374
429,19,412,223,31,300,431,0,139,409,333,309,456,156,422,226,189,16
488,68,475,214,56,92,215,169,282,453,428,217,366,284,373,429,183,390
183,424,251,9,246,105,96,121,388,14,25,155,374,91,488,256,198,231
217,438,355,362,429,334,373,408,69,105,228,466,57,85,476,483,314,350
3,396,81,31,315,136,199,407,282,147,256,79,112,269,157,70,11,308
201,453,335,0,380,298,145,254,257,412,136,143,242,359,485,176,297,25
20,99,122,134,246,49,257,232,367,204,453,278,373,431,184,463,424,436
399,145,245,366,153,50,155,409,320,208,108,299,371,81,31,263,135,436
188,83,214,249,31,66,316,367,189,429,57,486,29,337,19,481,273,471
335,135,426,417,1,136,99,153,183,297,137,362,112,348,124,271,211,458
117,118,10,169,112,417,390,159,481,29,74,226,395,442,453,231,451,298
452,436,97,253,285,421,340,156,215,318,183,322,364,186,139,196,402,53
261,405,398,315,173,196,99,140,239,215,259,139,377,79,138,430,117,20
187,163,228,431,407,428,61,54,336,413,358,220,146,465,10,298,424,268
353,309,479,397,342,315,373,298,430,376,167,83,469,266,346,4,367,5
81,114,431,463,118,49,308,393,74,366,215,47,26,398,486,402,434,156
188,165,70,337,412,144,475,270,247,334,96,212,372,81,236,168,6,88
294,187,211,20,240,190,381,308,340,298,1,433,266,134,199,334,355,229
366,199,417,256,315,369,170,215,28,472,350,441,161,463,87,346,233,303
388,62,214,135,303,450,245,61,453,242,287,236,139,68,232,352,444,14
438,260,188,12,467,485,331,294,199,92,83,26,350,57,388,240,305,335
297,436,402,268,256,298,318,169,159,482,81,307,274,214,312,367,20,272
232,423,103,387,20,136,261,2,297,399,352,112,86,119,274,490,60,373
303,363,9,367,222,452,266,204,20,188,31,81,32,190,169,165,11,111
246,228,244,139,245,432,488,242,459,292,190,31,386,60,355,201,252,420
304,108,428,245,484,170,25,53,300,295,150,233,397,431,380,99,398,410
274,61,164,201,215,254,305,121,300,483,0,178,198,311,92,332,453,339
213,113,164,169,61,281,353,483,486,366,97,150,425,373,156,476,344,367
364,336,232,438,203,268,357,110,54,117,294,4,9,89,299,0,483,431
107,394,478,315,224,68,189,373,334,438,366,99,160,378,410,135,118,340
475,412,188,465,463,476,449,414,442,413,334,20,83,94,453,138,373,57
264,431,423,483,81,56,388,426,311,75,440,441,149,31,121,142,226,237
116,436,149,474,9,40,336,129,252,315,258,372,418,190,162,357,62,189
315,294,366,348,341,413,332,99,137,4,481,404,237,187,292,476,472,232
299,184,64,31,100,476,471,221,414,105,164,277,81,301,431,291,364,337
350,174,370,102,136,135,410,447,105,340,266,402,5,421,215,152,339,446
355,464,224,138,40,470,122,364,153,108,222,31,298,387,268,319,286,349
105,350,256,51,441,368,436,129,260,250,400,21,20,300,340,15,264,376
421,284,148,472,211,272,366,448,216,298,139,323,20,31,102,187,68,48
460,452,194,185,405,315,396,77,65,232,71,189,446,32,428,224,333,363
255,222,331,420,257,218,182,245,149,334,92,444,409,490,338,61,90,475
394,266,379,31,115,243,442,315,465,393,395,390,15,392,20,4,149,486
195,42,319,35,478,463,279,373,350,450,132,327,103,153,332,2,293,244
41,258,412,301,360,45,119,386,116,377,128,466,436,376,150,485,438,346
216,76,340,61,281,370,319,462,373,454,62,204,378,465,439,137,352,422
150,115,412,385,204,148,65,9,64,373,246,256,456,366,198,31,339,144
155,281,428,267,36,256,199,373,5,350,302,56,31,299,208,144,277,436
218,5,366,204,264,105,302,0,430,375,385,374,304,431,471,429,85,1
429,126,9,155,211,481,373,237,170,239,70,334,233,169,285,227,65,431
124,454,150,232,462,308,120,442,312,45,31,36,138,241,207,336,448,390
400,486,335,408,409,340,463,354,174,406,264,476,12,322,211,42,310,348
294,266,373,434,67,135,158,203,460,426,400,348,431,178,4,412,176,405
429,28,446,232,24,145,380,325,424,398,453,160,223,105,8,361,419,111
183,319,393,144,394,404,222,17,190,117,334,214,388,401,412,119,273,165
25,226,423,146,91,388,422,462,170,396,344,215,317,84,222,149,438,145
357,79,436,366,311,402,360,348,230,125,332,434,6,381,354,412,479,132
98,317,357,433,306,81,211,411,64,447,286,203,124,247,396,392,151,205
166,137,431,112,86,184,344,472,281,341,414,123,481,61,426,91,291,71
304,294,90,320,124,191,402,228,26,392,64,361,51,444,183,481,245,68
143,388,393,160,370,157,57,195,123,336,313,366,471,267,113,235,43,31
170,355,157,179,454,337,32,19,267,388,429,4,71,341,64,121,423,265
247,112,396,340,144,139,228,185,162,445,100,485,195,141,29,366,431,226
368,470,158,469,377,204,211,397,147,261,102,142,134,31,355,334,272,43
81,408,100,373,131,344,64,32,323,359,86,124,473,35,336,223,249,446
436,318,458,325,80,321,298,247,377,467,61,240,350,335,32,294,427,56
144,159,12,464,322,142,184,102,298,1,227,480,245,201,394,232,413,334
139,152,470,172,298,42,117,452,292,336,303,204,35,137,75,16,398,191
350,483,1,105,336,362,365,43,26,180,247,424,435,54,65,29,0,159
142,322,402,173,236,149,267,353,443,56,454,319,131,367,423,196,425,357
392,361,354,137,366,50,190,71,183,430,485,281,264,393,298,160,373,371
155,388,373,140,51,346,438,238,273,218,137,462,260,96,489,334,392,201
433,204,97,373,203,241,409,394,253,397,115,453,79,90,436,460,272,374
69,275,456,453,161,252,345,406,90,134,205,300,31,482,101,139,64,366
247,302,265,153,80,245,49,102,14,297,386,257,404,18,172,430,437,272
185,344,31,218,346,108,407,402,361,209,246,366,451,291,472,28,317,481
9,366,45,68,474,81,20,288,4,188,116,453,489,271,187,192,412,218
377,210,338,450,214,119,230,480,464,443,198,11,436,334,381,345,173,321
50,323,373,3,275,475,114,84,456,307,315,73,281,42,346,112,118,6
224,386,288,385,221,81,124,130,485,169,446,36,404,472,223,453,291,434
476,24,236,121,363,465,214,431,469,31,220,428,196,145,188,178,12,218
26,130,303,175,42,486,185,160,2,98,390,228,366,346,84,167,234,353
193,373,59,216,61,164,263,382,428,179,153,362,2,438,60,435,342,314
456,483,183,175,358,453,253,417,190,69,289,128,88,130,468,310,273,31
374,283,453,398,206,171,373,481,8,114,336,0,268,164,137,337,260,486
376,141,361,241,172,242,319,83,222,263,145,70,372,12,65,237,201,5
383,363,185,293,176,268,478,472,334,240,425,263,484,247,190,371,453,300
475,69,268,377,247,342,32,11,149,221,95,285,168,334,198,81,454,54
416,129,406,445,153,479,316,337,459,246,305,293,412,152,159,241,413,304
92,340,286,488,214,132,288,374,373,366,394,405,386,189,310,321,368,145
319,32,31,412,334,2,401,70,431,202,457,330,211,282,167,60,110,30
438,336,57,460,7,404,398,369,442,348,390,179,357,72,247,17,302,373
31,432,103,11,219,221,409,176,489,282,9,464,428,188,245,145,431,200
307,432,384,49,267,348,352,221,391,230,351,31,36,472,121,87,170,178
332,394,363,142,304,184,139,289,319,373,323,334,66,119,145,472,81,203
430,92,282,140,28,167,467,3,256,215,336,153,185,147,368,298,77,119
72,286,417,344,381,436,7,366,28,476,245,278,378,156,17,438,294,298
336,254,304,429,362,219,133,8,393,157,28,374,378,276,266,237,195,373
276,245,30,27,49,192,102,373,160,486,377,471,24,72,83,269,31,358
76,480,170,298,280,139,105,453,117,29,242,145,305,490,393,111,416,146
238,112,145,149,422,319,367,164,301,346,483,74,43,271,442,413,81,15
90,441,373,199,204,236,394,352,132,375,264,385,273,253,117,168,252,2
41,115,68,31,431,307,302,255,412,172,393,209,146,472,121,165,118,236
455,399,426,431,234,294,332,355,433,6,31,79,222,214,319,24,92,110
181,233,199,139,292,284,12,307,142,215,390,76,355,372,69,294,17,476
234,267,31,49,245,2,455,142,369,395,473,442,89,56,436,169,126,332
475,232,171,412,77,413,11,221,344,350,485,50,362,367,122,208,325,373
463,475,203,366,266,424,464,156,341,359,157,2,309,401,313,54,219,314
132,65,271,488,139,366,483,354,142,43,245,465,413,81,56,342,221,166
206,214,92,413,448,24,40,233,31,45,314,235,245,268,325,394,311,281
179,308,354,102,42,215,266,417,467,137,237,344,167,421,47,239,31,463
298,320,482,412,426,366,165,63,387,423,430,490,472,453,118,374,364,447
258,181,94,21,390,92,301,416,426,434,48,256,373,368,387,446,250,202
329,81,267,308,142,136,264,445,3,89,281,450,14,409,207,479,471,251
390,99,275,472,449,49,1,67,114,331,211,71,238,59,252,9,19,474
102,444,417,120,266,181,336,65,394,160,205,229,334,282,70,61,366,378
282,431,79,132,9,405,31,97,366,331,268,13,240,421,54,332,230,226
336,231,356,121,188,215,134,300,166,340,246,268,272,197,15,69,431,350
416,396,76,121,157,46,363,232,383,334,124,204,377,96,322,485,174,240
15,352,436,280,169,196,110,287,297,371,469,67,382,188,31,350,486,150
209,4,331,383,189,31,196,137,316,476,92,59,227,282,157,17,399,246
47,482,323,132,355,61,31,259,82,1,81,315,30,334,282,453,50,65
16,319,56,90,392,301,430,115,243,224,465,386,477,399,155,346,397,402
373,379,425,384,374,444,214,355,466,366,332,388,16,227,484,368,426,114
188,196,426,390,163,248,366,451,230,7,49,210,20,461,305,157,318,456
139,394,206,96,147,59,373,92,145,401,409,257,123,336,53,34,478,265
266,486,327,244,311,209,173,144,43,42,367,300,124,373,92,275,430,310
340,286,140,322,188,58,92,412,124,316,56,243,63,299,174,73,215,107
140,184,488,217,60,32,266,472,298,455,388,456,190,200,83,278,20,484
131,64,37,366,334,135,277,201,253,83,434,237,388,385,62,312,99,433
202,374,77,448,54,218,191,51,70,453,444,245,314,121,167,443,366,188
483,278,453,282,417,116,346,366,451,331,463,474,133,387,67,415,221,340
421,211,98,132,124,376,315,289,111,461,97,50,453,140,141,363,99,79
64,327,430,476,453,465,417,6,8,394,366,204,368,428,220,51,139,34
139,442,226,406,9,228,373,56,74,176,408,87,314,82,207,131,456,476
34,258,303,178,57,90,340,430,112,471,266,425,417,195,264,292,469,366
54,472,65,296,426,406,198,81,390,292,178,244,306,133,64,298,331,447
25,394,294,146,322,198,77,57,338,396,385,367,43,283,44,444,34,436
292,1,195,197,6,374,298,211,396,232,140,190,152,202,110,131,228,256
346,455,384,453,265,297,431,466,246,335,490,175,167,172,400,64,36,183
376,77,292,465,64,286,289,137,9,234,30,299,401,469,29,422,396,145
77,483,453,20,150,167,161,118,332,174,391,475,30,131,102,297,402,304
463,488,431,271,486,209,356,62,336,301,366,32,185,65,387,305,404,462
137,232,472,107,396,209,214,434,226,490,133,448,144,446,476,386,373,278
94,245,398,221,259,465,227,31,430,477,246,238,408,364,461,268,354,444
27,61,36,336,340,434,114,373,366,133,115,409,268,273,108,20,212,444
303,408,312,351,410,479,160,475,42,476,357,435,255,267,222,265,92,373
282,31,41,465,24,426,13,92,164,28,469,431,309,352,474,238,124,383
450,294,304,464,136,432,368,442,220,395,218,366,60,483,417,145,195,295
466,56,3,19,298,202,292,453,188,396,374,483,74,14,153,356,190,309
291,253,14,386,287,122,373,207,476,181,394,12,89,369,241,332,300,40
281,334,338,459,366,318,176,336,29,472,282,450,313,417,403,98,64,255
317,344,35,124,327,9,373,247,84,366,233,336,61,277,89,424,374,205
482,433,223,325,296,277,115,15,195,461,338,210,202,132,344,120,54,269
488,319,6,43,286,373,169,256,357,352,142,188,420,362,334,305,5,360
298,189,432,286,27,390,81,453,228,209,254,277,21,49,472,283,226,417
160,428,75,381,199,56,242,336,92,435,190,245,175,140,419,31,440,79
127,115,280,222,135,428,439,188,334,446,270,255,307,171,157,469,103,132
431,463,197,209,447,2,480,199,233,374,107,143,189,210,459,181,60,243
175,374,461,107,443,363,401,5,480,176,292,342,372,334,170,483,288,315
195,54,440,205,355,308,154,159,169,324,266,1,450,413,134,489,374,407
247,227,81,453,139,70,402,399,366,353,334,307,312,355,9,262,329,241
31,124,457,214,61,103,85,171,149,232,376,450,374,73,76,391,39,267
118,225,166,57,436,9,454,45,376,77,21,23,428,382,142,3,476,300
216,8,24,410,221,353,207,148,393,439,46,5,223,346,103,366,70,86
144,312,133,21,198,49,443,273,323,436,214,232,382,292,119,457,122,354
256,261,219,431,416,239,284,490,433,56,10,396,149,282,20,255,220,281
411,332,65,366,337,294,144,314,367,400,265,264,53,51,125,270,360,31
95,386,42,209,188,204,136,472,48,411,481,488,150,336,57,140,160,49
127,370,334,283,444,250,377,190,341,277,352,429,260,373,387,256,462,214
329,267,218,353,135,266,482,172,187,212,294,186,430,373,164,247,15,2
28,266,366,368,244,364,90,128,214,460,224,409,49,327,31,354,159,453
149,302,173,258,240,161,285,413,235,440,12,453,9,263,477,363,366,463
310,29,209,92,281,328,331,6,242,382,65,341,21,374,476,336,161,396
315,127,373,286,61,247,332,112,162,60,136,202,324,8,489,56,62,322
128,173,337,431,267,266,372,196,31,355,42,77,169,348,475,117,313,15
422,219,31,426,314,266,297,79,177,316,366,36,170,196,134,344,145,67
370,305,108,176,300,11,242,89,65,83,84,245,114,471,400,334,2,450
472,189,318,310,67,393,354,69,300,244,49,378,332,483,333,20,431,305
153,46,140,175,479,173,436,49,136,488,305,373,63,268,366,348,308,70
6,413,175,297,394,252,69,443,483,370,61,417,261,268,56,471,211,368
305,141,366,364,233,71,261,467,339,272,440,146,281,208,286,61,159,279
211,113,17,91,440,313,208,304,157,245,256,31,238,37,336,121,339,3
27,340,30,398,76,239,210,483,32,176,446,62,153,373,366,263,2,20
242,366,185,177,422,374,336,258,91,53,205,70,245,49,31,247,373,122
453,112,284,430,190,298,214,134,456,57,166,366,413,344,274,352,116,139
367,319,386,168,431,463,67,31,264,285,374,142,363,20,177,118,217,404
182,25,453,350,67,422,31,442,204,407,211,458,147,81,105,305,298,319
266,409,260,480,215,366,258,466,159,453,239,45,36,376,420,71,280,12
286,218,144,143,64,220,366,373,258,20,457,34,298,259,170,217,294,476
336,245,92,154,201,388,249,372,49,465,431,453,144,12,50,475,455,5
31,239,97,366,336,440,139,408,373,49,431,178,56,341,37,322,346,131
32,411,414,424,376,336,474,267,124,112,366,1,346,394,191,190,245,353
56,198,373,96,81,166,468,408,138,31,164,431,32,49,390,216,63,426
432,49,23,70,253,222,266,434,64,273,221,373,348,68,332,393,367,133
56,158,7,406,68,19,271,276,34,180,176,388,313,49,383,29,2,254
300,382,156,249,220,297,350,238,393,7,49,400,431,453,271,336,134,60
43,431,261,308,408,346,374,323,49,402,389,64,490,469,203,320,60,420
70,203,380,245,199,428,471,71,366,226,296,430,121,48,276,77,378,484
33,37,13,165,192,308,453,265,333,187,39,155,198,168,67,298,156,393
373,190,56,62,431,15,266,349,175,264,54,215,85,69,434,367,394,224
154,97,144,408,198,342,464,89,251,300,113,272,297,366,335,222,149,426
377,111,139,73,140,460,272,156,188,214,175,396,238,76,472,145,326,281
426,390,60,49,35,244,344,61,138,303,393,438,180,325,208,288,286,368
76,374,408,175,204,25,219,331,366,406,280,97,84,190,85,139,476,475
387,232,490,172,294,484,428,140,209,282,465,362,292,139,363,265,215,286
31,374,169,269,42,322,51,430,202,171,79,49,223,77,252,233,358,281
124,303,81,176,252,106,9,224,76,323,187,184,31,175,489,214,105,294
110,382,134,405,261,464,116,479,70,247,486,118,363,108,44,366,103,307
345,298,134,188,369,148,453,61,431,184,408,398,308,382,245,199,401,7
306,313,62,460,298,292,393,400,461,139,233,44,207,14,458,214,226,101
29,192,430,31,480,436,157,226,175,118,256,456,100,373,169,142,245,220
373,183,9,62,442,485,252,458,11,472,409,245,275,194,23,145,239,261
480,435,444,321,460,102,368,181,379,397,305,366,245,122,70,229,334,322
150,408,272,109,238,398,27,35,486,83,267,472,464,266,342,40,211,133
81,401,446,298,207,463,255,162,198,202,426,402,46,431,196,475,456,394
485,206,188,42,31,210,249,409,254,430,314,89,16,367,263,50,340,380
402,27,188,346,438,169,253,222,223,201,236,319,145,206,384,444,20,339
70,474,67,472,342,124,412,463,328,199,159,82,337,440,234,221,485,359
464,323,101,366,211,440,252,148,431,18,83,59,124,55,31,230,426,21
420,167,299,250,481,409,245,9,54,267,473,62,226,196,397,355,7,22
484,329,353,7,452,308,168,472,301,68,139,400,119,449,67,464,142,163
254,49,471,264,260,194,202,431,207,311,248,372,420,439,306,395,103,308
463,247,84,289,186,448,44,21,39,485,388,373,351,371,161,232,34,412
301,337,451,287,467,31,132,462,388,156,12,244,378,64,402,356,294,456
298,49,362,467,190,399,322,13,484,227,239,77,156,26,424,374,240,429
349,462,446,10,114,160,253,142,20,37,472,414,303,199,350,103,140,443
447,345,287,408,329,452,323,105,202,334,171,344,322,265,364,155,308,383
81,247,300,156,258,356,178,434,392,26,35,314,190,121,266,366,270,436
309,438,128,466,365,105,254,39,169,488,7,413,472,292,485,93,211,124
308,169,489,456,336,460,214,431,240,341,436,346,302,312,474,469,121,398
74,413,169,369,474,454,366,214,242,247,149,243,61,266,340,142,367,170
425,324,43,268,373,42,178,121,366,6,380,297,463,175,15,89,95,87
19,412,107,342,486,179,5,338,296,101,30,429,2,374,373,413,1,422
340,17,381,81,177,244,187,97,474,322,366,119,63,331,440,256,436,483
214,266,91,359,58,250,30,53,483,260,433,240,263,259,334,176,159,388
