372,219,436,195,146,177,460,266,300,27,268,156,427,446,84,41,431,57,128,132,388,248
190,11,267,426,396,27,342,187,272,388,372,373,302,7,141,235,162,405,134,105,51,346
81,332,294,308,381,373,376,53,19,44,11,386,311,252,144,154,31,278,317,28,422,202
220,49,131,161,63,394,224,319,284,155,95,214,169,299,150,442,209,300,292,264,245,148
169,266,431,201,181,301,204,56,350,292,437,151,188,96,320,362,416,76,124,245,31,446
386,80,139,354,307,425,155,177,61,211,189,247,2,271,207,144,342,256,472,173,162,48
431,395,179,353,443,159,315,317,153,67,83,428,322,490,396,120,128,382,222,108,240,318
28,35,248,134,44,135,13,32,139,66,252,205,479,453,48,394,407,298,256,388,300,456
14,481,203,355,15,398,48,309,68,421,388,370,214,118,187,31,430,137,190,96,419,292
320,66,476,62,149,211,413,178,226,366,120,315,264,445,353,245,252,454,429,456,112,58
83,299,380,373,124,184,222,200,37,298,369,173,245,226,405,406,254,327,483,425,366,409
440,376,20,92,81,253,212,434,25,356,336,9,42,284,292,157,74,359,8,366,338,268
424,67,313,112,380,414,139,305,394,476,311,20,12,184,307,158,363,417,215,461,124,247
364,413,404,480,257,420,212,31,4,387,374,474,448,175,266,14,288,286,40,383,180,2
245,373,207,292,81,298,6,425,322,13,248,190,412,359,417,305,444,91,308,363,234,21
49,281,118,173,443,117,275,409,469,382,373,438,247,226,199,422,431,211,82,298,295,297
459,489,64,383,360,210,219,393,453,382,264,112,152,230,39,57,321,367,417,155,21,429
442,319,190,289,43,81,362,309,453,399,100,413,266,112,336,261,178,177,471,121,240,373
444,332,96,27,253,245,322,198,448,12,119,346,202,137,337,458,459,29,366,169,270,406
328,163,366,85,251,223,20,442,396,268,234,301,345,298,315,464,243,334,259,336,375,322
436,377,219,43,388,469,366,81,98,266,83,97,134,245,295,30,426,453,489,441,259,198
265,144,462,451,290,431,273,327,408,215,128,67,133,137,77,442,122,175,394,374,245,252
75,455,168,43,342,458,448,472,83,201,479,319,118,387,413,185,245,224,249,350,471,167
68,269,300,351,244,135,174,420,195,234,453,438,309,198,278,11,295,40,472,132,184,36
102,197,327,45,436,485,237,174,188,378,68,476,252,201,100,412,31,453,153,464,136,79
31,58,25,480,428,49,300,164,273,290,354,294,402,465,141,151,83,158,218,450,201,12
425,278,74,302,201,292,206,68,40,222,268,473,274,122,247,48,189,185,373,402,246,395
325,366,320,368,282,438,148,230,342,267,245,46,469,244,162,253,184,67,57,214,348,25
61,307,380,422,220,142,476,195,461,70,245,161,261,484,68,371,463,2,49,199,21,206
243,209,488,3,366,159,446,410,43,203,9,406,280,373,439,390,421,315,429,142,465,393
474,43,374,174,443,406,228,396,139,276,309,211,266,220,216,176,298,337,189,299,137,462
274,384,69,162,61,440,6,329,145,393,98,115,236,43,314,319,49,42,412,429,159,299
180,19,413,177,124,45,319,8,263,72,148,231,164,315,70,198,298,409,61,163,78,136
469,139,382,61,298,346,397,204,476,97,288,431,107,394,322,396,207,181,352,71,254,222
476,453,232,305,393,205,135,430,460,297,271,426,272,85,97,378,110,292,398,471,367,117
292,420,120,366,472,101,97,46,337,376,308,462,415,403,11,298,465,137,431,412,459,134
168,30,475,395,433,245,483,300,20,242,144,453,292,482,445,323,283,484,334,402,237,421
140,195,406,188,350,309,366,354,277,486,14,185,203,87,298,164,169,221,398,313,226,453
4,401,187,202,299,421,410,135,119,366,373,423,247,210,263,146,0,142,368,453,396,337
230,355,102,59,226,289,387,97,453,187,243,25,120,172,173,476,216,336,214,344,324,116
123,339,323,127,307,334,447,114,338,453,37,103,84,245,469,235,42,152,159,51,443,49
223,393,465,73,50,203,374,214,26,96,396,466,236,428,319,298,413,371,264,102,145,455
339,266,210,92,249,137,22,248,431,443,49,469,332,428,120,427,367,465,3,27,393,439
261,31,431,424,485,266,340,243,96,202,348,252,247,63,398,484,373,187,230,279,58,390
402,422,76,401,31,294,352,323,399,260,214,463,173,406,485,103,122,243,421,139,245,315
112,9,268,198,338,8,260,313,432,426,309,124,6,363,327,284,357,374,141,453,267,388
20,477,252,452,171,241,122,121,425,433,333,143,429,169,120,394,453,278,302,256,124,260
409,60,398,364,447,259,98,260,31,366,344,397,307,346,132,325,381,372,465,413,275,61
417,388,391,372,227,198,144,371,478,412,401,342,461,45,299,85,444,422,366,245,115,284
58,21,227,423,239,394,300,286,301,345,72,337,211,352,398,294,125,223,256,417,114,231
443,175,149,364,13,112,89,366,65,379,475,426,346,28,402,186,105,200,448,428,79,259
92,463,17,442,373,232,346,247,245,433,315,158,244,114,344,134,226,416,472,366,440,482
366,451,78,315,49,265,204,81,488,76,45,471,48,19,218,98,401,400,77,119,105,481
322,293,73,128,380,472,61,422,217,69,31,382,112,202,303,32,267,249,460,426,353,430
346,247,334,223,28,202,31,64,373,300,72,460,461,228,342,210,366,316,340,233,258,438
1,41,463,380,61,298,413,228,428,387,261,34,372,112,379,145,20,121,297,211,470,331
247,188,156,366,31,260,178,282,170,283,308,295,280,294,233,406,141,490,171,185,142,459
219,132,413,322,31,272,399,177,84,211,481,221,463,421,85,244,196,226,448,400,155,64
482,283,82,190,64,272,26,196,397,16,394,31,452,58,359,465,463,338,375,431,309,12
188,244,48,141,451,134,69,132,89,463,9,170,393,441,197,112,432,394,360,398,376,462
31,202,28,124,308,214,414,30,76,232,242,273,112,291,374,376,12,413,300,362,13,321
124,221,203,449,40,355,245,20,367,292,364,374,394,234,354,483,298,269,454,372,10,254
436,107,448,439,373,7,426,255,135,295,467,269,89,2,440,377,226,453,279,486,324,464
178,205,366,472,117,318,260,242,367,137,169,46,444,357,107,438,334,6,13,292,285,174
300,31,61,250,445,162,388,128,7,0,263,331,366,8,294,155,84,374,48,334,393,273
70,298,320,266,367,50,127,300,451,316,177,405,362,114,61,410,374,397,259,205,92,482
472,114,374,300,8,453,323,244,76,277,406,56,425,2,11,245,310,331,184,79,176,83
354,425,431,139,356,162,214,297,300,393,128,135,94,331,321,481,61,28,271,448,224,85
323,402,25,431,422,142,305,387,169,388,383,121,346,472,381,117,414,245,369,227,294,50
393,84,48,420,293,132,85,78,315,152,471,30,310,43,322,332,408,185,406,72,321,382
188,196,41,139,369,451,388,348,120,431,160,43,8,366,256,85,150,76,455,133,148,308
188,63,402,178,388,386,453,8,238,132,364,90,156,79,472,48,395,147,408,23,246,183
119,169,202,234,94,114,57,4,373,24,273,48,100,253,397,136,157,255,371,366,348,165
218,124,85,41,303,412,308,282,110,151,367,473,271,175,158,25,240,34,350,169,49,145
377,184,32,364,242,348,431,62,245,266,206,442,112,303,394,268,378,14,316,2,464,5
179,167,281,406,41,367,401,64,99,461,404,471,203,399,239,140,46,196,386,366,150,287
261,402,65,202,89,342,344,345,51,381,63,255,146,351,76,453,18,84,239,366,426,298
169,374,315,285,97,396,47,359,366,60,155,115,157,236,245,373,398,278,298,63,21,309
348,183,247,92,222,266,134,31,396,62,202,258,38,109,427,14,478,300,45,74,336,345
368,84,47,61,352,244,9,108,240,299,389,412,367,114,422,255,190,211,394,405,25,448
426,227,472,49,39,57,315,266,186,292,220,114,117,430,278,338,307,276,169,150,320,326
190,485,341,12,45,411,366,159,211,234,198,300,51,243,290,157,377,57,356,32,118,439
177,379,152,137,301,357,124,430,184,247,145,338,464,27,253,483,446,447,169,475,109,230
2,406,292,31,431,27,426,196,233,139,169,211,475,53,61,393,122,367,78,450,352,48
74,373,413,393,67,469,472,60,353,135,352,366,453,476,22,298,246,14,319,41,340,422
253,5,313,469,31,48,273,324,350,214,194,425,124,179,460,317,19,327,374,144,8,121
289,110,424,276,11,402,350,84,135,261,50,87,83,396,222,386,271,333,266,403,171,407
31,358,404,153,226,124,211,101,266,264,326,247,170,322,209,366,422,57,161,323,305,198
334,476,438,143,370,30,238,152,364,394,252,361,245,10,3,135,206,385,124,358,321,34
467,432,146,119,144,158,304,482,489,162,214,490,399,24,335,237,87,98,401,150,132,374
390,366,267,399,247,489,153,321,462,20,30,294,304,81,447,31,217,132,266,313,431,97
70,196,434,100,176,205,12,315,0,276,373,54,431,468,366,309,139,478,84,472,111,31
373,31,485,437,92,302,258,4,313,367,359,365,145,478,20,409,69,261,453,322,401,103
372,394,336,486,248,85,245,29,469,256,356,218,31,239,423,301,223,422,250,271,474,105
242,426,483,222,202,336,489,59,412,199,196,233,142,307,112,265,451,373,300,432,178,366
408,187,12,132,134,222,195,279,417,244,49,440,157,69,92,431,224,452,45,414,252,40
13,398,453,40,57,267,274,42,411,238,357,322,199,220,167,467,209,28,31,479,367,374
440,175,266,83,335,14,324,144,420,249,412,452,348,150,476,316,455,199,211,373,398,11
350,314,292,406,311,315,272,373,246,222,408,248,266,302,448,435,472,244,255,118,461,482
224,34,138,15,142,20,391,199,209,455,471,215,247,173,157,137,460,320,105,207,458,433
169,336,156,297,412,204,259,49,396,140,105,454,349,119,278,319,142,305,256,382,288,463
314,266,398,112,9,367,294,307,259,474,420,454,409,200,425,305,25,181,125,18,121,488
475,286,299,13,139,90,163,198,357,247,367,128,48,416,112,404,373,102,191,395,31,409
115,123,402,141,70,440,431,3,383,246,130,183,267,481,43,268,253,286,289,312,471,257
286,245,142,236,112,413,443,321,29,405,214,278,181,268,244,242,434,365,366,400,85,322
49,341,61,217,25,117,162,218,14,463,402,126,242,100,239,393,275,438,1,456,234,373
433,377,189,474,254,354,338,239,373,76,195,387,283,201,175,322,44,300,342,407,211,362
31,119,286,382,89,98,336,322,476,67,180,385,285,373,247,381,19,29,150,374,375,210
393,369,353,139,23,199,346,184,71,110,293,352,475,102,124,463,211,412,111,476,354,245
456,196,472,242,239,117,56,69,215,51,222,322,380,263,310,404,31,99,335,232,214,259
382,121,89,367,453,483,376,248,228,445,169,452,298,300,46,31,400,80,339,278,63,219
448,369,308,434,486,436,426,298,30,9,442,83,85,214,136,345,235,356,6,366,98,110
287,188,295,409,402,41,60,181,483,206,373,339,53,207,204,464,356,482,357,429,45,298
423,334,286,291,430,410,348,463,67,446,145,366,413,469,169,228,353,395,226,276,239,124
344,421,483,34,265,398,139,388,138,463,243,348,366,57,414,75,228,322,211,260,266,368
414,7,344,164,158,216,27,84,472,112,14,169,255,172,374,336,161,453,143,382,481,476
414,32,18,305,344,26,369,169,294,280,254,25,1,374,454,95,199,68,137,210,435,377
140,483,464,409,84,393,212,453,366,436,19,417,456,179,31,60,139,255,479,122,89,247
211,282,162,463,266,141,243,221,322,188,384,220,359,383,7,171,292,20,177,466,352,49
431,159,215,433,456,216,388,472,271,259,373,336,400,272,323,74,297,29,174,50,453,273
144,305,391,248,366,49,373,99,54,139,387,278,250,357,320,14,95,303,453,209,43,40
204,420,402,8,11,259,214,12,334,373,336,184,440,419,43,277,85,31,486,332,176,134
388,405,374,475,297,29,431,401,298,2,145,472,367,331,470,232,326,308,327,396,93,373
340,266,443,64,298,393,174,235,485,366,486,386,144,360,450,353,476,3,110,416,269,218
384,219,87,475,339,460,115,150,322,100,455,366,272,400,319,417,451,216,69,203,204,352
290,363,114,253,305,150,430,263,7,388,12,426,83,317,373,145,356,235,245,142,28,218
405,272,161,428,126,331,148,324,404,455,67,234,341,6,155,146,201,412,266,1,463,82
16,370,367,126,371,401,453,161,107,45,57,299,158,18,194,291,135,176,239,315,109,404
61,483,144,172,321,213,41,15,336,192,307,444,326,76,332,57,77,374,64,266,360,201
237,188,386,272,362,399,453,184,256,278,421,226,217,79,158,90,252,40,322,284,482,295
180,314,305,250,345,68,366,352,157,374,242,42,465,245,90,56,252,181,350,416,60,145
69,211,201,366,439,5,426,440,459,412,409,64,81,448,86,393,116,323,95,260,213,56
463,19,34,197,62,362,1,272,117,357,316,445,71,223,192,250,352,4,217,76,348,6
175,31,245,220,188,339,44,89,461,169,413,305,350,272,454,237,336,455,182,43,152,131
79,89,190,140,141,367,461,98,439,360,95,29,239,463,193,342,216,41,146,152,325,469
7,274,53,231,8,402,200,258,202,431,66,101,261,404,430,483,346,187,447,68,124,12
410,12,344,128,394,164,45,18,380,435,422,413,4,342,340,334,305,76,66,214,151,288
292,481,257,438,19,160,284,266,73,70,14,118,31,223,237,454,49,145,256,187,460,198
53,309,180,198,10,42,148,315,94,58,204,33,362,29,433,253,274,21,77,12,31,9
254,430,360,483,461,460,242,138,282,450,395,43,336,81,14,37,215,176,137,266,224,128
362,210,483,171,472,232,245,282,41,407,488,222,369,271,203,214,208,39,333,145,346,31
408,29,403,49,315,53,376,117,198,214,21,81,137,366,433,31,300,253,452,54,204,421
478,416,362,488,400,476,398,486,128,266,229,440,211,363,37,315,412,312,391,55,160,178
219,408,31,237,261,410,169,363,146,215,472,362,366,453,341,266,274,183,45,147,245,121
272,274,413,256,458,169,436,384,32,307,132,443,483,155,376,37,450,64,139,149,385,266
268,353,70,49,307,214,406,462,431,297,484,129,71,366,142,185,220,215,239,388,440,334
447,293,332,31,295,294,369,356,43,336,146,409,388,393,232,213,269,112,417,438,5,78
261,458,335,34,396,188,367,474,30,417,50,292,5,414,16,263,139,265,44,61,361,137
153,374,319,297,408,340,453,431,378,247,396,368,300,4,265,118,228,101,135,230,96,267
55,372,87,95,294,387,252,396,246,438,314,471,61,31,472,199,139,402,468,261,481,386
321,206,308,32,462,431,339,87,253,374,309,214,17,267,244,189,135,350,257,406,386,299
99,435,424,219,390,388,245,354,348,400,25,461,417,26,215,31,425,294,412,16,408,48
245,137,396,162,256,438,238,140,319,99,128,70,233,394,214,452,479,230,460,42,41,211
377,242,311,61,350,331,31,169,198,139,373,346,476,218,302,453,323,211,436,12,89,276
63,394,49,76,154,362,465,169,238,224,469,386,31,361,453,429,363,99,47,439,196,431
312,57,275,373,410,62,121,344,117,83,266,285,392,376,94,43,184,388,294,28,249,490
214,236,336,158,413,366,282,147,9,469,373,475,170,338,66,285,396,359,426,79,49,452
1,57,374,370,393,137,214,139,471,51,344,54,123,319,302,444,409,160,425,164,394,326
121,406,444,286,256,155,373,342,311,395,366,99,285,135,232,402,233,376,382,485,303,458
324,21,56,434,472,39,139,335,381,453,373,189,53,124,334,366,121,278,48,249,292,439
274,214,317,401,31,322,409,25,195,363,64,367,243,2,165,463,348,119,234,175,366,76
467,113,468,471,174,286,97,110,4,62,211,266,394,203,0,50,237,154,35,157,49,463
360,145,398,267,66,165,277,357,242,399,259,57,31,383,98,70,453,294,99,112,215,0
297,479,107,436,134,211,400,337,135,79,489,481,155,234,283,116,114,31,269,304,276,70
247,196,146,149,134,156,198,56,242,338,105,17,277,25,346,256,209,485,208,49,463,161
245,27,294,396,447,145,246,105,30,167,198,146,157,366,17,86,40,424,339,439,472,111
31,244,152,318,124,185,413,29,445,267,207,69,145,226,381,288,157,19,43,213,409,421
206,64,409,304,425,214,49,461,267,17,139,92,426,295,482,142,150,485,223,336,355,4
63,102,378,32,309,177,24,233,247,64,248,264,98,336,471,243,45,76,4,292,137,466
43,438,282,305,214,132,390,332,107,436,453,99,213,336,143,69,204,74,64,62,66,222
466,239,479,297,486,137,8,159,475,145,20,255,76,215,184,437,366,91,405,431,386,169
429,469,184,394,20,113,201,455,375,76,128,27,396,298,276,34,356,318,138,190,366,324
64,9,41,226,438,360,101,84,65,398,463,300,342,155,366,59,192,189,423,247,92,336
105,402,153,373,465,429,139,92,368,134,130,135,45,81,51,114,278,286,61,31,413,221
115,190,292,299,359,424,315,472,172,355,444,398,374,367,5,396,270,278,245,386,157,368
307,142,478,390,329,275,249,401,89,214,242,373,300,266,476,381,374,474,6,118,140,408
239,267,299,448,144,190,61,89,292,366,440,159,287,447,250,294,280,373,260,376,272,489
173,184,33,161,294,13,49,355,469,276,148,20,416,426,62,204,308,396,264,12,453,374
374,448,453,195,362,471,363,101,344,49,383,461,294,245,124,19,334,324,7,396,187,43
21,409,61,282,456,54,231,453,426,334,300,438,420,26,144,355,390,472,350,413,406,273
454,182,366,484,388,354,423,214,421,43,123,202,196,486,300,387,401,28,267,361,45,294
256,328,202,418,440,39,483,366,190,329,9,3,130,272,431,62,115,249,360,166,95,391
322,268,369,429,164,398,202,82,7,479,127,315,215,431,464,388,331,138,139,31,439,346
25,371,374,284,147,112,406,4,67,42,191,71,279,184,425,480,169,215,50,142,31,357
69,374,436,57,417,426,465,405,134,348,309,401,327,121,184,305,124,402,49,137,439,383
304,146,348,52,214,204,421,116,22,445,129,314,32,303,443,322,312,89,283,172,145,431
334,427,247,134,322,309,251,366,261,304,370,267,176,214,407,200,385,211,45,433,121,204
429,468,31,138,419,368,321,488,400,361,224,122,466,198,20,373,66,472,232,105,237,190
332,294,434,3,181,31,190,177,66,485,29,28,370,202,366,308,388,94,112,275,368,245
43,280,279,221,364,299,344,471,369,187,40,442,374,142,309,30,317,235,298,212,373,10
8,378,338,45,148,105,383,204,341,425,162,64,158,402,304,332,404,410,172,401,69,245
60,138,183,237,229,279,428,198,422,41,156,366,31,426,236,102,115,231,257,140,299,266
453,376,235,272,397,440,74,138,7,0,386,354,451,340,310,20,485,191,252,337,201,151
244,202,120,177,366,430,474,222,413,226,28,15,266,97,391,451,212,334,169,190,280,274
65,31,188,236,234,374,100,391,341,307,477,92,41,267,400,159,436,282,340,205,479,319
235,451,339,239,373,44,378,171,120,234,366,357,213,444,174,50,160,67,135,325,309,12
214,2,19,334,222,121,221,117,49,366,373,463,278,9,10,438,486,245,135,393,92,281
272,452,461,442,126,39,336,476,189,346,224,299,350,294,21,373,374,488,96,453,286,89
394,63,156,7,324,373,316,409,366,192,431,331,354,153,112,421,110,416,135,444,472,438
477,32,87,41,249,394,472,387,400,334,64,121,350,440,113,291,336,344,138,214,53,17
455,144,379,186,468,266,464,183,357,312,119,394,185,31,401,366,353,361,300,488,136,373
20,321,384,462,436,282,337,456,72,346,120,149,146,421,273,434,463,312,170,272,135,79
433,298,412,165,143,453,70,361,120,214,24,233,196,64,438,108,20,132,27,300,230,366
271,361,86,99,335,368,394,401,205,48,222,442,291,411,299,214,20,6,292,173,473,367
3,452,459,476,61,102,310,363,398,333,266,7,249,247,304,130,366,188,446,394,190,299
192,300,435,171,410,264,190,19,173,124,56,431,92,268,241,9,170,402,184,315,316,374
17,334,107,188,426,203,214,28,286,272,376,267,242,217,178,379,127,244,314,175,31,350
201,387,69,253,334,416,198,25,393,439,282,244,31,373,462,233,192,245,247,363,354,64
282,452,150,251,6,436,242,68,469,162,421,164,9,256,448,23,45,99,473,394,258,307
294,358,135,279,241,90,70,75,189,160,417,79,32,359,354,422,376,245,336,332,433,488
471,282,390,188,485,152,76,258,81,100,180,472,153,31,187,98,112,375,267,60,215,118
246,28,49,363,40,396,336,350,137,387,69,249,373,486,186,198,341,292,266,238,121,60
393,168,305,199,246,322,139,420,435,69,283,426,118,488,125,286,50,120,394,319,134,457
377,298,139,30,28,472,118,490,155,22,31,325,453,146,117,77,254,130,169,200,82,115
438,201,139,420,150,348,169,264,412,158,475,305,49,373,466,221,188,486,132,30,346,350
112,473,223,218,256,422,324,89,254,161,369,159,462,169,367,388,134,436,410,60,3,124
62,446,374,355,82,140,417,86,408,31,239,456,121,207,480,292,414,431,302,171,266,98
369,482,139,102,374,469,277,119,211,393,400,12,89,480,267,56,131,186,196,453,8,31
373,480,412,239,153,79,224,411,334,261,332,436,222,449,43,34,156,342,82,110,399,426
50,46,390,283,135,398,429,386,378,367,393,447,83,248,409,476,354,374,66,246,310,195
292,8,51,135,333,446,273,275,373,139,192,233,28,37,366,430,393,261,268,197,219,278
214,140,99,376,366,459,472,243,139,300,159,124,463,255,384,298,258,43,428,49,439,438
472,42,355,337,344,370,266,486,373,393,254,383,405,366,121,305,185,482,398,311,465,293
381,275,329,237,447,188,35,222,392,454,374,45,152,369,7,336,346,451,206,54,382,233
31,49,274,453,423,461,286,69,205,374,186,440,413,85,306,394,360,314,135,483,370,304
144,332,70,409,473,100,135,410,85,403,453,462,118,123,116,353,399,232,64,203,155,49
366,359,138,25,208,181,299,397,99,355,120,385,253,286,175,417,64,285,245,45,337,87
205,336,65,412,385,388,182,15,358,490,486,235,138,354,313,305,439,272,413,445,303,189
374,333,317,156,296,367,430,141,169,230,14,366,332,65,209,413,270,276,323,309,452,224
10,355,341,336,366,233,22,343,422,139,399,404,292,267,155,434,117,118,367,136,266,373
479,374,459,458,25,198,380,288,463,336,294,339,133,207,409,220,345,387,422,245,149,402
146,140,90,26,160,441,247,198,388,42,117,401,442,482,428,29,408,268,448,41,302,393
169,261,462,466,146,325,393,218,298,31,180,161,374,131,189,485,405,390,330,232,200,334
439,396,409,259,98,219,375,308,240,292,366,64,84,380,254,281,255,473,239,132,109,394
211,453,458,462,119,382,406,431,142,400,481,51,1,366,298,448,348,394,178,451,266,245
185,303,15,275,256,272,404,490,157,373,114,221,25,397,488,79,366,128,107,1,127,118
204,263,298,144,21,23,388,336,394,159,386,374,472,183,373,102,266,483,3,200,176,463
105,388,280,62,146,27,469,216,241,144,134,453,370,234,0,197,430,167,118,272,443,250
198,448,57,266,445,426,437,112,446,452,337,124,325,294,64,416,388,280,40,172,60,464
90,396,195,299,318,121,453,37,373,8,362,472,394,355,308,247,349,107,193,152,460,117
348,436,12,399,250,490,421,275,460,253,215,64,444,169,84,366,355,53,297,359,289,363
297,137,461,433,363,139,411,245,152,96,409,474,407,282,469,471,266,331,267,69,468,308
319,422,366,356,188,150,124,248,31,359,373,10,430,443,166,215,458,64,486,245,329,340
231,404,123,278,242,458,169,202,331,200,419,317,431,119,118,42,298,373,116,392,152,254
43,298,215,302,19,475,430,7,288,184,54,340,49,315,8,21,149,479,448,259,332,294
116,211,181,14,27,298,366,42,234,245,334,246,476,20,120,278,468,130,324,464,394,0
340,373,231,423,214,179,448,20,438,341,391,142,322,465,425,292,368,37,1,174,266,90
238,260,204,213,445,169,490,158,398,259,175,366,211,167,138,353,341,187,302,92,247,227
413,23,31,87,437,158,384,128,138,200,465,444,424,433,427,459,305,474,366,119,373,271
461,273,15,134,53,413,191,49,381,85,144,292,14,66,185,366,332,446,337,218,169,264
330,114,43,438,151,146,31,208,409,319,65,332,340,248,253,40,184,366,49,178,341,206
419,49,170,266,122,390,410,316,398,214,463,173,64,124,315,422,187,99,350,112,314,166
116,453,98,157,112,367,280,181,59,333,306,190,123,281,27,398,151,364,69,441,486,366
49,374,211,233,363,170,439,268,315,244,436,308,227,153,298,169,199,41,422,388,234,435
244,373,42,396,332,408,147,106,247,436,388,232,342,421,62,303,280,269,56,370,374,485
112,245,309,355,178,472,81,323,124,297,139,253,440,377,233,266,420,190,336,409,92,175
112,139,445,173,377,385,219,223,211,364,47,346,323,317,247,264,157,366,299,318,153,471
23,39,118,342,166,350,412,187,366,388,428,218,397,83,49,488,145,308,190,433,196,319
394,465,180,354,479,66,315,156,202,366,229,50,131,453,396,317,159,190,267,294,206,253
145,219,127,113,192,84,393,412,241,20,306,266,268,345,133,482,394,175,426,409,476,24
337,189,482,288,355,367,364,262,473,422,134,406,366,402,202,60,174,431,303,43,396,433
61,232,94,327,175,479,354,211,134,299,355,303,143,242,188,462,386,261,4,23,41,268
304,267,375,214,413,245,366,67,374,243,102,373,139,363,340,250,212,203,81,142,70,211
207,68,357,256,431,405,450,373,205,72,386,476,32,448,204,31,453,74,46,135,114,346
315,125,390,308,60,62,446,189,118,188,114,431,97,203,182,93,452,426,190,1,266,186
256,127,40,242,267,322,7,366,409,334,340,402,78,367,416,115,112,75,84,429,17,281
3,2,89,374,41,142,267,9,66,381,49,298,90,482,81,28,400,16,441,490,439,75
483,309,481,265,423,438,409,139,475,357,393,72,5,135,383,422,417,181,392,464,453,31
336,439,198,96,267,132,373,355,57,245,145,244,189,49,431,203,42,9,413,135,300,51
137,348,340,484,198,121,300,346,122,188,75,431,53,40,465,393,69,388,291,247,41,4
267,118,431,41,374,124,233,246,353,434,198,114,67,403,350,63,218,50,285,105,203,300
61,37,70,1,396,244,394,402,208,286,366,278,109,266,276,356,435,357,158,367,462,315
300,340,253,245,124,322,368,378,32,31,476,226,377,182,257,82,135,289,252,233,49,335
374,127,342,25,336,231,298,133,325,453,308,216,362,363,223,243,158,338,90,431,465,315
3,413,87,366,337,431,271,174,327,114,358,278,85,135,310,45,390,340,149,28,363,198
64,160,187,333,129,482,137,382,11,79,15,324,257,29,229,303,204,147,228,397,31,111
286,124,371,334,394,348,205,387,474,408,208,157,339,238,268,49,200,100,478,165,452,272
429,191,298,342,396,159,402,218,464,398,198,165,416,412,459,50,442,31,20,68,321,301
163,233,277,175,139,480,71,396,69,409,94,31,49,261,172,110,174,227,298,239,133,43
198,246,266,70,485,454,455,169,173,28,412,111,188,190,372,298,239,31,49,279,162,112
178,476,174,378,97,86,373,471,169,460,442,109,266,21,248,421,196,309,300,118,407,367
336,76,124,167,105,188,278,334,377,307,274,208,247,42,119,177,92,232,431,342,112,401
340,308,440,246,184,474,240,373,243,79,250,69,402,391,425,239,140,9,377,396,313,427
274,98,275,76,368,42,188,298,390,139,434,292,373,480,462,156,366,6,83,271,67,444
41,383,283,114,440,0,450,442,130,298,304,108,354,341,124,244,260,31,40,266,176,267
440,66,115,356,271,156,264,214,400,485,392,299,232,80,211,302,218,169,373,316,334,189
400,366,485,438,373,26,28,169,186,338,266,386,141,225,337,68,135,97,483,100,404,472
413,247,387,402,443,15,383,139,210,185,359,374,190,13,240,368,63,252,169,4,198,91
447,75,124,284,373,472,224,440,121,476,146,168,316,114,221,35,161,319,402,394,482,88
70,259,154,32,170,377,359,246,298,11,206,255,18,66,373,20,172,190,254,204,281,30
484,289,366,31,402,455,178,106,258,449,327,396,280,226,390,442,199,413,338,456,8,295
43,464,83,401,67,252,436,219,441,322,250,139,70,64,210,447,254,63,342,128,409,135
462,211,388,457,369,204,397,305,402,29,353,148,338,339,247,474,281,48,432,453,472,484
336,150,385,466,382,81,458,366,266,34,375,117,348,32,116,233,297,92,176,417,439,299
134,352,446,234,368,214,366,485,45,362,266,355,119,48,32,483,139,315,406,420,2,367
268,354,426,334,413,458,64,442,366,261,433,284,45,136,477,46,390,21,40,356,190,204
485,338,271,239,334,253,214,54,31,254,188,195,168,247,72,294,28,202,100,422,408,132
215,377,231,196,165,394,398,237,322,144,390,334,399,41,149,445,264,440,327,278,75,34
298,227,422,6,470,202,31,437,164,148,321,436,332,338,218,426,285,274,237,0,34,469
112,2,327,73,245,247,217,299,373,113,394,70,377,449,97,68,242,72,467,210,428,198
327,13,413,185,181,134,157,247,145,224,105,110,300,373,455,21,449,45,267,87,266,464
257,20,306,401,380,163,443,116,409,289,320,272,478,256,164,489,285,364,355,467,245,4
340,45,237,4,413,292,21,163,472,374,436,57,452,247,245,331,61,396,399,334,51,157
299,256,372,431,229,245,39,234,250,284,169,140,453,67,368,420,139,127,32,12,469,334
371,65,400,424,403,123,160,87,157,297,133,292,366,221,253,475,434,89,233,436,466,266
137,372,145,34,244,168,202,443,71,447,475,118,374,272,253,188,342,412,16,394,431,300
395,160,43,124,198,178,79,244,64,31,264,406,303,221,431,289,68,465,440,388,267,157
292,244,409,413,352,148,438,272,202,363,169,12,338,283,79,82,247,242,288,199,400,334
167,203,431,440,229,366,193,321,285,139,447,433,425,394,243,468,374,481,226,367,323,16
113,448,117,226,292,147,322,366,476,31,469,142,299,124,308,65,373,425,377,405,75,54
478,266,368,20,483,241,387,242,49,384,135,17,336,287,280,463,74,348,436,446,155,76
289,441,393,266,453,299,440,431,430,139,252,246,43,210,469,465,366,31,354,472,221,459
315,412,416,469,183,43,373,84,214,261,421,31,471,221,408,153,155,110,294,354,396,264
49,255,289,151,27,65,177,457,203,69,472,464,11,408,32,160,245,267,256,214,451,362
479,221,364,216,410,226,387,428,239,219,124,171,281,429,62,325,351,31,100,366,464,260
138,242,387,89,354,20,246,85,312,14,367,366,118,342,393,31,302,388,23,390,400,112
409,48,413,155,460,282,373,135,142,246,369,412,144,469,83,96,346,172,119,377,132,56
42,14,183,275,22,58,265,449,253,226,369,299,454,352,214,247,261,273,172,45,248,260
245,220,340,70,174,20,187,199,148,382,393,286,173,256,259,169,89,110,373,447,90,251
355,31,277,373,358,51,321,367,176,275,362,245,453,169,300,6,233,299,148,198,396,190
223,453,155,352,271,285,211,470,39,344,336,308,20,7,319,329,75,202,222,8,32,64
366,41,355,139,120,252,229,447,226,152,127,114,376,145,396,472,302,118,245,266,388,308
488,394,0,476,381,363,177,211,484,48,223,434,426,204,246,397,205,478,170,152,427,61
175,247,169,72,51,205,336,333,438,55,198,359,239,261,189,245,17,303,215,366,449,441
292,278,348,203,341,102,49,410,443,336,153,417,427,354,436,74,484,139,224,247,308,413
301,471,382,393,300,103,31,56,304,428,105,455,152,318,426,208,294,175,102,76,54,181
55,366,118,159,63,87,40,338,183,393,214,462,350,476,111,279,59,185,420,174,248,51
485,319,245,342,31,378,377,461,250,139,309,471,441,340,327,14,225,237,153,247,35,241
353,452,132,0,372,12,490,71,76,440,428,443,367,57,275,451,485,355,394,169,413,320
211,365,436,298,59,190,453,112,174,360,340,268,46,181,266,145,117,186,388,472,292,300
57,132,282,370,353,226,231,462,177,289,371,68,344,187,402,285,232,105,264,421,146,436
383,340,390,142,431,54,344,146,80,360,215,246,401,455,76,426,126,267,300,396,140,336
403,181,431,244,385,294,206,239,459,489,336,281,372,430,65,142,228,266,121,34,378,401
260,261,355,232,274,247,16,185,39,446,482,173,299,19,169,334,9,43,453,92,189,373
456,195,71,431,373,266,157,377,476,356,215,124,186,463,59,251,209,45,403,426,20,346
286,457,158,412,489,36,48,409,427,226,166,235,54,134,350,144,90,120,356,485,348,221
308,62,438,454,481,205,374,19,266,68,123,367,200,199,336,366,373,42,446,198,254,49
362,244,277,476,298,80,31,24,230,65,399,287,179,376,371,248,395,66,79,259,183,114
398,484,131,478,248,141,346,37,20,396,49,190,406,488,471,243,363,266,35,344,300,157
118,472,146,126,388,210,480,113,460,204,237,298,476,341,148,53,211,61,11,199,305,300
444,249,409,195,79,31,412,77,85,472,198,169,342,407,446,23,262,455,371,399,62,105
471,366,373,188,31,374,447,469,150,472,476,208,90,44,246,276,59,247,141,323,214,121
267,427,244,49,361,431,3,229,233,366,242,451,77,139,274,114,414,195,146,214,209,426
20,364,49,366,272,464,238,398,430,226,203,98,475,19,8,120,114,413,257,434,215,155
85,98,196,299,55,366,355,9,358,416,169,297,467,307,159,188,407,56,431,323,483,294
174,209,68,49,237,373,214,454,264,304,63,392,205,484,73,246,305,90,37,448,433,96
266,94,63,373,190,394,459,139,169,158,378,298,145,50,380,239,49,489,422,20,97,31
37,394,85,253,266,211,219,298,388,386,201,110,4,434,267,161,313,45,490,460,300,163
319,475,196,175,490,215,314,62,436,211,227,260,414,162,451,235,482,381,135,179,181,426
41,393,438,390,261,142,167,277,419,244,442,190,340,232,433,71,421,476,51,279,31,474
257,131,362,366,303,469,394,231,368,455,453,385,234,413,239,373,145,460,64,11,238,330
457,161,303,152,134,77,41,390,49,25,352,21,402,99,483,102,175,262,332,29,455,453
88,245,350,56,233,344,231,150,161,321,124,249,185,490,232,204,354,323,31,70,243,196
184,48,209,86,366,214,178,96,393,213,196,344,31,363,318,32,482,438,298,351,204,90
153,314,26,433,465,222,350,142,164,11,184,324,309,260,366,294,135,187,70,355,42,242
118,87,483,362,432,471,56,165,184,444,302,5,214,265,233,388,149,334,32,453,363,167
298,173,139,168,153,464,84,366,160,338,205,405,413,49,474,260,374,249,362,20,21,184
198,95,214,263,285,18,409,50,469,244,267,168,396,113,32,12,472,338,129,361,54,28
23,124,386,208,149,245,260,42,4,283,31,241,253,12,233,35,393,338,336,50,444,99
475,410,483,369,59,40,334,42,419,454,90,139,305,204,223,272,1,159,157,247,8,81
354,79,114,367,26,320,295,16,233,218,63,411,275,384,141,232,256,217,409,258,88,14
476,313,357,298,350,366,49,18,436,214,21,11,211,367,304,181,352,64,243,50,447,246
19,70,436,144,116,394,215,225,35,443,212,373,264,242,84,303,135,366,168,44,289,90
92,108,49,219,131,443,238,31,484,260,132,409,406,47,177,480,472,269,208,354,218,139
466,260,275,469,425,43,399,353,432,414,214,300,167,250,426,181,6,331,128,70,256,162
425,266,117,474,311,213,166,190,478,137,246,71,195,31,228,234,485,334,366,411,278,413
39,336,443,211,338,49,401,484,308,376,245,404,173,446,169,246,346,234,185,247,266,112
142,452,6,3,257,479,366,334,43,336,292,241,458,250,408,371,167,470,140,245,345,393
374,112,89,160,136,105,235,139,48,402,45,181,29,348,480,198,26,155,98,234,334,443
365,8,399,84,304,234,412,236,217,140,302,76,411,124,426,56,383,260,478,53,71,99
469,114,28,353,282,188,4,48,120,95,51,180,31,139,78,267,292,198,143,367,431,354
245,89,315,263,374,42,187,314,81,397,308,31,358,366,390,14,99,28,19,266,367,408
148,203,61,369,285,7,298,428,321,433,121,322,430,355,402,71,305,346,160,309,368,36
366,68,219,440,310,20,205,320,32,299,334,416,476,188,426,124,55,368,81,232,364,395
283,257,476,319,373,143,48,108,21,472,128,314,338,393,334,341,297,245,433,37,156,447
338,45,11,261,121,239,413,429,337,24,292,229,266,446,373,247,439,40,198,58,350,105
202,431,168,341,284,297,190,24,261,31,242,342,222,245,72,7,420,390,415,429,170,326
161,268,1,464,182,300,152,31,27,224,336,260,338,388,201,373,135,60,431,202,247,121
0,368,402,67,57,409,28,103,79,481,230,433,373,121,92,51,366,280,490,489,319,397
117,54,346,204,245,402,319,481,212,480,148,196,44,401,254,9,311,4,398,453,51,336
108,170,456,235,345,372,64,317,54,228,5,429,472,309,150,366,420,448,466,260,49,266
120,170,370,92,245,213,197,476,314,452,81,89,246,394,159,322,105,36,384,391,405,190
116,81,334,85,373,141,56,68,242,100,178,181,202,377,105,53,241,340,45,265,187,289
56,366,480,232,388,81,255,209,383,267,285,342,455,132,188,31,272,422,124,159,300,27
247,426,25,474,145,319,50,259,106,149,366,388,357,476,105,351,338,51,197,350,28,295
352,470,453,114,224,481,464,483,144,267,477,373,139,200,151,61,430,404,277,336,485,80
83,29,223,34,79,271,238,426,194,378,207,453,320,247,352,353,196,263,118,394,333,308
110,403,444,401,140,485,214,366,468,371,282,143,192,375,169,63,309,40,464,247,44,308
21,373,332,164,95,48,134,304,293,404,152,204,331,415,114,299,374,239,135,485,238,218
408,20,350,366,324,374,237,46,367,113,431,346,12,395,376,112,209,171,188,300,454,304
253,432,348,431,221,289,76,355,485,191,296,427,269,23,336,200,252,299,9,28,474,437
472,34,217,353,261,264,406,55,258,344,232,447,453,373,105,479,385,412,403,203,309,334
303,472,440,44,159,366,447,162,135,137,13,246,74,407,148,464,413,483,391,402,292,434
28,471,423,127,383,60,202,384,413,431,142,211,472,396,272,391,406,322,200,205,12,388
31,297,486,414,57,28,185,331,150,220,67,273,0,445,357,105,418,431,128,369,405,474
160,316,362,140,388,396,85,455,76,100,162,424,105,218,267,227,43,318,278,393,392,169
246,352,205,94,396,490,78,456,121,13,330,139,366,476,420,371,300,215,231,236,393,190
452,348,246,148,412,25,357,292,311,144,264,189,279,187,181,323,100,310,110,382,364,319
19,280,249,31,413,461,152,200,90,266,214,366,284,404,430,474,81,171,112,298,187,243
257,413,265,63,444,31,197,77,364,247,453,393,298,71,267,199,459,277,282,139,204,43
267,449,32,266,66,216,348,458,484,201,128,467,465,451,140,205,262,199,462,373,429,136
453,271,40,443,421,181,139,179,393,215,81,428,194,490,54,417,107,144,370,448,272,366
417,393,260,392,415,300,182,453,467,196,449,83,208,148,482,456,36,77,17,421,311,92
116,188,356,190,15,105,339,173,366,374,257,224,371,49,373,428,268,64,414,153,181,286
121,219,380,65,425,31,23,297,431,145,70,214,453,188,37,306,427,272,138,346,293,49
82,63,429,10,227,266,76,154,325,355,32,373,170,218,366,291,198,298,49,178,45,184
118,393,232,391,105,273,119,66,200,334,76,132,438,89,59,486,67,305,83,307,413,18
258,98,244,257,318,45,219,70,8,332,215,402,12,188,234,409,16,281,5,31,92,266
398,352,406,261,384,313,88,95,374,431,26,44,323,472,439,139,442,233,350,247,237,16
205,220,21,476,334,484,283,6,374,388,418,366,331,245,169,112,323,241,298,267,436,322
455,188,431,239,304,198,222,144,246,92,247,366,243,91,483,457,453,202,348,149,448,406
366,121,284,398,243,402,266,2,111,324,373,413,43,216,340,210,346,198,394,286,385,201
260,90,10,14,258,436,134,19,69,182,169,31,272,102,412,276,290,422,245,396,166,30
61,110,319,391,485,237,261,199,185,43,298,373,476,206,200,94,156,338,145,169,279,366
95,340,366,83,30,374,198,336,247,312,31,389,220,405,397,455,409,323,346,67,202,190
111,320,413,142,365,276,239,41,292,146,143,401,75,420,431,280,31,121,145,366,231,344
206,476,440,128,398,233,259,320,241,68,184,431,176,332,465,88,415,79,212,273,219,249
440,253,54,204,377,159,81,359,155,181,399,403,345,299,471,227,23,31,373,412,195,474
12,129,83,31,116,150,43,394,204,444,309,286,214,70,404,295,336,357,334,146,304,57
50,336,100,31,103,360,86,469,203,157,304,447,445,307,300,346,28,363,26,18,356,254
352,324,410,251,45,438,110,247,457,64,264,449,341,132,131,214,100,9,309,246,115,458
370,326,201,434,327,232,236,245,112,348,214,358,272,142,124,295,19,64,399,393,453,268
70,177,121,124,422,370,431,308,460,286,115,77,289,388,471,443,29,76,391,45,188,332
406,320,465,409,401,31,214,217,434,378,65,431,264,289,428,204,272,396,373,10,128,210
199,145,29,254,214,453,338,176,87,406,218,224,190,300,261,49,366,388,203,204,394,56
425,388,190,366,258,28,54,202,475,5,383,454,266,368,257,259,108,67,352,118,438,165
102,257,403,56,42,453,429,394,366,273,36,226,322,408,465,152,385,221,393,171,391,308
366,241,148,247,169,490,49,461,442,373,278,190,199,317,159,300,112,446,405,16,386,26
354,2,101,137,31,413,381,170,214,294,167,49,465,293,366,412,431,340,139,426,356,128
319,256,198,482,28,67,219,463,402,119,439,243,60,376,431,335,203,366,286,421,379,6
189,239,361,295,118,309,285,431,256,214,417,429,62,36,199,359,180,294,319,3,49,52
258,41,366,162,281,472,267,190,336,169,53,453,298,174,373,431,120,264,436,35,265,458
139,346,336,45,89,275,433,460,239,51,315,195,112,74,121,106,97,223,394,207,151,31
447,289,218,412,156,18,175,245,290,394,117,465,220,334,31,346,53,429,233,112,217,419
69,99,282,207,188,320,196,399,334,189,354,150,429,155,190,376,214,298,254,480,49,236
366,2,195,453,302,164,124,463,183,34,81,353,170,264,219,319,393,237,139,351,430,130
76,232,396,12,41,113,207,383,331,381,277,35,461,49,48,45,431,247,353,229,336,28
241,223,394,174,20,336,215,453,294,210,335,39,348,484,119,404,227,355,172,61,383,231
367,374,431,364,344,192,124,363,180,253,300,57,394,63,421,215,310,413,378,366,103,270
267,184,331,22,261,369,156,463,88,316,293,144,9,322,431,300,333,450,201,281,250,436
20,402,381,428,226,431,31,260,120,398,386,303,122,294,50,417,426,373,433,368,175,390
453,105,461,49,211,490,256,272,273,281,297,436,456,280,121,298,305,176,278,67,319,78
475,145,169,146,94,212,186,220,334,28,336,308,377,257,426,79,413,346,289,7,2,148
37,482,220,66,214,393,245,364,446,462,423,51,271,253,384,124,139,266,252,98,367,295
373,384,208,174,438,84,366,367,140,142,234,114,121,226,388,430,214,386,469,162,164,485
268,488,404,474,352,202,479,249,452,256,453,32,380,91,383,407,124,373,136,175,172,339
478,472,11,246,99,135,28,101,198,264,157,367,300,168,230,120,204,420,352,61,20,96
245,304,198,458,337,110,139,408,227,223,31,85,397,69,172,121,370,144,46,388,253,252
251,346,257,404,81,128,299,154,398,98,139,117,371,242,173,352,366,367,166,229,451,183
441,92,344,359,364,214,57,257,226,394,64,198,373,468,12,451,358,366,307,392,274,224
140,292,54,431,31,462,281,375,342,332,124,9,186,264,455,202,226,244,373,34,376,112
260,393,283,190,64,453,261,100,337,198,409,77,211,184,81,152,322,321,420,245,319,14
417,5,398,229,340,23,353,394,323,366,409,440,334,344,412,18,454,436,319,297,117,42
264,17,3,29,53,87,212,199,235,260,286,255,21,10,218,362,81,348,83,438,298,413
200,75,257,305,264,387,413,331,139,102,288,346,439,29,1,190,333,60,168,280,306,78
355,228,120,180,201,326,14,254,353,119,199,147,373,442,78,395,292,3,267,284,224,452
196,28,156,472,147,323,352,350,66,332,464,266,397,369,486,390,164,428,356,320,414,365
399,340,470,195,224,369,153,292,373,249,412,227,311,313,413,64,471,177,246,388,84,25
266,271,366,120,298,412,485,90,157,268,482,461,142,363,79,286,239,221,193,478,462,475
374,247,416,334,390,333,469,76,476,182,266,82,257,484,157,439,1,361,220,139,461,120
332,169,63,183,248,57,81,40,21,197,471,170,298,156,233,273,48,294,199,69,12,421
280,355,188,334,124,49,229,47,394,32,187,139,141,253,256,366,436,292,66,488,63,41
366,181,446,169,317,319,160,34,74,305,308,422,124,352,100,272,27,206,332,68,110,442
375,258,31,327,238,359,255,256,397,157,188,257,64,168,373,405,1,400,169,176,465,204
367,455,40,396,169,85,431,313,327,322,224,174,223,398,121,215,114,441,356,16,20,14
95,49,294,379,413,48,404,431,434,409,139,298,31,105,204,15,36,435,378,57,286,19
266,85,334,81,412,394,419,453,119,447,9,401,366,58,286,460,340,214,65,480,404,426
2,116,135,218,181,416,459,472,219,454,319,163,412,247,41,260,177,366,39,204,71,340
196,75,110,366,290,362,250,144,367,66,31,178,357,57,473,259,25,279,426,6,35,469
452,69,373,226,388,178,89,396,172,4,426,204,31,482,359,406,107,342,136,34,95,142
176,371,285,142,331,84,57,146,34,89,249,412,193,402,16,298,119,99,116,160,302,48
32,354,355,71,366,336,271,346,116,173,314,408,409,450,135,485,204,246,228,120,275,195
248,262,300,5,137,291,322,232,265,366,121,323,436,431,202,413,333,298,49,483,211,423
462,159,76,199,284,439,124,449,398,453,32,413,53,54,373,331,289,366,142,188,238,157
205,322,148,112,436,142,435,49,257,198,169,121,342,437,428,75,88,446,251,447,266,4
442,355,68,270,220,140,29,448,6,413,245,206,28,208,2,357,188,380,117,81,32,397
417,40,26,129,126,140,56,373,374,377,298,286,484,315,257,0,119,169,451,413,474,397
356,461,15,368,298,426,362,166,245,124,436,373,145,458,385,61,402,32,135,438,119,196
384,326,264,20,424,421,361,435,45,63,339,247,259,100,342,276,298,442,397,428,268,124
483,455,353,108,297,461,433,355,482,431,199,89,258,280,340,480,366,289,374,77,140,393
334,124,394,61,137,366,298,289,436,222,309,390,412,393,490,454,337,127,404,214,292,302
436,87,367,335,75,311,36,242,370,235,323,135,57,231,429,83,146,199,190,274,258,92
78,366,141,338,488,372,75,336,170,169,88,198,352,138,355,158,332,28,373,296,242,395
32,385,392,31,218,226,104,454,469,373,237,286,463,346,272,245,431,180,198,70,433,267
49,134,74,485,139,469,475,472,449,430,247,323,278,348,421,206,27,214,218,300,342,135
460,346,413,53,455,214,274,164,462,185,201,465,476,110,437,14,3,206,352,226,240,222
469,298,302,104,401,31,398,352,285,204,85,331,227,136,431,157,51,299,368,300,410,241
155,432,41,231,374,112,286,154,344,462,366,454,233,480,205,190,413,238,350,253,428,204
68,355,12,223,474,169,303,247,198,374,8,189,65,26,298,340,479,366,243,486,21,151
396,239,258,108,222,11,393,202,297,360,469,6,417,460,159,203,486,42,407,367,218,228
200,253,144,319,341,373,306,123,21,398,148,170,368,263,364,367,453,264,424,394,339,447
135,394,448,214,50,48,17,429,39,20,266,357,164,49,461,71,322,373,445,112,232,128
488,173,316,148,463,396,283,136,214,3,85,485,126,237,266,53,319,472,308,446,47,323
285,299,294,472,252,353,328,17,429,426,437,162,31,7,91,366,286,311,185,105,476,250
487,398,116,295,8,62,401,145,7,245,333,239,40,425,436,190,264,431,465,283,31,174
319,402,198,197,246,25,169,373,392,341,55,398,65,135,276,142,182,141,46,397,386,488
215,286,309,490,12,308,82,319,453,298,37,47,379,68,488,384,276,81,39,41,214,59
169,9,300,144,168,239,0,112,164,42,138,186,69,359,305,373,118,53,198,474,388,221
3,477,450,275,466,364,204,463,300,139,49,120,482,211,121,169,203,323,142,373,363,396
19,89,300,373,357,315,183,247,246,475,414,334,306,79,452,255,209,264,406,164,2,27
286,128,188,401,211,198,169,45,388,140,285,408,362,234,85,144,395,239,300,12,49,384
56,471,10,475,81,100,61,198,490,124,366,393,245,176,221,469,373,119,128,341,317,395
1,398,336,474,115,463,144,242,416,187,32,132,47,348,305,288,272,102,359,153,19,247
171,468,267,245,187,212,271,352,144,158,311,100,446,263,39,398,19,214,202,223,373,360
145,393,157,305,252,373,69,29,295,8,178,334,190,196,97,323,377,359,245,417,402,429
463,46,61,407,472,76,381,469,466,266,25,464,102,130,353,300,115,139,412,162,326,377
218,278,212,150,188,155,303,169,20,368,206,50,117,393,476,92,440,239,0,9,45,64
69,407,178,72,70,245,31,179,367,421,464,469,472,174,33,180,226,289,49,112,293,371
393,256,439,289,157,293,294,232,117,250,366,89,222,153,279,316,336,265,430,323,239,42
67,183,411,367,243,426,282,379,108,401,174,192,68,361,459,4,398,315,283,14,139,378
373,30,283,161,53,201,336,440,409,468,431,282,402,266,337,465,297,96,416,360,82,260
472,41,229,481,99,139,49,8,319,289,369,300,65,429,92,465,437,261,56,28,148,409
431,368,31,65,63,405,303,233,139,300,117,338,396,256,71,240,453,121,190,309,146,385
36,191,471,30,373,179,239,346,246,222,332,44,292,413,39,198,274,188,226,0,342,77
139,25,366,105,297,256,121,84,353,398,266,334,165,433,190,234,368,342,29,400,231,66
366,303,373,34,436,489,111,207,370,464,476,401,315,292,305,338,88,371,244,139,431,245
71,190,9,88,105,43,90,240,276,303,448,374,215,385,121,479,295,81,162,324,156,345
25,340,374,442,451,410,352,391,159,322,99,394,407,366,250,266,373,445,393,167,370,134
29,150,68,137,383,247,298,209,187,176,350,376,323,134,352,336,465,428,57,266,297,173
304,62,358,142,323,49,308,453,472,175,112,200,350,219,366,246,473,322,66,232,81,122
307,211,247,11,178,371,142,203,350,245,198,425,442,146,272,84,440,83,359,325,164,221
393,462,384,411,288,322,267,307,178,110,174,190,412,438,424,486,121,187,451,162,55,235
337,214,83,366,421,41,387,485,374,460,444,265,426,132,85,251,121,149,440,19,371,292
388,373,440,303,429,436,395,190,344,386,454,236,403,485,287,181,483,426,170,138,490,459
289,107,188,280,135,182,164,485,78,209,322,138,208,237,210,482,425,267,320,304,239,349
188,43,118,190,350,266,275,242,286,45,31,342,454,301,403,483,262,247,360,112,298,387
465,306,18,373,245,178,273,341,296,366,431,0,176,322,471,318,440,205,346,292,388,459
436,417,337,456,266,412,394,43,461,92,18,482,88,302,225,183,165,184,119,174,220,465
53,7,456,177,206,380,429,392,375,247,122,336,479,373,354,363,80,51,416,378,426,162
373,453,366,445,305,252,299,417,300,31,237,49,50,4,98,408,20,105,298,3,354,112
366,485,182,85,114,397,120,178,376,124,31,126,197,476,373,16,21,181,166,189,465,450
211,127,431,81,456,344,416,156,158,455,426,350,334,252,266,430,428,241,436,9,383,105
425,385,299,151,464,92,243,44,329,187,249,348,189,204,455,398,218,255,367,126,352,36
286,253,40,465,68,155,425,146,367,227,242,298,408,48,338,233,187,139,377,192,392,122
239,31,306,398,88,373,263,211,223,331,16,267,346,127,385,69,366,24,476,289,252,254
150,285,488,470,199,267,92,398,88,134,382,332,31,298,245,464,459,400,426,374,89,373
247,413,305,468,336,414,110,398,221,45,53,136,86,442,443,201,471,366,489,8,480,272
428,292,275,436,62,435,341,470,98,288,352,350,284,310,409,447,390,423,460,234,371,123
143,211,203,25,96,378,81,486,31,309,209,73,120,366,343,294,429,49,380,412,175,161
102,488,306,200,320,9,223,431,267,84,352,388,243,116,23,386,276,157,77,477,278,286
177,185,244,418,124,49,413,249,61,483,298,289,100,175,300,342,47,63,452,366,149,213
71,475,434,270,290,336,14,62,27,298,319,169,138,413,265,136,471,346,124,461,173,469
373,305,134,401,130,408,139,218,247,210,290,100,451,330,304,429,105,460,223,113,119,464
463,480,241,266,384,155,111,366,157,226,148,315,378,205,149,476,63,325,185,326,121,489
164,471,261,431,256,49,300,161,268,386,402,148,366,1,280,479,124,426,414,486,135,232
202,155,432,458,337,204,191,180,367,66,103,253,440,211,336,315,488,144,142,421,425,474
323,453,334,253,355,320,483,32,158,376,324,13,140,134,454,31,305,264,434,337,300,186
386,474,73,245,135,253,41,317,295,408,198,298,431,43,36,264,112,425,355,49,51,70
412,130,335,390,376,425,266,483,344,180,110,322,32,466,366,140,430,162,387,212,114,90
201,8,31,65,32,256,266,261,203,386,387,465,438,143,144,365,324,188,68,394,489,470
436,129,352,314,71,20,350,340,454,137,251,366,395,84,324,12,164,486,479,204,425,319
472,366,46,325,181,386,144,367,187,233,171,245,256,188,196,215,204,291,276,48,299,302
107,362,242,256,150,431,148,373,258,157,31,264,89,181,18,383,247,168,483,472,102,357
261,4,305,5,44,367,340,266,211,431,279,199,236,317,12,138,247,167,423,13,353,159
150,268,486,82,189,92,54,465,148,266,289,476,464,428,401,314,485,239,311,188,195,439
464,43,99,181,159,300,31,374,329,366,486,245,313,410,169,70,399,20,7,82,412,14
243,143,334,53,103,138,235,369,453,213,5,462,429,16,373,46,209,174,163,357,40,41
311,261,373,165,366,181,173,319,460,275,393,399,135,134,450,254,82,468,322,140,198,49
289,452,321,471,417,222,241,454,99,302,426,128,189,431,22,190,323,243,327,303,251,404
184,459,114,28,31,465,470,174,482,426,216,366,227,402,472,159,412,431,373,308,213,469
421,77,450,408,56,291,381,169,447,65,210,329,215,75,426,341,134,425,401,189,463,384
245,41,485,417,237,92,61,480,139,366,421,116,183,84,432,382,427,464,144,373,374,159
186,83,242,439,442,438,280,330,477,344,394,482,166,201,261,363,119,8,288,366,387,196
31,82,36,264,124,418,446,453,472,196,72,147,189,400,232,43,426,330,452,363,439,253
220,320,56,55,438,366,431,69,191,178,374,59,409,406,231,413,434,0,199,333,89,234
72,453,299,36,373,240,390,452,61,330,300,459,395,217,121,444,199,134,337,312,81,386
436,77,298,57,325,205,308,209,364,99,396,131,467,142,489,189,29,267,187,379,119,169
352,61,431,455,11,118,371,260,132,218,67,47,105,409,169,49,68,101,9,43,167,190
233,31,447,348,155,334,411,105,9,56,36,54,469,166,227,453,186,483,218,118,159,388
373,316,177,329,285,366,56,224,252,305,203,298,142,227,369,407,9,300,469,345,288,400
267,367,31,211,421,396,457,366,489,354,305,173,280,482,447,322,58,179,352,319,363,223
489,14,223,385,362,57,12,452,156,97,36,41,145,412,434,211,18,244,429,49,217,240
260,88,298,300,477,112,71,136,239,374,266,91,425,386,57,473,24,394,122,311,388,373
176,295,320,285,381,268,388,200,121,373,267,112,232,411,83,348,469,422,416,478,21,436
259,373,318,478,228,267,488,266,110,76,148,430,375,104,485,367,112,354,89,62,45,223
215,401,257,368,242,354,331,95,402,89,85,120,192,392,230,235,361,182,348,188,379,342
165,31,396,149,260,21,139,280,137,214,119,247,481,102,84,58,305,29,368,237,342,278
91,419,409,431,224,336,51,430,85,333,339,201,269,400,105,31,337,209,393,440,344,457
373,323,245,286,58,479,156,42,90,372,268,72,214,327,254,14,89,348,453,196,465,338
409,78,282,445,232,414,123,221,363,473,426,277,31,479,412,310,246,190,157,309,413,329
177,178,272,253,278,373,57,92,330,475,366,213,404,449,440,292,368,247,476,438,121,309
285,355,366,124,337,327,20,314,313,192,234,169,456,416,277,121,332,458,158,439,336,300
339,297,286,81,21,157,131,128,211,300,400,431,117,476,261,155,173,484,373,159,112,205
341,107,124,472,10,352,217,69,235,89,245,275,145,246,155,183,346,266,417,54,144,209
56,214,383,341,203,456,254,309,9,90,454,150,282,138,39,68,388,397,7,431,300,82
323,263,392,438,31,155,282,394,23,431,292,154,445,124,378,162,374,84,375,42,466,178
373,259,267,384,378,139,31,352,161,34,245,25,231,480,27,456,410,429,176,353,473,484
298,131,81,220,60,245,462,254,160,375,117,485,461,212,144,340,152,478,204,99,467,141
260,184,431,429,160,396,239,243,374,341,4,486,124,421,6,367,277,182,120,375,258,364
168,446,305,471,356,246,208,447,16,334,214,47,110,77,153,69,366,283,278,298,204,206
49,373,402,97,210,269,187,243,366,164,201,450,175,436,44,356,202,252,440,422,429,99
477,212,322,304,245,286,366,139,387,243,13,437,35,215,134,32,317,116,371,5,49,353
81,402,206,218,366,37,373,87,244,222,299,344,367,65,308,144,117,252,429,407,488,486
196,422,408,28,455,246,207,133,90,362,198,436,155,324,374,300,366,41,32,294,190,382
396,200,268,367,214,63,354,172,131,286,4,76,70,254,48,489,32,364,120,6,46,406
449,373,176,374,474,222,297,344,337,32,187,218,318,336,356,110,1,380,240,388,107,65
377,85,203,82,128,53,336,479,309,350,434,218,446,348,40,438,431,144,136,61,148,287
429,237,331,374,245,213,469,101,480,32,89,294,142,12,305,46,223,433,373,311,134,377
95,160,373,374,45,39,174,342,134,366,64,203,173,425,51,233,146,387,363,476,165,257
485,431,66,318,270,155,156,72,174,391,447,390,488,188,336,85,47,70,278,25,344,449
246,336,479,186,357,48,366,388,239,323,68,322,124,56,32,331,31,292,413,149,483,197
454,405,267,341,270,73,272,471,489,63,129,371,150,223,283,360,201,242,39,72,280,92
379,319,393,29,260,71,40,246,247,92,462,121,431,159,25,245,225,214,390,45,373,413
309,472,388,486,286,75,366,406,171,254,322,299,336,431,311,134,60,300,390,324,256,375
368,139,41,25,269,101,307,45,70,244,62,43,260,354,363,81,64,39,360,232,485,118
44,188,267,79,249,25,32,472,453,324,205,336,390,393,319,422,398,184,245,238,55,143
92,373,20,156,112,85,137,239,455,334,44,144,244,31,272,374,438,90,215,364,400,275
102,373,190,385,32,31,103,416,430,359,393,174,209,352,63,118,261,226,65,336,6,486
31,211,11,436,162,292,49,66,19,139,482,442,377,110,447,403,298,239,483,305,4,204
214,458,118,409,410,286,428,44,439,144,127,353,70,3,204,482,320,135,413,111,424,130
153,431,157,401,142,397,63,300,454,133,214,155,81,373,340,242,359,443,212,479,368,40
114,204,40,377,42,489,475,49,121,145,233,409,453,260,288,174,167,242,428,320,433,15
260,294,398,475,458,353,107,264,245,244,394,3,453,312,127,321,2,421,352,0,327,214
134,42,138,277,406,63,6,175,190,286,355,125,198,423,482,433,120,366,336,61,436,44
371,142,210,221,110,209,56,413,65,366,367,400,240,409,139,393,22,261,391,127,70,440
317,157,65,313,196,251,96,22,382,240,163,247,6,402,413,408,67,66,485,261,52,286
332,92,377,366,431,264,204,31,291,75,177,83,435,153,266,172,331,273,5,339,210,398
346,332,45,247,388,119,160,303,264,366,25,31,292,215,191,275,406,307,282,405,404,210
226,195,253,323,264,441,155,64,414,316,242,154,396,123,393,146,366,190,49,298,431,413
459,169,300,352,134,342,137,431,156,254,309,231,223,166,294,429,412,297,31,446,200,440
373,298,393,405,204,139,374,199,355,429,115,102,469,31,476,294,464,479,117,119,191,309
238,144,366,386,319,373,320,73,303,451,77,253,121,3,185,466,286,293,272,387,300,234
168,445,245,441,345,121,286,219,253,146,191,426,334,359,472,309,377,243,448,397,306,124
336,79,160,292,272,215,426,231,363,18,211,158,355,232,431,49,386,45,476,474,164,430
266,47,322,417,81,363,237,131,375,453,454,243,292,134,346,458,112,268,300,165,29,244
357,287,334,47,196,64,105,285,482,364,137,319,67,13,465,245,394,412,204,262,377,214
31,302,146,366,242,243,160,401,393,282,46,59,469,116,402,292,251,149,112,17,245,436
258,8,366,396,361,322,302,61,337,62,105,185,300,44,367,27,372,319,427,439,160,32
41,214,346,446,334,429,100,175,6,483,208,70,127,459,149,261,289,319,14,348,292,404
215,261,100,273,302,4,367,175,254,69,299,168,129,397,250,297,178,377,477,8,190,269
32,366,336,99,287,299,464,438,158,373,471,411,406,226,472,133,157,305,122,248,332,448
364,338,453,150,130,412,21,305,181,334,481,139,431,200,361,281,44,124,134,13,22,1
371,255,304,209,215,336,291,366,103,479,142,446,69,463,233,377,13,402,49,99,187,144
453,81,267,397,292,105,71,181,191,366,336,96,448,36,103,137,174,235,386,202,373,10
123,46,396,243,370,319,214,372,88,76,356,153,453,260,309,56,409,438,139,452,134,336
333,150,272,366,64,373,250,66,169,124,287,153,372,433,202,253,114,486,49,14,395,431
179,39,248,266,267,374,410,186,274,92,398,396,428,26,175,37,366,215,255,102,430,156
381,59,322,186,453,128,89,371,167,163,478,485,247,49,431,325,409,331,138,56,255,394
409,334,65,340,436,406,81,76,442,315,411,21,20,353,42,331,367,397,148,295,352,139
176,461,453,464,420,272,379,169,366,429,325,220,139,65,402,67,373,294,394,336,49,483
13,383,483,266,32,49,228,42,264,469,190,40,41,394,134,212,391,453,187,43,448,97
403,58,284,135,105,241,368,190,396,326,426,78,70,146,445,288,471,31,372,75,107,137
122,159,210,319,202,54,162,409,139,167,396,65,368,305,345,453,386,467,105,358,476,214
363,105,479,204,302,461,413,394,314,28,340,211,323,221,146,488,285,268,418,400,307,196
482,37,112,31,271,251,386,319,266,49,352,485,287,318,156,226,63,239,169,46,139,147
439,421,90,56,412,451,469,12,414,417,187,82,167,169,14,49,61,179,113,205,189,222
111,215,412,319,128,271,388,431,303,133,157,160,357,199,308,424,275,432,452,482,489,124
393,366,231,280,136,216,309,403,105,57,385,384,452,486,187,383,214,374,20,145,3,449
373,168,308,354,22,263,204,337,322,462,399,413,264,366,167,283,463,230,315,460,25,185
284,253,451,462,374,278,366,214,176,175,299,357,169,327,300,89,266,49,69,295,354,293
483,43,271,395,334,90,448,401,183,360,57,476,342,254,267,355,127,299,270,294,161,268
313,156,332,114,352,436,414,391,299,303,340,324,224,394,140,344,117,353,469,339,464,323
266,291,215,2,332,448,413,436,394,12,366,286,453,114,338,207,81,112,183,355,472,297
181,135,396,366,206,352,394,488,169,28,333,103,405,209,164,250,211,254,404,384,480,116
232,112,204,453,206,355,143,196,449,378,476,81,368,56,483,221,298,275,308,134,186,64
468,482,298,90,313,244,31,373,438,51,366,354,261,336,431,342,453,202,98,374,278,200
145,266,198,3,209,36,138,373,383,45,288,394,57,249,253,358,374,346,406,422,39,334
398,2,28,272,61,48,465,184,436,57,404,438,341,340,14,303,360,25,35,260,320,439
31,175,442,132,380,411,87,233,211,156,409,414,408,32,429,272,216,298,320,431,281,161
374,453,315,185,29,188,279,299,72,14,75,472,455,340,42,214,403,402,408,300,196,13
257,427,65,413,50,190,436,336,232,351,453,476,300,205,260,428,12,244,393,214,292,316
453,323,292,369,152,416,258,367,189,105,334,319,295,446,473,402,64,425,230,357,103,413
440,468,257,465,399,189,180,143,411,4,176,114,334,388,373,56,475,69,112,249,266,140
209,215,241,362,7,176,388,36,32,465,83,431,31,453,486,433,230,286,85,413,439,308
283,289,267,29,190,472,439,320,170,49,366,453,76,36,200,247,248,226,418,161,332,245
85,116,271,426,475,154,301,273,210,453,384,342,61,299,182,478,266,198,183,153,431,92
25,342,43,134,1,398,246,216,297,257,409,353,11,299,364,481,79,322,112,393,99,366
120,6,135,185,67,148,169,298,355,368,402,31,61,448,232,14,423,456,48,409,43,226
57,133,255,204,385,219,176,460,105,61,81,41,139,319,459,124,436,164,453,289,153,112
396,113,138,31,101,436,144,202,57,92,203,294,320,398,89,373,51,244,461,310,336,305
42,13,388,35,426,456,181,428,254,117,414,411,258,4,113,114,224,50,440,236,298,15
297,431,337,396,325,264,28,237,146,360,119,240,485,241,210,362,267,211,331,388,444,479
415,292,428,366,401,260,418,203,448,422,360,276,342,447,383,485,81,416,267,351,9,426
356,435,162,210,476,249,2,144,164,440,218,362,50,6,250,442,256,129,76,260,228,61
394,321,142,290,140,81,393,337,112,56,292,400,23,248,382,219,148,117,442,98,324,298
476,428,451,431,443,92,319,377,373,302,245,169,396,35,107,172,142,485,261,248,425,0
264,464,266,478,446,366,159,460,402,471,5,166,227,139,336,452,219,99,155,30,362,272
472,203,214,483,308,368,20,275,377,352,355,79,264,297,51,383,241,402,298,301,299,128
472,169,69,157,336,65,257,204,434,62,291,242,391,319,175,192,438,366,431,455,20,202
87,173,225,336,364,185,294,367,443,394,292,366,53,127,448,117,454,439,317,145,266,383
417,240,59,489,462,421,460,340,56,298,350,195,406,84,388,293,50,190,173,305,157,257
357,54,400,408,209,311,477,431,237,412,298,444,464,466,291,374,79,436,489,393,89,425
409,340,457,473,64,475,37,253,137,12,288,246,413,291,100,445,8,329,293,427,260,135
391,139,278,469,51,141,166,246,336,72,214,374,81,366,69,488,161,190,472,31,298,431
322,79,366,138,412,36,167,147,49,286,300,13,483,217,189,302,444,435,227,178,397,360
56,40,115,462,177,366,253,137,39,2,162,242,20,230,31,321,239,417,28,69,233,84
354,365,61,453,116,291,137,69,426,107,180,373,366,337,31,374,348,99,309,139,114,246
184,317,150,277,300,303,32,261,319,57,398,133,169,435,402,468,347,412,443,353,409,453
329,169,176,264,133,459,444,58,334,114,336,139,337,376,123,413,15,235,51,32,97,215
387,271,384,186,196,49,393,383,55,157,65,268,452,403,431,88,244,276,423,90,169,120
237,453,188,465,415,216,354,126,211,85,139,172,220,204,140,10,70,375,314,421,259,245
61,256,25,281,463,54,189,246,139,204,397,469,69,22,360,451,212,263,426,452,336,292
49,445,469,298,476,373,398,75,453,388,366,207,230,286,352,198,486,169,105,354,466,383
405,402,245,383,14,300,359,488,431,483,469,404,153,441,398,373,49,6,337,385,412,452
129,390,337,280,153,19,388,486,64,367,278,95,31,342,62,248,394,142,112,9,135,300
83,239,139,20,310,352,337,166,323,204,410,473,105,13,482,206,479,116,388,348,40,425
309,146,483,291,42,326,375,54,402,485,415,308,159,256,369,7,409,396,340,181,425,453
438,170,216,460,387,114,425,402,418,275,48,366,481,409,410,42,353,177,31,150,35,131
223,72,349,361,434,409,466,139,284,470,156,420,31,478,412,374,32,476,445,278,263,488
138,342,430,373,14,472,202,230,208,8,451,368,128,237,201,408,366,196,43,484,239,31
169,99,371,326,291,142,20,334,396,244,380,316,394,146,38,426,232,110,31,237,409,344
67,226,396,116,268,219,346,403,485,413,380,166,373,253,17,368,20,374,150,208,241,155
376,469,384,332,161,239,41,298,385,434,175,264,245,62,112,438,272,393,269,108,292,366
370,195,266,366,453,64,302,237,378,319,434,231,304,48,89,483,309,171,168,294,431,222
190,6,416,31,196,271,413,458,66,462,472,266,428,169,337,444,338,135,412,299,185,341
182,201,286,246,178,304,386,339,31,382,159,32,384,331,230,204,407,289,373,485,302,462
152,169,472,379,478,426,133,366,237,406,123,266,253,105,305,476,390,326,185,373,364,148
61,472,149,44,176,214,48,441,140,298,127,81,71,294,431,232,28,290,323,308,136,278
478,206,90,482,76,181,25,160,299,229,48,282,237,23,429,409,139,161,253,443,334,31
277,170,136,45,116,360,308,150,273,214,30,350,242,304,41,447,241,305,434,180,288,468
402,31,286,61,374,103,301,214,450,63,410,370,44,488,118,106,247,364,426,245,459,322
444,366,328,315,245,360,205,455,436,64,472,309,20,28,373,186,146,474,21,136,112,427
433,373,198,125,304,386,86,311,246,72,49,293,412,357,314,105,99,472,45,327,431,271
31,266,410,490,257,64,282,2,373,431,243,421,348,352,304,402,233,256,117,400,357,438
356,239,483,70,31,273,398,188,148,393,357,176,425,406,173,119,374,298,159,334,163,457
254,64,479,204,214,436,189,20,374,394,174,2,186,468,431,157,337,233,401,113,430,462
121,340,170,398,188,303,335,31,453,326,460,237,352,114,139,117,177,431,394,469,367,172
268,138,114,53,57,309,393,34,161,475,214,374,88,149,11,79,43,362,18,226,397,270
61,356,410,264,409,15,417,472,178,233,70,478,299,438,286,204,320,229,290,66,357,334
153,253,6,352,451,39,244,163,310,242,463,468,483,124,390,473,188,284,16,31,169,251
48,333,357,121,476,70,325,402,56,196,217,274,396,374,377,422,324,382,64,238,29,84
43,366,422,453,472,90,285,460,135,227,388,244,92,134,61,110,486,303,280,415,425,224
124,438,49,463,396,115,184,142,239,346,152,289,472,360,212,435,81,286,375,345,395,199
464,394,162,135,488,67,153,455,264,423,111,373,40,201,195,338,262,183,428,472,243,136
474,426,242,177,92,200,311,28,325,246,203,406,442,398,436,169,142,218,45,156,65,266
332,61,368,373,354,169,189,223,463,358,196,65,205,79,50,399,128,408,142,200,229,377
282,373,4,76,466,325,363,164,176,70,286,188,374,394,457,112,17,46,68,238,31,438
169,326,484,150,191,380,305,57,482,455,42,486,406,49,121,271,438,388,112,124,196,370
388,461,374,124,141,431,237,8,169,131,32,386,371,392,261,59,155,247,372,366,334,296
310,56,115,214,41,7,76,167,300,384,393,144,14,136,473,23,367,139,428,156,286,419
273,104,180,230,124,371,390,428,13,256,246,432,202,261,429,142,199,386,336,4,200,374
127,392,390,241,136,16,140,245,353,266,452,89,304,114,263,407,176,433,40,9,152,161
373,374,367,454,118,228,243,44,154,206,187,346,237,218,476,31,32,158,160,280,198,185
474,45,459,430,242,323,465,350,366,31,76,220,409,216,85,154,428,346,261,103,138,460
105,484,190,354,485,30,466,489,292,29,164,275,336,133,256,338,51,352,4,204,412,381
57,413,264,366,416,314,92,352,333,429,35,378,203,134,142,431,368,221,114,32,396,204
436,402,62,362,188,235,192,182,483,396,118,202,336,217,489,97,456,85,76,308,137,424
385,268,131,464,317,237,336,146,426,448,319,395,305,262,49,440,480,458,421,130,13,198
35,184,308,139,211,292,50,89,206,366,205,363,47,83,118,226,31,449,301,202,214,396
76,209,294,158,103,275,406,284,304,483,451,292,305,398,121,244,473,382,373,204,407,428
481,370,189,198,49,444,113,30,218,475,37,311,366,137,467,409,348,300,50,405,136,203
488,40,140,373,466,377,280,267,76,315,54,240,78,388,346,326,237,435,204,278,36,369
64,204,27,363,5,374,99,412,362,252,49,484,325,186,173,431,373,393,144,261,63,338
304,172,35,27,119,365,164,49,319,199,14,167,382,236,298,48,8,238,431,79,392,488
362,427,361,260,394,475,49,12,83,345,431,177,118,146,270,53,101,464,248,373,98,28
260,9,49,242,38,431,62,454,31,214,64,25,357,352,135,65,292,367,26,2,319,300
135,438,382,7,452,478,214,285,190,411,456,221,2,139,331,175,218,298,396,72,11,367
483,336,14,381,399,77,168,89,367,271,319,409,44,366,275,289,190,442,335,47,90,98
289,49,409,245,24,413,297,90,169,276,336,190,103,382,342,273,129,77,203,481,239,181
261,4,340,342,283,190,5,445,142,311,99,388,351,198,173,84,302,299,390,413,1,336
234,267,163,188,175,11,373,95,479,434,393,207,366,167,312,169,245,338,41,114,436,409
402,43,153,301,281,201,373,368,396,178,21,69,293,34,426,417,409,305,89,139,56,157
469,163,366,332,49,325,401,352,217,188,429,4,336,227,205,364,340,207,31,353,233,488
159,91,167,488,133,393,386,459,41,295,424,307,373,48,352,135,140,429,120,374,368,483
89,286,398,42,228,232,189,31,96,214,178,460,338,403,68,417,426,186,55,191,140,366
388,119,255,453,70,460,58,470,298,356,426,4,94,366,118,330,35,488,334,293,209,292
202,266,209,338,363,398,108,274,400,245,112,393,366,257,198,139,144,452,9,355,12,377
177,123,155,129,160,198,395,374,218,115,41,438,474,118,31,186,243,138,294,404,410,203
138,405,1,443,426,276,178,174,135,107,266,432,394,142,185,253,112,367,211,404,258,418
157,44,266,361,247,430,43,71,85,392,195,239,226,245,72,277,286,278,58,364,403,442
259,174,366,1,139,394,169,164,190,206,266,215,459,308,97,460,400,388,49,431,88,119
366,374,60,22,266,431,276,315,453,180,271,168,132,433,248,373,405,184,303,338,369,166
436,396,364,294,197,423,298,251,11,226,112,105,450,264,229,469,148,332,352,277,24,365
396,333,373,472,431,124,334,466,196,313,266,264,357,190,141,210,298,87,125,3,449,374
455,472,9,120,81,113,436,31,427,204,175,67,188,410,159,223,65,426,309,269,476,58
395,15,27,242,204,159,464,140,71,425,64,135,378,251,268,447,112,239,300,294,479,289
45,413,336,61,3,158,64,267,403,306,297,230,394,472,337,70,429,166,169,402,135,245
205,336,195,285,132,488,366,90,245,370,394,393,21,20,390,115,352,444,435,254,68,99
112,355,373,214,454,94,295,246,484,103,337,211,32,410,65,270,388,472,305,350,110,265
321,386,181,319,334,373,134,436,292,156,338,177,98,359,40,442,395,232,402,217,427,294
198,402,334,60,388,437,456,188,477,443,36,108,196,81,350,165,286,157,171,57,239,314
135,245,453,139,189,184,185,472,216,273,454,31,115,181,35,175,367,20,305,421,294,475
300,324,218,419,68,463,214,121,319,292,92,275,368,146,337,137,79,112,326,46,334,291
426,221,296,334,484,67,393,175,476,149,34,374,266,409,264,132,80,4,146,244,186,42
436,233,300,470,235,336,107,485,265,148,92,5,75,307,305,299,16,315,360,377,359,266
475,9,11,453,438,256,267,424,430,378,120,160,472,34,436,5,140,301,184,374,100,346
218,69,373,366,51,402,465,140,81,444,298,439,255,214,232,464,451,368,206,244,57,348
204,460,118,242,125,266,292,314,473,184,220,189,231,366,187,39,174,156,17,170,144,211
359,430,334,412,294,110,298,357,336,41,489,374,373,68,462,447,131,138,304,393,289,57
463,156,367,143,431,436,211,359,360,31,76,377,130,448,24,207,308,483,453,388,61,420
189,160,15,282,392,150,7,323,334,49,316,186,13,442,239,99,407,231,6,249,412,232
440,361,80,229,49,312,61,436,164,185,240,286,232,146,298,156,72,174,373,390,255,4
402,63,206,1,294,382,367,157,332,4,140,468,214,452,119,311,298,0,253,348,209,184
393,144,409,354,139,322,431,438,41,189,388,199,159,105,183,426,10,119,146,486,169,32
324,305,408,21,238,322,383,226,433,43,244,195,187,282,191,213,258,289,406,176,438,414
388,27,356,446,364,310,236,266,19,234,174,198,393,311,61,366,390,5,472,429,218,245
41,372,256,482,174,360,325,298,432,241,137,369,334,376,264,295,106,114,402,472,150,51
439,160,359,116,166,467,48,138,19,84,393,282,366,201,36,267,145,49,411,111,286,204
189,400,90,234,4,59,2,442,26,67,244,472,396,21,458,99,232,195,185,273,268,149
367,49,399,62,336,218,112,366,255,410,232,115,152,42,294,246,222,401,160,375,92,436
223,381,336,384,211,469,282,253,342,30,187,352,83,366,14,372,32,351,394,425,188,359
366,305,121,479,41,442,280,453,58,31,412,364,427,391,21,429,11,476,361,471,395,336
176,397,374,465,119,202,459,431,484,120,447,47,152,29,138,207,240,367,433,346,77,146
222,187,362,68,295,207,266,367,64,394,352,337,472,112,425,58,96,206,262,25,281,127
363,83,377,185,11,429,371,273,366,44,137,112,309,61,337,334,388,436,9,199,467,145
30,251,135,240,326,424,29,295,199,142,67,196,271,41,87,266,429,399,274,66,260,408
436,252,462,477,255,463,392,442,149,107,6,173,89,45,366,342,485,18,132,455,383,223
366,388,218,64,206,315,72,169,223,364,413,0,173,68,434,336,65,79,256,157,319,128
12,431,366,203,404,195,2,61,49,486,253,246,264,304,325,367,391,321,266,105,90,211
390,252,21,198,462,203,162,472,169,486,429,265,354,153,204,392,453,304,31,373,366,433
316,485,402,282,31,65,239,267,439,70,334,373,256,23,353,226,238,393,49,324,394,423
189,70,52,81,261,1,278,135,166,58,346,220,191,302,218,89,213,436,118,408,156,139
435,216,207,462,423,318,148,485,221,297,190,170,472,463,204,387,366,146,448,247,431,35
357,223,41,325,188,61,30,403,140,480,274,138,105,49,402,174,334,377,169,338,412,2
396,136,266,92,486,442,19,310,400,411,190,399,87,196,232,31,187,214,105,246,84,126
185,280,446,13,294,90,186,173,261,51,352,35,180,267,464,137,140,76,97,55,64,462
348,416,124,474,43,237,204,3,463,438,32,49,266,309,414,211,29,2,257,28,362,247
344,366,14,246,238,169,218,425,145,223,12,48,438,337,56,45,342,336,319,265,224,280
471,413,366,4,188,355,47,304,12,456,59,267,266,371,189,145,199,139,57,342,390,247
139,69,244,476,334,173,7,465,50,40,22,172,160,80,333,246,163,87,112,245,310,45
294,303,243,489,307,228,214,199,451,153,163,145,448,204,201,46,48,79,474,433,131,246
366,318,346,216,352,474,41,426,146,354,202,128,237,382,188,138,396,453,332,40,8,27
398,30,114,479,76,145,484,214,373,244,412,246,107,15,474,218,243,366,20,438,322,292
398,28,108,137,447,407,266,232,131,9,285,396,435,446,322,375,472,274,374,87,413,488
135,145,362,455,431,64,352,461,490,190,393,124,218,58,267,479,355,336,50,328,5,361
48,276,476,367,282,363,431,200,323,30,290,334,40,227,7,288,316,33,125,464,2,411
214,57,184,53,406,260,402,462,342,252,362,251,13,413,275,401,341,323,269,479,374,253
394,175,284,334,368,278,31,336,204,260,377,120,211,329,424,14,268,34,453,438,78,135
36,331,21,322,45,426,188,61,49,189,226,456,421,39,11,215,289,87,440,129,375,191
366,354,266,112,334,296,373,377,352,124,409,196,392,339,67,232,452,113,448,205,156,176
222,198,260,374,14,27,205,271,217,245,214,373,460,274,223,474,395,464,342,346,195,286
204,242,43,332,471,293,289,183,78,482,489,232,138,354,299,268,118,31,345,353,244,187
266,169,104,214,291,128,195,33,368,309,483,39,335,402,298,286,165,404,177,261,346,249
396,292,233,397,421,389,274,298,265,187,57,486,455,105,61,31,308,196,401,71,16,178
249,273,415,482,214,177,203,226,68,183,45,366,286,271,19,198,458,127,194,157,280,403
406,239,23,123,116,366,160,401,407,70,360,211,5,346,262,300,139,336,373,377,234,352
98,478,224,400,167,342,305,359,374,444,265,161,187,170,153,413,115,13,307,144,486,466
321,382,122,374,366,481,423,45,245,210,23,436,244,258,188,314,337,472,69,464,346,342
411,178,76,444,485,366,339,342,334,397,393,48,472,431,23,266,240,6,166,119,92,175
13,412,49,168,208,268,283,373,89,366,215,81,188,339,222,124,324,148,471,196,210,466
125,261,31,464,116,190,183,229,398,94,168,66,488,337,382,275,253,5,109,461,36,245
273,35,308,395,321,266,366,94,173,72,29,439,436,114,443,13,184,303,89,444,413,166
223,259,300,44,404,31,467,102,233,117,333,71,393,51,337,413,309,293,323,54,433,276
363,254,322,246,324,294,31,352,295,286,390,161,25,175,171,336,373,115,79,68,284,268
81,436,90,367,253,453,399,316,289,142,397,319,246,362,283,256,137,21,31,72,42,61
489,373,463,61,148,226,15,386,362,300,451,8,214,190,319,195,135,352,209,486,237,140
65,406,190,176,54,242,117,134,243,294,139,383,402,27,87,82,166,336,346,431,169,203
98,367,204,364,306,39,209,431,189,314,453,472,396,102,202,370,376,187,374,211,373,153
49,396,196,279,417,61,231,47,309,89,247,222,383,163,479,259,218,472,161,266,275,357
105,31,160,392,57,176,385,419,53,464,201,312,254,398,281,138,28,42,199,232,456,211
112,63,95,156,0,294,89,190,334,198,245,261,169,484,22,181,329,124,3,255,344,61
32,120,54,159,337,303,176,298,254,299,340,95,342,5,488,25,356,232,309,366,266,9
31,424,155,177,233,283,379,247,237,164,483,252,121,357,46,127,139,118,63,336,438,119
46,415,413,366,188,336,128,409,45,41,352,397,266,49,477,373,447,51,400,112,137,426
273,247,452,451,405,440,425,352,317,166,359,256,434,48,366,424,436,121,354,145,190,471
403,121,205,31,226,191,49,77,169,135,408,387,484,412,110,301,314,398,318,276,215,66
149,14,124,182,159,27,299,383,396,460,264,373,368,394,342,30,69,472,444,31,412,209
385,191,440,12,374,366,409,323,341,214,466,425,1,477,198,361,61,431,445,257,449,388
64,144,200,143,453,473,31,36,402,228,275,364,372,425,32,6,240,442,49,142,190,85
354,90,60,264,284,175,220,177,375,272,215,399,364,169,72,429,202,261,139,214,300,91
256,373,279,62,454,100,175,114,436,339,135,103,204,453,154,437,25,217,107,368,366,481
49,196,237,464,308,350,0,476,267,21,448,477,398,356,388,129,28,214,159,112,99,373
21,92,49,428,453,95,336,184,128,377,219,139,454,260,169,402,118,89,229,255,43,131
35,412,153,393,246,190,198,139,12,32,204,331,70,473,308,14,474,366,211,463,130,367
14,396,162,72,2,426,353,402,277,139,342,422,413,174,417,118,49,427,474,175,188,112
105,317,299,90,201,453,367,221,254,91,251,176,412,454,87,40,61,289,53,409,307,21
165,156,233,473,471,309,391,135,139,119,29,448,366,33,436,121,162,9,386,70,55,83
453,266,67,187,336,431,396,456,374,331,264,1,33,234,463,102,31,255,54,305,406,407
330,152,325,199,471,89,305,67,266,352,222,436,31,45,214,257,299,206,485,261,362,183
31,18,362,255,341,394,453,461,79,137,207,99,413,266,273,331,445,121,190,417,384,286
114,174,239,366,214,113,85,300,226,368,198,413,139,124,481,373,402,175,344,203,57,69
226,271,123,56,484,62,227,286,198,417,245,266,373,80,398,297,467,362,280,112,300,342
41,355,455,362,475,176,459,367,354,334,57,374,174,428,217,300,111,246,244,209,421,148
274,298,300,159,114,145,373,23,266,408,7,2,20,363,284,366,371,48,88,28,262,228
62,453,429,124,273,267,351,26,132,268,64,382,61,489,111,361,309,302,357,264,336,251
394,479,366,179,340,295,370,344,265,137,268,82,247,471,6,310,156,464,114,239,134,431
84,304,190,30,483,158,85,214,55,105,159,223,264,475,118,366,31,45,357,79,381,42
478,413,252,107,427,169,3,398,134,61,468,350,373,85,244,455,300,136,340,210,303,176
385,66,17,381,150,65,264,305,382,352,35,77,146,292,442,408,373,384,342,247,366,60
348,393,45,226,142,309,186,31,35,29,242,174,136,439,255,412,373,341,304,271,345,292
352,427,367,169,354,430,337,316,292,182,408,68,67,69,329,315,374,442,187,70,319,318
335,305,352,385,265,425,66,219,23,244,413,68,371,303,88,184,64,377,460,424,488,436
59,460,387,308,418,205,388,369,134,121,198,438,79,390,286,476,32,150,338,85,153,35
489,387,401,107,139,41,317,150,209,12,32,250,373,253,163,382,408,316,57,231,303,206
346,81,258,286,453,83,82,390,486,186,262,335,89,478,342,476,379,364,6,467,178,471
124,161,158,68,393,139,374,26,336,209,159,64,275,56,66,240,58,371,112,311,465,475
368,206,302,318,11,32,142,187,128,231,112,400,173,377,431,45,342,210,282,153,324,413
363,260,417,153,386,359,396,254,14,300,297,27,189,64,114,36,430,354,472,329,409,304
19,431,412,446,114,2,97,48,400,150,188,107,381,319,158,237,454,447,373,289,156,413
239,414,366,303,189,179,62,382,438,105,96,166,398,457,413,253,486,49,59,124,274,70
235,391,201,362,34,63,214,299,351,206,198,342,469,99,20,273,87,392,243,8,436,380
366,6,467,278,57,215,327,66,400,289,33,7,253,111,175,237,299,472,49,75,223,342
233,64,450,366,334,56,28,403,337,393,266,155,427,237,343,379,429,284,404,460,251,303
260,403,382,266,91,433,273,159,234,41,427,227,423,463,327,32,431,421,288,292,376,31
440,270,348,41,453,445,436,468,367,138,431,162,244,184,379,267,49,340,350,67,5,395
168,245,334,346,438,356,90,355,1,142,31,366,64,55,316,29,139,325,373,320,292,453
472,254,228,300,319,78,342,102,36,391,366,191,45,409,450,106,289,46,11,364,162,404
373,282,334,352,15,396,64,450,67,209,135,440,420,35,430,412,211,129,166,236,362,431
262,258,459,488,412,169,127,264,381,123,234,305,134,366,203,453,17,475,396,409,188,217
267,130,394,66,484,318,245,249,2,64,1,31,294,274,215,327,287,431,155,465,413,132
454,309,3,64,298,267,334,398,79,364,87,374,128,332,318,105,273,476,286,212,179,218
105,137,166,120,132,15,448,128,361,443,342,115,28,449,49,83,161,320,247,50,175,422
188,8,485,337,189,368,364,88,57,119,28,125,61,431,142,454,159,362,244,406,386,388
266,373,376,289,398,76,366,114,78,420,352,380,45,269,49,327,96,425,138,44,42,483
366,409,267,465,31,337,227,462,137,486,63,60,356,111,294,102,187,280,72,485,246,35
114,355,164,246,298,189,350,308,250,331,239,347,102,245,240,43,413,41,388,162,436,120
386,469,252,429,462,153,286,267,340,415,444,217,325,8,0,411,89,316,220,342,436,195
453,58,478,297,457,275,31,224,49,81,160,484,169,360,282,267,202,17,314,294,351,216
117,184,245,463,413,483,447,101,267,49,0,135,394,8,366,159,395,234,312,412,20,169
55,385,12,309,465,205,431,442,135,409,216,147,481,455,210,54,181,483,241,334,373,132
200,362,122,23,63,306,346,367,421,413,17,218,67,382,31,255,415,412,32,142,414,324
8,388,366,431,146,369,355,467,232,447,452,337,247,261,212,298,381,279,479,362,15,164
102,366,426,113,376,229,114,406,416,400,391,249,437,245,445,382,326,118,64,27,449,298
239,451,224,446,288,14,386,331,145,29,159,189,67,310,110,440,198,362,346,266,246,96
118,103,460,393,69,304,445,214,20,235,213,31,479,279,158,394,298,41,76,49,174,313
171,31,386,224,451,146,346,70,327,430,149,326,26,20,46,373,134,374,366,195,439,92
45,187,286,112,31,43,425,174,316,274,473,485,129,439,363,446,32,201,59,367,394,150
398,185,84,323,366,471,374,271,264,134,461,430,47,49,70,443,393,95,403,363,352,344
94,471,232,366,431,468,394,448,364,352,8,116,284,443,212,350,53,416,447,110,32,338
350,144,409,90,456,92,142,386,398,50,28,32,362,198,387,367,221,380,300,394,359,88
49,371,139,144,374,354,283,115,71,397,31,466,221,361,178,421,445,388,266,124,224,198
169,298,483,448,100,286,342,84,247,149,62,17,214,202,139,232,205,366,472,123,5,1
173,32,443,374,366,17,408,201,481,12,331,298,243,462,3,184,13,401,420,155,373,305
453,103,257,105,196,317,167,32,85,248,485,163,9,249,237,59,440,334,214,243,132,140
264,490,366,305,142,276,185,391,65,479,164,235,402,31,289,374,175,387,342,334,376,260
72,353,245,354,240,268,346,453,175,410,258,350,298,109,181,412,65,124,368,334,218,281
388,336,437,374,392,34,183,105,266,148,239,28,295,258,422,288,67,485,113,252,70,23
364,300,342,57,76,439,388,174,308,366,207,36,23,219,421,167,309,2,376,135,26,158
40,21,406,400,327,121,216,241,335,453,337,436,447,305,486,325,324,255,78,176,404,413
249,118,81,304,356,366,79,103,299,334,427,444,361,31,455,346,374,373,438,388,353,400
337,245,180,77,116,214,172,366,69,334,462,321,224,184,161,367,442,17,466,89,348,428
390,249,47,89,216,218,383,393,413,292,208,382,285,87,31,196,309,340,352,229,331,399
139,354,461,3,431,134,392,321,406,76,275,368,378,118,5,197,373,219,161,317,483,353
473,85,51,217,121,397,164,438,463,294,407,99,297,471,144,175,452,337,72,49,386,0
366,401,195,415,285,310,234,453,380,368,133,36,413,48,135,393,260,433,222,440,426,249
384,20,195,79,338,176,187,247,198,272,61,175,382,124,114,70,476,166,472,2,277,69
300,341,357,252,367,132,206,98,483,50,19,468,175,189,359,49,461,282,200,425,214,299
11,256,356,439,275,233,283,338,239,286,118,214,230,76,258,408,453,10,446,364,375,292
444,409,111,14,472,171,33,89,70,386,105,378,239,229,245,469,199,359,334,401,282,249
247,235,244,176,49,242,399,395,46,412,348,415,485,311,222,156,139,52,308,374,217,81
448,67,127,260,18,148,449,110,9,169,361,472,322,70,407,393,291,254,348,414,374,64
366,433,371,20,277,368,376,172,346,362,365,222,471,400,386,448,224,336,338,300,118,330
222,299,49,231,387,300,16,238,278,316,373,150,465,284,228,161,149,116,260,395,205,220
272,139,138,238,19,31,474,85,291,334,313,199,400,490,369,208,355,305,268,169,233,28
161,20,119,336,332,275,457,64,355,31,309,215,331,266,396,305,455,254,169,128,388,160
246,216,135,256,258,170,283,65,297,294,49,230,350,31,432,188,189,9,80,12,401,101
229,315,247,252,231,463,316,31,436,439,239,336,455,273,380,467,173,10,132,207,203,295
461,2,49,128,459,41,341,185,246,148,45,50,51,433,81,431,408,472,213,245,365,210
469,410,300,425,344,414,305,426,230,399,202,60,357,280,249,215,214,32,256,19,104,204
350,352,394,334,37,386,203,472,434,155,373,108,200,484,255,341,372,145,436,331,310,13
310,269,304,196,120,366,81,48,244,83,115,373,369,358,336,51,467,417,181,445,195,364
252,418,31,27,484,8,102,53,49,412,92,239,166,214,453,235,366,407,465,457,124,145
146,240,61,394,446,486,366,329,385,134,274,472,332,320,485,403,133,143,43,121,432,465
253,9,21,300,327,283,401,184,292,69,427,245,278,231,25,203,336,258,359,246,209,439
259,215,288,134,311,475,394,388,43,31,1,223,414,140,218,327,174,200,476,35,342,64
383,318,490,444,273,3,55,176,447,452,223,482,6,342,480,214,128,422,195,377,126,114
426,232,439,149,393,250,286,469,5,212,438,92,266,264,156,112,234,67,31,41,312,465
4,363,341,355,272,280,357,398,40,309,39,126,281,469,71,150,460,8,269,218,214,443
81,178,4,199,367,445,264,28,66,17,414,145,197,394,374,267,441,31,204,54,245,298
336,436,48,340,471,482,324,64,454,373,476,334,8,30,21,189,266,402,145,424,400,144
103,189,300,467,120,219,246,438,49,214,53,334,460,152,452,173,352,29,239,112,394,322
278,298,101,103,442,355,67,297,142,353,227,49,189,447,124,218,478,195,137,382,206,409
178,256,164,331,320,138,203,408,362,352,166,450,123,72,175,253,373,202,341,44,431,292
144,267,30,62,413,350,41,141,337,245,426,485,298,482,82,139,137,422,445,0,167,366
460,222,421,202,68,469,284,266,217,446,441,272,44,433,215,431,356,385,146,89,124,360
11,298,114,450,133,398,374,412,366,49,431,322,452,160,239,34,449,401,245,134,64,260
211,362,364,216,386,245,31,117,168,4,445,213,268,177,179,132,258,243,175,199,142,338
187,400,46,8,370,42,310,247,382,362,118,346,366,425,387,317,373,31,250,246,176,294
107,334,465,314,366,332,292,476,64,367,49,211,267,339,186,31,456,255,4,187,253,7
344,282,226,181,303,406,240,461,46,114,188,27,474,125,482,374,245,324,438,462,211,383
367,219,288,230,221,472,97,173,458,393,198,204,350,63,6,292,174,462,190,118,12,306
373,300,89,402,414,218,327,251,81,242,253,5,200,222,404,321,431,31,355,442,173,68
310,58,203,118,267,311,67,66,134,92,198,298,391,190,485,277,373,445,9,259,31,462
253,162,431,362,142,176,64,462,107,352,408,213,424,144,481,174,217,266,458,366,373,233
204,156,246,89,376,58,190,57,462,215,453,92,185,393,342,270,179,434,374,184,59,245
182,57,479,235,260,120,440,453,377,289,201,354,338,118,198,366,486,122,123,68,200,474
254,453,41,373,195,32,272,226,357,142,36,20,310,303,1,13,394,46,255,457,24,431
88,166,214,354,301,438,471,28,359,234,32,481,344,69,373,246,266,263,430,291,329,460
43,268,373,394,206,172,36,296,366,472,406,308,447,12,41,51,23,416,235,403,16,208
307,373,428,264,344,27,67,280,89,250,202,227,487,226,242,49,224,16,248,274,359,384
438,388,178,471,371,3,430,218,67,227,59,239,61,37,18,89,292,30,391,121,483,367
301,366,68,139,233,17,28,331,107,44,214,442,50,22,112,365,245,221,431,457,113,24
356,249,149,232,142,112,299,289,324,433,322,103,137,69,148,366,215,214,367,459,46,394
220,266,65,165,139,373,426,364,316,269,189,300,89,305,146,397,72,190,416,149,212,327
455,359,245,433,66,346,336,409,79,204,139,300,31,179,142,33,7,394,366,454,206,289
66,241,467,196,311,426,62,143,242,453,283,304,379,402,303,43,486,355,44,254,58,336
433,71,49,436,289,450,382,300,18,327,48,99,239,393,195,286,431,69,429,60,207,246
57,66,455,344,431,266,21,256,247,451,249,312,436,425,246,483,110,366,112,388,2,105
374,386,49,373,211,246,94,342,263,15,359,40,258,141,336,363,207,236,271,9,331,204
453,460,298,299,49,467,445,214,150,134,367,373,442,307,368,337,186,220,421,103,169,70
364,300,363,278,277,460,222,471,392,10,431,225,483,226,94,352,373,63,70,153,190,164
157,113,383,423,46,198,278,156,229,121,4,127,430,374,292,310,442,61,232,294,124,27
409,426,121,442,419,312,263,302,481,257,421,131,30,365,231,267,88,341,151,408,191,211
300,361,239,447,243,262,140,476,124,472,276,382,199,166,212,431,17,139,98,453,256,158
453,374,366,462,250,260,139,31,380,370,50,175,322,198,6,323,278,70,447,333,302,352
15,471,211,366,333,302,206,402,426,373,398,346,337,422,244,387,89,43,226,254,414,383
463,187,466,472,230,198,41,251,175,17,382,235,32,16,239,243,105,312,247,283,212,388
253,438,86,211,411,235,366,75,164,246,262,319,245,215,137,181,139,4,169,31,83,125
253,137,344,35,334,219,322,442,374,31,8,332,70,25,366,45,326,56,444,272,142,268
72,99,483,373,134,403,298,425,28,228,431,236,190,350,468,97,467,374,83,284,81,263
354,366,144,432,453,155,223,302,140,11,202,37,358,415,373,196,188,123,259,164,301,159
261,373,146,43,172,50,158,476,397,341,72,402,81,236,166,453,214,394,27,324,45,266
456,51,319,412,261,1,322,22,45,62,406,34,139,155,297,149,479,396,104,49,121,381
228,28,264,298,323,132,273,453,237,57,292,224,202,467,67,490,217,274,374,266,443,413
482,142,177,469,175,42,366,308,76,406,260,233,283,346,178,116,216,60,140,483,443,453
370,179,359,361,53,350,89,352,476,394,146,20,449,200,248,472,390,169,267,190,420,4
69,44,65,159,485,118,453,306,299,472,366,244,168,454,75,2,463,394,459,383,307,446
183,264,12,31,479,47,238,431,224,278,20,300,156,449,402,348,283,214,235,45,250,374
305,395,141,241,420,406,476,388,474,188,149,373,444,221,211,259,72,260,393,79,366,59
130,455,178,293,105,20,231,120,119,11,164,226,71,67,53,201,290,292,14,282,428,357
