399,28,40,201,39,79,447,81,363,9,336,25,160,103,394,268,118,428,352,288,301,82,446,260
417,396,226,409,135,489,261,8,367,482,12,472,83,90,269,192,233,267,351,426,404,334,475,413
400,410,17,469,252,266,334,431,221,43,336,3,392,402,384,50,366,61,130,226,169,344,31,267
421,431,145,252,7,473,266,209,25,102,260,222,264,54,413,300,366,71,475,318,449,34,23,177
485,323,175,45,393,139,412,227,100,265,329,401,183,371,322,384,111,282,222,448,314,402,79,47
81,239,486,177,374,373,237,419,209,157,18,308,64,442,11,205,119,247,475,346,309,398,273,286
99,94,156,317,323,153,157,246,127,150,211,354,15,472,456,129,356,13,440,72,247,108,183,251
27,485,175,180,483,164,291,463,442,71,388,178,20,414,438,114,461,123,298,159,96,479,195,156
448,272,112,308,24,186,334,366,233,198,256,377,81,235,346,402,374,41,400,105,30,199,382,248
216,222,291,245,422,480,471,49,197,131,279,212,366,273,156,453,368,231,178,110,208,364,145,271
94,52,417,472,135,175,199,103,21,301,26,277,458,373,165,153,50,270,488,170,249,468,300,107
368,401,169,206,119,195,23,174,393,413,61,411,271,159,212,190,127,114,126,465,57,448,117,426
18,65,142,374,292,109,453,301,156,140,300,84,337,135,412,432,456,173,261,244,64,204,306,227
47,156,184,460,117,484,373,342,103,18,19,119,362,28,483,261,366,454,394,355,302,380,31,438
21,378,266,470,322,292,484,310,117,473,304,59,362,169,31,159,120,142,285,429,482,476,295,403
355,352,401,174,371,246,409,388,127,237,157,189,15,395,452,195,278,198,251,412,130,289,485,162
116,14,305,32,462,249,432,298,459,214,233,279,196,246,314,188,204,11,292,106,390,479,118,445
373,354,362,466,188,48,41,366,312,431,198,398,233,128,78,351,479,432,412,471,170,157,211,418
59,313,482,200,215,62,366,381,417,412,77,141,139,185,336,340,363,368,405,425,302,214,134,300
39,428,288,174,342,31,169,30,8,348,85,151,366,100,321,160,156,112,308,300,209,332,438,228
442,333,128,315,21,124,256,162,247,345,140,447,95,273,27,352,59,363,390,181,287,145,332,40
31,184,338,371,453,211,190,11,277,114,102,350,298,221,25,5,341,36,356,452,99,19,187,162
446,268,486,455,267,404,69,165,310,431,255,367,485,216,16,127,32,292,259,45,81,119,418,67
146,299,219,446,145,0,15,121,65,398,438,260,114,274,284,471,374,472,119,92,366,68,245,419
485,334,219,266,149,400,314,304,229,249,262,233,42,32,215,366,50,426,305,218,62,310,326,153
272,217,292,438,70,63,211,31,225,83,134,208,282,314,285,465,221,163,164,303,195,36,229,67
41,370,169,232,469,453,69,381,336,45,7,366,267,475,74,247,367,396,209,486,214,454,185,431
323,218,28,431,124,386,22,333,299,434,473,457,300,130,292,271,475,357,273,145,424,85,190,413
14,9,188,435,38,245,374,413,430,470,338,36,389,339,390,329,366,71,485,480,352,291,121,285
362,185,92,401,336,28,436,21,147,223,112,291,125,261,158,360,384,412,55,332,209,460,271,235
364,385,2,372,366,299,380,244,209,129,187,214,45,363,143,261,42,186,413,144,373,336,181,159
221,479,338,276,273,359,177,366,332,472,223,294,115,134,163,398,334,92,29,397,260,64,460,312
49,453,311,217,148,27,87,446,366,402,59,45,146,440,232,394,273,431,105,363,140,388,29,430
174,16,210,244,46,30,79,222,314,430,100,426,83,409,32,316,362,81,226,178,294,474,169,218
355,270,12,352,32,402,453,48,393,148,113,152,366,134,174,386,184,294,179,368,226,377,223,255
210,109,218,219,382,169,208,239,366,186,456,386,367,121,190,112,476,275,472,350,227,373,348,214
145,399,449,359,344,201,3,76,105,7,174,481,83,489,61,323,49,429,366,176,90,373,29,71
426,436,272,298,171,204,247,20,471,69,269,157,380,185,465,77,472,76,127,306,47,366,211,468
393,68,200,408,292,358,214,341,271,409,117,475,158,318,31,180,226,159,299,124,45,352,205,274
51,224,483,455,426,226,312,433,216,161,220,40,187,145,362,7,317,393,373,341,215,21,266,313
80,355,294,465,340,428,21,394,366,70,486,186,132,334,137,44,160,292,435,246,277,404,19,306
433,138,340,350,63,483,32,332,388,140,394,306,375,335,301,316,56,436,229,31,175,273,309,51
452,453,136,177,245,346,430,488,483,297,486,118,34,425,437,28,124,169,205,18,373,17,312,413
155,438,481,85,133,153,69,88,159,405,202,430,172,349,299,409,48,396,460,456,93,295,373,443
348,2,172,174,103,182,81,165,101,460,386,41,440,276,266,413,394,475,382,483,159,185,31,102
411,238,363,463,264,453,431,398,49,266,300,99,128,341,57,121,214,342,159,409,250,85,371,304
318,135,273,268,164,171,69,288,444,242,266,162,137,382,72,406,116,214,409,234,366,128,400,199
43,412,429,76,252,45,2,449,308,435,418,455,11,336,359,374,95,446,64,363,318,68,409,309
366,87,17,41,242,490,245,244,442,63,261,344,382,199,378,211,169,269,430,49,197,472,204,322
245,468,16,399,248,447,449,417,325,20,322,366,472,298,402,92,144,413,394,211,348,87,58,31
258,394,431,460,159,261,238,139,48,298,233,401,221,146,65,32,188,129,83,164,124,439,393,125
377,348,31,1,361,298,464,71,135,12,287,169,221,121,284,391,323,178,480,383,322,433,336,5
171,367,199,161,32,157,155,353,47,23,281,163,61,139,160,455,451,412,204,396,406,327,114,274
70,250,416,463,240,31,424,61,49,214,403,445,464,457,426,188,453,260,323,483,198,20,382,484
325,388,136,448,357,70,121,361,369,442,467,189,366,272,48,106,373,344,291,186,111,18,159,374
20,31,171,49,430,471,115,0,169,390,373,325,455,59,335,33,135,307,110,292,16,102,453,60
162,202,200,366,368,476,436,394,490,410,485,62,139,177,285,400,63,275,425,148,76,240,254,284
348,410,247,120,409,178,349,399,350,266,249,380,400,426,236,240,139,205,43,267,394,288,54,408
150,466,157,228,277,366,421,238,300,276,402,146,156,39,127,373,270,112,449,48,362,267,195,139
223,352,321,189,190,63,418,329,436,255,85,295,385,174,373,65,299,169,407,145,366,246,383,157
169,450,408,373,209,41,19,266,362,356,334,381,82,336,226,118,48,383,346,437,139,374,142,485
376,2,232,337,364,449,348,76,150,341,386,128,21,302,308,105,253,413,305,450,431,260,360,395
288,351,231,402,214,425,304,350,464,267,112,190,20,113,40,31,391,366,138,358,397,137,333,211
336,245,211,198,117,235,77,65,472,237,164,257,247,5,31,366,364,467,278,41,62,239,447,400
393,169,204,471,199,315,362,3,284,308,413,108,394,336,267,306,488,374,431,385,10,298,432,21
390,108,268,83,334,427,483,452,79,217,35,219,471,71,266,232,434,41,455,478,32,294,252,392
485,173,336,244,44,65,196,425,43,245,468,144,424,290,489,315,74,247,84,393,474,366,353,319
442,300,113,464,366,70,341,49,246,470,368,233,79,426,250,99,413,465,241,271,284,163,141,18
422,91,8,366,367,413,319,167,227,356,411,130,457,84,336,135,464,430,472,398,114,292,82,214
210,121,202,408,153,3,8,316,336,273,366,195,308,302,236,342,286,317,332,288,226,267,112,101
264,81,239,33,371,490,307,205,46,196,97,14,453,190,266,32,240,252,74,85,28,393,366,258
453,402,426,144,266,332,5,417,362,475,209,292,467,305,242,342,390,61,114,471,436,150,190,87
453,373,17,346,213,185,272,31,376,383,264,334,139,215,420,41,442,400,12,196,91,252,336,68
70,431,156,161,184,416,49,120,224,50,173,233,336,99,162,8,319,373,345,322,199,198,366,279
322,200,120,128,436,87,380,365,438,119,47,390,335,346,143,313,49,156,396,249,144,246,431,271
148,103,311,153,367,12,100,462,209,211,444,82,122,366,251,476,489,427,99,52,393,215,298,179
315,479,460,20,276,195,170,151,31,184,410,488,145,146,297,123,78,198,464,161,22,128,124,219
286,264,386,461,34,79,471,479,407,77,51,92,211,486,239,187,117,199,413,49,300,394,392,319
431,443,226,292,365,383,456,330,367,19,489,23,129,412,436,190,28,275,68,362,357,245,67,197
267,449,409,410,366,266,195,305,256,465,166,438,422,17,149,466,85,337,291,373,369,214,207,251
31,465,264,314,45,144,350,211,440,399,51,49,394,92,235,366,490,437,404,409,6,28,433,320
399,31,184,486,25,276,244,488,481,264,19,187,298,427,387,111,93,265,68,233,94,160,169,70
467,295,443,215,3,146,203,371,485,162,51,195,289,31,476,68,414,239,226,7,425,80,124,362
322,345,135,221,298,425,286,99,245,190,450,30,353,247,222,417,184,319,251,149,49,48,373,21
322,382,261,395,214,105,340,384,56,26,443,298,281,168,67,476,41,229,60,410,279,65,69,198
107,344,139,146,261,223,367,385,119,395,232,226,162,197,31,431,85,402,81,89,187,190,121,102
32,7,366,336,329,452,178,185,319,13,39,72,299,211,475,73,190,432,159,165,257,338,341,427
319,172,1,282,139,205,246,381,113,294,173,183,308,384,239,15,337,119,394,279,195,352,481,366
70,20,51,124,374,89,76,13,62,366,79,438,373,214,266,166,398,248,334,53,292,29,173,66
429,340,286,5,357,43,160,439,239,344,31,472,309,421,70,300,49,246,118,36,348,112,139,245
299,315,18,341,211,198,285,240,1,169,56,31,165,9,61,282,305,266,121,156,363,286,0,207
397,2,178,73,172,209,453,70,224,336,471,374,23,489,39,356,426,258,314,20,3,318,11,135
266,84,294,40,233,76,34,355,137,336,433,305,490,144,86,391,20,175,441,195,53,486,308,436
368,12,42,462,69,255,465,485,176,249,153,267,137,169,266,396,331,337,401,413,439,40,353,382
238,147,289,341,169,298,331,330,399,366,460,363,232,226,216,431,66,342,472,177,285,48,281,39
341,483,156,119,375,352,453,143,109,80,373,383,297,8,239,337,246,410,393,406,392,401,214,374
483,90,252,315,363,190,413,267,256,81,307,417,69,39,334,83,199,137,245,49,388,243,144,8
32,21,154,31,185,155,409,302,79,213,76,440,35,158,273,485,411,475,366,128,303,110,460,375
39,335,352,471,196,218,128,12,376,348,266,431,0,398,489,190,48,378,215,244,367,85,394,346
155,112,68,34,339,273,459,374,375,298,319,119,373,420,451,31,320,179,70,429,383,304,132,199
245,453,367,172,139,309,223,45,12,171,363,18,242,285,32,317,303,162,399,252,446,210,212,43
61,355,148,183,368,292,486,362,385,340,429,50,157,78,144,246,383,257,62,214,431,216,221,64
376,364,32,242,81,232,256,336,388,352,31,305,472,266,453,479,478,132,372,188,3,356,431,299
242,233,46,24,192,181,66,460,135,184,79,452,314,300,399,370,169,16,51,266,469,442,244,97
245,425,471,334,442,373,50,374,309,412,177,464,31,40,49,454,382,354,58,95,484,61,57,283
103,376,69,158,472,384,31,211,114,367,309,342,286,127,432,41,445,266,406,170,195,135,352,285
64,304,11,450,137,390,242,122,134,320,373,338,298,42,266,92,49,112,109,212,366,99,233,159
377,37,268,8,54,331,440,69,464,298,373,94,352,31,294,284,431,85,139,231,198,113,398,266
59,216,201,119,367,258,299,403,245,198,49,294,480,260,397,56,204,36,254,440,289,441,18,373
239,231,266,334,13,65,152,43,260,485,256,461,204,472,261,229,264,486,99,355,430,448,316,300
112,448,412,228,17,370,267,214,79,247,131,134,420,308,252,344,186,369,240,88,143,160,139,394
198,94,359,32,373,436,284,157,294,216,471,145,410,169,155,144,278,398,483,85,298,439,31,49
334,243,436,15,30,68,209,275,366,29,312,447,483,323,188,8,331,89,102,453,429,77,19,414
69,35,399,114,338,268,20,183,144,204,159,374,426,5,242,149,158,449,322,483,402,240,364,187
27,373,335,17,83,483,57,96,4,220,353,444,46,138,289,459,28,29,251,351,336,156,404,198
246,42,61,300,364,447,217,209,445,488,256,373,298,187,414,366,108,350,485,402,367,462,441,139
232,85,379,185,65,461,70,73,300,366,228,331,186,139,169,413,102,136,352,26,319,57,339,481
324,463,214,247,335,14,186,198,145,107,70,272,89,3,240,307,363,69,144,317,373,332,456,398
245,286,302,426,355,292,4,124,479,450,135,409,142,333,181,128,196,429,276,41,393,320,387,444
344,49,393,40,316,31,488,302,298,413,85,479,62,478,382,200,159,366,138,65,332,286,482,299
416,337,433,405,366,185,438,298,154,440,130,147,272,299,327,6,413,37,63,336,214,216,476,313
175,442,342,267,244,112,406,179,456,161,119,256,356,145,303,53,450,373,300,139,146,285,298,31
484,265,88,64,91,482,79,31,425,3,453,58,171,176,84,373,97,416,258,70,460,489,125,286
303,57,64,300,118,401,49,472,69,348,87,360,31,40,388,413,203,284,230,294,373,431,366,198
305,357,390,392,334,4,41,380,266,190,187,223,284,196,353,320,252,426,107,214,205,48,199,198
32,247,298,92,137,456,315,74,354,81,132,233,460,457,71,260,399,394,36,145,437,373,301,431
481,382,89,331,247,431,4,162,298,188,55,13,166,265,234,488,184,56,442,445,54,272,112,373
428,204,406,449,8,431,32,216,247,202,366,14,35,176,397,417,395,354,483,352,63,207,438,215
374,366,411,147,331,31,9,214,199,7,250,259,408,242,42,311,91,202,55,388,245,175,398,391
198,139,361,116,154,462,369,340,470,309,376,137,165,303,175,352,54,366,161,16,7,120,308,57
267,363,265,287,366,204,466,188,235,295,294,431,13,474,285,237,92,87,418,160,214,434,135,96
68,57,187,49,372,313,266,390,298,58,144,126,169,426,272,285,245,76,393,148,236,458,388,85
198,401,457,336,170,471,187,246,409,210,81,118,45,212,420,251,452,53,469,167,264,298,73,190
312,409,18,431,49,81,20,405,268,442,342,153,314,247,292,437,37,366,157,35,374,377,373,190
476,298,216,237,453,436,32,74,239,63,410,39,4,460,219,294,352,201,427,233,81,112,341,20
422,300,373,469,70,283,134,74,229,152,301,11,430,173,370,396,61,9,383,418,41,250,48,136
151,190,146,30,219,83,211,253,376,286,438,356,3,452,249,299,236,464,20,235,366,225,12,387
336,102,127,304,69,254,261,64,16,299,436,453,31,422,28,373,242,245,307,41,462,357,140,49
298,110,363,444,70,232,336,64,222,410,111,204,373,383,120,31,18,458,196,214,434,453,49,448
195,115,248,256,283,282,58,168,431,305,76,31,296,412,352,294,244,429,139,467,460,371,394,172
366,239,245,400,417,60,300,322,439,146,396,478,348,32,305,118,335,181,142,238,472,160,206,438
267,102,31,83,373,301,226,415,137,165,371,355,67,49,239,151,214,309,296,374,119,150,57,390
56,336,366,66,184,452,188,63,447,249,300,79,272,475,156,402,436,393,3,31,37,157,278,82
102,131,68,317,415,466,379,463,32,26,437,346,136,484,383,305,339,388,210,88,239,195,12,387
43,133,334,455,71,283,312,330,433,266,376,247,20,368,139,405,161,4,464,279,196,388,384,48
377,170,199,244,45,241,356,236,67,334,373,412,267,413,331,460,369,205,183,383,127,388,195,108
402,57,297,244,413,245,72,247,20,273,1,406,359,15,144,445,120,374,56,338,146,417,396,272
273,480,366,226,153,442,15,403,42,413,136,396,43,259,394,357,72,239,156,267,469,320,411,85
434,263,332,65,394,202,143,387,89,486,221,150,436,232,176,366,189,2,323,74,367,471,20,99
479,86,159,155,374,209,352,216,373,17,61,471,231,266,436,382,421,169,49,337,366,413,190,107
474,210,340,188,366,31,245,214,402,218,79,131,231,220,427,144,247,394,412,277,166,413,373,49
346,183,114,373,80,300,4,83,190,254,235,176,158,103,319,196,15,447,45,366,117,51,9,292
199,196,68,299,124,431,319,440,169,150,209,214,294,135,322,483,15,49,242,436,256,477,188,138
48,201,394,225,229,460,188,346,366,276,223,20,367,372,486,337,155,431,222,294,297,216,245,264
306,412,426,395,327,5,266,168,12,259,57,424,413,476,366,403,242,361,471,442,72,195,318,31
209,340,301,404,215,427,164,36,9,8,313,424,214,483,422,337,202,20,44,139,412,7,453,325
168,274,412,260,471,245,36,271,438,465,275,476,268,297,121,234,457,149,393,248,462,388,117,366
441,55,164,182,216,77,9,323,388,412,464,7,221,381,176,166,373,49,169,247,367,209,59,138
12,449,435,159,331,30,157,134,19,394,71,438,396,264,255,340,15,112,451,31,99,97,300,485
189,373,355,242,266,474,469,124,299,134,289,198,164,392,99,306,29,218,20,472,431,45,447,53
30,12,34,49,295,280,19,79,338,13,146,232,234,112,331,326,297,189,402,300,321,123,199,367
169,373,215,436,388,195,474,170,469,366,67,275,83,211,115,331,264,405,246,453,124,164,243,256
207,402,432,174,6,367,205,253,183,215,489,366,169,173,387,95,94,266,71,350,246,474,388,222
355,231,131,318,223,433,179,169,176,59,344,397,317,39,340,398,266,243,304,366,116,12,149,294
121,322,74,42,79,327,6,169,12,95,406,483,222,202,16,68,205,150,142,425,398,402,453,245
337,431,266,76,236,129,6,290,27,81,17,145,348,37,31,177,233,305,394,214,7,373,388,188
350,40,299,348,63,191,464,406,393,57,146,315,159,380,284,338,481,355,373,217,367,49,177,431
241,105,454,264,471,368,6,449,405,317,320,117,427,297,144,90,258,305,245,191,366,239,382,464
108,59,432,212,218,61,442,131,269,112,19,246,1,150,265,184,190,460,188,200,339,181,373,173
278,242,367,474,173,426,449,53,452,68,138,453,425,105,74,41,390,140,482,393,376,362,39,219
294,469,321,447,27,226,333,146,406,329,298,392,422,175,41,167,467,114,230,176,236,452,49,134
226,298,447,16,436,366,448,214,206,371,210,245,489,232,220,251,284,140,147,392,473,139,95,352
246,475,48,187,164,338,114,95,81,7,413,201,453,272,76,490,92,172,245,292,358,359,373,191
70,366,317,376,141,224,396,32,168,403,119,431,28,320,388,69,222,211,123,31,350,419,214,133
453,421,159,32,135,49,374,232,391,287,19,463,314,150,288,412,198,31,460,464,292,267,338,121
267,484,231,436,304,62,373,101,431,219,61,309,173,72,184,362,264,169,31,21,453,211,186,303
431,336,6,224,268,352,261,412,288,453,366,368,160,214,272,420,298,405,20,69,156,90,289,37
164,57,472,169,67,118,453,377,242,402,253,482,434,27,353,71,292,479,352,105,367,461,350,99
16,396,268,264,446,126,424,237,103,200,245,346,421,369,31,388,71,215,4,95,167,239,128,366
454,36,405,56,32,436,175,336,297,290,23,373,462,279,482,433,247,426,453,69,246,388,226,187
441,373,247,334,471,235,388,376,336,45,366,288,360,309,105,64,342,438,56,301,253,434,84,299
153,76,472,282,281,371,385,187,482,245,304,421,292,110,247,356,181,258,242,113,305,394,201,67
114,183,425,338,429,246,265,68,124,99,472,430,401,160,147,394,353,309,117,278,234,264,346,279
76,324,83,236,48,313,202,489,350,352,274,62,264,271,394,139,196,322,439,402,101,338,140,448
317,433,334,407,366,453,17,427,373,209,200,346,292,412,408,252,430,89,172,464,469,376,143,290
426,72,199,436,53,382,346,126,324,135,392,373,453,49,5,336,477,337,112,258,464,404,473,198
301,153,436,447,336,156,164,425,208,204,455,162,367,432,79,299,461,340,325,11,298,15,95,277
298,105,161,282,257,87,442,471,179,245,121,77,420,355,145,169,412,294,308,456,115,384,99,214
278,280,247,9,393,422,338,376,337,196,477,87,177,49,448,42,101,230,32,366,226,283,456,141
144,29,115,257,471,196,35,396,334,377,211,344,402,155,261,271,50,356,13,57,49,137,252,413
396,355,235,362,366,157,374,306,429,307,357,158,27,336,339,476,453,81,215,34,126,360,308,334
198,53,226,366,485,20,175,212,249,400,327,33,430,89,460,188,195,61,334,127,206,278,367,169
336,120,268,190,134,306,4,36,31,396,373,211,376,262,337,63,87,309,362,323,366,50,234,428
355,373,204,438,250,59,256,340,366,78,381,448,245,296,300,287,57,255,58,42,409,100,391,120
453,199,300,274,183,156,481,75,70,435,236,238,96,366,373,258,431,299,142,292,315,254,336,267
277,324,152,425,362,92,463,238,32,309,319,125,168,212,56,21,396,370,96,244,151,266,105,201
336,201,68,460,293,215,366,107,159,31,30,57,237,301,485,200,448,142,420,99,257,36,349,308
451,48,431,31,90,282,135,167,359,300,25,367,15,169,124,76,232,297,265,472,488,231,139,144
3,336,376,232,373,92,246,40,452,324,48,161,412,322,139,150,49,366,356,477,222,169,471,472
237,236,298,396,325,366,319,175,249,272,222,400,246,119,239,144,7,260,49,453,360,257,180,231
138,424,427,252,472,246,367,132,98,269,90,59,324,254,389,406,101,30,247,299,264,388,120,342
351,46,412,392,187,152,334,189,344,453,25,31,45,454,233,417,96,118,202,3,313,245,279,135
402,355,293,9,211,413,153,266,264,111,81,438,99,322,338,89,169,226,218,170,2,260,358,224
474,257,208,356,426,396,57,413,299,334,472,1,310,427,173,61,15,131,38,412,322,145,97,78
430,313,473,447,139,32,115,105,25,188,483,266,451,291,196,446,358,362,391,211,92,94,366,360
83,394,342,406,447,36,386,455,214,209,436,268,382,367,458,155,198,71,373,145,359,466,409,156
239,258,43,75,366,31,294,360,59,147,409,344,156,316,286,337,431,445,184,267,342,373,111,112
315,387,31,210,169,190,88,424,421,164,363,205,276,302,247,481,185,472,460,79,8,323,430,245
245,464,306,366,439,215,246,476,231,454,169,65,79,196,100,34,264,31,190,369,41,99,339,408
374,245,219,488,115,279,189,482,89,317,41,382,254,366,444,469,373,236,465,256,334,413,372,156
192,226,289,257,119,408,61,218,373,245,264,157,9,66,367,65,243,467,176,101,327,288,230,374
191,396,68,201,48,311,451,184,426,298,64,221,66,84,366,362,169,341,161,457,63,244,112,462
298,177,271,215,39,468,139,27,479,288,189,394,102,255,303,422,483,41,346,396,239,169,413,314
125,62,49,140,373,327,162,258,215,402,374,431,134,148,166,76,413,394,482,367,490,56,211,110
390,425,128,61,367,322,324,211,488,299,483,284,418,413,252,142,163,351,424,321,235,255,216,50
129,139,361,223,486,28,166,142,331,81,32,381,227,289,214,17,454,412,237,190,279,31,147,243
81,290,174,486,238,399,165,380,161,139,461,248,183,372,488,195,395,456,214,135,205,319,136,71
177,232,95,342,227,124,362,85,11,211,366,263,49,426,428,434,187,264,173,256,319,70,320,427
290,169,373,224,371,340,481,157,7,394,28,76,214,350,88,142,63,56,107,395,253,488,230,489
474,124,132,244,292,69,31,45,14,479,385,117,25,122,55,296,87,46,420,286,252,18,344,102
429,444,69,283,122,300,83,456,309,187,480,290,25,41,128,366,315,341,373,245,382,488,88,45
453,413,188,253,8,144,390,198,368,409,267,373,359,110,146,173,20,28,123,85,245,70,206,157
124,144,448,422,188,14,390,368,134,366,476,446,424,396,298,455,460,81,374,453,278,183,8,375
474,70,348,306,334,245,150,62,31,350,239,203,407,84,266,8,374,377,431,11,64,4,29,489
266,370,294,124,286,394,9,334,178,81,128,336,110,486,359,264,396,214,199,261,431,422,103,242
64,350,32,211,351,322,31,161,115,249,293,316,261,413,394,292,440,187,157,306,396,3,346,268
433,396,78,174,439,89,214,447,209,241,364,300,70,58,4,79,311,169,366,475,449,148,64,139
95,286,103,484,71,373,40,425,352,186,139,377,25,8,76,431,459,374,394,202,322,32,452,114
83,69,107,176,268,350,377,111,85,49,313,246,2,374,360,166,249,336,458,184,417,383,427,305
436,331,241,336,373,92,374,67,247,411,446,266,316,305,153,124,462,55,424,40,345,483,465,45
198,245,233,304,119,393,306,429,324,484,455,132,428,309,85,214,202,31,468,61,62,258,368,334
452,465,156,443,275,157,405,313,425,200,373,377,253,453,260,476,348,71,367,366,95,374,294,369
410,366,346,448,94,31,61,46,55,334,426,115,388,220,121,110,252,236,223,142,36,100,206,413
2,189,367,64,434,45,366,355,273,465,105,396,283,68,100,309,393,334,164,190,220,91,118,431
283,448,214,402,245,486,300,107,346,71,246,64,118,341,89,427,426,415,75,209,117,115,217,429
342,198,481,49,406,32,70,250,48,398,169,268,453,274,379,344,247,486,68,204,413,400,201,109
87,453,370,489,247,377,230,393,188,458,49,285,348,476,416,336,293,17,341,417,455,320,57,68
23,188,142,265,342,393,359,278,49,357,244,405,79,31,69,214,146,324,20,291,333,225,38,242
334,270,295,177,109,188,337,373,27,392,146,218,482,43,374,5,53,189,312,217,126,64,297,247
32,339,239,434,157,14,161,217,444,305,336,437,43,196,152,19,164,254,299,41,139,245,222,135
355,236,320,367,398,275,69,64,67,473,148,357,173,438,29,154,428,187,474,436,241,319,440,345
3,273,437,286,431,247,31,214,387,255,304,15,302,201,7,486,421,187,366,159,463,60,374,62
223,70,151,145,476,282,32,232,305,319,92,188,267,413,31,195,206,239,86,27,409,445,375,440
190,245,340,366,11,70,333,107,440,237,157,248,483,137,226,274,338,394,215,155,0,431,300,6
245,452,29,303,440,367,161,488,144,318,432,189,314,125,286,402,475,241,387,433,382,235,294,366
348,209,16,407,397,107,273,49,7,190,248,165,233,288,295,267,5,362,56,393,237,112,169,151
490,393,373,425,15,372,19,309,76,7,266,280,407,298,427,240,148,150,258,211,387,244,430,251
476,341,183,465,385,421,384,141,317,370,164,186,92,462,89,254,115,276,9,460,428,40,309,374
369,128,402,393,387,16,176,183,371,185,472,354,479,373,61,232,9,462,217,471,169,99,63,105
453,224,15,383,121,31,135,219,210,41,294,49,198,146,201,329,161,117,166,28,325,84,214,77
87,151,190,387,252,31,215,134,260,394,294,480,381,431,350,219,303,366,483,266,157,39,279,135
488,165,21,452,128,207,94,431,250,292,187,456,346,483,312,372,267,462,177,453,334,78,282,42
6,245,154,344,396,74,359,85,205,328,112,248,292,11,255,485,364,373,354,468,412,480,332,319
65,4,135,169,390,375,211,90,387,484,456,155,210,71,282,324,302,149,8,140,231,329,393,128
276,476,394,429,440,465,319,490,413,469,146,131,28,51,453,357,373,436,12,482,322,246,434,240
482,386,430,178,419,101,413,329,65,66,438,124,366,89,114,336,393,215,135,302,189,442,126,445
143,199,42,230,417,17,357,382,185,436,4,305,6,236,261,476,339,154,452,85,245,81,366,392
465,309,219,344,290,484,291,187,48,31,453,49,195,366,311,307,333,3,7,362,393,67,204,79
445,373,41,268,107,211,325,388,466,374,37,239,266,224,19,62,31,195,9,413,176,377,453,351
267,452,222,12,14,253,139,488,482,331,206,422,177,31,440,292,431,24,246,214,348,124,119,102
120,112,312,409,266,24,246,411,373,135,245,310,267,320,317,319,286,476,11,341,31,483,302,393
336,148,174,382,242,373,487,275,321,18,438,197,443,479,366,397,72,90,378,6,388,463,5,346
297,213,10,402,366,259,431,180,35,266,144,307,436,184,406,198,474,269,369,294,298,336,384,99
7,334,189,298,350,81,54,67,458,190,202,308,154,455,307,169,426,432,464,447,394,374,402,444
155,168,218,154,243,479,95,431,430,134,215,114,392,172,423,48,444,336,438,226,269,63,247,159
364,245,346,244,159,373,290,369,28,13,100,431,98,288,72,233,416,188,388,140,339,255,4,366
460,162,234,373,273,428,267,14,453,374,354,350,186,333,331,204,195,29,49,355,135,345,486,393
226,199,455,31,162,371,239,466,473,113,18,10,324,366,161,337,377,91,368,112,271,373,64,367
169,131,180,337,211,266,37,395,315,473,304,90,485,468,476,399,345,139,65,237,358,460,239,196
392,44,283,322,281,373,331,275,394,190,282,462,25,105,57,34,187,361,45,297,366,46,64,266
467,168,352,256,103,169,409,105,99,18,100,64,223,234,226,65,70,144,440,14,282,49,186,219
409,342,298,31,169,205,113,241,300,482,429,81,279,353,70,403,145,162,48,142,223,367,485,136
431,226,485,118,317,376,171,70,245,388,221,465,30,0,304,164,9,292,62,300,99,51,172,456
76,406,142,355,346,7,185,472,294,290,298,361,341,394,244,159,197,320,240,334,326,29,407,273
81,158,31,375,486,195,459,366,128,160,20,68,204,298,274,330,449,19,415,187,362,159,299,273
280,222,230,259,211,248,387,391,186,445,3,375,58,245,257,31,426,483,293,246,464,305,367,45
471,366,371,211,265,134,457,369,440,393,394,247,408,203,472,404,266,77,69,400,180,68,10,271
413,75,479,273,384,472,373,245,374,337,179,76,386,318,490,460,234,430,457,329,102,481,39,428
411,245,62,42,486,49,270,332,366,77,198,341,164,394,303,292,373,157,456,371,485,336,31,291
472,58,396,298,357,173,216,98,412,402,254,70,12,398,429,76,253,479,169,114,111,275,483,341
31,108,268,363,374,48,144,82,412,146,348,476,61,168,175,21,391,43,341,319,393,316,453,143
11,108,245,411,299,330,252,335,20,72,169,178,339,361,144,438,268,78,366,472,198,272,334,300
309,407,471,334,135,465,373,185,146,162,105,286,266,336,453,252,421,479,118,409,233,425,427,317
122,178,266,100,63,119,239,131,409,11,383,298,198,69,157,367,172,10,368,139,4,308,413,459
245,383,366,190,453,49,334,442,374,228,424,429,323,304,169,326,367,401,54,112,110,431,157,210
65,453,97,54,3,294,174,203,224,187,130,322,483,417,338,69,465,398,245,112,49,355,480,424
368,159,323,485,307,442,110,258,455,313,256,84,131,223,446,121,305,92,341,436,266,41,284,94
431,145,272,298,262,0,159,280,219,344,247,204,418,139,476,327,180,64,112,70,150,388,279,490
433,231,247,352,369,223,286,98,139,69,237,486,198,215,130,207,366,92,274,410,40,214,338,482
268,295,398,405,128,198,50,375,171,69,298,178,409,1,453,474,42,340,90,122,401,134,359,156
346,210,368,421,127,18,426,484,435,314,383,489,160,132,41,12,237,486,387,300,333,431,174,226
267,124,155,329,471,128,448,133,244,202,122,159,431,298,334,152,453,168,11,368,327,455,247,113
211,468,195,3,406,374,288,40,338,156,401,344,92,199,373,309,87,428,268,69,198,356,297,21
374,366,31,346,197,461,327,336,83,175,112,103,300,467,436,216,28,460,282,456,362,462,157,271
479,373,39,1,250,406,349,463,198,3,170,31,393,114,490,233,120,49,140,204,415,97,469,465
177,92,453,48,76,410,137,194,219,332,405,460,141,30,110,17,44,436,233,431,281,43,209,341
408,71,10,28,425,456,112,426,453,402,367,1,292,121,392,448,366,162,373,264,8,384,267,455
223,482,278,376,368,410,89,459,214,308,190,306,134,325,245,385,364,294,481,226,198,391,403,432
455,220,346,320,345,488,421,180,438,255,446,286,410,482,300,309,267,198,124,412,266,417,253,336
234,334,341,120,418,81,184,166,191,342,336,233,282,146,159,311,340,9,28,373,235,403,169,366
413,146,257,45,443,352,188,20,466,490,348,317,366,286,439,105,299,155,438,489,190,321,298,85
323,67,188,288,368,135,139,214,425,404,463,81,472,5,119,278,69,453,273,206,387,58,41,382
174,49,430,399,111,469,479,93,272,147,157,380,215,374,474,135,395,57,394,2,118,426,309,213
240,20,453,417,13,447,184,332,467,205,39,465,277,48,226,153,177,349,368,195,164,28,234,284
31,281,42,118,337,482,236,279,7,436,453,342,154,377,334,156,287,386,380,196,173,427,245,472
393,367,381,242,306,218,344,140,376,456,426,178,315,164,483,313,28,58,283,374,121,169,232,448
254,463,292,190,363,245,195,412,341,446,248,335,42,434,453,97,155,207,451,367,31,122,121,410
308,183,223,329,198,355,432,159,298,239,471,196,430,217,392,490,189,413,15,334,165,110,341,31
132,273,367,247,223,292,319,364,352,363,217,334,240,188,476,417,138,425,8,221,251,134,238,40
253,239,149,443,31,369,351,198,226,56,224,267,266,336,427,288,280,298,344,1,79,324,130,150
326,81,198,139,200,425,336,454,435,184,63,62,286,227,265,204,331,476,357,391,229,32,355,396
315,56,393,201,139,366,472,124,227,5,453,288,213,219,294,128,450,465,443,103,283,218,337,417
431,302,247,202,379,448,249,322,387,24,6,430,31,62,355,226,410,446,386,245,352,92,315,70
13,43,236,157,233,316,437,133,178,126,169,421,423,246,273,127,190,266,41,431,155,137,315,375
131,336,50,107,381,49,227,261,89,214,406,442,221,291,103,294,286,24,209,19,68,135,409,142
286,61,464,323,350,218,67,3,408,462,242,391,402,128,267,463,32,377,144,50,235,139,185,81
334,71,97,185,124,341,12,251,328,401,474,472,138,451,245,303,121,172,442,366,86,195,406,350
112,390,428,99,431,57,382,138,479,44,11,486,353,318,300,21,366,202,46,82,218,286,305,210
373,64,478,162,340,223,263,352,267,218,319,426,453,250,367,219,482,363,297,294,196,81,142,32
143,140,359,292,435,204,183,366,369,19,249,284,63,142,49,373,161,215,96,469,83,211,247,456
260,266,452,111,357,49,76,224,292,393,229,364,64,156,83,103,281,44,12,150,65,402,428,371
212,144,440,402,366,24,472,443,67,370,175,462,135,300,243,157,303,373,470,445,97,109,420,286
224,406,214,249,348,193,409,202,211,438,298,231,325,429,274,150,331,106,48,117,295,155,448,44
145,76,142,159,342,319,99,24,226,18,198,84,298,3,366,388,300,371,436,305,100,195,173,394
234,366,318,188,486,11,42,233,413,285,484,77,340,307,274,205,45,245,459,57,352,480,49,332
176,378,31,303,482,237,299,26,121,208,373,48,476,233,316,4,263,340,293,70,21,350,461,241
138,338,31,357,437,323,75,92,40,406,460,484,198,13,327,485,245,215,393,400,213,297,478,48
217,26,21,157,28,50,428,300,135,436,411,57,417,373,162,367,16,47,206,254,215,229,288,274
250,209,445,243,219,150,79,67,400,69,248,89,29,113,63,96,196,340,366,16,241,144,393,312
83,445,431,222,458,264,438,469,366,304,188,311,468,455,41,266,190,241,462,153,196,397,206,296
200,426,231,250,475,20,254,135,255,390,234,39,428,299,298,148,164,366,263,483,394,288,41,429
312,43,352,342,214,170,402,148,453,373,308,174,210,175,292,400,458,142,350,122,110,19,11,71
149,0,58,71,439,475,366,247,445,83,431,165,203,184,8,394,31,360,32,373,59,483,159,53
128,366,407,241,236,464,307,300,182,63,253,397,416,198,31,58,30,373,20,122,453,261,167,352
175,198,391,373,417,355,478,321,32,481,298,24,393,369,474,158,279,59,163,440,482,232,143,338
65,402,352,8,348,374,94,183,176,371,240,169,316,139,366,420,190,260,391,37,161,385,267,132
426,344,303,396,394,395,460,431,166,392,81,398,323,266,144,348,142,211,49,287,285,18,388,173
486,246,61,176,147,376,319,117,177,49,187,211,32,31,305,390,70,438,269,220,72,334,422,482
223,345,266,270,459,453,112,412,15,68,273,366,16,375,305,352,129,310,27,446,258,264,186,247
425,299,386,26,12,120,198,421,168,398,135,74,353,465,115,438,278,357,297,448,462,161,0,264
390,363,241,353,108,490,261,31,231,472,279,276,70,32,85,268,292,100,10,372,232,427,282,451
327,383,433,97,299,354,12,137,352,41,169,393,388,156,240,430,348,214,380,55,14,233,394,453
240,219,409,379,393,333,209,175,413,194,121,198,233,242,387,28,227,32,215,95,230,484,366,92
177,459,448,212,316,434,6,208,413,435,337,18,479,9,353,421,346,271,80,99,280,266,182,331
162,327,76,460,171,211,204,475,250,4,337,372,409,374,241,139,214,268,366,266,397,66,109,341
152,301,142,156,476,195,402,303,424,107,265,416,386,168,237,208,119,373,257,461,116,420,298,169
472,416,195,174,319,129,224,247,374,410,298,223,77,407,72,157,292,31,405,266,124,382,243,287
123,155,119,273,158,478,239,315,202,490,255,48,275,366,247,253,124,430,397,54,417,182,177,316
28,8,399,18,238,114,354,62,102,416,201,303,309,485,166,134,373,334,361,264,419,414,139,170
401,464,138,433,181,373,323,180,412,460,478,140,211,112,31,288,160,190,263,215,169,120,374,352
374,64,68,366,187,18,314,367,175,346,159,246,283,180,390,57,363,247,368,136,43,145,462,486
205,298,477,309,373,68,257,391,22,366,343,350,32,243,267,153,184,195,81,137,48,367,460,415
431,17,373,461,362,230,66,40,310,341,357,364,217,76,111,169,138,188,223,294,286,249,356,30
161,31,332,389,206,366,0,169,170,247,371,283,128,167,344,23,374,276,252,359,173,155,395,126
150,382,213,429,67,484,267,164,374,63,214,57,152,373,139,340,124,288,305,253,409,159,206,192
195,83,91,363,79,253,14,212,171,139,147,84,169,215,315,374,473,120,282,272,64,240,424,286
332,285,211,409,139,31,410,377,49,186,99,366,413,386,92,263,350,239,305,107,331,103,20,41
211,31,200,217,485,37,380,27,177,396,149,413,398,157,373,112,394,288,351,127,188,377,353,169
45,140,354,459,197,297,409,452,352,182,72,301,232,346,322,429,469,43,366,95,10,61,171,7
116,61,394,49,121,280,62,226,298,91,63,374,31,264,334,332,430,90,151,68,235,176,376,421
144,394,348,169,245,220,131,114,258,291,431,368,449,128,12,453,286,320,334,282,406,99,25,62
308,391,379,419,426,334,198,49,425,47,268,147,137,146,483,442,383,6,50,31,276,254,29,429
412,146,57,409,218,184,357,188,80,453,46,426,442,361,176,232,384,242,382,304,433,8,48,239
256,233,472,155,336,267,475,480,17,31,189,456,386,368,433,139,145,463,482,366,334,204,243,94
281,388,465,410,395,266,412,105,353,308,139,203,134,173,332,148,58,259,413,49,315,220,31,477
242,231,250,317,289,67,31,81,395,311,206,215,456,135,348,139,352,366,187,322,56,462,429,388
316,377,199,190,367,394,159,143,21,267,366,393,321,176,261,220,4,364,454,362,264,118,230,109
293,212,471,32,112,300,0,292,362,378,483,366,253,229,49,274,116,273,233,327,304,137,209,150
267,126,374,462,321,413,64,18,337,115,409,266,261,193,148,161,344,394,137,99,157,102,214,412
409,181,134,32,366,189,200,6,31,416,402,319,61,177,338,373,413,222,361,203,76,66,60,157
299,31,202,406,324,402,336,57,118,91,354,334,358,148,295,287,357,298,485,366,0,246,475,289
317,95,483,53,456,490,451,374,447,458,413,275,376,137,414,426,332,233,10,396,336,442,118,367
367,284,84,140,175,3,472,176,79,61,384,185,204,267,167,28,426,169,366,373,361,22,41,266
165,244,161,396,457,334,188,463,366,145,227,18,185,94,221,102,394,211,350,378,114,377,174,148
211,124,126,187,233,366,431,260,448,246,128,49,396,258,257,198,274,215,146,204,355,331,56,114
100,77,366,219,372,226,352,89,272,373,169,483,69,476,247,450,176,25,50,353,134,334,218,210
256,299,373,414,489,406,431,117,164,159,204,250,181,245,156,226,484,289,380,51,336,366,60,260
374,373,112,479,344,362,472,429,399,87,49,173,204,286,176,211,109,116,436,228,402,363,434,11
252,150,429,393,103,394,362,266,139,361,442,279,142,294,83,357,246,89,421,308,366,314,348,431
190,410,467,96,481,404,453,107,245,198,341,44,337,438,363,182,396,99,134,297,472,374,242,344
426,359,42,82,105,292,177,333,174,453,89,372,9,267,138,140,170,455,296,393,344,398,20,327
479,72,272,71,353,245,432,469,425,21,181,105,11,273,482,295,472,66,429,28,199,431,40,454
232,431,217,245,334,322,366,130,71,394,467,97,24,374,266,140,338,134,429,300,462,49,137,223
356,214,355,231,384,453,147,87,336,351,334,472,409,142,460,82,413,43,366,452,31,96,42,346
247,284,325,380,464,216,39,324,461,447,424,336,198,285,120,145,394,289,377,401,341,154,12,309
14,209,28,366,61,436,477,241,190,237,31,426,266,342,202,49,387,394,187,298,315,286,153,365
448,359,245,159,458,282,156,485,348,374,472,482,220,116,399,409,187,421,239,334,463,366,150,453
209,159,488,147,299,456,135,438,455,21,53,256,352,69,298,323,441,245,169,285,366,18,100,31
190,458,195,385,336,436,156,286,415,168,31,437,160,291,391,49,39,393,479,220,198,373,422,366
396,282,214,374,423,393,338,399,445,359,245,267,434,215,4,265,124,366,260,122,294,0,220,332
48,373,19,292,120,76,247,363,134,223,268,398,44,137,452,166,374,421,58,294,298,66,181,404
219,58,31,354,272,183,190,300,24,89,472,242,170,175,77,460,453,366,427,295,378,314,413,382
201,260,34,241,73,305,19,151,412,198,110,462,49,58,135,366,399,189,81,126,387,71,239,443
366,109,273,82,268,481,279,64,50,241,118,327,14,218,157,49,344,142,144,31,386,340,310,223
255,248,260,28,263,298,103,416,31,303,202,212,120,288,20,6,70,222,242,354,398,230,292,266
293,286,139,3,247,137,219,183,297,334,145,366,268,318,316,400,253,160,239,406,376,471,485,124
416,404,31,355,152,224,417,102,12,49,434,92,366,185,202,218,304,373,376,266,318,116,189,469
371,274,77,6,103,37,69,198,246,355,387,53,447,245,452,428,373,266,413,457,247,299,49,96
120,60,336,363,357,177,376,215,20,171,216,402,386,5,134,469,1,32,138,411,381,366,259,231
193,306,69,413,327,150,305,89,332,82,90,336,292,20,233,283,465,248,383,57,312,54,445,28
247,355,190,232,238,431,5,260,214,298,202,119,173,219,366,394,159,299,453,364,356,426,139,181
377,16,79,409,12,299,152,307,278,373,451,142,198,298,366,415,452,70,139,445,431,34,490,266
92,422,425,460,292,393,366,136,298,352,285,129,15,438,299,386,142,489,313,341,357,251,457,27
405,453,332,459,64,192,247,68,69,472,124,87,114,268,215,10,346,456,476,366,201,407,142,479
367,335,336,323,294,92,406,373,395,176,378,153,181,291,170,19,235,56,475,261,462,189,309,87
339,222,476,56,267,405,118,366,212,299,130,169,30,40,342,346,204,246,59,156,319,256,373,167
462,429,411,366,188,55,455,286,319,25,219,485,70,207,27,110,440,154,298,482,375,431,69,175
20,81,286,474,269,371,337,448,257,84,198,160,34,145,278,475,377,92,386,169,139,224,55,354
218,365,214,54,465,246,340,431,188,381,362,61,135,268,45,15,145,436,119,364,144,40,322,10
51,196,139,308,476,294,172,310,128,394,276,202,439,483,253,363,199,46,217,204,194,43,24,236
387,246,446,140,176,146,284,277,336,366,365,12,14,398,144,384,102,184,198,31,298,3,355,278
459,373,107,99,160,255,118,159,209,103,360,156,277,2,448,90,379,346,67,436,211,121,367,363
241,338,90,11,102,246,307,332,447,99,442,373,271,123,365,298,369,401,472,453,311,335,245,65
69,30,87,267,98,64,99,297,151,438,51,265,284,402,328,120,308,388,483,270,413,172,294,382
87,266,81,184,299,431,204,118,336,323,175,190,209,163,256,8,144,120,31,302,239,11,247,126
392,83,40,41,175,301,444,287,367,2,466,226,412,124,431,398,366,264,210,448,14,69,214,161
461,173,367,81,232,267,24,118,12,200,428,254,9,467,7,194,169,260,390,319,397,99,253,442
386,31,442,53,71,314,426,373,14,406,436,29,451,72,195,61,472,39,478,366,246,381,141,490
92,266,51,61,258,137,173,374,267,395,463,148,195,336,443,354,366,6,214,112,210,185,108,453
396,148,425,54,177,373,350,8,472,313,329,41,42,320,374,275,300,382,21,128,9,188,412,169
142,386,408,325,121,456,69,135,122,81,394,382,467,426,317,124,211,300,275,290,45,146,128,453
26,161,463,461,162,100,305,72,261,373,91,480,227,28,367,214,193,285,181,147,37,432,484,287
188,232,397,2,62,66,67,269,145,20,39,398,29,198,246,247,461,220,49,413,402,350,342,169
2,46,101,350,57,400,139,43,390,396,169,436,394,280,257,205,194,136,416,245,134,190,70,210
195,431,240,436,274,39,223,31,205,398,305,21,366,190,210,133,292,204,442,140,246,168,218,49
383,217,453,334,31,190,407,127,456,152,332,162,14,122,101,309,215,441,226,298,169,466,64,308
413,139,245,386,31,431,480,222,463,367,424,402,377,45,292,385,366,2,436,11,409,213,21,300
81,91,408,188,56,297,240,352,348,479,281,5,417,86,483,144,84,151,239,28,233,376,351,366
448,449,367,464,386,138,218,137,226,366,431,340,14,229,354,311,19,342,296,274,42,7,88,291
35,401,172,394,175,200,421,107,165,109,220,239,393,374,188,164,409,413,373,412,31,207,432,464
41,45,239,471,49,431,463,219,373,67,315,406,117,325,61,319,342,251,272,386,43,469,489,56
10,171,53,359,471,456,441,421,106,416,6,199,426,459,204,431,316,365,366,174,440,346,237,309
346,253,191,440,279,21,211,59,373,429,214,313,319,51,136,489,353,345,334,247,114,237,36,399
352,376,172,196,57,397,382,176,453,221,116,202,89,362,295,147,345,61,190,79,200,368,67,142
266,470,424,36,413,373,167,366,252,61,469,63,76,411,368,305,465,331,285,334,341,105,148,453
340,344,223,50,253,366,190,264,408,426,177,169,159,212,56,254,161,269,242,373,243,217,209,457
453,208,157,383,136,327,301,239,402,134,282,482,394,461,198,186,431,121,267,101,262,292,266,88
366,393,114,65,442,180,206,56,164,15,363,355,169,30,404,142,410,233,45,92,374,373,81,334
266,40,165,408,469,51,413,435,102,211,377,175,445,139,373,1,303,298,402,195,219,169,463,62
344,117,300,246,429,368,409,12,383,205,42,243,110,236,450,261,4,393,310,19,204,273,298,84
169,298,256,268,114,115,462,240,360,471,366,32,202,394,167,27,2,365,49,20,124,28,453,401
319,286,380,31,32,85,147,251,258,305,456,453,464,239,423,186,124,195,482,402,30,235,373,62
216,366,390,80,298,145,51,43,90,144,169,320,22,396,159,480,272,116,131,198,393,409,141,322
266,400,373,245,198,28,140,156,374,381,345,233,195,231,431,2,248,418,169,196,315,476,412,253
362,395,112,20,172,49,54,207,311,149,342,434,93,361,162,366,31,380,233,479,12,268,336,377
32,350,282,37,57,162,119,447,224,390,322,89,373,126,176,319,204,474,331,472,48,292,123,284
175,87,465,208,375,338,146,209,288,51,420,161,332,232,188,373,391,474,346,464,447,434,398,139
424,93,431,115,257,237,430,64,208,162,329,294,12,226,447,1,45,416,158,378,353,306,201,359
387,354,193,469,447,125,173,363,198,31,89,408,436,253,112,429,373,456,174,396,99,401,488,377
92,228,166,256,81,31,298,258,392,413,429,95,478,115,431,366,189,300,164,371,120,14,172,142
287,190,455,98,241,335,36,373,486,431,138,31,366,246,212,480,172,267,200,292,453,237,43,230
373,337,247,28,462,369,257,394,431,134,453,27,278,11,49,292,95,115,409,374,264,153,371,4
356,453,112,156,247,155,387,479,370,85,366,183,204,344,367,29,101,98,113,134,162,118,207,300
300,294,368,4,139,98,478,211,156,433,358,398,430,350,407,64,158,266,452,485,282,31,243,413
112,451,105,484,83,39,402,198,370,29,168,238,421,345,177,214,82,322,242,305,31,114,294,245
159,401,246,370,158,417,352,431,21,195,336,230,315,61,31,366,45,127,80,374,334,341,272,214
333,16,58,9,352,455,131,64,373,45,334,69,162,164,176,5,266,17,300,381,252,204,203,31
422,244,190,369,426,185,92,446,24,453,88,67,198,9,156,271,215,398,332,14,376,297,319,123
431,266,417,453,351,146,473,478,449,31,247,252,190,159,425,177,70,349,248,84,436,90,39,387
406,133,372,8,373,49,298,85,354,115,253,170,50,336,169,292,307,412,174,34,223,61,319,129
394,367,220,159,21,460,373,182,54,267,396,135,298,366,383,332,175,118,171,453,427,1,144,459
417,39,68,467,398,166,478,430,373,90,366,142,187,361,372,379,79,436,116,70,226,50,204,55
373,156,382,181,31,332,224,245,258,330,57,273,210,386,200,257,251,232,109,256,277,366,26,220
471,31,237,472,224,348,206,396,388,482,7,150,40,374,129,23,9,474,404,278,127,300,464,272
110,266,339,109,239,322,90,366,402,198,250,138,429,215,470,400,176,69,120,359,334,320,54,341
278,185,64,1,244,440,402,261,353,95,334,187,471,7,119,373,181,256,362,308,99,352,384,32
67,31,474,215,286,239,381,421,112,145,162,105,179,58,187,264,436,346,352,425,348,360,469,211
456,336,214,453,210,202,187,58,382,204,385,300,251,188,362,354,483,14,142,482,94,239,245,40
373,14,351,288,245,11,411,453,25,355,140,142,225,362,476,69,148,417,95,366,284,431,180,314
426,242,436,363,472,31,155,374,364,366,336,123,97,409,337,226,470,14,457,161,116,357,352,66
7,409,139,102,298,97,31,475,432,300,366,162,169,440,114,471,239,78,336,156,117,448,426,76
19,139,35,303,479,489,472,83,69,337,51,70,387,247,189,177,235,269,298,275,453,399,279,368
342,394,58,9,271,29,316,360,445,322,187,90,483,419,402,366,205,245,399,486,27,429,108,209
112,377,480,210,294,164,172,259,78,49,0,470,482,319,137,136,322,241,190,420,202,85,43,295
455,356,453,139,440,118,305,322,286,158,56,268,142,311,11,460,451,408,367,383,465,31,468,261
69,134,224,412,139,247,439,37,92,476,184,287,446,211,138,407,263,393,32,398,18,308,19,63
122,162,465,373,144,369,42,422,446,65,366,4,430,190,292,245,31,394,60,139,106,254,15,392
367,208,45,454,448,83,382,5,285,374,189,434,10,284,373,263,464,355,233,171,13,124,211,111
447,153,455,29,421,133,391,81,443,23,264,236,322,346,278,488,436,146,370,468,323,124,356,168
355,373,69,344,453,431,365,122,65,25,110,192,332,208,79,20,267,116,471,203,146,301,488,489
114,105,356,275,284,282,203,266,366,289,79,265,440,218,438,31,413,188,41,283,372,454,139,187
40,259,144,267,176,112,27,464,95,41,324,142,194,407,375,373,453,394,245,4,84,447,91,187
425,298,114,89,144,9,438,87,440,266,92,141,50,66,322,353,388,152,8,35,431,383,474,374
64,417,184,112,348,462,281,342,382,409,483,174,305,215,475,363,413,300,405,169,226,34,399,394
483,366,218,439,481,139,455,96,183,453,189,381,98,424,260,286,456,317,321,69,198,231,469,206
60,447,158,144,149,315,373,377,455,312,189,476,417,374,191,286,48,81,240,306,444,20,100,309
169,132,392,393,11,279,410,31,438,274,142,490,431,300,362,292,294,413,305,43,319,412,336,484
67,422,342,113,405,366,174,3,48,273,117,114,119,211,210,11,7,280,461,403,337,319,489,61
366,233,70,323,160,173,319,118,298,363,205,130,245,431,25,247,267,454,169,191,374,151,377,440
239,43,196,218,41,102,106,28,437,398,32,365,366,324,149,428,4,306,431,484,474,420,176,98
49,263,6,351,67,335,396,476,153,472,232,169,188,46,297,157,202,413,56,399,329,323,180,32
179,81,297,161,388,268,258,384,32,407,422,432,35,193,366,483,332,101,175,243,70,198,469,284
472,366,59,76,483,333,37,1,386,223,56,9,70,234,62,67,409,170,119,235,214,33,462,377
382,405,409,133,452,176,207,42,343,2,430,49,137,307,254,394,384,19,0,474,373,232,183,142
326,453,165,58,336,214,348,298,346,219,431,268,288,350,12,164,31,396,188,102,393,247,286,29
261,445,51,428,273,64,239,451,34,342,271,283,252,142,366,442,490,101,212,139,200,208,65,329
118,175,245,139,246,128,445,443,352,217,413,355,188,373,452,190,169,472,158,124,112,271,114,31
131,469,463,45,215,362,40,373,169,430,444,56,341,28,157,323,279,298,2,342,465,428,89,454
107,334,433,312,216,452,117,46,459,423,464,367,202,303,455,448,220,297,421,396,391,309,205,300
478,211,227,232,321,214,373,162,342,465,404,444,169,453,31,21,170,433,282,485,416,388,352,266
420,484,20,140,51,453,100,110,266,204,45,218,352,214,119,196,54,486,331,275,436,257,190,139
5,214,286,436,274,372,202,259,239,438,441,92,169,53,131,70,366,44,336,133,433,211,268,461
239,346,266,285,75,206,421,409,366,440,426,117,214,334,323,337,354,190,76,82,480,268,462,154
169,96,3,9,445,133,414,298,105,338,237,364,208,374,400,226,431,47,472,85,469,308,259,443
29,84,438,346,286,159,476,363,430,67,475,482,204,414,28,295,51,458,459,453,142,24,332,151
199,464,204,139,188,476,68,329,436,189,40,215,158,102,415,332,145,430,244,438,122,311,342,20
466,341,36,355,65,298,271,326,381,13,265,392,27,226,61,406,245,334,476,211,356,131,388,322
297,137,26,215,112,41,50,271,348,164,11,428,404,417,139,431,263,282,393,286,373,331,468,434
374,166,8,116,426,246,188,366,76,152,81,379,267,80,388,218,62,431,159,348,68,43,443,298
489,373,464,300,34,368,255,442,226,453,49,60,246,7,93,110,438,312,125,426,444,69,472,362
177,61,259,31,300,449,359,252,402,107,195,223,229,232,267,148,298,335,429,255,412,32,135,146
340,170,68,204,36,21,43,210,79,64,414,342,373,402,362,29,92,38,259,383,169,352,485,135
350,199,4,189,90,368,173,455,453,86,267,183,305,322,379,69,425,235,406,336,306,366,458,42
469,76,230,366,124,46,110,161,55,181,299,204,64,146,231,430,390,214,383,275,195,142,215,486
159,298,209,392,452,476,254,375,70,144,288,54,360,367,458,97,248,425,303,344,283,49,160,192
331,46,246,315,350,114,438,128,89,31,32,37,424,422,99,488,252,218,384,40,453,334,253,442
67,264,49,289,446,256,292,414,223,313,61,341,232,483,215,51,33,261,231,252,48,352,209,357
283,100,245,266,81,139,270,135,218,70,379,430,448,370,375,396,207,489,241,377,64,34,234,45
166,289,377,3,300,375,91,232,367,132,212,385,236,206,63,402,101,266,366,350,12,483,259,49
339,132,257,254,449,218,317,448,31,145,294,484,427,169,32,178,200,234,203,453,274,393,69,17
60,377,132,223,50,159,169,271,179,293,214,266,486,238,369,476,385,85,90,436,92,460,31,473
8,462,469,20,448,472,246,182,226,415,100,373,304,342,142,431,53,184,198,428,480,385,435,40
41,7,44,146,124,29,69,113,314,46,25,195,315,83,204,258,266,408,253,396,297,386,417,128
453,400,198,300,373,366,340,417,142,144,429,249,5,168,266,235,167,312,67,350,223,354,356,399
309,117,251,153,335,261,413,182,170,226,366,264,175,473,231,49,447,123,161,382,459,381,198,219
92,121,146,490,211,468,479,17,179,24,223,228,4,214,442,373,225,156,164,266,374,282,40,368
214,431,139,81,395,394,459,161,128,483,269,105,298,314,142,476,231,279,445,362,436,204,433,20
169,374,137,26,373,144,135,453,227,203,79,250,436,19,398,469,352,145,189,8,475,257,421,6
61,112,290,480,185,169,206,241,154,373,171,463,366,168,135,334,79,390,273,376,460,70,139,196
96,45,388,171,232,452,105,476,431,401,190,49,177,428,221,23,48,134,443,315,204,413,159,215
276,427,9,472,240,254,173,272,483,275,60,294,243,24,142,167,346,374,285,67,185,319,373,267
431,252,119,254,386,430,437,18,234,42,156,259,272,135,366,472,186,476,141,356,382,46,396,198
34,366,202,445,31,41,64,407,394,101,146,431,357,3,386,14,117,378,276,368,297,191,456,405
168,190,270,49,232,426,4,198,387,364,273,242,399,6,366,215,409,124,454,138,308,433,438,119
361,369,14,366,358,90,440,322,80,9,254,387,15,239,426,41,105,362,242,475,334,185,382,309
5,211,121,99,132,63,216,338,286,218,378,110,221,437,460,364,54,436,438,124,465,190,424,257
410,417,92,31,325,99,125,55,204,186,391,214,65,87,448,463,184,122,15,200,334,453,155,64
81,304,355,266,160,324,400,369,178,35,322,117,263,472,177,464,214,134,185,211,366,308,318,133
357,462,312,354,226,373,122,469,337,39,362,138,242,426,2,399,430,146,21,111,110,153,304,274
105,366,298,61,454,337,334,211,373,247,150,409,378,169,304,16,214,41,260,259,438,56,387,380
187,472,483,209,101,357,21,69,60,11,287,62,234,178,205,198,145,177,278,388,117,52,138,195
431,76,463,199,132,142,79,313,188,266,134,144,391,353,366,108,241,289,69,165,4,439,100,213
32,265,159,466,16,175,442,400,222,102,85,406,202,303,478,473,462,337,215,275,367,228,79,240
124,436,240,373,144,271,319,154,354,280,383,425,98,334,157,368,293,182,160,205,264,413,260,256
214,224,151,88,134,305,191,75,109,324,99,278,478,243,386,378,340,222,112,239,333,61,175,462
134,278,254,281,253,373,296,489,8,217,41,414,34,190,29,70,301,294,406,325,418,464,317,332
475,21,476,394,402,35,451,184,188,350,227,266,185,348,110,245,440,474,341,282,6,472,26,87
40,374,42,322,442,424,169,295,245,445,277,108,124,402,460,399,12,187,487,446,20,299,264,107
366,202,469,332,61,71,383,162,272,380,84,467,214,251,31,336,245,481,472,58,356,46,139,265
294,407,308,401,122,207,420,263,346,303,24,72,368,293,88,448,129,99,299,7,120,373,282,436
366,394,384,413,146,238,195,275,18,39,23,455,120,415,249,57,342,124,265,31,271,439,166,164
134,465,43,439,121,481,442,456,324,142,287,183,6,49,141,160,486,402,42,2,97,242,139,373
69,13,354,363,169,357,352,50,196,81,466,435,84,119,476,473,183,48,187,241,135,264,212,407
198,306,1,455,300,301,412,422,323,400,309,228,294,271,319,69,275,476,148,428,367,416,159,373
446,268,274,252,181,19,294,135,32,72,298,384,35,393,439,169,460,366,264,287,486,173,211,270
210,198,406,271,224,366,24,109,438,436,196,359,449,298,357,388,221,69,201,57,383,386,234,394
286,139,259,388,364,73,229,180,169,318,254,81,366,63,390,114,326,177,195,161,471,252,397,69
89,88,316,408,173,247,461,85,70,134,305,116,20,53,371,25,119,266,297,448,336,480,117,137
248,436,453,152,446,363,421,12,49,263,30,430,40,214,429,81,471,213,334,5,360,66,388,226
198,1,139,77,260,168,243,438,69,368,242,4,41,292,482,369,376,461,377,108,314,85,211,266
128,261,453,92,394,426,56,382,396,171,31,70,86,108,275,366,457,292,236,264,354,249,145,295
232,100,345,97,366,267,77,18,209,229,72,314,398,113,476,36,195,214,92,190,342,145,281,59
238,472,139,131,35,203,218,66,236,192,453,356,52,116,157,315,223,469,182,79,96,378,442,388
9,3,383,14,112,137,254,431,301,88,272,352,488,156,477,413,430,5,436,155,203,459,355,123
17,9,227,19,445,219,334,315,373,442,386,307,40,31,455,203,228,382,211,298,335,87,238,374
156,21,4,22,393,474,363,88,257,79,278,376,301,477,377,461,384,31,164,465,403,185,317,337
222,345,393,377,457,329,69,465,192,396,56,363,394,96,172,269,129,472,453,110,227,100,134,408
286,366,181,210,254,426,317,430,319,308,382,312,356,359,348,76,143,268,383,451,49,50,440,291
209,322,449,97,199,228,431,469,424,26,407,436,190,49,302,139,418,177,315,185,89,234,149,394
366,160,477,221,336,200,219,89,289,18,42,49,239,229,45,441,436,188,4,20,401,169,255,283
475,354,284,367,253,342,78,246,61,332,413,306,267,107,198,263,76,209,394,408,254,430,445,216
169,64,472,209,216,45,319,411,268,356,366,368,413,461,345,306,100,334,58,157,147,468,51,102
305,112,100,483,472,465,256,149,124,46,23,322,232,211,299,484,334,72,302,142,442,197,65,366
311,366,196,397,352,300,416,373,377,426,246,254,344,293,112,145,286,292,148,161,73,282,338,89
397,171,398,436,116,249,408,124,326,430,145,453,315,388,246,162,366,215,120,411,434,244,40,297
485,240,459,203,158,405,385,81,368,142,236,221,450,380,301,89,91,469,136,213,93,383,51,95
400,58,198,300,440,12,331,10,85,226,367,302,242,290,223,425,140,146,434,64,32,342,297,0
107,475,204,186,375,69,174,38,305,241,206,334,137,70,376,41,283,453,352,483,381,332,45,469
284,313,129,401,366,4,151,76,32,214,31,367,357,322,67,148,314,247,443,137,454,105,439,479
211,373,55,118,232,465,169,469,177,61,166,307,311,20,488,360,334,453,246,217,214,88,75,267
187,394,3,426,132,209,402,384,264,257,142,363,485,253,342,299,279,222,234,76,385,390,42,455
366,458,26,275,354,216,388,175,32,116,396,128,144,157,198,394,140,237,362,28,78,294,214,348
322,266,373,79,320,190,450,396,26,157,12,202,89,137,479,292,426,237,304,394,45,366,383,470
431,417,376,12,440,20,41,340,81,115,436,359,119,402,164,9,49,315,178,2,342,325,76,320
475,87,366,11,399,374,31,373,177,56,355,105,110,339,483,162,298,112,396,403,186,346,150,465
195,353,393,256,107,11,56,436,251,335,130,166,157,266,321,161,42,342,184,438,309,396,155,463
246,381,485,486,413,56,20,253,231,255,436,131,44,464,442,372,124,431,169,245,478,472,265,428
348,477,31,407,453,231,269,124,334,18,409,175,259,6,302,465,152,366,286,320,298,373,3,239
489,139,319,396,9,363,115,398,345,478,141,224,195,200,473,65,258,354,271,177,297,438,220,413
11,198,43,260,221,16,179,33,319,437,31,81,408,25,391,140,363,337,382,373,366,101,178,435
377,413,373,308,72,105,468,333,448,299,177,144,59,362,161,337,61,42,207,28,298,148,472,431
431,223,157,390,342,423,291,144,28,417,245,159,479,315,249,112,178,209,407,135,69,374,325,485
366,336,175,91,377,139,247,448,268,218,420,63,111,10,32,181,436,479,484,346,105,334,435,190
27,315,444,66,186,87,409,396,95,312,432,40,246,58,190,367,334,31,71,267,449,474,345,260
266,453,407,322,448,374,422,383,272,97,282,478,34,245,55,107,363,204,472,198,136,413,294,430
476,340,156,353,366,442,232,394,311,342,231,258,206,309,247,197,256,23,433,363,161,373,315,222
247,115,403,440,374,208,186,30,373,188,489,483,287,482,336,144,169,235,348,414,100,20,393,261
286,318,157,256,273,30,255,43,394,319,272,223,373,480,228,457,317,382,367,294,231,76,292,152
320,372,298,198,84,169,49,448,366,266,3,336,191,148,384,42,288,12,431,245,188,31,265,214
402,71,489,18,47,486,366,376,64,354,159,289,334,286,255,353,144,162,281,83,463,2,425,224
72,199,92,364,213,184,374,469,41,16,366,42,383,89,227,472,403,342,452,102,302,431,235,134
198,232,452,240,136,485,124,246,266,118,307,417,16,432,17,81,433,462,224,453,175,393,413,9
356,261,374,64,128,453,249,338,148,482,447,32,424,403,366,402,226,408,429,159,135,58,413,134
320,342,207,460,27,61,336,455,407,233,84,112,238,300,489,292,469,278,149,81,312,331,89,110
31,284,447,473,49,261,468,485,230,195,184,115,65,333,181,176,183,245,232,84,136,23,127,426
330,21,42,289,82,391,424,223,190,174,331,348,393,485,452,346,40,439,340,30,374,214,373,45
160,242,41,325,89,456,107,388,237,300,366,18,430,42,49,70,188,407,421,97,458,411,482,173
294,156,442,28,200,120,232,354,364,139,219,110,76,414,309,178,333,32,412,426,65,397,121,281
205,366,299,18,436,191,92,219,227,295,144,97,152,350,384,448,198,195,12,162,341,401,131,483
188,334,311,9,454,18,142,68,481,417,240,49,362,467,490,364,166,231,218,70,99,421,134,180
300,247,464,235,268,385,267,376,170,58,204,366,43,5,355,31,444,341,40,431,85,151,414,134
187,298,374,20,442,488,218,217,222,306,88,184,335,156,464,190,326,31,110,114,405,82,357,141
174,472,35,27,153,460,110,246,412,489,109,308,184,284,187,237,190,204,294,64,300,408,66,14
300,427,183,56,266,399,136,373,336,316,366,268,105,171,332,359,475,330,241,469,245,221,406,71
149,366,447,461,409,340,215,388,471,246,196,130,371,289,287,356,21,83,209,342,67,476,346,135
447,323,282,227,267,372,69,246,366,247,452,205,9,473,373,395,396,438,277,160,298,469,78,443
209,49,259,334,309,145,272,198,47,381,283,31,357,166,483,338,19,476,297,355,185,23,139,67
373,366,73,164,267,253,70,254,469,433,66,107,247,139,396,346,265,182,272,413,178,309,274,451
484,377,63,97,282,279,421,431,142,311,336,173,467,252,352,23,438,156,277,14,292,108,84,269
245,211,53,375,447,121,453,393,107,222,240,300,75,4,289,197,402,190,1,102,471,9,133,178
366,203,323,132,469,206,314,41,260,439,43,130,478,484,297,233,443,322,357,428,448,403,162,196
267,266,472,146,89,421,228,413,393,134,156,308,151,12,152,418,453,394,49,327,269,263,303,206
332,456,103,463,204,300,87,220,464,475,258,244,309,409,250,198,218,32,334,313,110,419,458,166
42,308,214,38,299,20,456,400,408,310,485,247,188,354,332,208,451,198,138,373,122,431,388,131
455,161,268,37,351,277,247,99,112,375,174,291,372,327,366,227,309,205,430,241,45,79,396,189
169,124,275,131,465,405,195,77,310,366,315,362,471,363,259,32,23,150,95,402,314,336,112,144
396,317,43,245,373,272,18,61,204,15,366,356,103,455,12,188,383,226,83,134,99,336,214,101
294,281,234,157,403,247,388,153,32,395,199,409,26,364,178,242,138,206,421,307,425,169,298,393
373,108,453,110,308,211,335,91,20,409,336,486,139,367,332,70,32,226,214,317,386,92,465,154
419,353,21,368,449,351,305,317,49,239,442,286,308,171,56,124,259,403,373,375,464,86,484,79
269,178,68,215,411,485,431,124,303,241,383,114,362,185,179,436,84,316,274,288,213,456,286,247
418,478,397,120,366,70,199,32,256,159,436,464,290,251,255,178,398,62,92,64,173,213,483,14
56,316,166,469,112,334,203,211,463,146,360,208,239,424,366,215,91,256,167,400,105,340,232,270
354,146,81,327,119,239,158,245,313,382,156,440,482,434,331,459,373,188,40,366,159,178,348,314
354,171,181,355,245,390,82,226,31,346,260,374,203,266,384,18,247,344,40,422,416,281,299,232
198,46,298,103,325,446,287,135,140,337,464,413,373,411,479,398,366,336,114,485,214,323,407,375
157,277,17,144,101,357,300,9,213,299,190,138,260,348,19,266,483,408,208,286,174,235,22,366
474,156,255,479,31,146,252,5,370,400,142,469,373,228,195,254,42,330,181,299,133,393,49,480
6,298,374,25,402,429,407,225,177,453,455,331,49,336,59,442,372,187,221,334,132,145,413,304
452,340,416,448,205,284,72,396,283,49,362,471,65,260,61,128,322,489,427,44,373,92,97,430
426,199,178,214,366,386,373,107,428,245,211,139,380,5,374,31,41,205,198,204,233,402,149,254
101,239,388,35,226,427,352,172,82,396,436,459,374,246,165,266,145,354,218,45,390,105,153,216
469,241,7,160,362,63,366,40,268,211,375,488,393,247,132,431,272,135,463,394,436,430,274,144
12,366,413,231,321,116,383,442,427,211,397,438,245,431,2,221,304,169,215,394,87,142,72,106
350,171,266,123,129,373,478,20,374,308,294,397,330,398,11,303,460,423,415,191,48,283,70,440
373,19,72,292,128,102,203,121,248,70,244,20,272,337,55,463,139,298,319,300,108,41,14,243
342,41,348,61,96,448,13,243,135,49,482,374,455,18,171,108,335,211,484,286,173,32,330,375
110,393,139,216,31,190,154,298,214,198,34,90,453,243,135,73,292,208,394,460,366,56,41,155
260,75,447,266,386,4,294,373,208,336,12,15,375,139,243,51,149,118,144,345,76,155,484,342
386,373,460,456,341,294,214,366,77,111,342,426,398,195,413,323,70,67,4,145,220,79,335,6
224,469,335,90,306,289,458,235,76,239,408,178,278,320,298,476,198,428,342,319,49,60,159,32
430,484,214,366,210,340,245,224,149,359,386,296,409,63,334,355,351,28,441,384,237,130,485,146
470,90,463,206,116,158,246,389,442,187,249,278,302,28,443,213,145,31,189,300,174,373,226,68
283,11,89,255,139,448,7,357,256,479,430,485,258,204,476,198,355,99,298,295,412,28,148,338
278,219,264,226,340,191,112,379,335,385,479,195,142,175,62,440,308,455,412,14,179,158,366,274
204,455,342,149,463,234,25,366,105,186,32,337,432,316,51,139,334,17,448,142,152,420,402,314
367,280,70,190,490,383,236,319,139,413,442,50,352,376,5,170,1,392,125,308,300,108,428,455
169,218,204,207,346,320,265,442,428,29,71,340,46,154,398,27,35,431,54,37,412,165,456,137
278,317,156,86,204,471,215,97,75,103,489,190,419,437,170,431,388,50,45,408,352,397,7,107
479,129,357,455,406,49,485,139,138,425,70,46,203,471,300,45,346,334,388,368,160,409,157,81
373,412,300,85,431,334,198,178,366,298,440,12,265,190,207,119,388,297,428,379,286,67,485,188
67,22,119,294,475,266,31,113,300,88,203,305,253,385,298,242,436,83,209,214,169,76,81,484
479,31,261,50,278,374,78,451,401,457,116,257,137,142,247,67,64,239,145,394,256,321,7,68
357,226,406,36,29,234,393,463,79,30,477,299,323,3,377,313,303,69,31,252,118,479,176,355
218,257,31,226,139,432,373,160,355,366,393,176,250,222,192,352,33,300,307,195,356,11,442,397
336,331,377,400,409,142,456,353,135,480,172,425,13,421,393,264,476,361,55,370,266,396,129,444
196,174,295,128,31,307,53,313,361,268,336,486,294,277,117,183,401,311,482,54,150,483,373,359
88,35,162,322,373,388,257,314,183,127,9,442,463,404,246,374,4,264,338,10,276,297,431,119
9,294,362,74,196,365,20,190,6,179,206,164,423,453,399,261,305,32,191,336,313,410,272,198
284,366,464,471,211,315,395,396,149,308,373,155,409,462,252,479,187,226,121,27,341,202,135,207
450,168,190,356,176,454,214,472,340,96,426,334,183,234,46,435,417,199,476,226,298,258,64,259
153,414,366,56,452,308,69,398,377,81,442,461,333,39,303,154,237,402,294,42,264,167,454,334
253,360,453,242,426,461,373,145,76,127,167,445,41,246,385,79,366,99,471,475,436,469,27,214
456,96,90,100,413,178,472,240,8,31,451,198,391,308,368,164,177,353,281,338,188,369,176,245
63,251,245,188,83,36,319,477,134,488,373,340,472,267,99,62,454,386,429,152,431,242,243,262
393,257,88,104,34,70,342,366,210,263,271,273,267,201,160,103,369,388,170,119,117,186,196,244
466,99,267,181,144,92,169,431,427,110,67,366,10,222,43,239,373,464,159,117,394,471,457,196
37,307,50,366,342,49,336,186,7,247,211,437,442,298,245,456,453,294,132,57,472,155,353,174
74,216,394,452,213,161,428,447,152,470,486,31,422,339,238,453,284,416,61,4,206,90,396,321
70,15,352,227,289,20,238,373,134,207,292,81,105,187,226,469,467,118,49,366,483,394,465,146
214,342,484,366,390,373,67,169,187,266,116,71,100,140,70,127,446,148,29,110,87,46,130,298
339,459,60,41,447,476,137,461,246,247,325,196,275,342,215,434,280,131,398,190,321,366,188,66
222,390,291,89,453,366,239,264,444,28,81,448,266,243,83,214,394,31,342,263,367,432,59,179
483,437,215,373,436,294,29,245,443,40,89,49,302,400,291,484,124,453,282,209,199,314,428,297
393,184,218,469,65,425,215,339,117,311,292,49,391,366,352,308,356,320,406,422,241,1,429,334
116,153,353,321,292,377,277,401,405,272,334,169,119,49,39,79,298,176,429,214,386,196,466,431
354,190,142,332,396,239,101,41,155,336,249,283,20,228,91,400,430,100,245,107,261,274,335,366
20,361,358,366,31,429,42,313,161,155,130,296,388,413,416,170,303,63,215,482,208,472,442,61
410,297,190,373,404,275,139,438,431,442,398,245,135,172,366,44,345,409,26,77,342,54,187,318
332,453,391,279,323,198,239,232,222,211,118,4,387,141,283,450,135,489,146,188,139,379,269,284
196,152,413,59,66,107,237,227,382,161,226,307,412,187,166,8,87,468,383,282,344,144,243,39
257,431,167,201,3,60,48,407,0,140,359,196,458,373,45,198,174,31,438,365,346,162,315,203
221,451,169,382,395,373,406,110,374,140,325,244,105,76,366,245,51,246,177,426,174,272,49,65
465,317,372,164,16,443,168,56,125,130,283,50,452,373,163,374,388,366,31,189,118,459,481,124
322,232,124,201,185,466,11,337,112,181,218,431,190,449,366,87,216,144,412,356,51,391,354,355
331,452,346,166,453,260,436,70,393,301,413,431,366,35,297,135,267,448,373,146,479,256,28,159
255,459,87,420,0,430,396,49,139,421,188,245,427,37,452,211,206,303,340,43,366,220,120,285
162,174,298,107,402,335,31,217,175,394,177,92,390,154,388,391,475,268,189,156,453,222,254,83
175,139,385,431,193,300,201,302,454,203,337,472,85,298,417,261,162,314,31,292,373,121,246,266
439,486,240,398,204,266,20,126,374,409,180,25,472,395,368,434,333,56,209,273,94,377,361,155
490,440,9,464,110,430,200,394,31,465,413,131,459,96,72,11,99,425,108,74,467,300,468,153
433,245,203,118,189,337,159,17,121,88,298,214,480,467,313,150,303,247,25,127,204,373,374,308
489,390,223,319,267,474,62,373,297,148,464,18,120,69,391,397,333,446,273,57,56,166,286,412
189,83,373,386,396,391,192,128,348,298,31,244,135,406,467,125,8,190,9,277,336,169,431,82
1,429,29,453,224,355,374,119,101,247,488,170,402,373,34,112,345,372,329,410,31,250,425,336
271,86,386,139,30,214,18,393,446,204,308,264,258,362,134,277,34,5,426,436,92,256,187,140
378,324,350,139,20,334,242,172,455,390,438,119,431,413,46,226,118,244,393,298,168,368,453,67
176,368,427,385,62,334,299,366,375,395,134,86,89,466,146,160,132,51,369,170,27,211,202,352
260,164,62,156,366,255,31,390,367,244,289,234,402,100,251,473,335,158,354,198,430,464,453,307
76,441,266,382,174,323,313,387,169,447,140,412,254,2,252,98,311,309,209,247,394,264,142,229
239,426,218,362,446,228,336,386,205,337,76,190,110,186,14,252,114,204,136,42,82,20,188,245
23,178,438,453,298,373,132,175,100,332,157,31,377,473,317,5,334,426,101,387,413,398,33,427
213,446,451,117,373,461,459,62,401,409,318,472,141,337,49,70,388,311,367,92,139,314,212,140
254,331,274,120,105,397,70,479,434,319,167,352,325,320,275,22,413,221,56,366,138,359,75,464
360,89,375,372,113,369,337,426,117,373,22,421,409,427,483,48,174,23,94,178,289,267,2,453
453,435,479,145,36,370,159,367,429,256,432,461,310,40,428,366,185,450,96,77,334,254,361,180
402,277,446,35,2,256,11,422,14,201,483,105,362,325,215,431,65,116,400,140,453,66,59,276
31,323,124,267,368,47,366,250,231,133,247,219,213,234,298,113,198,150,339,188,153,49,393,465
476,336,211,19,385,224,397,28,76,298,356,300,302,366,167,36,68,396,289,332,219,230,444,460
363,110,369,421,469,413,24,136,336,53,467,84,483,198,218,172,366,98,337,298,394,99,139,1
331,401,355,350,245,16,146,436,342,429,380,264,374,354,323,466,31,239,26,367,453,233,292,159
366,85,399,135,57,64,144,138,145,134,335,185,300,472,80,277,318,222,136,486,199,288,226,402
266,115,76,184,21,154,148,87,321,261,117,55,320,141,255,44,190,120,233,31,142,322,225,361
2,396,240,144,189,222,374,338,407,294,140,57,181,198,146,185,149,461,3,165,81,325,155,334
246,174,452,151,468,156,198,298,199,299,273,483,344,89,166,472,363,65,402,203,320,444,371,285
366,40,64,430,431,97,203,462,144,419,361,85,245,239,412,147,131,467,256,65,277,342,248,475
334,139,350,400,366,260,68,134,59,314,204,261,13,7,79,316,245,284,94,447,286,457,265,463
374,138,45,266,236,378,348,15,282,242,211,353,13,350,362,439,385,308,472,189,309,254,373,317
401,223,402,352,246,394,117,387,366,1,448,345,178,439,308,20,298,195,231,148,488,334,266,175
49,19,184,276,105,321,11,412,264,382,199,451,142,336,374,253,254,111,188,172,166,364,373,215
246,247,139,428,460,88,362,266,394,453,168,304,135,366,471,438,417,297,173,214,411,82,334,188
405,367,373,431,9,400,138,388,139,409,228,20,408,159,277,221,353,393,302,453,242,209,462,334
486,43,417,254,400,462,306,366,31,247,53,119,63,32,224,438,272,135,218,232,61,49,237,42
72,143,197,127,49,218,429,431,419,283,436,296,2,294,292,420,456,319,482,284,247,162,57,352
161,249,367,175,324,189,366,338,203,31,337,173,135,373,476,209,146,181,162,339,322,302,430,169
70,334,132,175,264,453,73,400,156,11,62,374,221,83,64,270,380,407,102,210,342,427,9,240
211,9,408,187,377,427,374,390,284,146,156,49,297,152,203,485,247,336,46,375,476,182,475,346
459,329,474,219,266,430,9,309,119,165,454,318,235,328,476,462,203,161,112,190,139,243,378,453
221,143,268,178,356,455,275,388,472,214,267,205,335,138,453,19,322,336,101,439,352,298,374,10
426,205,13,298,171,341,296,292,366,374,274,263,20,468,64,196,294,471,367,436,165,135,218,416
366,484,135,181,298,245,482,384,267,448,413,430,396,397,286,354,377,280,232,261,63,184,204,243
352,241,472,402,31,413,115,128,95,26,215,409,292,212,56,478,265,350,39,0,475,450,384,221
438,88,45,195,396,453,275,260,305,239,38,139,169,0,295,315,286,345,25,142,416,27,134,476
75,241,266,128,374,39,79,35,404,42,454,398,92,413,238,486,17,76,159,467,292,205,304,37
412,322,298,195,433,119,196,419,112,485,362,315,5,436,267,454,308,209,471,18,292,49,29,67
453,219,188,454,82,44,366,333,363,89,4,266,431,305,158,354,284,131,446,142,64,307,237,417
365,71,398,218,383,31,483,281,471,472,453,211,81,228,373,187,412,266,295,350,265,320,360,303
2,51,137,29,341,149,63,292,327,214,134,179,124,53,366,286,180,320,61,170,409,116,334,375
431,214,211,65,166,291,119,447,272,486,67,247,346,216,408,481,218,43,5,28,363,270,366,132
420,366,336,315,374,7,377,61,124,353,375,426,84,350,49,465,454,292,81,246,434,244,319,472
371,149,0,274,265,65,384,41,396,359,307,214,118,198,481,234,29,413,430,338,33,243,48,316
433,335,162,74,412,445,476,318,272,94,192,84,366,334,388,431,310,131,430,291,70,409,132,240
449,340,374,305,443,205,302,23,31,260,159,247,434,177,30,223,479,435,431,402,69,118,208,454
130,76,29,221,231,417,367,131,160,420,298,33,177,253,401,162,374,443,96,314,89,245,183,77
482,49,112,391,424,139,195,127,484,421,167,211,6,105,64,27,397,169,5,486,100,70,277,441
447,476,77,444,128,431,190,460,209,325,266,440,169,35,176,477,328,322,355,254,7,245,158,119
342,303,175,156,433,234,31,186,181,92,366,266,353,200,111,315,119,58,68,314,134,21,219,254
472,453,421,98,316,46,48,371,185,205,440,204,13,97,366,188,374,474,256,211,151,355,373,139
271,179,472,298,372,41,362,408,366,373,313,282,374,413,481,178,400,109,21,425,2,303,474,156
414,383,469,49,402,141,296,367,366,77,2,70,300,428,430,282,229,102,142,10,255,9,346,209
323,303,269,311,109,29,266,436,113,219,77,66,102,49,80,264,31,18,267,247,355,460,177,394
361,263,311,338,334,459,168,480,186,378,245,180,332,156,59,280,442,472,273,309,28,278,62,189
453,268,455,168,234,210,156,112,413,115,81,398,167,140,13,316,315,467,196,272,415,406,490,123
167,45,31,222,137,366,408,135,62,190,150,209,484,81,132,221,428,453,407,139,159,32,117,61
402,394,397,188,298,484,232,374,250,83,105,8,89,179,170,319,6,373,360,69,350,369,468,288
334,299,381,3,304,190,159,430,421,426,262,479,337,298,311,472,357,83,388,31,367,323,390,242
409,357,390,43,46,366,214,333,416,341,448,109,6,388,298,165,336,204,198,299,267,365,155,264
23,118,181,126,416,264,346,154,381,34,460,148,392,25,353,249,374,241,198,282,28,304,292,135
22,256,145,76,206,138,110,205,245,254,112,49,366,161,311,382,253,36,323,361,266,227,169,15
178,442,228,211,98,99,119,339,316,326,366,337,46,336,368,307,213,175,183,341,94,383,413,204
146,234,27,9,335,266,19,149,6,271,261,142,300,247,408,56,85,394,352,307,438,204,30,144
425,421,265,13,245,79,219,465,181,195,258,20,300,114,14,61,42,233,348,4,81,295,133,199
396,103,219,134,214,142,236,119,246,303,176,222,31,453,88,127,386,60,8,379,375,150,148,374
388,413,255,154,406,453,210,183,253,212,402,107,366,148,225,84,329,137,18,324,298,49,409,64
54,413,29,31,247,386,381,145,264,169,480,64,340,139,214,198,285,412,327,190,260,292,78,366
65,265,204,184,366,309,475,138,171,352,426,245,380,166,280,139,157,250,160,308,251,202,189,322
264,366,189,143,21,35,386,81,442,195,84,456,480,382,490,334,441,246,388,65,434,12,41,221
118,369,478,181,482,44,153,196,366,480,372,449,433,168,142,242,239,413,422,292,294,352,20,298
44,27,31,82,431,156,334,229,297,70,436,398,58,146,77,139,403,76,397,472,290,305,363,406
159,231,204,20,426,156,374,481,155,89,217,308,483,484,364,49,139,124,203,482,272,431,348,103
233,126,20,120,366,479,460,426,334,118,226,416,204,453,1,417,267,244,370,266,7,472,223,340
276,428,264,113,279,335,320,430,239,266,413,406,69,272,304,169,373,35,64,19,468,58,240,397
248,266,442,224,42,21,469,407,216,105,264,97,426,112,140,443,210,57,374,200,320,64,299,109
5,70,172,463,65,354,235,393,488,248,238,368,448,338,56,360,15,81,249,366,277,467,357,382
102,177,362,359,485,316,308,329,433,361,7,388,223,64,373,142,366,149,294,338,168,463,437,59
142,4,396,65,211,33,418,398,282,227,340,335,308,151,31,221,198,169,472,266,46,132,272,388
394,267,209,19,169,440,294,397,156,336,70,298,429,103,198,67,431,31,405,478,390,372,240,157
144,187,365,256,264,141,298,32,265,228,367,267,65,69,426,436,324,373,316,169,245,374,43,334
164,291,214,109,472,270,31,162,367,342,294,131,318,364,76,305,94,334,242,445,375,398,89,298
267,191,271,342,402,454,348,374,449,258,44,47,380,293,79,1,114,341,214,27,237,60,121,456
308,387,31,309,200,253,178,429,331,4,337,431,124,390,413,266,366,48,325,408,8,131,406,363
352,133,13,221,431,486,36,437,243,303,144,111,309,276,64,157,368,48,185,362,246,438,436,299
34,472,70,158,196,294,335,394,378,268,25,340,2,105,246,366,454,431,232,208,409,39,413,142
139,476,284,458,439,434,352,333,239,81,75,8,368,269,464,49,334,378,388,373,453,353,236,278
436,6,143,297,383,341,9,463,342,391,226,135,386,170,92,58,59,49,427,472,373,232,399,130
272,332,245,157,15,196,366,298,104,373,286,222,32,421,458,427,14,363,243,467,246,35,195,319
459,67,214,416,422,181,488,164,237,134,7,21,151,17,369,265,473,368,196,103,61,117,243,482
271,31,377,28,224,386,482,480,463,393,412,366,431,135,352,433,184,254,83,342,253,419,385,266
366,300,174,159,355,336,297,260,83,377,362,323,478,96,418,372,319,6,380,293,383,4,135,226
40,120,201,406,171,196,443,8,156,456,357,367,177,346,366,376,336,374,353,341,148,298,261,252
25,174,140,387,485,474,217,427,128,135,61,390,31,145,188,452,169,32,172,348,341,391,397,92
469,366,377,371,156,413,222,89,245,488,171,319,139,94,265,486,253,247,298,388,203,360,118,211
59,203,439,434,261,381,466,202,267,326,460,471,49,277,5,171,483,68,387,394,162,464,258,291
368,402,13,429,237,72,473,362,268,124,100,54,332,148,428,69,393,419,400,298,156,40,364,139
167,464,366,392,406,97,236,342,332,210,334,378,110,246,479,31,286,206,398,247,430,120,143,43
45,346,110,31,211,294,27,485,388,221,366,340,428,376,70,259,219,222,463,394,266,452,116,89
245,426,121,324,174,220,203,5,366,407,323,138,6,66,332,338,227,214,267,337,91,96,315,160
26,365,173,370,25,285,295,154,47,397,431,69,394,413,198,474,420,199,306,63,234,486,445,375
436,407,209,291,447,148,393,314,398,259,112,67,134,63,479,412,294,396,457,466,31,138,208,159
135,128,156,334,490,300,412,436,388,270,118,45,268,339,92,144,311,245,401,132,286,252,116,439
431,11,111,148,83,402,309,350,246,20,336,69,226,453,251,0,374,452,31,333,112,255,157,213
259,409,118,87,81,395,32,241,217,428,373,79,453,424,198,313,351,338,195,92,83,286,237,457
283,221,431,372,374,64,91,356,25,72,334,294,245,452,51,298,39,247,119,118,257,162,319,339
463,91,118,139,124,311,165,261,476,363,413,455,232,159,174,298,187,273,319,198,488,474,243,167
211,149,253,483,374,41,429,421,413,66,99,121,277,116,333,170,177,233,244,81,324,161,260,28
6,393,374,346,219,131,344,453,309,444,12,92,8,325,300,410,137,63,298,180,31,305,297,282
315,81,31,43,334,431,187,285,486,258,336,261,115,190,89,170,447,451,142,283,420,188,472,179
263,149,256,352,396,164,382,105,262,28,353,374,53,206,218,196,63,152,110,338,244,425,325,138
260,252,373,189,198,150,289,135,180,241,227,245,9,446,148,256,224,304,455,326,209,462,85,201
466,164,154,199,386,87,277,103,460,456,315,428,376,360,182,453,246,485,195,442,128,226,221,455
209,8,387,19,339,298,148,81,241,132,139,428,156,373,352,404,346,377,366,21,269,272,409,451
299,413,150,258,132,31,266,134,1,353,330,162,86,367,211,49,147,395,76,265,282,196,366,70
264,170,197,134,483,169,478,70,401,398,352,35,442,321,351,225,485,231,113,239,426,174,340,188
11,404,105,231,397,187,373,266,252,341,211,314,471,31,374,222,412,298,251,382,8,74,336,224
40,451,125,261,24,31,98,383,245,212,218,190,100,188,189,483,63,259,214,137,271,440,303,393
117,462,257,240,181,403,344,28,280,373,185,466,234,30,300,153,482,396,49,478,271,362,2,439
388,403,96,440,101,315,191,467,144,397,70,394,156,374,317,69,453,79,393,373,290,142,350,471
469,71,445,35,329,20,390,394,226,345,412,145,198,398,310,76,177,427,41,289,142,373,363,45
191,300,451,40,145,453,344,207,366,285,394,341,396,94,31,103,244,32,153,374,7,14,376,482
227,244,27,362,43,33,159,311,355,440,338,462,452,188,388,214,129,416,123,11,367,280,2,76
413,142,214,63,212,300,31,453,187,374,348,271,17,29,447,292,298,431,440,260,28,388,409,49
152,139,227,303,251,188,478,464,366,471,2,357,170,393,408,314,361,341,404,469,145,75,119,489
53,97,312,261,309,50,148,409,364,234,43,396,70,37,400,390,333,288,128,136,44,436,417,446
22,461,446,337,178,438,435,431,412,401,358,308,199,124,71,203,214,314,31,299,8,298,223,304
21,394,309,188,480,413,254,8,400,209,346,301,31,424,123,57,317,431,273,133,148,472,6,27
164,40,28,453,474,202,86,478,341,472,383,100,448,426,298,463,89,265,64,374,319,45,49,317
444,259,233,272,396,187,353,388,41,424,330,188,482,311,81,309,298,463,429,374,366,427,190,120
430,388,35,366,292,149,214,1,348,373,24,336,273,154,79,95,304,376,438,345,138,169,31,319
257,386,9,299,425,444,144,433,282,427,305,288,173,264,49,65,180,353,119,354,298,110,377,465
475,434,267,269,346,485,148,169,233,373,416,352,258,319,479,214,160,431,79,34,381,142,60,51
260,18,277,159,341,90,245,139,336,69,366,112,261,442,4,84,378,172,296,266,162,255,267,373
298,436,5,364,297,114,352,309,282,160,9,91,188,139,189,57,293,50,70,366,396,145,421,157
469,10,0,235,187,156,60,264,196,426,306,102,344,433,82,453,341,221,266,454,443,247,90,386
68,432,220,217,46,316,429,313,175,346,326,121,70,298,461,416,105,289,255,281,223,250,6,125
462,49,363,323,483,40,247,274,412,120,152,157,241,430,198,348,420,92,334,436,373,137,234,452
335,117,298,366,371,336,399,244,430,286,428,69,145,219,267,42,139,127,427,122,398,413,233,245
342,46,218,435,355,290,362,459,181,449,246,334,277,339,191,142,53,381,319,331,305,394,118,472
401,108,479,51,294,362,486,368,413,6,431,171,410,237,342,214,350,92,59,43,49,151,31,124
242,91,139,368,350,258,478,323,149,372,431,31,373,142,181,484,367,64,469,402,189,352,226,145
463,153,69,296,19,70,291,373,478,96,53,256,286,369,474,395,246,190,214,429,55,46,353,360
366,244,308,313,247,285,152,138,416,398,441,431,203,102,218,159,473,192,49,105,48,337,439,339
455,139,27,334,300,187,393,222,135,252,110,227,463,177,0,64,423,319,292,202,304,294,212,407
28,199,431,366,453,225,226,295,376,364,118,215,334,205,175,79,380,256,244,30,388,312,432,307
354,479,366,157,368,253,81,463,197,172,61,214,155,373,175,32,355,300,410,302,182,339,464,334
87,49,56,315,25,8,286,388,370,175,324,279,438,322,208,99,123,298,177,31,146,29,436,260
204,14,190,167,48,211,143,233,43,187,304,50,75,377,236,1,323,286,283,160,413,146,295,436
20,292,209,401,138,267,226,374,277,89,335,471,31,322,258,245,286,148,325,105,62,204,413,459
51,298,60,472,175,7,331,369,158,413,178,87,380,431,409,429,207,113,393,59,64,144,216,183
41,298,51,190,101,417,394,245,447,363,264,187,185,373,277,413,169,144,383,56,171,464,121,64
31,232,150,391,44,476,322,64,462,66,393,46,77,60,191,198,52,348,21,40,268,366,352,213
21,318,49,78,63,215,245,221,198,336,362,355,41,433,205,89,431,67,478,379,485,384,163,354
212,137,264,246,139,133,352,438,97,190,50,35,49,375,177,254,373,300,485,83,69,233,298,353
162,134,371,444,261,195,145,112,296,438,117,411,153,337,188,32,275,21,31,336,300,155,245,390
66,424,41,367,433,65,370,163,374,267,384,165,169,211,105,19,32,429,5,368,288,134,307,460
452,261,274,281,188,53,169,322,146,91,373,431,142,286,31,298,336,75,145,434,472,402,406,417
200,89,144,222,117,408,260,362,342,437,32,383,215,258,436,7,33,337,348,176,240,96,476,211
357,183,298,225,341,331,224,253,75,265,236,439,346,262,159,275,130,294,454,455,134,486,291,201
203,448,268,417,23,273,422,190,405,382,18,412,233,246,355,261,237,215,170,57,292,321,463,70
271,366,150,249,458,300,112,15,385,110,137,124,272,266,175,319,32,139,298,465,464,442,388,155
281,60,355,188,366,380,214,256,190,21,344,413,49,57,304,32,64,10,157,70,331,351,485,26
84,126,271,226,50,62,237,484,315,474,300,322,460,56,442,331,471,16,366,85,76,281,401,431
289,266,133,297,378,221,274,476,151,170,247,286,412,463,409,444,161,344,117,153,212,338,214,121
394,362,423,419,414,373,402,54,334,138,49,319,277,413,120,406,376,465,65,348,264,409,486,333
125,479,266,261,12,284,275,281,393,73,385,46,42,256,452,417,164,263,245,43,9,119,105,117
63,204,202,335,77,425,397,31,114,465,207,352,369,388,282,131,116,413,198,294,289,115,147,256
382,461,146,325,69,199,309,406,374,71,373,288,395,192,102,344,421,352,214,430,476,284,428,116
247,214,296,371,8,254,394,226,361,489,99,462,359,342,451,32,246,62,90,137,267,31,216,175
466,366,472,390,34,436,338,173,6,110,481,447,377,134,364,206,198,376,223,268,311,373,428,79
354,488,363,329,191,471,148,373,289,232,242,398,285,56,111,260,467,413,219,268,215,338,484,431
342,128,124,235,361,366,195,374,220,8,311,100,131,317,20,298,242,266,388,294,64,167,476,453
321,354,188,430,436,324,265,106,145,444,45,96,234,453,366,69,103,214,486,454,62,169,122,254
324,92,415,4,332,2,367,402,116,479,373,298,121,124,252,251,155,463,339,76,354,306,268,169
31,355,321,361,83,426,428,489,73,305,366,476,233,412,64,112,196,352,398,472,176,447,115,76
428,209,298,381,433,431,440,422,257,292,65,43,366,31,32,22,134,443,361,202,475,132,409,83
12,239,47,430,144,386,67,83,476,202,472,165,64,359,161,57,463,190,223,306,31,316,191,459
469,176,314,31,226,392,333,177,465,452,342,447,429,113,428,19,112,257,13,476,17,102,468,247
161,424,212,53,485,293,231,90,61,32,197,91,188,125,300,68,31,79,469,266,28,39,446,342
31,336,345,199,374,230,382,460,436,211,44,334,169,403,396,297,295,286,92,331,64,407,215,420
340,472,237,378,302,211,312,150,159,346,170,297,299,287,106,490,361,31,62,182,167,428,13,148
460,419,341,102,299,421,246,408,113,418,348,354,80,67,456,85,53,234,278,193,44,204,399,393
472,413,402,368,183,252,398,449,139,395,265,90,431,100,227,249,304,377,284,117,409,121,169,134
13,463,394,474,117,255,98,148,150,169,314,378,272,31,366,0,121,209,260,252,368,231,139,469
277,196,31,245,490,3,162,155,10,215,49,214,436,265,234,363,164,472,345,365,56,395,68,213
374,298,159,368,388,359,396,412,393,175,350,485,315,466,245,168,87,471,59,413,178,281,164,199
385,367,19,248,266,360,108,308,191,363,387,418,444,380,114,357,215,440,29,413,137,239,447,314
367,303,428,105,235,31,396,385,461,222,430,40,124,292,366,78,341,21,336,340,441,390,144,218
139,472,242,57,438,285,299,115,380,463,146,138,60,280,202,466,27,35,140,455,44,20,178,209
34,322,319,64,294,129,469,169,297,436,263,41,359,215,239,317,407,331,212,287,222,290,157,367
164,23,49,105,207,286,31,261,374,274,185,3,368,338,148,83,298,214,478,383,457,139,461,294
57,294,289,108,342,120,173,128,222,391,299,483,301,427,5,224,116,87,164,201,257,268,424,58
75,462,36,14,369,472,426,315,334,234,48,436,356,332,69,298,402,476,485,337,264,433,314,266
308,76,454,176,42,266,189,453,333,429,31,313,366,469,240,392,124,376,40,92,195,145,183,340
338,245,142,429,211,131,195,190,313,230,360,117,321,366,254,19,444,298,91,247,460,116,112,181
211,362,277,366,273,112,174,20,246,226,172,137,444,488,76,133,257,355,399,376,140,335,439,353
9,328,13,114,169,286,202,81,75,211,396,215,223,443,366,266,378,248,299,373,112,353,44,90
86,395,247,134,221,174,113,215,376,476,268,140,242,272,144,297,178,355,436,59,313,132,49,103
340,400,237,9,172,442,303,264,299,252,322,348,146,304,315,402,398,396,219,439,412,215,218,308
402,361,184,245,62,241,334,21,99,186,139,353,373,152,224,260,218,360,31,41,67,182,169,57
275,367,323,94,488,366,355,124,27,386,334,64,96,51,322,218,41,432,304,456,252,303,31,120
109,42,438,402,337,336,245,482,233,227,161,133,467,71,459,412,72,192,431,65,145,284,195,452
6,362,390,18,61,448,366,190,121,44,336,456,300,99,394,28,253,483,315,222,124,461,220,342
473,403,363,260,61,245,458,428,198,462,472,4,368,45,430,237,123,282,144,327,334,318,317,120
56,392,199,294,470,55,209,32,479,300,36,280,428,401,272,217,222,469,190,120,486,436,482,396
378,175,320,247,332,309,188,264,307,374,352,196,242,488,0,46,340,45,240,350,51,49,243,28
329,303,226,254,286,110,48,205,300,364,463,120,105,453,204,317,190,41,245,31,340,231,23,363
369,1,222,277,409,150,21,484,479,189,65,31,76,340,212,239,41,92,2,176,366,187,383,169
439,66,344,374,108,237,366,223,4,426,362,445,393,300,177,376,331,92,292,31,348,326,214,94
124,237,170,89,334,117,483,473,249,59,61,428,417,95,149,413,148,320,383,395,13,267,81,479
373,118,453,311,157,156,289,271,48,407,112,180,397,261,334,198,296,128,72,175,481,188,298,158
157,61,245,28,190,436,164,110,73,354,127,206,209,433,408,76,220,366,427,252,488,417,2,289
251,402,122,289,120,184,207,169,366,387,295,161,70,215,447,29,333,454,238,278,353,112,35,394
66,293,340,208,395,396,397,46,406,256,45,110,278,118,245,438,219,431,472,209,373,413,43,368
218,213,472,260,288,374,409,400,370,28,156,428,169,117,227,272,344,391,217,142,223,488,184,314
40,160,207,334,8,251,29,175,474,427,188,156,216,304,75,438,418,413,289,109,146,31,361,108
20,298,87,310,188,490,366,282,292,390,198,449,443,341,133,409,455,112,53,63,428,406,267,280
388,49,298,140,218,41,169,467,209,334,400,427,319,70,258,228,332,92,282,6,203,431,7,32
49,428,92,431,232,478,461,407,162,334,190,272,410,292,344,219,380,181,7,483,340,118,320,13
400,135,172,155,333,49,299,86,139,236,394,323,4,21,409,108,61,209,338,307,480,137,382,367
8,148,240,20,49,188,453,388,65,369,57,464,121,426,336,245,223,443,329,62,289,420,79,480
121,388,247,258,37,452,113,415,134,64,475,308,228,460,294,431,289,390,379,137,47,366,223,167
334,346,117,62,308,421,413,23,416,32,212,412,396,298,462,84,196,214,367,483,488,1,25,436
177,334,54,256,253,300,401,319,430,112,85,75,144,436,482,147,162,204,316,150,264,413,385,83
169,213,121,454,368,359,392,45,344,490,329,143,224,165,472,481,339,300,385,469,267,461,206,258
407,442,89,366,374,32,431,371,60,23,319,156,436,245,114,196,149,466,143,188,61,323,7,445
198,31,269,477,324,180,49,355,298,124,438,138,401,368,389,98,366,397,87,430,320,215,393,169
399,153,472,264,453,250,409,325,64,368,131,283,69,311,373,259,32,187,336,322,8,300,42,70
246,322,214,34,472,77,158,196,318,166,221,266,89,191,410,169,330,394,46,6,476,129,411,366
393,245,154,65,237,254,469,363,132,29,235,421,222,61,220,356,331,247,175,97,195,89,179,485
177,482,64,434,119,45,39,436,214,325,174,313,324,453,303,388,478,366,472,256,247,65,431,332
437,227,453,332,387,368,281,58,247,304,258,265,375,91,89,197,252,353,336,105,251,41,184,20
309,442,232,376,49,61,4,366,374,401,446,185,391,35,394,261,190,172,421,464,267,352,136,373
402,31,388,303,273,409,41,277,17,442,253,99,451,186,373,485,423,272,370,413,337,307,467,354
117,155,395,390,305,334,490,394,465,366,0,205,464,214,139,146,175,431,129,162,231,319,46,263
375,267,366,434,268,377,196,80,181,192,266,305,103,130,337,405,25,32,145,338,463,58,214,201
401,364,277,473,463,45,172,220,352,279,412,190,270,135,466,294,216,24,242,31,91,168,314,430
324,169,4,236,56,85,233,337,81,156,39,479,483,133,105,356,131,480,291,411,31,416,344,402
477,394,266,369,241,298,188,452,198,479,362,271,94,283,366,386,391,473,43,483,443,438,401,374
218,139,445,431,195,232,298,488,64,386,419,303,400,479,332,264,17,204,263,9,266,246,295,267
88,394,253,387,283,449,402,223,350,28,215,31,294,314,438,367,274,286,313,366,64,246,400,20
142,319,41,189,179,373,299,97,401,40,312,17,442,195,259,435,403,92,317,420,482,285,150,222
346,155,460,122,70,338,144,161,436,31,245,231,253,24,431,333,373,421,456,453,272,188,192,399
412,363,247,167,388,457,150,61,417,252,256,299,308,307,409,311,41,289,465,54,74,110,266,66
116,239,472,102,478,189,364,158,476,303,401,4,66,362,87,218,11,90,295,462,131,245,456,482
274,76,233,70,182,132,124,30,240,396,51,25,384,382,142,134,164,181,453,81,260,405,314,168
488,420,471,158,27,62,188,186,126,366,300,216,49,344,190,352,414,103,409,274,431,135,177,482
292,321,1,278,298,122,387,348,34,256,166,91,367,189,409,303,117,382,373,428,426,351,251,49
190,431,474,308,119,300,202,296,205,312,393,230,413,466,176,366,266,140,442,374,256,410,222,64
237,164,297,32,135,153,484,412,116,39,29,331,42,243,254,198,233,84,346,394,49,264,83,419
464,188,415,198,186,220,278,207,204,371,366,406,472,437,156,309,436,87,407,462,396,231,383,190
48,485,76,182,63,20,128,352,91,255,476,187,472,49,366,153,228,174,41,272,440,438,342,298
422,350,198,89,49,264,300,475,442,114,286,266,95,426,279,453,161,431,99,464,409,288,271,319
12,429,325,388,393,247,242,282,379,478,451,366,100,463,114,473,310,19,274,373,308,452,433,285
336,157,81,122,308,483,153,453,210,469,48,236,339,49,41,323,441,131,464,257,319,230,166,425
254,380,366,382,298,56,237,147,302,195,266,284,26,211,70,460,149,115,485,5,192,431,334,31
444,28,214,191,221,304,196,260,105,240,484,376,274,289,334,266,25,454,366,344,410,231,31,323
373,130,182,486,470,358,370,78,55,298,216,247,113,198,249,261,134,394,471,319,272,144,63,204
453,240,378,76,285,364,202,370,284,446,23,145,353,334,211,49,386,45,148,317,58,2,435,112
490,57,380,64,364,131,146,200,363,256,456,465,416,333,247,396,422,49,352,336,108,6,410,440
232,463,373,173,421,282,192,321,294,346,319,12,378,394,89,32,3,201,144,145,146,305,437,398
413,88,300,121,323,234,9,454,162,429,102,69,284,271,157,227,267,114,89,304,117,156,371,199
222,413,431,227,457,396,311,390,258,68,248,325,380,285,136,426,110,143,1,436,213,280,355,152
412,24,299,344,225,139,62,155,89,282,320,399,71,440,69,7,416,359,49,453,398,484,22,452
345,431,443,400,368,133,156,373,139,258,364,472,377,119,223,266,353,380,137,236,366,14,92,150
441,231,481,161,434,21,239,84,436,281,377,237,12,366,296,396,177,41,77,379,316,117,297,166
373,273,336,289,230,57,232,298,254,309,267,368,192,214,195,135,407,209,237,188,473,202,357,76
92,139,476,315,231,479,102,465,371,305,20,483,177,12,242,167,31,161,384,292,282,448,350,136
55,425,87,21,454,393,435,238,244,367,444,75,424,214,246,252,304,123,236,237,143,66,259,322
137,79,258,256,264,50,72,456,472,373,300,377,242,368,139,362,350,134,245,486,366,210,247,453
245,265,34,366,348,359,214,145,476,40,426,267,295,2,190,472,433,72,457,367,419,114,142,266
95,413,453,15,336,243,222,373,353,268,40,349,334,31,103,362,253,338,304,367,300,466,202,431
427,61,159,318,32,5,22,466,384,418,226,297,167,414,469,366,252,190,20,321,63,394,45,88
417,342,195,190,412,84,13,300,319,489,49,323,431,413,31,51,214,56,485,483,82,102,96,138
431,139,77,49,455,402,174,112,366,87,422,89,233,62,362,35,244,52,42,412,20,83,71,21
245,31,348,371,157,454,430,334,139,455,5,270,65,367,402,326,344,428,426,366,45,7,374,305
127,98,226,239,312,40,57,24,20,298,204,336,412,30,175,201,251,453,120,467,362,409,17,218
101,481,198,233,409,366,242,272,126,300,31,157,165,195,451,472,214,33,453,434,262,42,112,283
49,4,40,209,222,61,369,275,233,433,183,186,144,41,165,331,245,156,228,388,449,159,0,374
125,286,431,452,466,366,203,18,359,119,34,421,367,475,186,378,103,490,74,215,48,440,298,247
396,390,314,156,465,301,444,298,43,112,103,305,60,260,300,148,375,139,0,94,462,73,122,144
222,485,56,420,477,48,146,218,206,408,386,412,384,426,226,89,289,277,348,49,50,458,64,31
139,9,102,402,342,276,298,337,473,94,483,386,190,59,215,398,354,307,99,188,184,352,41,254
245,211,113,31,451,270,413,155,76,308,272,373,204,348,364,337,9,116,299,267,430,368,412,246
77,472,388,459,331,172,470,342,87,112,264,113,397,55,311,428,144,282,273,373,405,332,103,366
340,426,62,373,431,252,334,276,261,329,395,42,295,325,120,223,393,146,58,59,402,61,105,453
266,424,229,32,373,366,292,367,453,344,140,176,179,95,82,29,455,280,345,482,174,167,190,360
297,370,169,116,472,12,367,214,150,206,239,293,355,28,212,110,222,295,61,373,335,228,179,187
350,95,37,69,439,90,242,302,180,65,239,8,367,18,214,298,400,231,458,35,232,160,98,199
248,20,408,271,3,412,32,478,31,304,112,144,119,21,82,277,268,233,473,245,145,234,432,433
453,187,485,210,250,129,45,373,83,470,435,354,488,64,362,264,459,190,340,226,68,214,419,413
218,70,332,108,459,250,59,353,303,284,425,27,282,364,348,277,128,366,298,139,43,334,390,411
