232,413,61,348,157,197,216,467,284,446,8,239,199,287,356,399,363,366,60,312
49,375,316,413,204,472,41,83,265,334,461,184,40,406,240,388,431,21,356,116
337,480,454,479,369,431,326,295,268,240,247,416,348,373,142,407,463,418,388,273
105,95,476,303,217,4,294,3,438,485,208,376,231,83,474,197,67,226,447,482
346,118,11,123,31,114,259,291,431,103,74,236,407,234,136,336,357,361,79,393
409,134,359,166,286,300,421,127,3,396,163,264,453,29,413,435,79,471,315,56
455,172,135,69,91,313,409,309,186,99,70,298,211,401,145,141,300,156,336,346
226,447,161,336,304,472,337,292,486,322,184,218,476,464,199,401,380,137,103,70
342,410,446,430,315,97,226,453,109,49,214,220,208,94,146,164,424,132,86,266
160,205,462,1,429,250,114,189,480,29,300,130,406,417,208,267,337,87,215,86
426,204,90,209,74,420,373,428,336,107,366,300,463,102,339,242,200,145,417,68
364,45,63,267,354,89,486,374,224,174,452,272,152,121,348,186,366,245,424,139
206,367,246,462,281,15,366,369,174,18,368,409,472,334,186,260,167,220,277,340
442,214,274,150,348,21,159,60,18,312,219,362,3,120,421,228,165,413,417,67
388,243,376,476,489,68,389,301,34,244,242,134,408,433,363,16,171,226,316,123
440,356,40,55,214,112,14,250,139,4,178,264,336,70,420,187,453,183,54,339
484,261,226,292,353,43,426,402,193,162,245,56,237,366,319,289,26,39,401,134
185,31,373,366,48,183,264,49,286,215,476,456,9,418,209,28,179,473,462,367
471,56,59,469,112,308,81,219,157,249,69,366,162,431,64,453,242,430,245,133
222,245,288,199,406,124,29,95,417,393,142,233,175,286,298,105,277,394,88,346
139,356,4,447,485,239,153,476,486,453,31,373,61,99,316,20,388,412,352,323
426,361,393,340,286,89,378,34,127,267,471,129,408,475,218,254,397,12,190,30
366,354,346,160,183,336,316,394,195,364,266,431,344,345,31,333,453,428,319,331
243,186,129,409,308,125,47,223,214,329,21,35,185,407,145,436,306,233,485,161
402,292,323,19,20,247,436,442,312,14,172,353,124,298,57,222,324,411,223,5
58,376,168,187,299,15,485,203,164,341,247,311,32,234,318,334,276,204,333,134
436,352,188,170,30,472,238,157,400,256,40,108,35,314,408,134,297,144,211,374
436,428,174,124,386,70,203,288,366,61,278,185,336,45,320,75,390,247,260,131
49,204,399,214,161,153,473,80,355,13,183,322,342,332,27,243,236,169,386,286
366,136,221,336,215,18,326,31,107,413,186,15,405,265,453,50,300,394,431,354
455,462,61,234,366,247,157,264,394,332,149,142,31,300,235,390,94,352,403,386
59,30,336,181,420,99,373,341,298,177,230,190,247,334,300,266,19,430,382,202
118,30,267,319,40,120,28,448,142,153,305,433,159,436,462,369,413,383,237,168
185,54,375,461,478,218,264,355,266,202,431,363,377,228,184,409,396,175,240,36
233,121,168,366,46,150,447,169,484,453,367,50,344,264,348,61,62,11,396,3
81,94,18,211,431,180,453,479,21,366,190,195,461,200,76,382,79,106,342,150
58,102,40,137,407,412,308,66,136,377,265,96,320,285,338,369,237,419,50,226
100,49,452,327,21,57,211,82,112,149,201,447,472,425,84,408,413,340,331,274
71,135,76,167,369,325,467,266,159,67,332,209,436,451,31,177,202,211,48,274
198,397,19,487,214,159,230,172,102,282,31,174,356,289,204,453,443,485,211,359
327,376,45,374,180,358,193,266,232,6,396,362,190,334,85,187,282,335,371,427
75,242,413,481,331,437,298,440,464,105,198,433,362,359,32,71,350,186,28,273
314,383,307,174,184,352,440,429,145,72,265,102,284,427,180,473,409,280,155,481
478,354,453,58,281,271,215,42,486,258,148,406,409,360,176,90,435,285,336,366
336,72,422,213,286,326,81,178,152,461,268,282,168,100,267,76,219,352,404,334
232,62,371,31,78,56,120,321,338,322,308,244,190,14,354,348,340,287,72,99
247,74,408,268,300,203,18,71,436,366,483,395,371,278,433,25,350,223,80,489
56,465,122,100,49,250,299,310,60,44,25,431,396,13,352,426,215,355,57,336
148,438,373,168,77,226,190,490,366,319,329,378,56,431,445,221,303,276,440,337
478,157,26,310,472,138,355,479,137,296,218,225,322,300,245,140,242,429,452,169
119,245,195,56,260,438,112,84,69,293,485,366,173,247,90,259,37,342,176,355
10,373,92,139,174,294,397,53,325,292,342,446,380,215,472,441,120,214,242,453
83,444,490,421,35,178,352,112,341,43,475,366,396,266,220,431,245,267,448,221
303,443,343,315,457,19,177,121,366,2,402,348,316,454,239,308,298,187,283,164
222,446,488,242,247,275,472,30,156,485,431,314,428,169,245,4,329,486,69,28
174,308,112,373,50,300,354,334,320,367,228,366,426,3,342,52,79,286,152,473
176,74,439,319,209,354,274,277,137,69,89,63,242,292,138,60,106,195,169,64
314,268,323,43,431,115,112,478,430,340,37,286,219,475,481,244,319,70,416,248
304,157,174,135,30,94,474,168,49,256,383,260,178,246,331,297,366,332,466,248
39,425,344,438,238,436,197,361,336,51,202,465,114,486,289,235,244,112,429,188
224,107,87,338,453,138,297,424,442,373,366,150,320,405,79,445,344,83,420,139
336,205,143,308,373,298,237,471,149,15,26,57,238,30,314,480,79,273,394,303
120,42,161,188,292,413,305,373,374,404,354,197,169,105,427,233,64,465,408,171
65,431,213,432,119,446,66,133,209,485,210,207,472,162,391,71,373,266,216,444
0,460,21,226,278,266,430,334,23,287,77,244,124,212,323,357,298,157,202,192
301,429,320,34,431,211,291,3,290,388,32,400,121,122,247,413,1,117,190,426
232,149,238,113,429,366,19,54,430,433,134,481,370,431,171,422,383,31,55,43
469,49,54,139,398,246,473,390,427,472,431,256,145,169,65,20,213,149,464,31
384,416,436,146,483,139,214,135,148,185,168,345,393,99,181,266,27,350,242,102
179,457,309,366,461,85,110,378,43,462,245,370,299,451,78,466,426,240,164,472
53,283,148,142,151,285,134,1,100,162,484,17,95,190,393,413,64,50,394,240
466,30,139,322,214,350,41,36,68,366,373,157,393,483,248,399,142,69,324,145
199,461,90,394,294,153,124,175,156,414,284,31,449,42,371,266,247,416,483,280
333,81,1,8,256,110,31,138,376,355,155,385,202,29,465,431,200,382,446,53
179,118,426,188,32,278,256,53,190,449,462,146,28,486,74,318,446,49,452,204
374,356,61,245,142,16,425,268,322,67,187,136,442,476,103,392,64,337,393,308
490,119,284,83,33,300,20,187,169,260,434,341,32,239,368,337,188,143,481,322
148,232,373,62,485,359,465,196,366,171,374,422,11,410,457,229,472,298,247,113
357,436,336,16,228,102,8,355,453,373,218,238,239,76,160,413,57,11,19,169
446,406,341,69,367,432,405,189,123,70,396,135,490,139,153,171,36,169,402,264
124,284,97,26,336,438,356,401,453,265,345,250,425,85,156,371,116,137,67,239
187,218,188,368,309,259,357,438,175,371,414,245,334,299,49,311,460,431,473,266
422,381,453,348,116,230,139,393,278,226,187,84,374,481,323,402,257,214,368,250
366,363,251,187,125,459,250,208,466,410,142,1,390,184,430,188,469,318,244,158
189,271,137,204,366,350,319,352,371,178,452,166,69,394,245,460,253,161,457,400
35,316,50,357,489,268,352,124,205,431,255,40,196,346,48,428,188,119,490,164
472,202,159,215,15,44,299,81,179,218,129,473,408,325,203,430,488,284,305,152
427,195,159,375,422,352,237,67,135,220,45,373,42,204,18,239,32,344,471,267
174,318,111,364,204,443,298,476,325,472,64,396,426,440,314,226,403,230,247,299
366,111,323,439,87,187,447,160,255,438,353,245,284,247,19,270,44,402,156,301
264,139,72,477,180,0,28,483,70,40,340,382,35,348,183,42,148,377,171,334
105,281,246,298,65,11,14,233,121,180,107,340,334,373,332,209,267,276,142,196
402,259,368,99,366,30,321,204,361,409,384,198,318,438,20,86,474,306,394,294
446,394,237,127,144,445,337,489,204,190,431,188,305,311,110,284,462,388,260,393
169,170,67,348,304,346,404,265,128,131,478,420,334,192,367,419,362,479,315,446
329,364,486,103,475,446,135,238,355,118,261,150,1,134,316,336,112,266,49,51
132,404,413,161,237,271,14,150,190,407,238,280,475,336,353,162,317,374,110,276
373,39,120,124,336,137,423,477,153,357,263,245,214,161,111,46,173,184,237,432
341,456,120,431,369,337,237,425,42,370,37,429,352,471,264,20,485,80,394,29
340,350,346,275,298,107,16,124,222,355,31,146,258,382,370,324,452,303,273,175
327,198,412,336,237,297,92,426,222,103,384,110,21,326,141,458,356,49,423,165
285,340,154,281,112,422,444,388,242,445,393,359,195,61,247,439,103,153,471,366
120,53,15,377,66,308,321,140,203,137,87,65,240,298,218,362,45,423,471,453
409,308,197,76,130,246,485,142,341,381,452,249,211,300,461,126,282,359,266,366
433,461,419,245,189,484,454,173,187,331,107,18,159,31,306,234,48,99,366,21
454,453,461,298,214,35,198,26,221,425,471,105,25,174,219,233,460,373,366,363
354,175,353,453,412,483,280,20,203,85,2,202,189,246,263,410,7,174,204,49
315,103,268,230,286,226,159,49,2,267,212,336,280,390,413,483,277,461,137,15
476,160,159,212,139,162,409,31,81,354,441,41,169,124,170,180,157,381,227,486
150,202,237,211,226,366,453,156,393,291,483,458,460,298,247,151,243,372,304,277
366,9,315,201,70,429,162,53,247,169,460,16,112,187,161,319,192,485,123,373
161,366,464,127,266,368,31,440,195,482,56,118,187,286,324,373,229,59,204,214
187,272,159,366,408,355,185,103,299,49,241,177,118,451,388,370,334,485,435,364
247,122,453,72,342,407,437,462,485,126,8,373,354,49,317,89,232,336,119,413
413,289,388,366,312,344,116,2,70,453,82,428,49,361,210,485,373,158,397,34
160,453,198,438,293,169,261,356,406,17,398,205,412,271,260,140,366,462,327,402
252,451,181,282,465,157,29,355,31,334,42,393,327,453,51,449,462,224,475,353
125,31,421,112,472,298,394,436,388,233,368,144,258,469,89,134,195,378,376,295
291,170,311,30,371,308,261,469,434,145,440,36,399,302,463,323,264,453,366,474
70,266,299,139,31,119,318,488,482,393,202,334,210,430,228,53,366,97,362,214
107,118,298,29,286,31,483,281,366,386,45,247,393,64,482,327,130,398,268,62
143,142,331,376,412,336,281,205,341,35,211,165,406,361,421,365,386,374,29,232
367,294,219,489,115,452,263,334,35,28,155,322,383,95,358,396,148,340,220,357
134,65,455,11,245,402,292,177,178,471,90,482,232,379,157,406,43,260,377,364
405,49,242,474,357,402,159,148,169,234,429,46,97,459,294,260,437,20,228,366
201,235,287,220,175,430,121,338,40,51,475,134,23,251,19,4,145,169,42,31
204,339,18,205,232,336,2,260,415,258,139,99,223,64,299,338,340,366,369,140
231,472,69,324,98,92,374,233,476,352,187,229,469,168,45,112,31,388,20,336
453,94,313,218,32,278,350,132,222,169,479,233,446,175,4,337,76,267,124,395
159,21,47,138,100,149,384,290,379,440,31,110,91,442,106,26,322,25,297,334
404,382,409,138,472,302,396,140,275,53,153,12,373,89,129,480,230,430,443,272
252,364,214,49,355,190,92,454,67,282,131,478,320,336,21,313,13,264,71,365
366,159,488,349,402,49,373,1,9,211,256,466,464,342,169,305,112,468,188,174
378,37,444,436,476,156,69,41,367,286,97,418,383,299,266,275,341,413,4,83
31,374,121,472,460,377,400,136,366,379,483,215,258,28,131,9,12,214,21,203
20,61,190,232,51,431,157,256,302,175,484,49,239,292,63,100,243,393,279,396
169,210,162,457,82,253,2,247,239,298,57,280,39,419,290,267,70,289,214,68
94,254,236,326,139,366,18,268,413,460,286,266,394,477,66,451,401,224,91,373
142,237,319,366,320,195,324,325,169,406,211,247,440,364,469,30,137,78,261,201
49,135,366,388,426,445,394,199,361,112,440,221,210,59,200,95,13,356,373,374
198,167,462,13,116,340,431,482,39,266,211,199,67,453,212,373,366,66,279,164
488,353,408,214,239,162,202,169,449,95,255,396,157,404,294,113,383,338,79,56
142,236,366,278,41,267,31,479,336,21,150,219,180,34,416,138,338,342,146,123
301,211,460,245,216,429,352,153,406,230,253,238,155,266,258,281,366,190,112,212
431,132,338,247,163,229,392,124,361,81,418,8,429,190,61,113,246,359,191,265
453,62,437,188,476,340,474,7,362,308,246,374,313,245,89,211,146,425,472,120
277,85,58,404,293,215,60,366,9,291,184,431,189,24,67,8,20,153,453,40
187,63,138,373,116,269,171,410,266,78,409,167,4,31,90,298,169,256,113,147
459,219,354,373,432,460,133,386,390,409,91,192,111,474,180,489,139,67,315,272
297,302,396,135,81,426,490,59,237,127,306,294,259,405,388,223,118,286,177,100
453,405,462,46,14,29,426,308,321,342,362,298,247,211,58,302,178,431,305,49
286,244,230,303,264,131,15,140,88,474,48,7,453,398,451,431,31,448,67,318
16,408,69,406,391,438,424,303,110,385,199,215,20,317,488,346,384,31,245,169
59,71,266,453,135,285,248,336,137,49,362,292,340,393,332,411,66,359,190,233
99,188,245,83,34,255,253,169,32,386,43,292,20,382,269,13,228,148,300,426
348,426,300,463,260,486,140,48,172,16,373,444,128,155,436,22,448,456,107,170
298,453,224,386,110,393,9,214,185,391,394,136,466,25,113,4,226,209,446,201
94,170,393,247,409,465,453,160,431,304,28,210,388,85,308,373,178,31,255,446
33,110,475,460,90,142,20,394,402,334,398,119,198,292,441,272,63,64,230,139
169,388,245,373,366,69,112,350,481,153,398,32,98,158,190,91,258,234,132,228
322,366,113,29,316,63,119,485,453,295,123,472,102,452,232,428,93,90,58,315
411,289,185,65,366,350,424,252,311,48,373,308,175,77,230,224,174,138,162,329
162,239,334,479,57,426,140,367,431,490,234,336,488,413,400,300,189,4,220,133
288,149,322,425,31,333,87,97,70,447,89,400,302,473,476,145,226,277,220,25
238,25,325,385,433,423,456,135,239,403,413,205,100,464,363,434,166,431,398,277
412,413,53,160,37,373,278,374,204,155,159,428,319,366,317,115,153,398,19,105
169,340,460,264,336,124,408,85,413,366,9,319,119,267,314,198,83,49,411,245
462,103,64,72,170,222,264,130,379,355,305,422,396,5,58,409,139,268,366,144
234,134,313,266,442,174,366,319,483,417,97,176,120,342,453,68,298,464,43,420
307,222,277,247,44,121,3,221,269,464,478,399,366,99,92,321,185,139,402,173
210,356,363,245,299,438,308,31,123,359,79,414,57,402,144,124,442,468,486,431
83,228,374,367,350,385,401,373,438,334,31,196,62,383,315,181,244,186,462,372
438,176,246,272,262,304,426,348,24,7,288,177,305,458,371,436,42,302,31,460
195,32,302,276,148,115,336,467,49,312,232,432,203,453,257,159,460,21,134,69
127,388,342,317,478,49,409,155,203,63,359,68,462,28,37,362,249,30,170,373
77,190,211,117,427,79,71,266,215,294,305,14,453,469,376,334,209,18,437,29
333,462,194,51,103,294,406,402,70,252,321,202,278,463,334,366,105,471,483,380
287,366,275,145,412,256,99,246,261,374,334,463,89,7,62,100,455,448,392,402
428,269,164,404,49,348,167,429,242,214,430,205,320,332,44,131,136,99,217,454
334,314,317,231,367,45,448,13,128,62,92,121,165,244,102,378,196,452,10,307
218,146,49,132,32,224,27,139,346,69,412,336,120,317,157,169,256,31,394,247
373,281,378,266,322,23,260,97,145,398,436,5,462,203,11,310,51,475,159,366
245,370,133,474,471,233,114,212,32,211,455,453,20,30,269,238,300,11,404,366
232,222,472,409,40,154,215,198,299,1,366,202,483,32,392,305,216,131,367,211
464,397,409,19,235,70,274,103,319,60,391,190,214,476,317,387,240,202,207,128
388,377,353,253,278,1,324,354,266,86,247,5,315,17,366,134,6,405,177,122
368,431,209,50,453,353,440,480,354,429,80,120,137,455,366,377,479,307,57,227
121,31,305,458,486,273,463,263,220,319,334,170,360,49,355,320,247,245,45,30
198,413,392,99,145,139,367,250,366,178,341,315,62,484,115,385,369,316,79,97
409,429,139,489,124,461,264,430,13,483,215,320,236,31,287,292,239,462,463,285
244,199,234,250,36,373,47,156,49,298,213,217,446,465,235,439,118,479,37,169
49,314,360,322,490,245,82,184,103,31,342,373,120,29,86,145,114,188,366,81
412,72,8,28,429,370,354,21,206,247,402,245,190,346,290,436,202,118,44,234
246,327,396,397,25,55,352,251,373,363,453,31,144,70,367,88,142,318,378,384
50,36,6,30,334,367,323,112,31,436,274,91,471,134,300,222,157,67,411,137
169,381,177,394,204,29,7,200,348,114,68,92,354,329,431,188,336,142,303,183
226,265,476,169,268,90,39,136,222,373,299,368,77,366,28,210,190,165,484,473
249,217,294,44,214,24,477,81,234,209,395,31,28,83,299,118,112,144,261,426
1,336,298,400,148,429,366,392,373,488,403,320,162,4,43,471,319,134,114,337
176,7,190,393,412,463,481,67,54,268,16,232,401,394,78,3,218,374,256,340
438,303,31,367,205,247,463,381,316,291,188,352,483,198,177,46,239,393,431,398
450,134,308,475,31,81,366,405,394,221,319,465,246,365,199,175,442,167,334,98
121,91,477,40,225,450,269,223,323,42,432,380,326,391,463,25,431,254,344,490
134,329,366,300,284,245,232,326,165,113,112,337,95,472,373,471,173,97,223,85
239,366,112,137,285,198,377,1,187,317,452,394,169,250,78,154,246,388,350,181
138,485,108,49,304,221,91,85,204,366,447,169,410,20,373,68,7,292,17,211
391,385,49,166,63,215,32,11,298,362,255,354,161,266,332,139,457,90,66,80
333,460,246,388,435,146,58,124,34,298,268,453,185,314,336,373,374,3,327,282
412,391,366,124,300,464,249,126,218,305,190,467,336,369,252,62,0,242,154,230
116,332,23,98,137,210,186,387,256,51,184,70,31,66,479,245,81,241,263,260
148,368,82,247,221,381,246,412,426,366,398,237,171,327,11,266,429,436,49,142
54,400,177,159,326,214,431,36,378,374,215,17,285,302,148,461,390,137,419,338
488,211,239,412,319,337,297,394,140,304,169,31,195,472,373,256,51,25,453,469
479,403,486,447,17,431,148,309,117,247,326,242,134,387,42,332,472,284,308,197
55,202,393,414,303,139,274,66,49,64,366,430,70,431,32,28,204,56,382,20
58,119,268,116,61,254,136,471,155,110,21,221,122,364,54,398,84,65,245,300
425,76,294,20,374,436,85,366,401,83,429,325,419,324,488,433,273,346,215,472
294,322,485,64,198,431,374,187,166,220,323,169,398,394,43,381,21,316,178,373
135,341,32,122,239,297,399,420,439,319,271,133,449,314,202,266,140,421,460,274
396,53,92,139,334,484,226,402,124,326,211,207,324,464,120,31,89,261,463,101
319,258,118,129,464,112,149,356,221,471,247,407,44,455,87,197,223,447,466,35
171,223,56,304,265,190,318,64,366,112,250,338,142,31,116,144,35,324,431,477
166,316,242,485,446,223,438,373,469,425,252,83,400,116,2,219,139,243,439,175
317,374,297,254,463,79,352,361,338,191,360,124,58,98,442,231,41,316,214,53
158,394,418,367,366,53,465,384,202,346,364,174,350,112,455,406,196,275,337,298
263,145,226,396,184,187,354,355,204,371,198,247,373,388,340,466,318,400,157,387
262,276,83,175,71,137,119,471,145,310,271,242,334,248,442,70,304,366,43,254
215,372,286,366,185,472,446,184,413,56,86,32,280,24,84,266,233,394,402,421
42,168,21,294,385,366,215,230,322,488,433,31,13,155,453,362,177,98,27,68
156,18,324,79,345,103,366,377,375,476,32,214,206,483,433,326,303,63,259,341
171,35,271,20,459,148,298,336,185,474,42,112,215,405,303,376,426,103,261,369
366,304,65,429,105,80,62,316,322,165,121,462,170,421,298,49,188,245,155,453
113,32,1,227,366,29,40,425,358,331,342,140,351,293,363,206,336,186,402,41
386,429,436,32,388,469,239,445,322,274,350,371,412,431,31,91,214,4,169,366
228,227,396,278,248,62,145,14,382,77,428,460,52,375,427,71,298,7,214,76
49,218,68,242,335,166,146,337,188,273,209,298,187,67,325,374,64,85,275,165
156,316,298,373,362,366,209,15,27,396,340,214,413,323,338,139,454,416,184,205
83,263,338,198,373,169,95,273,268,328,188,157,144,245,5,200,472,112,355,152
374,256,177,227,348,211,334,429,137,181,342,70,350,320,157,149,367,416,285,431
229,315,264,216,46,362,92,369,78,328,150,235,346,476,398,93,54,442,169,373
77,155,366,247,29,31,176,365,33,255,5,383,198,45,267,71,322,431,140,474
245,283,366,57,198,472,377,76,431,285,140,257,286,50,210,244,153,214,178,469
315,85,180,15,176,302,404,305,221,278,254,486,217,246,461,139,464,358,256,281
41,61,115,276,324,334,89,451,185,325,68,116,482,205,344,190,102,359,273,191
421,367,239,394,31,122,295,385,368,319,326,393,62,292,202,159,359,328,60,167
206,214,5,439,338,173,160,89,3,249,466,280,69,153,430,260,143,238,432,128
23,368,458,289,408,31,374,132,55,338,161,100,440,406,304,410,336,43,466,19
148,267,454,274,133,87,69,406,431,241,485,261,474,455,247,353,484,430,197,32
374,350,27,248,40,139,413,266,274,112,68,198,323,43,353,373,352,187,94,237
171,292,188,139,336,210,421,366,392,457,40,48,394,463,396,163,15,258,465,431
490,229,76,426,308,82,121,451,240,14,350,185,433,286,417,471,144,319,20,412
266,41,249,450,230,417,298,431,403,319,213,281,310,21,282,341,4,98,414,177
199,462,259,245,377,251,271,374,453,153,118,431,34,366,108,364,373,99,472,397
398,41,451,436,103,440,366,139,89,214,488,90,105,303,81,267,419,157,438,49
442,20,336,9,260,268,256,292,330,217,36,7,167,96,321,37,366,382,352,294
366,75,273,336,357,405,67,440,116,354,151,36,221,112,1,447,284,149,264,45
273,353,6,139,204,145,49,25,153,413,322,31,77,342,19,260,156,261,271,170
244,177,133,488,89,218,286,333,413,456,123,97,426,105,215,266,331,262,58,190
344,276,49,374,257,180,89,442,464,394,65,155,81,31,334,242,133,260,227,195
453,362,337,335,256,76,354,385,366,69,147,211,400,350,112,259,31,303,110,226
253,260,471,453,366,373,259,138,86,323,118,247,99,245,296,69,202,322,266,409
250,172,61,169,282,431,397,412,442,214,336,190,416,128,247,49,140,366,234,283
175,363,331,112,245,337,211,249,305,182,393,465,19,253,172,42,264,178,157,269
103,128,424,314,231,10,399,253,469,105,367,362,361,249,363,95,114,121,234,400
358,178,394,39,231,95,475,244,334,202,121,382,259,338,354,248,230,377,332,137
217,379,49,18,247,410,261,32,390,21,280,254,373,294,246,267,223,224,255,2
20,352,425,31,29,471,431,149,30,281,434,248,119,160,373,14,183,335,213,280
360,158,214,138,421,152,94,333,373,309,118,257,432,483,388,480,42,406,451,313
54,85,466,405,18,246,166,384,366,476,486,253,168,308,454,211,179,318,130,169
366,463,245,408,119,279,413,169,58,0,187,88,430,69,313,311,139,251,401,452
217,489,8,342,349,187,452,485,368,254,455,149,410,172,207,156,453,144,168,118
49,190,472,253,205,40,144,400,367,396,251,204,435,394,12,325,464,282,406,318
440,26,453,155,121,122,253,337,78,357,189,48,161,57,61,223,118,346,233,336
124,112,450,308,472,421,317,140,145,410,20,70,336,266,47,159,372,464,34,203
51,381,385,61,438,209,342,406,309,465,141,481,394,132,325,202,221,422,124,109
83,48,481,172,266,288,63,459,307,455,181,195,267,408,421,275,127,259,486,462
322,355,304,110,139,366,0,106,76,286,452,260,9,297,204,475,249,246,465,28
297,469,320,114,209,413,134,417,394,0,179,159,385,336,76,169,84,177,400,148
300,424,373,161,209,386,156,277,41,421,397,120,321,413,49,195,485,31,484,384
155,13,240,1,54,235,401,222,162,340,49,440,451,344,354,471,254,274,205,266
258,234,184,266,431,12,161,173,11,57,319,50,157,44,198,23,174,205,127,144
366,204,449,169,401,475,416,51,409,350,425,305,178,57,206,310,413,192,412,142
103,368,396,426,9,382,158,110,400,398,418,57,214,292,376,282,453,431,211,298
266,473,292,464,483,486,332,298,51,204,231,279,355,300,261,155,409,485,124,156
161,452,11,61,22,41,59,445,190,417,158,51,433,394,463,144,189,467,89,203
447,469,120,324,486,346,112,232,367,243,218,475,313,59,385,321,358,198,99,298
394,388,175,406,189,298,288,207,33,247,40,420,455,246,245,303,198,413,149,326
486,114,121,118,319,438,397,246,98,398,440,119,31,247,383,295,245,207,144,430
4,112,247,110,455,242,5,474,339,134,308,286,467,428,243,159,176,396,49,488
398,430,394,317,292,395,384,422,260,472,99,49,21,175,132,245,298,405,102,151
430,5,148,81,366,190,92,382,35,243,371,100,381,336,481,484,253,284,201,195
381,399,336,469,383,42,373,243,483,355,377,354,31,386,121,236,443,198,27,59
252,426,260,421,473,247,334,188,469,121,374,155,28,232,422,170,169,490,440,366
181,463,378,411,119,209,410,121,214,434,250,49,325,366,372,350,431,136,267,386
436,431,375,398,91,215,413,125,456,377,466,424,262,195,476,469,62,383,448,434
374,476,447,461,378,117,453,223,336,304,402,485,88,431,215,366,388,433,108,365
400,298,322,428,9,142,70,311,253,182,449,331,455,320,43,69,374,256,488,135
396,356,303,241,352,450,412,40,362,368,429,442,428,373,198,102,64,230,431,401
366,350,409,22,453,315,489,64,263,215,200,420,436,89,384,54,204,392,397,91
453,183,460,31,397,87,380,312,206,128,266,483,250,416,20,190,51,300,79,272
7,260,373,49,409,298,67,31,340,272,142,362,226,266,164,375,383,124,386,417
348,1,231,227,366,247,49,165,481,108,233,31,4,169,254,393,173,90,229,437
265,463,368,95,198,3,286,453,240,44,145,364,139,338,336,186,181,394,319,359
348,169,471,263,352,165,246,49,319,363,464,41,87,414,426,442,156,406,247,289
431,2,486,238,356,16,366,49,191,239,243,57,165,32,196,223,353,25,483,137
135,392,429,238,50,260,452,266,89,299,146,443,101,42,132,119,300,348,337,322
146,63,123,275,41,188,266,385,374,29,395,12,289,124,31,465,317,121,214,366
55,209,368,190,227,366,210,413,391,319,490,67,81,163,331,380,457,215,403,393
488,405,188,87,5,271,265,417,9,484,436,230,336,361,105,282,42,19,356,118
486,323,41,161,177,150,294,180,396,159,352,260,203,288,49,282,436,114,356,152
322,266,388,362,125,439,334,139,364,281,45,118,371,89,267,88,92,464,476,8
125,2,49,439,461,352,483,247,254,145,388,185,446,393,41,116,362,464,0,112
169,456,189,50,438,19,319,42,18,318,165,215,198,211,283,366,388,421,70,110
249,366,142,146,75,62,231,245,361,112,272,406,242,373,77,247,63,149,181,65
184,4,297,440,298,141,261,300,244,189,473,70,373,166,214,455,355,96,10,396
475,175,459,53,285,275,12,258,121,319,360,297,427,222,232,85,478,311,131,212
179,332,221,44,64,49,152,108,319,327,490,5,242,234,353,31,20,267,181,349
484,268,280,119,32,377,129,431,185,39,190,139,173,316,452,426,187,115,413,320
79,400,185,143,46,214,267,422,342,138,29,42,348,374,198,436,81,124,435,89
190,297,289,181,250,475,373,364,286,242,9,396,74,342,352,309,137,179,400,368
413,426,325,377,436,235,388,27,183,45,359,393,9,31,218,231,300,114,453,465
157,366,187,269,150,339,28,100,299,124,208,106,265,388,161,216,371,476,169,204
401,366,346,290,72,103,260,439,31,13,421,281,42,186,407,287,184,140,23,414
49,276,399,453,76,336,242,450,315,149,355,220,266,468,159,61,356,460,252,71
293,308,480,316,31,159,351,393,348,61,48,357,448,158,204,453,231,49,362,367
472,431,485,32,305,340,270,474,325,228,28,468,137,260,31,203,49,382,253,294
219,266,100,45,31,190,436,375,112,482,354,341,472,174,187,386,463,114,245,319
26,162,222,147,298,403,387,25,402,187,384,392,463,447,2,316,465,466,209,15
340,82,413,485,154,371,254,308,40,198,301,384,362,442,170,49,19,253,174,54
435,394,255,113,207,71,0,190,268,105,329,53,267,334,146,352,264,338,9,100
366,32,308,483,336,298,154,28,222,269,112,73,69,245,140,6,467,103,31,317
277,148,141,214,83,366,338,49,132,155,146,258,169,11,127,202,114,31,391,197
350,233,246,100,425,468,41,28,150,175,85,407,337,346,447,292,352,431,432,50
247,65,116,373,430,305,137,314,392,470,425,139,260,371,15,325,431,378,12,51
254,346,41,204,472,96,298,23,31,164,235,404,103,16,105,196,294,322,371,401
300,189,413,202,472,49,283,206,155,388,373,218,432,42,265,120,366,447,407,184
188,334,465,392,413,453,308,477,306,371,369,160,373,322,226,191,267,366,204,2
459,307,451,218,254,108,32,374,212,428,465,174,188,125,155,6,412,87,73,319
232,39,48,139,267,110,276,164,247,117,171,192,396,431,257,334,393,198,218,259
20,92,482,390,74,466,292,120,393,336,175,99,376,31,236,71,453,123,206,378
309,431,265,80,465,489,298,218,227,169,187,303,453,252,412,359,42,214,430,393
65,364,245,439,129,68,231,257,221,359,350,54,278,201,110,48,150,443,287,271
413,474,366,303,460,453,49,19,480,243,368,42,392,267,212,252,315,95,135,191
466,70,127,489,162,19,420,261,246,350,337,184,439,201,402,92,161,140,99,202
479,200,336,201,258,245,266,124,148,136,390,254,100,46,49,306,387,392,453,315
352,182,214,56,39,298,81,146,32,485,257,253,74,85,366,396,469,113,436,399
215,142,173,149,434,299,80,53,408,56,476,75,20,426,442,366,230,130,379,159
88,53,392,68,433,333,344,209,352,470,122,247,431,446,181,331,325,413,216,463
338,246,134,32,386,366,485,340,29,169,400,209,416,139,157,317,409,159,453,368
32,208,390,259,354,374,360,185,306,188,120,267,103,96,436,296,13,85,292,366
63,391,309,242,453,45,87,58,248,234,50,383,404,352,368,255,40,422,366,145
364,357,368,175,431,469,426,336,305,31,488,479,46,187,142,95,30,109,254,463
368,296,374,411,178,385,118,441,426,242,340,359,48,388,238,145,293,61,137,45
305,187,121,387,319,110,303,145,31,373,408,246,18,282,376,135,266,381,228,365
25,292,220,95,319,39,72,235,87,175,475,413,112,298,237,463,448,393,134,94
32,124,413,42,444,105,233,29,147,459,313,294,121,48,445,142,367,210,286,64
155,245,334,233,364,234,437,266,209,21,57,371,311,463,472,293,9,190,354,366
147,366,417,264,250,296,270,31,340,454,243,69,251,308,475,373,41,300,175,55
35,356,486,408,428,373,257,256,176,144,240,85,320,371,322,58,82,70,383,282
187,446,211,131,192,105,285,476,462,354,292,373,190,299,453,209,336,13,366,417
36,159,413,150,305,490,260,139,35,452,69,457,367,11,246,362,198,370,321,417
250,483,115,430,476,179,56,36,162,134,50,428,10,203,157,482,486,444,369,333
201,471,135,374,227,134,288,476,25,198,304,442,210,300,292,211,79,87,363,453
28,173,366,307,48,367,365,53,0,418,39,343,466,431,411,336,69,325,79,270
217,81,317,386,90,144,266,390,391,287,148,25,79,257,383,300,344,34,415,17
405,224,264,393,342,392,431,14,384,346,178,89,340,485,353,155,461,374,187,269
357,234,10,462,46,303,402,431,464,461,409,297,432,366,148,5,30,268,241,60
256,3,448,281,344,169,274,1,417,312,144,339,189,453,299,213,311,220,245,334
442,374,338,382,135,336,246,103,55,87,130,9,20,420,70,450,352,240,134,219
282,336,266,406,414,273,443,84,77,126,211,112,366,354,261,32,89,43,41,6
327,317,49,152,299,358,429,174,439,247,84,481,335,431,466,109,42,362,426,430
119,113,476,374,471,115,461,99,398,459,383,31,204,298,227,323,427,300,266,316
483,261,204,421,127,273,112,307,209,367,431,41,124,159,472,110,373,149,128,118
291,377,413,245,381,479,431,283,308,412,148,11,12,368,214,14,305,121,373,472
57,431,469,367,41,209,286,460,462,145,386,117,414,266,288,472,366,443,214,338
201,373,175,211,393,95,57,400,219,294,452,21,388,355,114,366,141,2,43,6
362,64,84,323,373,484,40,488,348,70,465,98,330,31,472,12,26,253,439,184
267,136,247,255,373,124,447,334,118,331,209,409,402,27,298,374,112,385,431,256
164,334,26,325,77,377,55,478,148,184,155,246,463,169,202,292,8,114,284,323
434,157,91,135,6,226,398,310,350,480,199,31,393,373,401,366,332,176,252,50
121,404,186,446,204,386,15,139,44,268,298,402,419,322,248,155,374,434,348,286
378,28,170,180,79,252,121,294,92,439,448,105,353,424,369,130,386,247,334,409
202,373,188,381,403,1,433,75,429,142,320,61,315,159,399,120,21,367,69,239
341,336,70,360,52,373,160,4,272,191,300,31,315,198,45,270,169,388,311,61
105,107,373,216,366,472,244,434,220,292,68,298,214,209,342,415,42,119,334,265
182,108,216,34,89,462,13,474,380,482,416,373,31,60,56,124,366,145,433,408
334,53,4,402,366,412,49,239,302,486,146,291,325,401,290,75,452,319,429,292
132,159,67,426,316,163,41,81,31,436,153,299,196,181,383,334,1,446,137,200
1,373,394,383,272,8,153,49,439,348,469,204,131,121,431,89,472,176,221,31
110,445,483,377,9,24,257,121,474,472,366,186,348,259,475,409,202,60,422,129
358,431,130,359,462,187,372,472,479,334,433,139,469,398,341,425,474,124,16,264
448,412,431,71,11,115,338,81,223,479,123,310,264,16,387,83,37,132,424,84
413,366,29,322,404,112,46,438,228,490,401,442,251,71,169,464,232,386,162,246
210,411,407,76,214,266,316,362,178,365,380,164,3,288,79,203,12,385,166,97
51,265,266,189,148,114,366,409,256,28,338,35,334,227,64,469,373,318,445,246
436,351,353,453,483,39,18,489,294,125,339,367,221,92,342,442,198,139,124,298
75,431,436,391,409,0,79,464,373,247,461,198,92,372,262,168,49,204,366,479
211,334,62,426,431,214,156,472,23,207,414,265,209,270,429,264,259,438,36,459
73,242,475,300,312,485,215,80,148,158,187,48,299,294,417,139,95,196,366,468
140,419,112,258,159,352,394,228,383,251,486,442,76,374,175,200,153,12,45,336
282,336,431,365,102,75,318,416,49,388,409,41,223,251,175,205,434,113,28,451
433,121,394,223,36,466,114,188,366,25,173,364,221,16,66,170,31,426,431,20
267,396,150,221,342,155,460,393,453,318,189,139,46,11,199,328,300,366,159,48
292,122,320,409,270,366,209,2,220,245,391,298,443,355,344,334,352,462,476,356
292,448,417,373,265,316,229,137,56,218,411,346,1,407,356,25,267,160,8,455
112,285,220,126,284,421,323,340,110,478,179,393,463,84,304,177,337,161,10,212
260,81,175,455,247,471,134,427,300,31,431,25,210,233,199,285,486,42,430,440
239,40,221,46,407,394,231,31,480,168,285,388,443,185,430,357,346,91,99,373
170,197,350,214,434,9,159,160,110,387,60,245,105,326,356,67,174,325,456,144
354,251,94,388,29,198,169,30,320,246,286,300,289,109,268,311,308,177,369,336
367,178,402,418,475,144,25,2,422,286,366,335,232,107,247,103,396,345,360,284
31,56,100,226,288,199,268,168,246,433,69,366,39,219,485,299,361,32,373,202
448,111,355,366,254,106,31,112,334,298,399,402,235,472,232,381,390,373,214,3
207,486,369,274,169,295,462,393,155,12,457,146,292,23,366,28,333,381,428,43
176,9,218,31,396,488,302,214,366,190,299,236,303,300,67,142,431,335,409,164
366,65,364,188,465,489,430,145,334,373,0,401,393,396,355,221,381,17,68,367
291,28,352,390,83,90,261,300,2,1,211,142,222,161,13,219,67,298,284,95
272,68,70,394,266,222,181,156,408,218,359,28,386,474,472,385,441,207,85,115
44,51,69,119,198,234,64,388,215,403,114,245,481,309,147,462,187,102,13,344
42,142,304,442,422,459,454,334,274,337,247,433,113,253,76,366,373,289,31,184
308,139,298,49,446,374,90,305,46,373,202,368,325,412,87,169,402,366,289,282
381,366,239,372,178,218,153,233,298,257,169,199,348,66,227,118,186,230,266,100
464,366,29,295,101,372,118,117,86,31,135,193,427,30,20,395,358,8,112,189
4,8,453,183,231,408,99,319,233,169,429,69,311,51,430,48,31,484,385,177
44,261,67,161,65,340,146,468,91,354,87,380,398,428,251,226,169,372,54,142
70,486,21,188,426,311,366,99,267,201,157,49,377,61,72,169,300,32,298,274
142,105,459,369,64,396,384,266,163,366,171,148,31,483,61,211,85,185,336,259
46,189,387,150,311,261,41,386,323,453,330,475,226,308,257,297,218,352,455,402
72,70,366,44,198,337,473,354,403,131,353,430,336,222,91,472,316,175,259,396
228,341,370,402,190,243,285,37,436,282,396,263,399,261,214,476,367,196,31,245
32,21,148,299,126,114,261,232,431,15,296,350,86,286,81,342,366,61,481,226
135,373,188,95,22,412,460,436,299,396,87,391,413,420,33,63,475,142,189,334
205,373,413,368,121,28,146,393,31,415,115,366,150,87,34,266,369,401,6,407
431,298,233,105,312,390,168,90,231,476,22,132,303,146,388,454,429,452,164,160
192,373,412,144,299,222,196,407,186,6,245,380,319,350,300,332,138,354,284,229
437,233,61,382,45,162,153,245,185,9,297,421,397,366,439,395,423,5,484,409
407,270,139,223,247,403,342,365,305,370,392,282,94,315,442,249,202,156,463,245
311,63,373,366,265,145,92,294,308,221,488,88,120,48,354,374,143,32,256,67
245,453,268,244,113,135,226,72,24,22,107,466,126,476,345,471,31,446,355,357
414,448,425,139,164,336,243,359,360,7,286,122,439,329,263,316,306,235,48,298
356,380,230,396,9,20,373,190,72,81,165,270,282,336,292,446,219,297,294,300
479,130,306,220,103,370,398,227,313,32,21,288,383,82,373,211,195,216,455,278
173,306,277,399,336,366,425,8,324,45,309,209,149,117,247,250,486,315,89,72
485,249,481,29,240,96,3,89,298,85,28,266,368,394,136,90,216,426,244,256
336,89,31,439,171,348,63,371,67,64,471,3,75,211,366,349,483,286,345,202
305,366,31,81,114,373,413,471,300,198,342,461,163,378,298,105,269,239,103,5
178,44,321,353,367,49,149,361,140,139,48,426,449,115,228,84,138,113,245,260
412,338,9,334,282,62,187,233,424,25,203,325,175,484,169,449,264,472,31,295
235,24,135,188,455,284,413,204,392,285,119,270,362,3,32,193,124,275,168,468
116,272,172,211,289,469,155,14,31,101,266,273,386,337,330,64,75,123,325,436
266,350,123,416,264,156,23,384,94,244,412,413,161,6,233,45,300,305,392,85
364,366,403,406,244,410,481,64,408,398,91,479,422,187,472,77,277,371,434,76
388,120,373,394,431,233,29,248,368,473,384,404,429,426,413,355,46,444,285,446
40,64,440,366,205,294,55,424,484,214,166,328,334,51,84,291,204,471,39,417
366,364,205,484,169,114,206,7,456,207,429,460,92,396,115,339,402,53,191,176
357,305,348,185,157,296,453,47,266,373,334,31,397,160,261,421,369,322,324,134
366,247,9,423,472,64,367,222,250,110,310,428,241,184,12,488,348,421,190,281
362,464,340,429,68,146,49,365,141,436,176,366,316,118,460,394,212,203,196,99
207,6,366,405,322,139,388,245,81,236,155,283,344,303,268,273,3,373,32,203
270,446,119,393,105,453,114,238,159,288,247,92,76,181,240,60,83,357,245,469
434,215,245,110,242,488,474,422,278,373,442,364,86,139,7,58,41,366,141,197
314,251,70,61,30,360,336,393,366,304,374,124,373,210,367,283,227,149,309,3
32,300,420,286,352,338,232,294,404,174,465,336,396,196,20,489,292,482,366,314
366,426,455,236,49,449,322,244,304,346,431,56,31,402,382,482,88,190,396,387
373,185,326,374,463,376,424,271,479,153,394,359,401,254,108,169,472,209,368,267
454,62,373,27,298,462,190,393,230,338,92,206,367,87,342,200,60,159,413,406
274,440,226,386,312,268,252,472,258,99,49,209,245,331,409,407,76,442,302,107
142,266,126,294,340,284,251,174,46,419,135,253,366,196,53,283,354,278,457,303
99,7,230,292,56,168,463,140,454,352,84,32,49,337,169,41,390,33,132,324
372,300,257,43,338,284,291,424,60,374,395,381,220,352,49,164,4,189,373,99
273,472,382,390,355,357,420,415,158,20,374,438,298,465,463,342,217,44,127,64
295,97,271,160,317,402,400,265,262,386,366,254,65,479,352,435,18,412,303,71
402,377,366,278,216,157,82,271,332,373,354,9,254,161,190,386,105,431,292,62
453,472,124,239,150,126,38,484,338,304,292,466,489,3,268,173,322,368,206,105
8,413,334,211,98,244,409,392,308,424,258,251,169,43,197,274,150,279,342,431
198,131,70,45,426,188,61,121,13,66,272,431,100,246,244,362,490,294,373,49
247,336,104,284,146,266,486,378,59,453,305,49,286,200,50,196,40,254,221,189
489,201,13,1,198,17,341,264,288,342,134,393,112,42,369,253,463,311,85,83
377,437,249,190,298,334,474,390,350,44,484,49,232,412,450,435,337,358,169,155
410,191,413,149,302,313,304,211,37,289,89,214,261,169,100,340,124,139,203,201
147,220,177,271,43,102,423,76,282,288,19,196,476,353,99,472,269,69,346,149
54,22,134,36,426,425,164,429,166,175,245,20,135,412,113,430,317,156,171,392
45,31,388,379,453,488,174,316,394,135,429,128,485,447,484,241,51,235,218,32
413,123,350,173,298,53,126,190,455,339,284,336,346,45,277,241,280,166,76,366
137,30,485,166,373,172,254,346,85,169,68,301,214,24,334,3,375,144,476,369
252,227,246,413,28,127,199,255,49,393,277,367,178,483,317,373,436,430,8,276
461,335,160,285,49,387,440,417,266,106,348,202,372,28,2,110,88,242,119,398
370,126,176,394,388,352,218,170,1,24,426,75,130,205,418,92,69,138,396,256
209,424,88,308,395,304,167,355,246,56,469,245,160,214,373,381,406,179,313,465
135,443,165,42,29,298,472,446,284,142,366,373,436,220,11,2,300,266,145,48
220,253,165,325,421,176,334,163,137,337,128,400,260,150,233,413,402,277,22,57
14,350,234,372,377,13,198,242,388,81,397,43,321,218,137,31,421,469,136,135
57,154,238,187,476,65,211,179,214,226,291,405,81,7,164,258,454,237,178,286
156,178,366,247,169,409,453,134,9,14,364,157,73,159,177,186,139,267,421,128
472,184,245,42,483,163,461,90,322,142,168,414,353,29,119,381,40,321,49,390
430,320,134,168,483,31,455,72,472,317,292,222,394,204,294,354,393,127,84,464
288,65,63,117,423,8,413,486,201,322,325,29,276,246,292,21,171,424,162,448
360,319,475,40,234,6,148,460,430,322,125,307,454,465,352,247,313,31,406,412
214,338,163,136,139,47,87,314,368,153,430,235,185,460,488,261,455,403,442,31
47,430,174,53,237,100,115,96,40,43,18,231,323,342,182,27,9,474,417,317
472,7,366,174,221,139,214,488,272,9,412,475,298,238,452,208,106,394,228,281
314,407,199,214,92,381,198,210,303,142,390,181,248,154,413,0,357,40,411,267
159,253,208,198,152,432,113,1,171,298,231,348,409,300,286,163,219,394,203,360
247,366,41,3,381,190,438,84,178,380,464,319,338,97,397,103,42,245,323,295
272,340,311,336,373,76,25,366,305,476,321,131,442,195,59,260,394,406,407,230
452,366,247,453,0,79,462,110,374,124,301,198,69,266,143,386,289,214,488,184
239,134,325,211,103,400,124,465,396,120,175,105,231,374,373,32,322,262,19,204
112,81,360,271,398,266,80,20,29,54,51,472,230,156,209,445,160,449,298,135
408,218,474,225,292,452,203,84,401,202,289,43,272,35,127,430,357,485,21,14
226,464,462,388,489,350,233,373,324,43,11,322,167,398,366,94,446,169,382,145
366,140,72,469,413,474,3,11,214,54,390,398,125,275,437,447,92,431,15,265
107,472,402,211,153,431,25,140,139,199,42,374,167,198,188,81,303,227,48,357
442,366,397,95,293,167,148,433,134,69,186,265,70,74,378,238,83,298,201,162
280,377,222,376,56,268,307,78,453,472,448,69,95,58,12,227,188,70,363,375
201,76,473,408,416,383,31,386,99,398,409,96,374,230,396,195,97,417,77,19
85,163,174,440,145,267,326,137,138,426,164,8,188,218,153,354,42,345,369,367
384,160,61,353,124,324,200,302,365,336,4,420,271,125,232,448,82,335,117,317
323,436,368,412,64,431,127,334,3,70,178,278,381,86,73,67,313,332,453,266
69,373,433,62,155,36,185,366,186,114,240,137,245,390,429,401,63,147,139,364
55,400,83,386,42,354,352,434,7,443,415,367,0,235,243,414,382,125,366,402
111,341,289,280,315,105,344,60,463,254,92,393,211,388,478,454,408,156,383,348
377,489,453,433,48,115,361,89,311,162,429,197,247,100,161,285,31,481,454,272
19,251,428,406,475,271,69,209,373,489,183,103,259,485,121,352,465,411,453,452
266,158,320,114,359,472,305,153,439,270,90,373,85,340,446,390,444,208,366,350
463,292,437,440,229,394,388,122,158,380,431,374,233,284,50,266,65,433,220,226
201,88,454,391,228,319,246,261,42,131,17,53,83,373,128,413,469,335,148,471
232,421,40,338,119,413,35,61,469,451,295,366,42,482,407,275,49,376,245,124
99,366,209,72,376,169,120,65,413,25,353,461,181,373,288,153,11,424,428,283
479,196,76,253,151,483,336,79,436,100,124,466,373,252,230,130,232,67,388,267
265,140,58,73,469,336,280,326,366,369,41,429,386,70,363,118,169,425,253,464
334,53,175,299,366,431,404,78,233,398,124,286,47,139,56,135,83,65,483,249
317,235,482,394,315,142,228,16,476,432,169,252,173,429,366,148,218,199,239,223
169,393,336,168,198,442,160,368,398,485,8,481,244,464,149,98,32,10,221,128
34,332,40,236,437,388,24,366,355,476,331,429,183,31,239,188,375,428,151,190
431,136,239,413,460,471,56,148,109,215,31,473,319,166,292,472,351,315,442,64
195,48,237,453,226,378,1,155,4,204,273,367,113,257,159,172,331,336,431,64
164,169,10,490,288,482,298,392,41,430,359,334,89,398,81,431,380,366,267,12
280,190,287,89,63,338,432,185,81,120,422,144,305,207,366,91,100,76,382,315
210,448,293,385,214,186,334,430,87,402,233,108,337,118,394,279,377,257,364,472
482,230,319,118,202,292,272,439,485,451,426,234,218,398,374,409,283,161,148,35
202,300,448,342,137,472,168,484,442,198,24,294,266,436,39,10,83,174,489,28
57,39,91,386,243,394,266,439,226,249,382,255,239,406,431,50,49,429,68,17
481,443,70,233,12,244,366,436,324,294,447,275,102,282,96,29,446,482,373,187
393,245,160,421,146,342,115,401,186,47,291,100,89,25,437,40,376,78,396,76
438,155,140,266,362,139,416,40,285,17,294,304,476,457,344,490,311,338,249,386
373,382,108,237,148,259,266,397,366,322,364,244,413,137,383,410,455,278,294,46
103,342,435,390,454,214,479,396,163,31,263,47,292,161,91,281,329,267,467,234
366,99,286,453,268,275,9,488,222,82,204,356,54,382,264,139,232,271,12,355
266,165,57,285,135,308,272,209,477,166,454,326,456,83,443,403,373,284,232,352
453,324,2,180,246,322,247,461,300,467,386,427,199,373,122,156,235,176,463,330
273,472,48,371,114,490,443,278,77,211,185,100,111,162,142,426,292,309,383,188
49,81,169,76,205,478,436,298,368,323,144,469,195,231,393,441,364,452,472,416
89,196,338,342,476,336,79,202,197,176,220,366,146,173,440,264,247,86,246,464
42,393,253,274,314,15,2,433,475,481,115,204,482,27,436,49,223,294,273,198
355,1,263,369,188,368,140,195,7,25,113,320,420,61,79,456,268,331,453,31
166,184,129,212,392,139,393,286,245,282,151,220,14,204,345,253,452,101,172,462
49,404,29,309,87,134,374,434,90,409,453,232,56,323,312,442,373,45,340,64
204,171,315,134,476,216,187,353,51,19,386,100,201,454,417,364,132,434,366,72
50,386,99,245,366,388,210,260,35,228,414,471,268,114,370,413,334,403,58,324
35,139,159,116,383,472,397,83,125,150,453,478,458,249,463,232,385,214,402,277
373,349,49,152,226,429,298,337,22,420,357,305,452,251,244,431,402,209,231,464
100,460,223,142,112,394,69,482,355,442,435,217,392,177,319,469,247,298,414,6
481,383,442,453,483,177,156,97,460,11,490,145,78,256,438,465,33,10,221,390
46,429,415,31,146,342,275,444,32,144,155,135,247,336,297,76,237,116,231,3
119,208,483,394,463,468,275,250,69,103,178,475,198,368,133,341,233,48,407,377
89,289,366,272,92,397,211,329,226,168,61,332,314,164,59,438,49,386,255,440
361,121,374,57,348,342,155,275,214,245,52,375,264,20,300,190,239,91,156,31
295,430,26,322,264,294,253,439,50,238,49,188,366,255,225,214,385,373,484,331
366,359,110,78,126,373,292,392,430,28,367,337,333,404,7,431,461,59,50,426
129,321,32,34,189,453,366,298,394,209,407,282,244,334,114,70,11,473,471,211
405,322,214,366,66,324,143,49,36,186,375,359,20,489,436,412,142,449,27,164
336,46,139,144,430,260,12,276,459,479,398,413,1,338,136,158,267,0,263,90
49,371,431,158,14,31,169,69,139,418,62,475,402,406,292,4,291,283,453,376
340,393,127,54,369,430,197,115,42,192,235,294,185,155,336,413,431,99,391,246
246,413,436,366,201,200,92,185,324,190,79,301,298,396,34,114,44,20,154,455
292,181,53,310,31,334,123,117,289,51,28,90,106,388,178,226,56,49,453,3
456,37,235,295,60,244,98,383,373,300,412,465,472,120,360,31,139,24,485,65
168,79,69,31,139,336,22,355,195,431,62,132,209,284,331,219,221,59,137,402
452,464,150,254,373,294,490,412,245,453,404,268,247,206,366,190,142,64,91,65
467,250,416,354,222,245,325,84,481,319,431,413,244,98,124,29,153,66,3,348
412,111,247,369,428,49,331,451,61,394,336,84,148,162,268,58,221,171,373,480
186,32,96,340,479,457,453,449,366,31,431,233,274,407,158,471,352,401,374,123
336,41,176,243,161,355,203,127,299,398,57,373,354,451,45,31,251,112,260,245
37,462,402,373,467,240,346,49,169,271,250,121,231,184,166,167,391,444,278,161
266,280,81,9,335,185,40,355,430,468,354,346,268,325,488,376,259,133,145,305
204,150,35,85,211,270,340,68,434,105,455,254,482,476,401,300,412,11,14,118
234,331,180,202,124,422,268,153,300,198,247,266,292,291,251,412,373,336,333,235
194,310,12,339,206,448,432,158,209,337,376,195,323,366,367,170,382,65,175,311
9,403,178,373,253,322,412,480,308,80,166,324,97,463,57,472,317,464,218,401
385,367,194,124,275,211,481,373,248,173,461,219,83,215,184,486,292,298,302,417
247,434,438,211,219,152,273,429,169,5,118,342,398,409,407,251,305,355,32,356
207,273,386,245,187,471,266,143,34,419,378,470,344,97,308,299,142,363,449,124
305,363,413,352,169,366,336,105,353,40,468,368,424,203,128,153,226,459,350,133
231,31,198,354,49,246,367,290,126,6,453,490,259,298,68,366,146,48,157,299
253,298,85,103,190,63,354,488,472,398,131,66,303,317,409,68,434,362,462,28
165,429,175,199,475,306,144,366,112,8,298,482,206,106,260,21,425,131,221,311
475,331,431,366,438,354,159,472,342,279,427,408,8,188,81,446,399,6,67,267
366,441,245,354,346,4,21,307,198,244,264,175,266,221,159,224,466,31,173,6
431,97,366,252,68,150,309,315,407,404,136,276,116,167,56,148,137,247,245,31
462,31,49,242,309,120,425,267,269,393,465,61,359,183,378,169,326,354,364,422
319,322,25,438,362,453,390,57,240,32,146,149,175,398,213,185,350,137,139,244
202,394,119,100,115,359,396,249,342,421,373,476,278,425,246,266,188,270,177,204
9,244,297,455,264,68,402,189,227,436,366,352,114,346,221,1,89,196,472,417
89,393,23,224,103,100,135,426,366,434,176,466,427,309,440,180,4,335,196,167
19,40,350,421,49,51,227,119,232,373,402,168,206,428,177,9,315,300,283,443
407,31,330,89,296,189,382,158,269,153,98,300,120,50,231,366,466,169,374,331
43,382,431,42,257,482,92,209,190,164,198,292,440,103,215,344,226,247,162,368
378,472,335,174,381,250,289,80,31,489,253,49,366,443,61,411,70,319,353,110
58,70,78,71,394,404,398,105,352,373,240,447,247,366,446,121,65,196,344,379
65,292,400,385,242,199,283,140,413,363,182,453,143,488,223,159,277,434,353,334
112,81,98,281,158,195,308,247,264,135,453,366,89,469,246,19,483,50,266,342
84,429,14,292,319,162,333,23,396,363,196,116,448,331,226,4,324,352,353,366
363,382,171,412,252,72,486,355,336,396,366,300,0,169,400,484,362,57,69,431
127,190,463,8,12,366,139,49,433,171,453,124,70,439,191,137,362,283,56,112
374,426,20,203,129,161,264,462,231,4,145,215,479,376,32,121,366,151,287,51
442,100,157,373,0,5,63,352,20,216,242,455,339,245,79,138,98,226,128,211
298,146,338,27,388,68,13,431,427,293,117,476,69,323,196,302,162,169,144,453
4,442,424,61,384,302,373,352,246,266,119,97,283,406,174,354,180,161,171,337
452,135,71,240,214,292,0,56,111,352,58,401,482,14,144,464,266,369,2,69
453,180,175,437,112,121,102,388,298,294,210,448,14,386,60,221,393,64,27,148
393,416,9,374,349,366,150,218,214,425,421,247,62,370,99,255,338,189,336,431
25,105,422,333,426,31,267,188,264,396,69,431,187,79,197,408,141,298,268,346
15,477,324,374,239,462,286,31,476,70,453,435,61,397,353,146,89,136,394,108
413,159,393,342,440,232,424,425,244,105,56,426,373,458,95,278,128,146,265,31
13,75,417,170,430,242,355,4,282,110,382,152,56,41,112,298,30,92,294,284
469,185,296,239,10,224,139,61,339,31,195,376,41,368,413,414,42,388,266,39
223,142,69,102,44,303,202,140,332,245,469,201,254,297,118,20,454,60,146,114
245,280,309,373,92,294,81,143,148,395,277,239,87,265,117,217,247,20,264,63
346,169,366,394,88,212,382,468,48,132,163,476,187,412,31,319,370,138,469,8
86,358,58,28,83,11,408,483,188,190,302,40,232,76,31,102,484,272,300,144
366,30,207,119,306,326,334,154,16,248,18,376,238,367,227,20,354,242,318,27
274,453,338,238,430,222,113,65,486,324,301,169,336,233,334,317,215,424,110,193
121,364,367,418,348,57,67,111,198,366,240,226,245,431,332,256,422,49,300,99
143,55,266,98,182,46,443,413,366,453,175,48,99,195,476,247,204,437,242,284
128,264,94,373,5,144,239,160,453,272,305,227,463,366,291,152,211,62,88,100
260,137,355,156,2,374,253,463,114,87,10,215,219,233,409,244,416,224,369,61
49,425,113,300,178,339,51,86,340,19,233,186,266,341,31,260,246,219,81,439
56,337,380,300,210,163,420,408,57,366,374,354,231,159,453,13,261,394,256,386
429,247,235,464,463,256,354,373,341,362,192,189,169,406,271,352,342,229,36,144
362,277,235,175,280,283,159,322,49,355,2,72,253,259,12,394,424,271,288,385
323,321,304,32,123,315,198,214,34,9,184,334,110,245,46,401,169,430,373,82
214,40,166,132,445,344,348,429,447,176,14,211,366,141,355,483,453,153,367,266
169,284,31,238,354,30,12,400,43,453,391,162,310,474,198,295,331,49,399,222
10,9,373,292,218,257,352,454,247,137,56,266,129,233,144,372,245,311,299,434
476,431,385,472,218,267,139,340,272,456,353,400,440,117,195,264,464,370,261,211
462,362,302,65,485,32,255,298,234,431,490,199,190,61,306,293,341,63,266,273
187,305,184,152,245,105,373,124,388,366,426,298,302,283,414,264,234,413,442,42
301,355,439,124,32,430,7,267,344,298,211,469,489,422,146,485,304,300,373,410
118,49,33,373,292,58,245,427,191,270,461,426,431,366,131,453,212,239,263,448
198,366,190,83,119,245,188,209,140,268,391,66,426,237,358,314,412,292,112,120
115,431,61,381,112,478,285,48,393,124,31,204,94,105,375,49,161,290,392,209
65,370,146,408,177,207,409,464,288,18,397,76,453,369,447,54,124,189,438,328
486,236,211,177,373,336,463,245,42,366,69,402,40,164,359,169,142,380,68,349
9,336,230,118,44,416,28,462,184,252,413,81,188,238,172,1,299,53,156,298
334,23,245,100,350,391,222,282,259,166,436,218,212,139,162,152,47,386,366,286
31,14,110,39,16,438,139,430,466,413,340,315,0,247,300,454,401,253,160,467
182,32,312,464,466,95,175,169,11,281,138,205,373,164,461,274,3,421,185,299
400,66,39,488,133,64,373,368,69,385,195,163,474,277,363,187,103,284,295,283
177,289,322,473,438,375,380,442,463,57,400,430,483,85,393,124,3,453,489,142
71,227,47,21,437,375,377,120,74,238,81,324,243,144,18,34,142,315,426,84
49,373,380,135,282,316,471,106,360,27,69,281,137,309,16,366,413,332,245,12
11,92,403,57,339,388,137,68,373,353,172,270,401,326,409,121,112,142,200,196
319,402,338,70,308,366,5,298,233,86,340,461,458,411,436,381,192,311,50,204
211,308,138,124,294,393,350,137,173,142,289,282,476,203,457,238,453,31,167,5
220,348,297,216,247,289,173,379,226,230,108,269,242,51,212,472,314,164,28,140
401,377,83,8,187,309,144,300,32,184,340,218,196,232,257,182,272,103,442,159
89,19,406,110,367,485,431,344,373,294,180,64,416,490,368,319,336,196,115,436
135,47,45,390,183,204,178,84,483,35,98,112,461,485,190,56,374,467,210,247
368,68,222,31,61,298,148,169,451,428,292,245,90,361,305,69,110,252,456,329
39,40,18,306,352,134,11,284,227,247,183,373,340,211,143,321,297,462,366,399
398,327,87,196,75,113,448,173,279,142,463,214,311,373,215,366,49,188,5,238
50,395,237,377,453,188,264,327,150,142,316,318,366,143,266,131,3,61,214,373
184,345,247,448,136,366,28,110,152,393,340,7,95,31,52,401,308,128,233,292
396,418,486,474,0,102,489,417,145,99,488,428,218,110,204,81,263,453,416,57
142,139,452,245,275,373,300,147,49,435,79,305,391,413,455,233,26,204,355,52
123,211,61,401,34,366,446,409,208,245,443,151,78,169,124,207,298,264,42,404
91,76,445,380,382,373,352,486,289,366,298,260,137,362,316,309,388,334,130,229
49,431,436,298,438,259,413,300,366,92,3,241,8,268,211,354,70,43,369,246
34,142,98,214,394,149,184,322,11,253,366,119,449,134,118,402,313,286,40,283
313,99,294,254,272,316,267,156,256,227,189,421,50,394,453,48,308,465,289,298
247,181,366,426,60,210,97,355,124,316,412,209,21,432,49,27,13,261,169,144
283,475,155,422,369,354,212,409,65,319,324,227,245,161,172,361,488,239,61,2
475,315,373,119,394,85,107,280,169,464,431,99,92,420,174,312,294,153,335,49
342,188,299,114,479,413,431,476,371,238,20,442,49,224,394,146,366,128,33,436
57,337,150,287,247,198,333,286,445,170,66,5,331,128,373,476,300,421,284,305
425,176,471,211,41,210,74,251,172,153,28,400,413,375,111,373,234,42,86,363
396,366,415,373,142,117,367,81,7,265,198,370,398,204,185,136,261,297,218,48
73,348,7,137,416,252,393,113,294,373,479,42,155,118,4,174,453,100,368,98
406,413,460,360,468,430,433,137,8,326,337,211,273,364,222,70,168,160,296,188
381,140,71,5,133,453,421,142,282,303,155,31,34,382,92,233,307,189,156,235
233,298,311,21,250,70,117,145,401,135,367,373,409,475,486,217,356,124,232,460
62,264,410,460,366,144,13,223,99,163,23,471,11,46,139,64,209,490,61,36
373,299,41,203,209,482,367,75,175,390,210,206,366,87,31,338,276,105,369,305
155,251,250,298,95,396,75,205,409,279,434,246,485,182,214,413,472,452,415,245
249,277,76,407,300,378,121,422,92,426,281,202,156,187,338,255,17,283,398,412
234,245,172,476,274,202,18,218,27,46,436,167,175,188,266,0,346,152,48,475
393,483,322,396,211,25,79,213,161,356,257,224,305,31,406,198,382,255,426,334
488,90,13,283,287,144,209,226,490,446,336,140,232,236,83,3,137,322,431,139
366,100,393,79,137,291,465,21,160,304,31,136,295,215,156,412,174,204,61,413
146,460,408,31,310,246,159,247,240,203,425,373,469,338,49,214,377,406,283,485
90,11,43,320,95,89,76,64,169,87,346,406,396,110,369,461,471,390,266,457
292,373,162,298,153,393,267,232,376,474,430,49,124,148,438,344,400,142,254,81
49,479,344,198,281,429,352,393,31,406,453,467,373,119,35,110,480,134,345,159
359,462,152,291,50,431,75,319,124,408,19,70,245,53,458,489,448,272,187,145
83,447,250,264,188,162,222,197,237,320,108,65,300,252,31,241,425,103,73,128
440,270,245,355,32,76,191,296,481,243,393,37,209,84,384,454,112,148,116,36
366,265,226,364,453,353,48,85,64,242,92,32,29,269,95,259,81,266,472,214
240,146,245,433,422,445,330,183,373,463,446,61,248,271,298,294,394,70,313,476
374,388,57,163,53,403,249,294,300,29,399,392,355,239,479,97,368,336,31,61
81,301,398,6,215,175,63,229,45,49,291,146,5,31,352,176,358,139,383,355
455,275,18,244,268,383,247,242,204,334,158,184,67,85,274,402,284,245,15,159
319,413,431,369,325,374,245,50,490,42,108,362,256,371,422,285,124,174,203,166
266,318,112,121,451,247,380,22,251,242,298,103,188,28,391,375,469,463,81,193
402,6,354,460,293,175,140,107,159,465,115,15,383,367,155,414,314,462,453,436
395,30,177,399,28,211,374,408,404,273,42,235,366,453,245,460,431,0,23,377
245,486,438,469,139,132,429,431,484,289,243,195,391,14,60,215,130,300,217,266
430,364,5,139,246,2,57,71,214,366,198,69,243,308,118,400,29,19,374,282
42,348,181,333,155,274,359,378,268,455,175,247,413,95,288,377,436,323,240,5
294,353,298,91,257,20,432,169,168,442,429,452,197,350,239,118,70,458,322,107
179,298,379,421,258,155,252,145,304,284,164,135,246,22,303,271,149,394,381,84
346,81,44,233,101,344,223,169,133,238,247,298,90,448,259,31,157,481,297,256
126,201,447,366,134,272,185,394,142,245,431,139,393,167,242,439,92,294,450,83
247,288,256,163,245,77,355,161,292,3,176,244,6,195,385,171,372,289,337,199
233,413,416,156,307,139,400,263,128,1,331,311,431,417,134,231,202,219,366,214
294,456,453,177,436,170,402,366,144,278,393,319,479,268,142,119,232,320,173,159
241,14,251,8,292,181,460,425,341,373,342,137,120,92,22,413,385,299,203,243
121,187,287,402,61,99,137,422,77,369,342,456,175,371,226,479,251,242,264,85
58,201,426,148,53,381,139,24,412,214,266,7,292,51,156,61,116,258,135,49
176,323,308,369,346,15,197,247,409,49,153,288,261,244,9,366,102,424,149,431
21,400,77,413,214,240,399,42,377,336,479,14,159,246,421,269,136,403,69,338
238,444,369,382,114,156,234,312,413,366,169,51,453,3,309,128,139,388,214,440
143,241,359,240,319,139,429,289,69,19,249,169,130,297,426,72,331,198,145,439
355,466,220,23,373,67,318,364,306,229,175,41,338,227,431,366,2,196,409,5
148,20,334,429,298,247,207,412,196,294,319,398,156,114,406,460,184,346,139,128
400,140,218,246,346,92,249,364,388,166,412,55,254,361,468,489,31,303,76,274
82,373,211,452,75,299,100,45,9,12,117,457,247,15,65,383,110,40,139,366
81,366,481,169,393,374,31,436,298,388,412,407,452,472,58,182,98,239,422,36
43,31,74,146,489,300,437,139,172,298,463,322,247,394,169,477,266,459,3,453
385,191,455,196,394,66,116,368,355,247,289,157,296,321,430,213,190,245,366,438
14,472,342,19,469,31,367,366,6,388,63,121,218,265,409,283,453,169,298,0
481,316,129,489,166,271,11,458,432,283,13,20,175,151,87,163,373,226,332,132
29,64,49,20,188,224,409,32,204,187,414,159,103,332,226,446,241,264,471,372
173,380,105,186,430,403,425,45,426,352,64,83,333,412,124,431,169,20,212,436
292,363,407,198,448,366,469,247,13,49,425,31,201,298,14,479,92,43,472,105
357,51,42,145,391,70,28,424,46,220,369,49,254,146,103,233,292,390,409,428
461,65,105,386,349,117,210,334,249,395,412,29,478,264,294,187,436,115,124,204
115,135,335,274,267,204,192,431,31,215,300,394,464,142,212,124,305,441,383,373
31,368,263,485,313,99,43,41,373,367,484,428,459,258,202,143,305,250,214,475
415,264,394,173,190,187,483,211,443,285,351,79,142,354,288,472,89,282,365,389
76,100,134,463,186,367,481,246,247,14,2,157,420,311,325,151,355,232,113,394
150,145,18,130,214,263,31,436,19,284,456,396,260,198,231,161,233,394,438,402
169,105,251,336,125,472,295,14,42,465,65,8,265,146,368,112,316,489,374,247
102,138,303,261,156,67,268,310,409,394,196,485,64,392,337,388,292,232,87,279
70,89,65,197,309,92,231,298,201,237,214,184,393,455,190,257,481,271,275,353
332,220,447,444,284,31,253,152,150,272,386,145,455,459,49,438,131,336,212,402
243,355,404,41,412,42,395,266,235,226,135,240,303,214,298,86,483,216,482,203
240,216,160,393,239,42,390,169,0,247,297,367,245,74,440,476,211,387,302,298
81,402,103,490,53,397,118,164,321,198,329,108,28,90,279,41,176,417,167,348
412,450,346,120,54,371,340,356,431,67,296,214,354,14,429,383,489,196,131,45
398,266,184,4,385,348,253,431,334,67,440,429,12,480,453,140,370,267,380,378
50,209,297,483,465,346,235,222,40,271,417,364,442,95,374,228,1,400,366,460
313,19,92,22,134,341,132,359,276,431,416,346,198,468,28,173,415,12,338,482
237,141,75,168,381,368,294,247,233,129,165,25,284,319,431,112,476,342,260,413
340,438,264,165,204,385,188,413,79,112,193,20,180,247,220,441,209,475,244,317
434,209,294,446,414,255,402,288,426,339,159,362,377,84,24,373,112,472,31,478
165,48,371,95,68,250,202,57,122,79,164,267,99,217,429,195,387,319,369,91
134,31,75,373,49,199,208,245,320,261,299,367,124,483,303,30,188,393,357,374
444,178,175,392,452,402,472,222,245,381,34,64,197,377,43,195,69,168,286,456
257,20,50,453,22,142,394,266,156,42,225,366,102,406,209,467,413,196,350,258
398,394,280,36,144,9,431,396,418,137,366,13,295,264,214,405,73,99,336,383
49,238,169,54,428,142,19,281,53,135,29,413,45,375,278,178,255,159,433,354
9,366,223,484,190,161,431,374,472,70,394,186,233,3,332,336,301,185,195,22
234,336,4,58,184,117,434,331,396,366,72,182,167,61,369,81,254,245,5,0
212,301,393,45,413,294,187,266,218,207,7,185,245,27,31,61,39,16,395,229
374,299,138,284,443,219,381,202,20,310,396,350,171,89,215,156,148,243,482,366
31,417,141,226,120,301,471,344,434,112,116,21,298,412,188,253,398,468,101,396
179,393,413,362,346,198,385,175,377,31,197,46,300,20,231,7,202,490,373,267
254,444,118,235,48,473,436,465,20,62,31,34,383,346,146,134,79,196,187,380
21,150,312,431,119,366,260,198,342,335,31,298,369,112,396,409,371,160,55,326
26,381,90,263,462,198,412,121,159,204,240,247,431,21,382,383,341,107,266,320
0,49,434,14,247,183,40,453,449,290,251,220,409,412,21,366,81,440,85,246
405,210,366,110,120,64,298,261,185,83,145,467,45,43,489,137,13,357,294,245
32,380,204,461,164,31,215,368,105,190,413,149,178,139,350,366,484,224,207,334
175,223,383,319,316,478,490,279,298,190,364,460,261,413,374,281,70,218,425,379
61,374,209,228,20,214,64,245,247,377,45,215,187,9,373,452,198,121,399,133
375,52,232,418,362,472,138,410,41,427,134,69,409,384,322,474,214,245,334,139
381,319,135,144,98,86,239,59,40,209,260,311,401,266,156,206,366,121,417,278
413,12,228,70,204,481,479,64,132,261,240,361,292,275,354,87,56,265,297,111
470,64,350,118,168,431,198,89,170,267,82,401,320,104,136,76,453,246,90,188
307,480,298,292,357,112,232,41,203,382,247,31,276,346,300,330,222,73,322,144
35,356,12,331,382,247,298,177,294,270,489,410,438,449,315,355,433,31,48,56
87,263,366,410,28,177,314,208,436,62,105,124,6,229,286,388,169,446,76,46
63,81,374,28,196,382,74,25,128,42,62,116,247,183,135,2,297,302,36,386
128,394,222,238,371,319,434,420,14,266,173,157,414,1,383,41,42,308,138,92
436,426,266,14,101,482,244,234,400,282,135,415,394,303,214,374,440,373,89,430
81,127,57,239,266,359,475,139,128,374,195,20,219,350,367,444,31,425,159,295
108,334,49,211,84,448,484,431,256,336,295,298,404,468,140,393,57,9,490,314
31,470,36,451,108,426,354,488,144,430,100,419,366,214,24,145,374,275,260,386
291,203,441,100,453,171,8,456,97,143,455,2,424,92,373,55,366,1,164,250
120,463,254,297,96,17,247,294,426,11,164,344,406,139,272,33,41,253,16,195
135,374,3,222,99,352,219,267,104,373,429,386,49,119,31,388,453,480,164,354
69,388,399,453,426,340,244,204,31,6,286,264,451,319,484,305,142,322,311,390
164,91,144,336,31,207,260,92,67,376,217,29,305,276,98,300,138,2,124,371
274,424,31,265,465,453,406,206,490,416,26,374,254,231,394,319,288,71,203,373
150,465,444,366,139,236,345,118,319,294,211,452,165,350,143,265,453,469,214,13
149,304,243,29,119,247,169,464,453,325,198,283,286,15,266,188,392,195,452,298
34,325,294,417,277,19,74,468,247,369,350,442,467,244,222,92,199,371,308,39
396,164,431,40,231,274,321,159,154,49,214,268,366,245,75,390,266,162,469,121
285,175,67,387,428,124,49,210,283,394,374,31,461,250,352,232,19,28,325,381
239,77,431,468,135,334,467,485,483,31,189,199,278,178,398,162,356,366,204,464
179,244,156,324,157,99,128,137,83,332,167,350,170,237,266,439,253,377,18,393
211,137,99,368,265,245,173,48,234,106,401,431,201,423,359,30,58,379,461,287
324,472,211,431,242,219,70,483,394,404,31,116,271,103,410,231,309,304,344,122
366,31,58,181,102,228,149,134,299,483,463,143,206,247,137,110,453,266,433,392
190,452,471,226,472,366,73,36,457,483,69,394,267,432,293,221,220,249,316,209
211,472,460,31,96,459,298,292,385,155,142,316,162,90,359,228,243,70,112,373
436,344,400,195,43,31,4,451,67,266,269,11,119,341,340,294,137,431,367,21
245,371,325,83,469,137,385,286,322,318,12,111,380,402,298,472,190,201,426,383
332,362,95,426,31,408,174,456,305,485,26,318,56,460,43,431,227,248,393,92
266,385,246,148,162,178,95,157,11,90,267,377,474,305,365,14,388,155,121,393
453,392,367,376,45,427,363,438,372,482,219,257,43,97,442,373,218,431,381,81
185,139,168,197,476,106,246,403,200,42,438,187,370,123,264,291,292,340,393,159
263,342,96,199,374,114,267,85,388,182,373,243,469,400,308,211,295,227,49,193
388,338,453,165,431,8,14,452,236,397,159,279,214,366,478,348,392,17,169,440
31,45,264,379,144,399,164,302,266,254,364,385,425,126,41,366,370,462,359,79
266,415,448,298,234,431,258,332,231,33,300,131,145,118,135,174,66,188,113,292
324,366,349,49,110,233,306,298,103,190,105,214,101,133,272,99,123,453,134,342
185,191,200,44,175,373,13,180,50,258,183,146,63,426,190,34,361,298,139,113
381,141,242,366,422,317,463,299,292,126,258,58,277,123,485,431,297,285,359,50
366,31,161,14,369,485,49,26,472,66,374,402,43,488,7,59,431,457,486,64
160,101,416,301,61,336,298,228,257,468,388,432,472,467,273,328,471,488,408,426
428,237,264,413,319,147,362,83,89,142,350,373,259,181,429,4,317,309,344,356
9,211,134,220,333,286,146,81,426,415,307,360,400,412,31,175,3,67,305,268
373,336,41,421,224,436,232,266,446,366,56,374,6,61,286,31,221,453,240,377
266,18,116,23,362,296,373,239,366,198,393,298,431,309,378,340,324,357,180,112
76,126,213,387,85,214,448,49,442,172,3,162,12,157,184,211,299,314,373,472
299,139,354,185,76,325,210,57,288,180,436,431,453,162,305,56,272,148,188,125
124,366,214,83,380,219,483,355,144,255,217,394,320,220,137,453,14,322,26,424
390,467,344,388,478,209,49,181,124,245,445,298,44,134,366,470,307,156,50,221
233,267,375,159,431,381,7,158,485,329,14,211,169,442,275,382,373,215,356,259
169,247,156,317,471,233,340,178,253,300,206,25,289,366,245,8,292,198,1,409
298,143,18,239,129,393,202,190,246,469,486,404,247,366,431,203,472,252,188,119
281,136,386,172,327,167,409,292,309,219,429,305,374,257,266,456,302,271,146,396
298,329,118,251,287,245,261,156,48,254,239,316,267,426,3,447,362,352,472,211
437,214,443,221,393,61,152,184,355,323,42,245,341,282,157,273,402,422,317,412
31,305,405,368,294,274,246,32,341,56,299,205,60,373,114,382,342,160,298,483
89,145,332,164,132,272,298,214,31,336,278,63,274,99,139,308,168,27,45,355
162,387,440,55,72,211,248,256,458,414,441,460,40,388,377,436,382,133,366,448
372,129,381,294,6,246,483,36,476,390,441,7,430,382,12,431,438,3,102,125
388,282,380,21,452,425,184,398,292,9,273,277,468,40,374,438,331,476,440,301
196,246,373,249,420,336,90,268,156,214,169,215,49,309,448,20,34,226,48,456
332,195,315,251,278,316,4,221,342,366,286,404,462,81,159,412,298,152,377,383
191,48,482,382,153,326,393,172,266,240,256,367,74,174,398,31,357,311,247,307
342,485,58,42,164,316,476,268,110,370,135,122,245,274,352,336,394,15,277,366
393,455,7,458,364,31,392,233,99,15,337,264,156,463,265,182,55,119,270,228
334,226,184,455,164,72,448,362,397,234,323,267,373,188,468,185,366,260,113,90
164,214,215,29,104,272,248,471,76,413,47,90,304,134,80,369,102,230,436,336
431,201,243,42,260,214,275,298,485,146,221,474,461,430,119,396,427,208,382,366
398,446,204,350,31,429,208,367,18,188,427,81,197,382,280,336,257,453,64,202
102,155,318,334,323,374,413,283,336,230,386,362,92,350,366,67,98,407,315,469
99,452,214,71,299,132,265,78,448,105,388,232,219,396,44,0,431,140,190,289
352,441,31,139,425,280,166,49,318,117,300,472,447,331,135,151,270,366,275,113
31,169,230,286,197,9,71,334,395,204,307,414,370,267,362,463,426,373,346,126
456,451,299,31,214,34,43,220,139,74,436,313,87,286,61,388,337,245,431,190
133,405,407,22,413,244,137,43,207,480,135,300,453,258,353,402,160,218,455,352
56,294,29,301,209,3,440,178,69,413,365,171,170,68,425,478,62,7,102,417
247,420,21,344,87,278,49,265,144,394,383,85,1,134,217,105,384,258,79,436
453,109,287,211,245,398,374,97,9,300,366,61,485,340,79,409,388,204,64,24
204,373,45,404,324,292,120,49,83,218,442,406,58,394,489,11,463,131,266,188
475,172,145,156,364,117,472,232,203,264,489,366,300,467,16,219,336,287,360,148
374,128,298,429,155,468,204,259,431,31,386,270,190,108,304,375,269,6,282,475
380,67,245,485,265,267,473,275,410,99,280,175,431,381,16,214,292,48,315,428
77,27,216,382,271,31,245,190,317,278,237,348,298,59,14,380,437,264,9,81
53,173,124,336,145,49,203,50,110,61,56,230,302,459,463,480,139,472,428,366
366,13,373,303,178,54,294,368,488,249,471,480,346,236,286,412,124,357,36,41
326,233,368,408,431,169,469,472,283,202,83,31,11,217,313,65,360,334,474,214
142,31,336,184,428,214,350,132,409,187,148,205,386,254,308,402,453,25,204,353
435,214,336,471,86,317,476,283,366,149,352,287,100,31,145,103,448,373,140,70
281,48,448,31,364,159,276,166,338,77,446,67,363,398,401,138,394,427,298,490
269,255,431,306,390,243,338,252,50,88,59,469,100,204,439,214,21,212,293,13
301,221,135,485,332,298,342,105,383,196,156,436,431,23,181,89,241,373,286,329
247,89,53,372,386,468,350,181,245,301,46,476,353,478,338,208,430,168,467,373
183,245,463,322,15,390,43,417,348,214,144,453,55,330,65,333,413,258,392,436
239,413,430,46,253,380,296,40,459,116,188,337,366,438,245,1,114,156,417,350
175,266,72,391,153,70,211,386,393,13,373,3,429,232,277,370,49,228,66,91
413,412,144,377,336,400,471,247,276,394,76,431,130,251,164,262,21,31,452,252
431,185,45,357,70,292,256,195,107,299,348,462,323,207,15,187,49,50,440,412
409,44,51,9,429,289,261,292,182,482,462,367,366,439,373,431,174,273,49,414
226,146,340,44,429,266,355,49,404,473,69,214,58,402,366,73,19,413,334,477
215,53,174,42,29,363,86,429,216,251,264,399,440,288,112,190,3,139,41,351
325,85,266,136,484,319,139,195,287,453,70,403,263,31,426,187,198,483,114,138
428,374,224,8,237,253,9,124,366,33,31,32,119,196,326,306,202,331,284,352
30,373,476,88,86,13,237,436,105,472,350,401,459,9,211,176,304,152,23,31
106,128,169,417,274,366,31,63,472,234,19,187,476,112,396,480,421,297,6,409
187,287,453,251,377,296,121,137,117,440,470,285,396,271,90,183,366,37,56,288
420,45,79,46,480,208,245,401,277,394,89,305,66,244,264,336,215,75,283,139
114,242,337,436,105,223,215,320,188,21,295,204,308,214,28,374,283,153,237,63
334,167,396,63,292,245,176,433,200,440,448,271,366,401,337,275,398,169,31,49
394,50,277,245,364,260,263,214,348,366,41,392,373,426,158,259,64,475,159,45
346,198,363,374,130,107,362,266,402,247,50,375,90,3,20,5,481,441,140,438
360,295,15,169,331,366,245,20,9,271,2,79,431,42,190,256,155,3,221,299
356,13,305,353,114,489,105,248,471,368,159,190,72,26,369,59,218,357,147,297
388,58,250,204,257,94,287,119,233,261,123,189,376,289,46,308,168,135,355,142
160,413,386,488,375,137,226,45,246,242,88,452,284,414,364,470,309,355,307,408
198,473,112,10,2,438,172,373,434,247,6,374,305,362,433,426,168,77,361,453
307,478,463,390,439,129,421,112,223,458,431,145,29,31,373,142,214,253,460,5
40,200,152,421,95,60,440,342,9,15,287,118,298,1,35,76,293,309,50,292
455,184,221,375,340,135,225,41,253,232,247,490,227,271,401,239,366,323,373,208
29,298,393,486,112,134,413,144,366,472,412,75,42,271,188,434,377,161,363,318
348,352,176,485,15,421,142,277,393,304,374,250,239,146,453,280,317,275,346,446
270,49,60,356,414,488,227,374,99,278,31,165,220,460,402,65,385,280,263,300
91,431,465,393,145,366,409,464,37,20,36,4,252,230,118,319,12,59,142,131
41,413,336,396,233,286,373,374,214,150,255,175,468,130,198,177,430,248,420,63
214,221,200,453,99,201,264,247,204,489,119,92,60,30,155,206,362,267,285,61
111,460,410,189,483,369,254,117,43,110,381,49,169,154,451,90,136,57,402,112
222,366,95,421,323,373,456,431,67,409,149,114,439,254,399,134,21,267,139,486
346,150,50,355,402,6,387,157,427,168,475,434,366,456,59,436,211,249,62,408
413,124,394,107,47,40,366,232,431,286,397,264,115,11,117,361,245,189,153,312
431,328,394,373,12,185,378,240,355,278,306,332,284,195,112,272,139,188,267,377
162,334,426,31,245,342,292,466,139,88,90,344,368,431,32,366,41,14,289,116
368,185,241,345,334,476,213,357,350,239,258,3,92,125,408,351,268,260,169,479
148,40,72,431,215,238,71,124,75,92,398,197,211,207,81,406,32,118,412,169
49,121,215,429,401,158,340,370,308,226,118,92,112,366,472,223,159,238,464,287
247,472,204,416,140,483,32,28,412,245,372,254,135,31,73,169,13,49,68,60
453,77,110,304,157,118,58,31,484,463,273,363,388,45,434,291,232,89,355,336
82,476,75,214,203,96,13,373,465,268,419,245,233,371,366,272,398,338,117,88
260,438,366,231,44,447,215,485,324,85,371,246,298,318,360,157,95,67,49,196
205,198,196,169,263,247,453,407,431,367,118,393,183,75,208,400,338,85,376,70
250,3,452,476,55,202,338,218,95,279,453,82,159,153,91,69,67,490,354,489
31,471,362,230,215,374,28,401,429,7,244,108,393,366,135,288,140,402,213,57
311,297,7,92,31,188,159,383,465,62,129,346,293,139,214,413,399,304,70,221
282,430,43,455,63,222,103,229,394,431,244,358,352,346,208,446,427,36,4,247
478,30,198,246,436,338,409,366,377,395,245,397,156,106,221,214,146,451,116,40
140,75,181,32,204,442,336,392,482,180,149,377,2,240,88,396,224,148,49,249
465,373,214,339,452,198,141,168,265,224,292,435,304,356,289,1,77,268,170,204
275,115,142,478,40,94,37,383,56,319,446,60,166,203,485,267,14,273,247,178
366,320,473,463,31,57,439,399,41,486,190,286,438,297,254,273,466,472,384,377
255,405,302,125,49,434,43,28,388,264,294,447,352,414,390,187,364,189,465,366
319,244,263,381,195,397,46,222,31,65,94,216,160,272,467,392,355,459,32,2
63,382,211,183,187,455,361,236,78,39,199,461,286,440,426,340,373,448,157,114
32,322,366,135,453,399,409,286,228,206,92,268,224,201,95,69,414,317,471,100
279,178,60,264,255,56,354,245,430,373,417,208,393,442,387,103,431,40,376,355
463,239,401,393,336,371,413,447,169,485,116,421,380,333,97,122,335,212,217,464
268,366,391,34,378,431,412,117,0,390,122,49,90,470,105,76,7,425,70,31
366,407,41,167,212,157,358,365,71,31,317,105,409,325,246,264,267,142,214,298
451,405,305,394,37,211,143,218,311,408,118,423,51,431,267,346,366,64,367,252
59,17,135,227,211,352,115,204,49,245,137,334,77,184,31,90,162,246,476,65
160,391,203,431,232,447,412,212,309,292,139,266,250,14,334,36,245,65,35,366
366,247,382,198,485,292,454,335,368,378,206,178,380,436,135,348,472,57,480,282
114,336,135,199,166,357,354,424,81,29,210,148,460,92,366,174,269,64,372,130
438,279,469,431,264,178,245,393,2,173,456,64,253,134,70,144,151,367,114,161
247,105,181,295,452,95,267,337,73,461,75,451,303,336,6,421,431,54,298,355
281,188,453,436,381,130,242,386,388,218,366,393,437,29,152,314,178,246,49,57
64,8,298,245,185,294,19,209,273,479,50,275,382,481,399,332,337,334,156,414
401,441,373,144,49,402,361,388,357,13,451,143,292,162,124,77,174,118,393,69
68,224,21,367,448,455,426,172,26,42,398,65,303,370,272,414,25,340,181,4
187,373,324,379,263,18,353,111,402,310,211,205,342,476,249,436,332,433,216,62
348,451,246,367,388,355,304,431,220,189,128,293,226,41,439,143,105,473,300,211
371,479,344,346,29,366,139,476,386,438,449,437,19,383,69,373,439,385,53,363
287,382,221,485,450,57,461,33,233,29,374,264,476,157,392,440,214,116,45,236
471,355,440,475,472,253,206,34,366,119,176,134,21,404,329,129,67,426,281,336
238,177,309,2,382,15,232,77,366,281,244,99,388,256,431,319,344,476,227,69
342,187,123,273,20,50,234,212,102,368,204,428,484,458,31,338,392,366,128,77
148,77,413,366,9,355,280,54,175,118,380,439,315,204,243,222,153,48,474,226
191,31,153,223,425,285,326,243,70,295,247,34,142,488,356,431,204,410,298,437
69,299,143,394,334,447,32,461,337,152,90,366,70,139,319,245,298,413,467,121
322,255,79,366,350,70,220,386,85,409,208,76,102,360,453,373,63,342,148,117
231,366,130,134,273,411,459,189,354,451,123,237,191,421,28,294,61,394,96,121
112,11,475,269,266,131,308,250,460,323,46,48,159,298,438,274,409,223,307,373
354,105,14,373,295,188,57,358,118,384,66,233,236,341,155,94,254,247,394,397
175,304,315,97,324,198,325,232,9,77,112,31,431,443,105,268,205,409,87,472
97,409,396,228,278,339,429,249,32,402,399,327,431,302,284,261,99,336,406,373
101,409,212,390,396,463,425,61,266,303,315,322,169,29,388,87,307,455,341,298
14,144,232,324,19,412,367,261,31,375,256,142,474,394,396,417,408,366,89,42
139,232,31,174,371,182,479,331,245,28,292,373,210,306,482,402,183,340,11,396
366,129,471,325,413,222,31,439,414,7,198,448,464,242,369,456,445,71,308,350
309,369,344,199,169,31,366,185,42,256,178,102,46,415,235,4,112,413,321,334
50,346,372,49,396,420,441,266,349,366,253,408,10,2,90,69,409,226,421,31
420,245,171,174,379,413,215,209,160,447,64,170,270,469,298,259,436,234,461,422
140,209,79,69,27,31,223,188,155,145,189,251,266,168,317,472,404,453,14,234
413,46,383,230,31,431,69,294,286,134,180,304,451,49,314,35,469,254,374,354
166,433,325,417,422,308,484,252,49,167,408,13,373,396,278,453,234,366,47,472
247,334,102,145,324,373,207,411,60,243,157,2,131,364,203,295,136,34,255,485
137,478,190,232,481,40,157,373,162,367,371,49,461,396,11,87,472,429,331,69
438,19,205,124,278,237,137,270,329,490,418,299,51,403,70,248,305,28,32,366
164,264,32,438,385,124,388,366,4,483,323,80,445,84,340,274,61,300,355,222
139,40,92,374,453,144,228,8,309,266,153,242,336,116,382,204,275,240,171,175
453,243,20,174,270,247,161,63,324,108,439,329,232,49,488,58,96,207,440,357
164,393,82,14,298,234,190,98,350,309,128,336,144,154,9,373,114,476,463,434
211,375,190,431,294,277,360,286,202,54,249,218,485,436,68,324,270,273,412,409
117,48,1,350,3,336,128,397,181,101,325,450,348,378,175,157,394,119,142,134
92,44,131,334,387,357,384,247,81,471,287,190,1,242,153,169,390,300,452,266
275,137,206,20,145,70,63,144,214,405,307,459,47,282,359,208,431,324,384,226
113,220,299,292,31,121,476,259,416,83,300,134,431,448,294,160,417,118,256,405
410,398,105,247,266,280,334,124,456,393,77,271,364,474,375,70,312,175,373,245
173,322,65,308,324,261,485,137,414,431,199,453,439,77,14,446,76,138,204,90
131,413,36,366,69,31,303,326,6,70,462,142,336,22,42,151,412,41,203,185
2,340,96,424,214,39,190,177,282,334,69,208,297,355,458,142,122,44,123,57
115,49,297,144,134,255,181,277,431,67,264,162,299,48,443,316,464,245,178,321
367,353,391,102,334,291,411,464,79,283,294,466,137,18,187,369,140,218,91,89
