175,216,32,340,233,436,291
133,198,394,373,416,413,366
44,370,335,267,388,69,394
264,40,368,477,200,181,321
391,111,80,460,284,230,61
76,456,170,35,264,187,387
424,323,267,312,366,54,373
366,385,355,29,79,282,157
31,164,472,139,118,168,334
407,196,265,96,415,369,31
367,476,239,434,214,201,273
453,223,11,248,65,489,404
181,123,283,195,218,184,393
178,240,41,121,300,219,427
366,90,157,428,209,392,235
393,394,276,219,460,311,25
140,61,264,31,124,63,488
142,79,198,334,168,210,231
426,297,267,266,465,102,265
476,315,146,294,7,353,436
137,242,254,49,258,124,343
134,363,214,260,322,377,248
25,366,130,8,116,29,175
169,7,406,144,256,458,331
350,341,481,282,118,39,132
282,265,322,386,218,456,420
138,362,247,188,366,242,197
336,465,391,479,329,31,105
325,211,155,449,190,426,337
322,146,32,490,453,56,4
388,179,364,416,242,64,264
429,19,359,334,155,184,489
230,203,8,49,48,393,201
94,97,299,44,387,350,108
77,177,443,387,91,472,32
185,97,386,339,279,246,19
48,22,153,274,348,397,446
454,39,373,142,247,85,1
483,430,344,486,68,422,369
102,284,457,472,391,453,463
12,318,49,359,202,38,292
124,425,183,36,216,246,323
430,3,279,396,436,333,247
271,4,336,0,384,402,385
300,455,189,211,489,105,229
400,363,165,58,364,25,190
384,374,297,402,187,449,362
185,259,292,378,135,204,27
466,252,169,4,232,325,284
245,95,75,431,387,199,99
323,325,156,59,391,112,35
245,483,396,43,364,425,96
322,479,112,407,139,70,481
364,334,367,257,79,199,412
218,357,139,412,82,405,352
64,474,286,42,139,398,157
332,198,260,259,427,323,288
394,368,326,136,144,179,408
267,172,334,292,41,65,216
366,42,484,444,266,359,460
348,350,187,61,3,182,456
163,292,118,201,204,119,211
490,366,267,1,49,198,34
334,281,21,100,227,300,184
407,189,482,120,398,443,400
283,105,378,238,447,366,239
453,12,246,488,156,253,2
463,336,214,400,145,374,435
431,350,65,381,209,114,64
342,18,366,195,324,266,190
474,368,393,127,454,144,463
114,99,136,398,232,472,298
232,233,425,34,61,172,342
471,204,6,148,430,424,479
371,350,447,49,146,188,413
227,135,283,304,37,335,72
78,30,459,366,281,155,251
409,485,12,284,464,247,28
199,298,44,352,385,16,245
207,436,57,366,320,192,139
384,67,395,157,334,61,466
72,239,226,164,28,331,424
399,274,185,361,77,112,70
35,103,388,348,101,453,63
239,20,86,29,233,472,32
469,31,137,286,373,396,431
245,442,292,174,336,414,471
92,357,183,336,327,41,308
373,259,319,169,346,32,286
49,396,388,247,207,110,315
64,223,255,215,442,322,302
149,159,204,343,13,489,451
320,118,69,323,427,479,416
489,227,322,334,373,324,266
356,435,142,254,442,463,177
436,301,37,48,17,71,169
30,373,35,361,442,232,388
292,321,70,246,8,264,431
146,260,214,426,198,175,440
298,31,463,272,174,188,356
31,105,8,413,464,342,280
42,198,150,244,239,294,63
367,402,299,132,223,316,245
135,309,266,92,254,71,366
48,192,261,66,12,237,294
75,367,10,247,402,64,127
476,0,366,272,321,280,26
31,245,366,264,382,463,357
125,85,64,390,32,373,180
290,357,305,112,321,449,379
218,171,413,457,365,280,472
366,334,346,292,336,337,369
331,261,388,366,223,178,384
177,342,245,417,310,53,204
31,362,211,190,415,322,110
99,354,436,76,355,373,201
486,95,152,339,489,447,214
264,79,367,489,2,373,37
160,480,23,421,461,352,4
22,226,269,198,254,407,453
247,420,453,43,160,49,187
9,301,112,278,331,342,178
11,436,449,134,398,490,112
483,426,469,188,159,290,158
36,246,42,394,414,211,460
28,165,112,278,80,393,368
355,313,152,54,206,357,156
388,325,433,219,424,96,264
169,303,120,124,306,119,227
205,351,15,8,413,253,233
444,461,358,81,362,374,261
56,45,477,388,272,267,139
11,89,298,400,216,190,294
274,408,13,187,194,254,305
216,288,155,423,431,368,334
323,300,31,89,49,388,64
96,319,366,198,483,187,471
198,342,227,394,377,39,464
10,62,70,0,191,284,260
322,109,30,380,418,25,283
292,34,412,130,425,431,20
234,156,189,342,312,341,410
31,453,297,49,65,171,366
413,403,447,283,364,410,280
175,58,49,366,15,77,461
32,481,134,477,352,453,313
450,472,272,25,263,478,259
397,219,256,382,282,140,402
162,386,434,61,431,455,6
178,105,476,393,237,103,266
198,36,165,106,442,170,367
160,14,98,286,74,266,158
373,211,390,147,32,3,148
397,169,476,260,31,362,264
338,137,146,204,50,388,184
321,27,346,425,282,426,331
296,300,381,55,247,299,45
208,218,203,44,346,254,445
0,148,18,128,137,367,417
177,273,243,462,366,235,373
360,338,368,215,453,474,298
316,244,453,190,172,49,56
267,251,441,357,245,161,214
440,244,148,22,439,161,143
145,13,373,431,71,209,384
85,49,479,385,174,374,31
350,312,244,431,202,146,397
458,253,20,82,490,266,9
1,163,47,471,370,436,41
49,252,374,66,142,34,355
181,266,373,444,28,315,21
348,464,32,214,71,162,373
214,222,336,77,215,394,298
442,203,237,406,35,334,20
305,139,13,135,196,300,117
163,366,428,156,300,45,468
490,419,8,54,69,43,448
483,308,207,36,249,221,68
273,221,148,44,245,385,205
31,105,121,409,352,2,272
90,455,403,440,486,238,254
482,484,168,249,118,241,41
259,267,374,190,138,401,235
214,58,139,94,392,226,478
264,445,266,116,443,476,148
271,465,386,219,319,370,402
406,35,126,146,139,264,346
2,426,443,8,184,324,409
394,112,267,332,264,239,260
31,434,113,32,412,48,214
355,258,239,482,28,253,288
13,298,367,292,81,88,447
180,139,184,159,430,399,174
228,489,288,175,112,267,89
297,31,24,298,463,373,195
132,369,405,140,393,190,272
206,174,177,274,394,16,299
232,137,373,393,422,242,308
431,402,373,184,388,326,151
261,80,120,373,20,402,472
366,319,360,89,264,386,188
453,440,393,388,248,139,188
277,187,157,461,311,490,28
438,452,119,233,37,282,214
54,120,388,289,440,204,378
90,338,453,425,34,93,191
353,110,401,266,232,208,486
140,420,91,137,431,198,186
148,408,96,354,31,409,117
300,462,323,141,66,401,187
244,212,150,102,319,316,282
396,9,55,27,471,431,320
70,426,416,164,222,83,230
31,64,452,472,385,446,316
344,218,348,148,453,169,307
371,412,256,346,78,430,154
338,391,142,169,352,116,172
378,335,262,68,212,69,410
476,367,94,190,399,258,464
441,115,373,234,414,201,65
362,447,358,322,384,84,468
461,82,357,151,409,270,7
223,68,366,436,299,428,332
122,15,44,229,6,412,462
215,341,49,488,159,5,418
144,401,446,165,29,204,48
215,114,300,452,3,399,139
280,399,394,112,431,323,260
325,438,267,257,187,394,424
322,160,92,244,123,408,436
438,178,144,373,216,20,113
41,26,99,352,179,145,74
19,255,464,102,219,373,35
373,331,56,176,435,348,195
394,206,479,92,363,0,160
357,7,394,400,45,334,348
289,469,21,28,261,266,112
17,297,452,168,99,120,196
70,455,443,336,118,65,319
29,137,90,471,411,110,64
463,31,360,120,114,261,331
198,159,436,427,103,325,413
386,180,165,379,131,246,255
366,64,338,56,440,69,431
323,402,31,443,184,303,420
189,18,156,332,137,121,24
139,384,69,440,414,386,463
238,342,490,336,475,190,224
272,376,360,100,59,438,121
320,173,141,170,228,445,267
128,227,297,135,443,118,234
27,264,334,373,268,460,165
362,341,250,42,255,135,29
384,82,4,146,342,417,253
87,63,405,31,366,305,332
188,271,424,183,322,413,184
8,342,465,485,461,446,204
245,68,49,54,77,292,105
334,394,95,247,475,472,202
273,464,244,436,453,121,198
216,396,198,430,427,378,478
226,129,488,356,160,398,32
70,79,455,234,257,286,342
309,122,165,204,74,154,198
284,430,120,83,87,190,393
176,334,139,54,468,386,128
198,486,398,100,373,197,199
465,149,373,139,315,438,166
454,196,252,298,79,253,250
298,332,430,436,219,482,433
471,366,1,267,410,336,431
98,489,114,164,242,73,134
303,207,175,366,65,112,323
79,202,235,258,393,90,409
373,295,131,47,144,242,216
46,89,396,226,113,456,246
373,386,226,225,414,465,113
387,379,380,374,425,156,147
58,148,340,79,135,156,479
224,105,124,430,240,68,34
168,416,305,474,42,13,317
342,205,366,71,66,65,436
246,199,366,245,298,200,188
223,450,295,428,430,117,79
156,169,417,305,388,326,232
209,91,221,460,360,142,393
170,204,234,49,318,40,417
442,456,35,207,198,393,294
188,227,14,232,253,169,76
344,239,360,37,214,366,425
478,464,274,31,51,124,460
486,42,54,14,36,142,397
456,289,66,443,322,199,263
324,249,214,463,327,46,257
453,64,12,41,199,296,274
416,367,94,368,157,481,65
253,191,353,205,465,79,426
140,270,338,385,35,211,421
198,66,10,366,267,355,357
436,339,185,374,451,305,413
292,472,183,245,163,274,302
486,311,144,369,393,139,352
214,202,462,369,150,319,316
436,119,366,227,447,219,239
6,81,297,251,107,17,453
181,453,13,279,451,363,344
20,289,342,224,334,350,324
267,172,181,473,354,440,31
128,292,170,164,422,280,438
440,113,164,215,305,197,139
95,28,148,195,1,373,45
129,128,331,385,431,349,264
398,41,323,223,338,182,373
438,119,448,56,359,113,425
391,453,42,310,439,139,247
91,142,336,309,400,199,457
85,153,162,49,442,145,266
288,447,14,146,376,336,266
300,199,465,263,43,421,48
214,81,107,5,490,266,353
235,207,443,366,246,142,173
97,367,222,139,439,271,17
139,56,402,201,9,436,225
115,124,311,401,201,303,69
300,439,352,139,245,187,213
164,107,386,168,430,349,464
20,352,210,91,69,156,473
136,264,409,258,244,439,355
141,49,366,239,285,46,10
259,255,469,271,393,210,374
59,32,85,27,218,11,31
169,37,373,206,45,447,272
264,399,203,468,35,317,436
251,40,198,56,261,350,184
226,431,31,135,110,85,160
319,292,31,15,440,485,86
300,142,284,366,488,196,373
119,368,112,362,216,77,240
258,291,216,431,452,374,393
278,139,118,149,388,185,181
403,119,402,159,175,352,201
92,400,457,246,373,366,367
181,431,223,115,66,404,157
31,268,376,366,367,241,238
374,483,246,257,472,133,96
35,439,45,21,329,386,170
160,460,121,124,161,488,387
90,175,350,14,348,218,39
139,322,460,272,485,413,122
334,93,327,336,330,324,442
411,161,232,453,336,448,346
458,209,394,63,369,155,186
64,298,191,467,344,267,21
486,344,118,402,214,431,169
171,264,190,300,61,428,319
431,334,308,426,366,352,485
277,215,355,214,334,204,305
175,233,41,402,337,292,388
61,362,111,393,371,366,381
240,142,128,398,385,67,456
226,167,261,70,139,369,299
156,68,364,256,342,148,141
476,19,338,150,316,4,292
298,64,112,209,342,430,252
14,27,373,351,343,444,450
176,81,290,340,112,377,352
373,45,364,49,156,83,29
150,198,482,221,134,49,147
350,51,287,433,424,315,298
134,6,206,108,42,153,222
344,305,440,464,307,45,202
298,186,105,102,439,260,4
399,431,124,417,478,241,453
366,430,124,231,30,436,413
180,196,247,453,19,298,340
125,466,28,426,20,73,166
245,341,298,366,187,471,242
197,274,124,238,481,328,37
426,70,191,12,122,209,373
245,401,413,460,155,328,366
284,22,268,300,31,116,43
75,413,31,267,367,137,350
279,434,31,225,298,283,297
136,371,211,266,61,118,352
288,455,215,452,367,128,79
481,132,406,188,209,7,99
36,203,132,306,139,247,4
1,191,377,114,324,105,247
294,48,89,186,289,431,388
368,352,169,341,463,414,156
137,49,245,340,89,37,142
431,49,428,137,284,152,132
319,233,106,63,283,284,121
475,37,416,83,373,235,464
356,485,16,31,435,460,264
14,421,379,298,235,373,431
143,431,292,376,407,334,250
451,478,245,244,139,435,62
476,314,395,94,366,24,422
218,282,89,294,404,397,452
28,151,407,378,241,137,453
169,184,273,185,187,362,246
64,176,169,309,89,226,29
18,376,296,373,114,388,62
241,83,181,183,40,388,204
366,321,81,215,336,382,205
99,76,334,489,336,400,455
211,373,400,366,489,245,177
431,359,132,352,223,350,276
124,251,224,206,190,64,150
225,324,309,300,43,207,144
409,85,247,285,177,81,414
12,156,43,390,406,422,466
203,350,50,28,427,471,371
327,146,260,15,377,366,452
92,319,44,263,367,473,453
56,386,353,364,189,284,462
198,407,342,234,383,115,215
393,353,453,241,395,190,134
366,256,417,90,340,286,80
61,373,210,303,69,382,17
63,425,125,190,252,386,188
219,376,353,337,1,264,477
366,139,185,334,455,371,253
341,134,336,116,301,5,293
366,488,401,305,467,334,221
223,441,336,342,404,373,305
112,161,3,98,336,198,214
9,12,195,261,164,378,126
40,110,401,452,176,255,431
193,366,413,455,331,374,216
122,481,237,198,92,461,421
61,31,100,213,186,309,28
440,117,9,63,366,436,350
291,174,365,387,375,471,422
396,266,473,245,425,410,21
366,458,315,119,239,197,201
451,245,233,436,212,394,450
413,340,436,160,346,244,196
275,314,247,300,453,366,362
374,182,244,218,261,64,402
123,366,57,416,438,437,214
136,198,12,141,315,383,145
483,264,254,250,214,366,463
468,355,58,199,247,266,153
322,294,215,481,157,56,245
228,315,366,433,273,423,253
132,171,433,322,387,391,172
154,221,56,488,218,53,354
354,261,49,218,362,246,224
124,284,41,157,469,110,361
190,366,362,139,64,31,430
255,320,204,233,406,164,196
413,31,395,338,177,95,251
348,30,406,195,249,350,55
374,45,292,160,26,287,132
97,194,396,28,64,176,70
49,424,388,155,158,121,282
294,453,31,152,366,372,476
260,374,253,139,236,480,366
214,114,406,414,42,367,119
236,117,451,366,9,377,423
31,130,179,342,266,50,478
169,210,128,322,456,45,323
369,267,480,97,241,126,276
146,367,49,261,277,97,247
148,348,399,234,3,305,271
332,71,57,451,463,460,286
476,229,188,220,483,202,76
477,137,243,392,124,344,198
101,288,117,207,232,456,116
357,286,157,413,105,426,18
353,61,183,294,439,51,82
118,63,187,225,459,192,396
366,134,181,472,78,481,263
119,388,121,300,417,412,232
412,131,157,260,61,245,70
409,468,336,156,440,412,287
76,136,49,294,211,161,150
366,394,382,152,56,484,28
442,146,141,140,8,257,210
139,87,14,455,157,178,7
181,393,204,394,54,95,428
63,460,256,409,12,401,366
388,13,460,463,45,177,118
146,377,139,209,300,150,286
181,334,338,487,366,305,19
215,41,229,476,336,337,76
9,245,141,366,284,215,139
23,241,39,137,237,453,417
266,297,449,222,476,322,92
356,412,285,232,16,336,179
97,25,190,304,472,45,442
298,319,35,90,163,142,136
409,127,229,279,459,184,314
239,91,403,232,393,314,245
425,32,56,49,454,210,243
215,339,83,481,416,417,69
166,468,444,142,36,99,380
374,214,139,428,364,319,264
274,280,64,160,199,168,339
363,233,83,45,227,484,49
346,366,189,344,436,261,380
387,24,481,105,298,49,59
252,242,228,89,157,208,260
144,89,133,107,197,412,475
140,90,310,295,337,461,41
261,285,302,342,440,366,18
361,460,222,490,366,336,204
195,290,226,362,187,161,478
256,384,456,380,161,401,41
211,477,364,485,377,169,77
335,242,198,365,215,392,451
124,366,142,367,41,204,403
238,334,429,345,289,366,305
264,23,411,365,373,392,366
112,147,83,228,178,371,115
57,469,196,316,434,433,230
293,352,366,482,150,171,357
412,188,360,57,69,336,387
112,366,169,402,373,472,350
196,139,460,120,280,215,393
431,362,252,266,317,300,377
440,145,236,228,13,426,457
203,198,188,363,455,354,119
453,177,127,183,110,180,21
303,161,70,342,267,268,192
22,99,255,159,247,76,168
48,239,148,110,249,421,412
156,447,78,399,162,296,90
366,246,142,471,330,288,155
219,35,198,394,296,461,243
404,303,245,412,76,399,483
298,249,67,190,41,417,383
266,437,145,348,338,175,449
25,48,116,175,137,245,294
132,29,426,340,319,189,234
366,19,460,171,274,424,286
463,155,110,116,224,247,414
12,245,472,400,399,67,475
139,58,263,360,332,335,474
50,246,124,297,222,214,394
383,316,341,195,468,64,188
366,84,367,442,182,55,32
254,186,105,478,406,433,291
488,175,309,103,211,474,374
218,175,419,323,119,346,397
214,178,437,374,334,169,32
475,207,355,129,228,195,298
20,398,297,458,116,245,237
292,236,453,31,203,372,381
124,19,224,49,379,462,384
405,241,460,366,201,388,380
31,27,19,230,228,218,340
401,162,105,322,2,232,342
421,212,412,332,198,58,210
240,160,43,201,417,334,228
266,393,366,50,200,373,425
31,418,200,452,67,169,102
43,167,203,148,367,338,366
334,394,167,460,7,336,373
256,386,369,308,449,451,147
393,394,427,287,465,334,352
327,198,188,137,157,237,249
161,169,192,426,336,438,188
263,169,7,374,196,260,64
298,488,266,474,468,31,27
428,209,319,79,306,70,420
332,56,334,338,226,270,461
342,254,67,26,476,430,381
431,480,231,45,281,218,180
236,48,247,407,94,348,103
110,74,43,1,169,298,4
305,35,200,451,395,287,142
44,31,49,479,413,295,179
409,54,366,173,286,336,453
69,364,245,11,260,454,440
255,14,169,18,337,152,102
407,32,184,142,20,465,70
148,185,272,190,139,8,374
198,240,211,390,49,14,249
366,31,197,125,21,447,308
190,421,369,70,174,246,202
36,32,409,317,2,49,111
473,171,453,353,279,211,232
372,366,249,153,41,479,133
110,416,187,309,290,35,348
203,120,153,427,112,455,44
181,376,402,146,443,308,456
232,246,378,39,219,76,471
384,286,236,266,453,448,183
438,388,166,334,480,417,211
188,159,369,382,135,304,131
97,453,393,114,284,48,308
35,344,31,163,393,132,50
175,92,273,485,472,61,413
12,393,367,271,431,184,402
235,149,472,407,155,43,396
463,257,249,206,465,152,295
49,46,211,335,350,160,417
169,188,30,28,471,393,292
63,459,312,311,158,79,149
462,40,112,273,390,312,247
450,186,275,18,422,20,81
27,410,250,164,5,366,340
368,277,321,282,475,234,456
334,215,400,432,336,143,21
110,198,308,489,76,62,14
236,353,43,11,454,336,404
67,245,137,49,134,255,230
135,417,476,116,113,136,24
139,264,166,145,25,28,112
32,352,289,366,162,405,412
112,299,226,489,65,107,373
59,310,222,102,396,89,18
483,266,335,456,298,18,312
478,310,29,177,39,267,414
388,161,452,190,472,377,148
469,226,483,361,31,344,67
480,31,366,32,282,287,455
346,390,327,246,414,412,242
475,127,3,159,336,303,403
92,137,182,75,431,456,412
204,385,244,447,158,144,315
357,388,271,432,107,386,42
402,366,482,25,214,387,413
61,31,472,382,96,322,164
429,396,397,7,413,390,247
94,295,204,477,394,139,421
56,79,114,222,245,425,49
295,245,188,267,477,213,393
409,346,114,393,45,436,319
408,152,461,294,12,422,238
210,372,311,366,73,264,188
49,178,169,62,471,323,232
49,427,366,169,384,0,367
431,131,408,126,247,472,469
61,324,245,19,335,140,197
309,326,368,472,335,69,214
336,176,20,314,275,7,267
417,367,232,268,222,8,181
231,187,431,260,107,215,394
183,140,444,346,284,31,412
383,144,319,326,403,365,405
474,198,431,366,45,11,352
165,49,34,200,31,373,338
322,261,239,138,387,267,264
218,196,156,245,206,280,188
31,255,204,314,134,430,33
488,25,486,85,267,220,465
83,1,120,464,366,64,9
346,231,196,366,161,374,168
110,164,267,384,413,430,301
210,4,282,331,263,394,77
96,157,239,244,245,298,113
241,396,78,210,235,31,255
431,442,297,116,417,132,198
203,89,353,139,169,269,466
366,485,431,412,355,348,271
373,391,214,146,162,480,402
385,322,437,3,323,432,92
476,140,190,298,110,50,65
207,102,240,14,278,49,413
222,244,354,378,287,84,304
454,366,254,41,431,121,413
474,388,13,49,363,367,283
475,233,367,222,212,49,266
105,298,201,65,40,183,446
243,41,413,135,392,15,170
472,325,144,92,371,237,119
417,173,352,277,21,228,459
247,45,16,331,476,403,246
49,453,463,18,246,112,9
48,461,199,92,31,462,97
50,68,21,242,394,203,76
315,58,430,243,252,442,57
359,319,411,84,469,468,105
408,366,229,276,234,97,252
396,436,386,366,381,286,95
214,345,133,431,300,69,284
475,89,323,90,373,480,338
324,355,181,215,356,430,268
370,388,380,110,483,28,251
79,242,201,283,203,255,394
373,409,286,68,335,134,139
287,412,73,366,261,2,350
254,483,198,21,294,118,131
198,436,29,348,356,169,461
374,473,305,30,64,145,94
245,283,209,129,299,213,392
219,8,162,21,177,272,433
96,133,369,298,7,458,283
198,373,108,218,294,34,465
337,406,253,20,81,366,214
259,348,275,366,453,250,63
198,175,361,79,49,117,74
300,229,467,377,366,266,346
384,408,137,334,188,232,321
108,134,371,70,366,226,388
482,46,153,306,472,49,247
169,408,206,139,453,214,490
320,444,291,486,250,273,25
472,393,23,139,471,254,413
405,146,482,209,217,266,472
332,418,112,228,32,44,383
305,132,107,208,110,123,471
329,169,121,457,187,331,287
226,7,364,177,220,278,409
366,311,261,308,478,418,161
338,366,384,182,266,105,32
474,131,196,436,453,172,103
191,366,377,461,51,309,336
196,440,319,368,391,20,184
305,108,112,486,426,337,465
10,42,171,323,300,315,413
163,61,222,150,371,28,413
167,244,247,340,334,204,289
305,110,214,361,14,373,468
70,412,237,238,239,472,289
306,366,453,361,289,373,270
164,409,135,56,386,196,174
142,341,393,471,287,331,306
415,412,312,61,79,364,121
341,245,412,382,355,367,20
228,336,213,183,406,1,385
453,429,410,13,360,12,247
139,485,214,49,334,460,163
340,176,65,486,88,355,309
147,366,240,376,121,142,472
204,434,430,272,45,9,168
266,273,469,108,31,436,47
173,247,43,167,15,452,105
332,374,393,459,469,316,36
229,200,245,31,139,118,79
85,90,360,436,377,128,428
40,220,48,338,226,153,417
266,159,455,440,53,422,481
413,286,324,245,334,187,371
436,407,312,265,489,41,399
66,74,425,199,452,196,413
253,474,69,222,85,235,66
134,196,451,367,336,190,90
322,418,4,490,145,120,278
320,273,20,453,374,352,233
453,233,28,319,298,227,188
231,366,447,426,198,425,262
412,215,39,124,404,431,202
302,221,417,198,348,366,107
128,451,392,442,278,373,277
353,84,156,197,9,214,374
44,290,344,184,272,309,190
294,163,69,426,449,297,156
431,266,106,173,63,301,202
87,352,243,375,396,411,12
23,157,185,470,229,31,113
102,345,466,64,170,81,128
49,382,336,431,421,266,460
453,226,153,436,294,259,376
103,264,209,469,19,307,381
352,477,155,246,346,96,139
64,142,180,277,188,213,380
298,239,214,291,299,41,82
280,31,282,188,364,169,69
390,232,382,480,132,460,263
45,471,446,472,358,293,70
146,61,204,295,431,373,334
366,18,114,463,41,294,362
476,41,244,174,446,0,360
385,300,228,237,325,291,446
398,443,31,252,366,277,373
141,103,340,0,45,31,71
153,340,352,250,374,226,449
256,102,468,413,260,21,158
426,436,119,244,392,261,298
45,471,115,410,184,371,263
370,417,134,65,88,207,490
62,242,426,332,204,438,405
105,83,262,62,264,46,70
5,285,173,215,128,219,235
14,137,431,210,159,433,334
391,345,40,298,482,406,258
472,259,186,346,13,144,341
480,402,64,320,201,134,217
463,81,301,202,455,454,284
398,431,138,237,57,453,361
146,221,138,329,199,102,271
60,159,171,145,273,406,297
145,394,41,329,142,456,429
139,336,431,277,236,165,344
79,429,201,432,303,474,363
261,73,475,215,199,407,340
459,63,69,184,247,140,186
362,128,267,189,169,223,234
89,260,184,101,300,114,80
124,204,405,404,49,374,164
46,176,428,367,118,78,465
338,464,237,340,471,92,302
82,340,284,205,68,266,425
374,452,170,317,64,51,366
309,462,202,117,71,51,21
145,180,184,366,121,122,413
72,189,21,402,354,373,431
331,43,298,453,475,56,460
264,53,467,320,377,108,293
97,367,217,245,72,19,270
444,407,376,41,17,286,234
139,112,286,253,246,180,237
211,139,223,92,214,483,482
11,257,87,112,366,244,364
394,413,135,257,79,51,254
429,295,385,362,271,172,255
58,148,226,298,159,266,54
388,296,1,350,398,338,85
245,396,31,362,43,118,199
179,105,30,472,418,173,60
27,150,31,25,148,447,436
402,103,490,244,421,247,453
35,425,358,215,397,292,80
406,137,247,366,31,159,358
32,215,15,277,490,410,36
18,48,17,305,368,164,9
334,278,30,28,440,170,302
292,176,31,323,355,82,177
39,162,362,252,261,153,200
292,19,112,26,287,357,366
438,436,203,135,176,366,332
311,374,285,47,398,472,4
298,72,432,90,112,341,157
366,373,430,298,89,418,68
366,259,292,382,299,170,453
59,476,337,334,157,23,180
115,216,17,260,386,333,222
247,278,61,280,254,6,409
413,40,298,382,431,6,155
62,223,198,32,465,51,156
29,485,170,394,488,61,256
232,406,297,112,386,21,481
252,139,176,116,431,260,218
239,67,157,398,336,394,386
224,456,355,248,301,469,394
203,132,117,437,406,2,468
232,366,48,485,42,13,448
402,157,49,114,257,322,189
34,167,223,466,265,28,490
237,402,333,252,150,191,56
240,481,352,348,412,446,367
174,150,184,275,305,117,97
413,387,102,23,483,206,188
146,204,395,390,169,298,320
258,199,370,210,464,373,475
298,442,170,387,90,402,244
403,157,376,83,249,309,318
436,471,412,203,142,136,394
152,426,32,236,241,214,247
85,450,30,325,413,110,94
479,458,336,229,474,339,246
485,53,336,479,230,242,160
101,264,134,190,372,31,173
148,253,258,58,112,388,359
46,107,214,56,373,374,482
275,272,363,297,365,216,385
255,300,118,31,266,431,59
260,416,68,340,150,373,273
49,403,321,295,464,279,266
216,247,475,483,21,219,459
384,282,45,222,371,450,5
263,218,343,388,284,68,64
483,29,190,34,32,446,51
223,145,129,265,300,479,49
128,382,451,388,159,28,179
39,132,444,401,373,333,214
153,300,469,16,447,173,323
445,314,35,411,81,184,264
20,68,336,198,273,246,407
435,212,374,251,227,9,72
177,311,77,402,348,366,337
374,352,84,152,242,211,243
298,140,422,401,426,366,56
5,6,118,224,21,394,14
396,478,180,266,65,362,402
304,410,255,269,438,429,352
184,441,439,139,134,300,421
198,431,147,43,156,428,460
18,291,395,33,246,120,31
336,363,214,366,266,468,215
261,417,187,245,97,237,356
373,184,87,215,371,3,76
143,289,226,454,31,458,244
287,326,371,284,138,407,453
56,20,49,51,177,426,139
4,266,197,32,118,478,49
459,287,31,65,169,119,28
207,245,190,157,286,215,429
396,381,334,266,284,41,485
264,146,371,453,286,256,266
300,183,164,154,335,422,201
134,379,92,369,390,350,274
124,366,480,267,25,339,367
31,394,334,250,240,386,73
69,355,226,139,31,484,266
386,31,174,375,202,446,267
383,380,334,300,376,253,140
70,214,310,258,373,56,231
121,400,237,49,431,69,25
215,292,266,426,271,247,486
426,29,367,453,251,81,107
257,300,308,414,486,394,373
273,455,114,409,366,266,340
203,357,215,173,156,222,154
232,120,425,434,462,63,213
160,76,377,285,453,229,399
388,242,405,453,256,152,371
394,463,272,150,373,11,201
215,480,245,149,90,13,273
266,253,472,180,169,222,453
318,85,348,327,83,453,302
393,242,224,273,472,261,120
293,255,474,83,140,72,386
168,265,440,245,130,295,18
366,45,354,89,224,256,426
237,198,463,187,121,431,13
329,114,81,402,414,285,481
291,89,330,146,139,366,346
393,273,144,294,184,274,182
425,70,483,58,390,184,388
448,69,264,42,214,15,480
254,440,175,66,81,85,169
204,413,202,24,285,218,469
298,151,490,250,265,12,291
468,274,471,446,67,124,66
336,453,220,209,81,464,49
433,245,452,323,431,63,166
125,129,336,245,426,350,460
483,344,49,378,25,360,56
413,431,248,367,293,61,169
220,453,156,403,400,82,460
300,350,202,483,35,346,236
87,360,61,298,258,267,261
124,336,439,9,84,364,86
61,313,190,35,21,235,243
142,204,134,191,303,334,385
212,19,145,41,127,242,203
418,354,387,177,373,239,471
366,355,480,85,49,274,385
374,346,366,295,77,55,48
474,192,266,453,418,360,238
234,298,245,486,266,65,8
422,267,332,394,356,75,334
402,46,128,261,86,366,382
422,370,204,404,84,323,366
108,233,324,144,40,366,352
301,45,36,152,441,113,276
31,124,464,148,250,138,228
458,336,156,285,169,240,454
436,366,482,98,198,188,422
135,64,366,428,480,97,177
220,107,360,71,231,397,191
253,234,169,413,332,189,436
357,82,476,448,369,120,418
247,409,162,404,394,451,373
481,366,31,177,312,407,458
340,166,184,21,476,366,167
28,53,76,259,472,189,431
278,181,18,129,320,413,261
188,412,47,31,405,455,398
79,412,139,370,142,390,175
383,203,87,420,317,163,39
274,430,298,121,315,220,190
202,142,373,366,344,402,320
453,223,315,394,471,280,112
145,81,476,417,234,100,124
373,8,292,467,63,453,44
41,450,299,464,449,280,138
440,478,114,96,105,337,346
232,298,482,479,234,139,474
173,373,413,249,336,247,142
432,124,266,421,292,383,165
88,62,376,31,203,374,167
319,169,195,1,453,309,252
97,304,373,251,67,189,447
70,385,292,178,14,367,342
310,306,325,214,322,438,243
95,373,246,198,3,36,211
424,188,373,346,313,342,238
206,338,362,72,463,17,368
445,1,346,49,385,340,242
392,438,71,293,267,373,332
43,451,175,413,438,370,414
31,138,412,390,86,467,32
366,174,125,421,163,374,331
368,310,280,240,441,426,153
422,4,272,49,16,48,210
433,242,431,344,436,272,452
472,209,294,362,171,112,412
58,406,373,422,352,305,15
280,25,336,360,245,222,393
222,370,85,76,246,105,337
393,247,304,165,155,69,471
215,3,53,283,279,92,440
179,59,10,190,438,426,31
