309,156,126,51,245,8,175,137,105,331,68,95,120,318,154,259
271,202,122,231,162,325,246,152,140,296,240,233,67,368,153,9
89,274,237,330,129,31,297,72,339,267,101,8,149,258,356,118
74,53,359,37,285,111,21,288,235,219,283,357,175,284,318,149
68,330,45,241,139,201,333,283,284,57,209,320,14,364,175,354
68,128,263,227,13,160,132,126,364,244,327,213,178,69,265,4
175,231,86,325,91,255,248,224,240,68,53,158,102,317,45,207
356,265,330,283,225,364,350,139,59,80,68,51,100,132,125,191
247,25,88,316,125,348,292,170,15,215,132,230,72,137,24,53
200,126,349,51,45,60,296,119,265,129,311,95,244,109,150,223
355,248,82,361,51,298,308,44,222,254,133,321,285,114,68,258
296,90,234,217,80,140,268,27,357,122,336,51,301,249,192,250
347,265,51,233,285,325,237,90,289,134,87,231,212,147,40,250
137,348,40,170,84,91,51,259,329,65,309,13,173,276,341,68
246,189,104,226,333,169,344,131,137,70,75,328,164,68,175,248
76,341,47,137,242,240,4,231,364,335,247,296,255,343,325,295
68,265,196,345,76,51,142,305,260,153,272,157,53,167,160,299
336,356,210,126,245,84,339,348,198,350,68,48,11,313,224,225
270,213,137,225,133,108,139,260,53,113,344,99,293,36,261,51
247,193,364,53,270,260,285,13,51,112,339,167,328,274,342,211
260,328,222,269,356,323,115,136,170,234,282,6,2,51,335,117
170,51,265,223,50,137,140,277,312,287,295,104,68,202,251,190
160,51,249,265,224,263,281,349,370,142,289,222,68,235,211,156
359,201,68,137,245,156,55,302,142,323,111,51,314,318,203,348
136,259,366,13,205,5,249,68,260,43,315,169,202,111,311,299
356,187,209,273,71,183,178,25,68,265,274,339,332,202,169,138
290,23,134,139,127,223,355,65,156,340,161,109,277,51,247,27
93,212,156,137,51,141,66,158,269,15,139,129,285,231,132,32
365,299,336,106,198,283,81,134,82,293,190,355,2,192,99,260
175,80,20,137,27,239,188,11,231,278,355,282,265,365,293,116
231,191,51,89,265,47,201,60,160,236,366,203,228,38,260,65
145,302,122,140,351,114,293,296,61,100,13,132,258,51,160,67
123,25,126,51,139,356,201,109,296,15,352,308,198,132,260,95
354,337,90,153,352,295,291,224,72,158,363,175,124,46,244,308
265,73,356,160,311,175,213,183,315,288,154,110,157,217,90,333
129,295,265,300,7,349,156,358,94,38,68,23,248,139,353,95
134,206,126,260,273,202,197,335,278,284,151,313,79,179,318,244
306,68,265,294,333,4,88,318,296,138,197,233,260,288,71,264
273,72,248,192,25,285,85,79,71,215,245,300,237,311,132,6
179,137,291,152,265,346,102,122,226,187,88,228,151,51,46,248
301,319,188,44,260,54,76,223,318,335,342,170,192,60,355,311
281,318,187,126,302,294,215,140,270,61,360,57,205,68,157,262
41,51,223,275,202,122,24,207,338,36,13,15,40,260,360,359
260,88,340,319,46,51,213,244,40,110,215,255,256,121,320,293
365,287,139,220,41,15,101,132,95,318,107,51,27,110,282,212
164,22,340,323,149,137,154,134,82,202,231,352,51,120,156,289
108,156,71,126,26,247,2,135,75,68,306,164,137,338,352,178
363,75,121,51,119,348,9,115,233,321,234,257,168,350,258,357
191,51,176,32,358,265,69,350,300,68,322,61,44,292,46,209
285,236,223,15,269,333,77,248,95,79,68,272,90,359,24,108
41,331,127,260,91,68,265,6,206,245,83,76,156,67,225,365
202,328,327,109,15,237,79,259,292,146,190,51,137,215,206,37
165,27,114,367,344,187,15,168,115,140,30,53,225,228,68,26
321,82,296,139,342,84,13,68,51,312,238,167,190,336,22,170
167,220,208,15,337,260,265,283,154,123,140,270,180,193,238,299
236,2,250,53,352,94,268,356,275,6,137,247,265,348,360,47
329,68,285,355,160,287,347,332,238,302,95,53,102,47,46,105
349,134,226,76,51,65,90,311,231,1,46,117,315,363,248,289
323,126,108,137,95,265,23,65,14,240,151,354,32,68,260,319
333,294,122,0,184,51,139,82,234,19,319,68,192,265,356,109
53,121,69,167,175,234,178,57,321,108,254,204,55,214,128,314
139,15,219,81,291,137,133,310,311,282,66,160,241,22,337,140
24,262,218,158,58,53,226,111,48,211,69,235,322,183,41,108
234,86,354,73,92,258,265,35,252,160,192,139,151,197,199,68
156,72,304,305,76,109,152,317,278,252,99,75,210,69,348,162
280,50,240,202,109,355,90,42,220,18,68,270,15,107,190,51
51,248,59,46,138,289,130,350,187,148,128,231,194,67,241,58
21,226,139,208,227,51,274,53,136,54,184,169,223,68,255,193
42,47,51,199,250,101,46,56,139,196,211,156,248,192,22,296
101,95,42,63,296,129,234,184,261,250,208,369,335,98,265,46
163,122,46,60,170,54,41,167,61,322,157,161,317,263,12,315
243,241,265,26,137,182,287,187,41,100,298,14,203,68,156,303
14,265,215,363,365,160,223,158,139,68,125,79,259,123,304,25
301,269,7,338,258,51,85,144,116,107,219,108,95,123,130,201
193,118,162,156,41,233,213,45,265,138,356,194,190,160,149,234
147,51,265,110,3,68,274,281,344,201,245,222,234,262,325,342
310,68,318,60,42,40,313,134,325,291,363,208,125,273,95,14
263,222,68,338,32,51,48,109,161,175,72,355,351,195,328,148
264,287,221,167,52,265,280,293,325,68,347,89,309,269,199,109
68,15,251,156,126,24,336,335,194,121,107,310,349,41,81,337
181,51,359,58,245,365,265,53,225,133,302,303,68,13,336,210
260,302,342,215,2,109,208,356,125,107,261,51,93,23,190,245
198,236,183,308,250,341,205,223,153,209,213,126,356,278,255,214
295,287,315,139,7,106,201,339,121,275,222,27,68,51,133,153
51,215,68,295,225,349,187,77,33,259,95,182,356,160,166,128
150,136,131,358,340,326,251,51,72,5,230,68,107,73,103,41
56,40,253,295,255,51,233,200,175,269,264,46,53,250,140,108
51,22,46,68,88,335,94,349,35,117,312,55,128,262,38,300
17,69,327,44,200,177,81,252,68,324,108,294,292,278,89,149
143,128,13,222,56,214,344,356,35,258,276,49,363,281,158,106
202,127,355,216,48,7,322,327,41,51,137,15,330,12,240,226
69,43,195,222,327,51,279,160,213,196,156,59,139,250,92,68
329,160,51,365,196,202,50,213,109,260,139,255,12,249,318,128
23,51,252,251,45,68,46,294,118,124,84,208,173,193,108,41
261,100,175,88,359,188,354,50,274,5,119,24,249,69,68,121
341,105,69,53,265,258,181,195,251,107,137,317,43,339,162,12
322,339,231,97,156,202,223,7,194,15,283,335,263,111,72,292
248,0,207,124,22,178,110,356,139,117,3,57,51,60,220,259
329,109,82,47,149,328,51,26,235,68,53,265,130,203,356,248
95,231,138,310,150,202,139,333,193,58,155,119,133,105,140,354
128,203,170,16,76,122,245,51,160,181,95,193,7,135,205,115
63,344,35,317,287,13,171,83,202,139,313,51,117,256,201,239
195,156,292,77,349,147,68,332,107,154,76,360,16,135,51,15
219,156,300,265,354,89,90,137,174,38,60,259,139,99,243,187
295,6,41,233,95,123,126,90,293,65,284,156,357,247,15,122
320,309,94,48,132,301,237,157,139,156,152,282,196,32,137,2
329,250,74,107,46,197,265,5,368,337,93,345,68,217,79,214
70,134,352,16,51,48,355,63,68,54,67,238,302,205,57,202
198,95,68,70,311,141,195,35,81,328,317,269,203,156,348,362
201,276,67,170,57,47,274,360,137,51,140,103,270,278,88,352
156,96,354,91,355,308,191,37,124,182,260,344,247,137,258,5
170,292,363,49,101,6,51,194,55,131,174,282,14,319,189,156
356,205,277,132,312,264,51,53,260,26,335,48,265,128,25,344
336,210,294,344,267,293,202,51,296,111,365,68,136,329,274,269
222,356,137,295,296,304,350,95,191,209,21,104,342,97,298,200
359,61,51,192,326,131,106,26,231,296,218,213,35,156,142,82
294,236,270,95,206,59,313,15,147,351,348,259,296,152,356,265
356,351,191,279,26,38,322,129,187,278,104,167,166,136,196,234
265,321,177,148,335,201,144,71,50,199,51,84,175,112,215,128
2,68,87,214,363,13,117,233,95,277,312,237,20,270,40,340
248,140,336,41,272,130,284,351,139,236,115,53,321,171,122,184
332,86,156,145,15,176,233,22,195,234,97,82,57,189,326,6
43,22,88,95,289,204,51,260,63,106,255,115,34,68,137,287
356,137,57,51,279,229,252,224,297,76,4,82,49,250,167,258
231,329,129,95,90,154,251,265,132,46,82,370,212,230,363,68
327,250,322,265,261,156,331,72,137,307,128,350,45,326,190,13
351,38,72,321,55,255,268,220,252,121,86,27,203,269,196,265
74,361,269,177,32,82,240,51,238,139,244,68,226,59,323,343
0,120,95,298,207,331,125,247,137,169,151,182,51,226,55,201
68,182,89,128,24,213,92,79,230,51,38,318,55,214,191,157
24,344,103,197,367,175,203,249,206,128,109,54,95,256,265,2
141,323,161,106,330,47,193,114,61,177,341,267,150,347,354,51
354,364,138,326,263,365,199,231,272,30,28,305,105,329,68,233
13,215,223,24,301,22,339,21,114,345,195,269,61,205,184,283
73,162,299,276,190,205,201,271,232,352,251,137,287,176,344,62
92,236,89,193,278,365,106,260,287,232,42,15,21,52,233,131
106,128,223,270,344,275,286,90,258,203,81,125,74,47,136,95
51,98,260,137,27,278,249,354,237,265,277,13,117,307,234,134
137,98,216,87,201,361,342,196,259,2,126,86,222,123,265,22
322,362,60,169,207,325,108,94,69,119,62,259,139,258,174,121
31,315,187,273,225,181,313,265,208,221,17,79,18,226,260,203
46,340,255,304,43,336,269,320,156,53,121,239,273,132,68,101
339,278,261,195,354,51,181,156,44,82,140,50,358,199,238,57
164,293,238,122,126,53,15,207,167,100,130,51,45,265,358,109
137,326,327,355,139,163,136,168,244,308,90,42,276,151,154,344
188,165,223,321,158,231,209,265,262,345,187,129,159,68,315,15
296,185,295,191,174,235,256,150,51,316,118,89,237,126,67,74
88,171,42,137,214,309,51,358,108,203,274,100,238,205,233,169
202,296,318,243,60,32,28,231,313,292,192,283,344,285,15,7
114,356,354,37,304,156,264,364,335,265,261,171,30,233,154,142
24,252,291,295,57,129,265,219,260,311,356,100,15,182,30,32
177,285,28,15,347,53,362,170,201,51,68,194,129,213,146,284
55,156,149,209,304,51,235,327,255,264,355,249,308,170,359,287
71,109,278,68,207,159,47,25,75,250,234,161,28,295,90,299
13,205,349,111,105,121,202,305,265,223,238,331,76,170,22,137
248,356,287,37,101,183,304,269,321,215,319,262,129,51,90,192
88,223,130,202,203,300,61,268,68,369,353,219,110,129,192,250
9,327,114,128,15,223,53,137,176,157,171,364,207,166,45,117
333,240,56,105,51,312,69,111,268,139,15,272,363,89,91,269
324,47,215,51,68,195,253,48,353,53,282,16,110,55,167,264
25,344,156,194,246,248,99,310,86,69,51,356,79,330,224,320
276,335,299,109,212,224,137,193,236,130,84,259,158,56,108,112
188,44,312,291,264,231,60,7,224,45,232,318,132,278,191,274
122,312,199,363,316,156,339,295,72,336,18,137,246,169,170,140
195,365,8,316,313,215,83,213,294,206,196,59,137,90,324,217
139,55,176,79,268,57,206,154,41,311,51,321,157,199,237,37
265,259,359,68,231,192,246,156,159,132,142,94,271,177,49,88
160,109,282,302,159,248,115,68,349,241,168,370,249,1,353,137
258,262,174,214,77,226,5,68,283,365,51,317,119,356,123,185
8,139,352,13,260,213,285,112,9,141,156,121,370,166,36,1
309,356,268,105,265,131,120,53,153,311,169,205,165,313,345,99
51,336,165,247,128,86,152,114,92,32,156,71,56,142,77,61
122,302,265,7,45,368,139,106,129,276,236,309,192,51,170,103
109,199,348,347,307,321,108,100,157,156,60,209,220,336,248,51
132,55,44,51,207,69,339,193,224,356,233,243,61,123,272,158
305,68,107,57,100,316,51,119,147,186,149,282,230,155,69,83
157,336,28,51,283,347,128,140,341,292,151,188,326,156,161,354
37,132,187,126,264,356,238,167,197,265,335,315,13,339,257,193
207,265,356,264,134,126,242,203,48,209,182,138,273,195,156,254
49,360,126,226,15,330,199,214,114,139,45,203,68,256,205,311
302,204,332,46,17,2,112,150,12,166,51,278,251,58,259,365
354,16,289,249,67,368,10,218,326,192,51,151,129,86,62,106
68,14,189,50,66,94,299,82,214,139,231,347,336,90,337,137
265,78,15,68,239,51,269,119,137,107,296,35,129,153,90,127
106,79,21,146,144,339,270,316,51,293,276,322,233,341,355,68
13,126,147,356,133,97,336,320,265,162,20,191,359,7,272,100
238,329,325,226,1,285,42,312,9,134,295,150,3,156,365,296
46,303,124,202,212,181,37,111,137,160,340,328,203,23,263,231
207,61,265,189,296,99,122,83,224,68,51,126,41,241,354,42
70,244,241,272,165,88,268,316,68,207,312,293,161,53,63,156
295,242,260,61,280,335,187,56,247,338,302,330,51,368,22,126
293,231,18,6,274,154,238,165,214,289,26,260,106,135,341,356
28,51,97,53,72,223,68,123,132,364,94,309,240,32,237,192
90,269,219,13,215,61,31,195,2,310,307,117,354,51,69,183
96,245,18,280,68,272,321,197,26,166,277,157,342,203,48,297
53,134,357,225,347,172,248,68,251,289,73,160,292,184,342,95
68,169,326,7,140,325,351,190,370,34,354,311,240,156,231,363
13,202,51,265,367,88,102,115,114,231,156,152,167,68,354,222
171,147,234,68,254,128,304,326,51,190,216,37,236,62,285,336
140,336,258,269,242,261,126,153,348,343,240,358,244,115,59,205
265,149,75,105,24,299,97,219,293,304,68,156,89,223,294,218
129,355,170,79,255,295,265,108,224,192,231,156,40,296,116,251
239,42,66,353,151,71,281,207,247,141,16,350,68,191,339,349
84,222,68,250,355,309,247,75,57,167,265,347,51,53,174,289
211,166,186,51,268,284,2,81,315,156,245,65,206,137,311,68
354,114,117,184,43,153,142,322,191,225,269,219,338,348,51,62
294,200,61,176,342,265,260,301,308,277,272,101,13,171,1,292
242,132,30,137,108,91,156,149,43,265,275,122,261,250,359,360
44,154,46,97,193,326,170,281,163,162,306,182,330,189,258,22
149,223,248,299,295,231,88,161,230,281,259,156,337,238,358,222
225,364,197,328,77,57,130,139,347,106,175,23,137,356,6,270
35,134,51,78,265,268,223,117,338,135,54,258,351,68,358,40
339,222,350,248,181,75,119,164,287,342,265,260,185,202,62,231
165,359,114,283,107,41,360,296,167,356,354,177,238,82,344,137
97,354,140,32,211,95,189,247,241,311,153,60,47,366,128,282
282,199,79,193,13,335,51,243,203,63,137,233,44,67,19,41
71,51,296,241,202,351,180,147,312,61,13,32,9,68,260,109
68,293,345,207,47,50,137,89,159,90,185,15,312,140,13,248
164,155,170,236,231,261,97,90,107,202,81,161,315,144,68,69
68,128,191,26,269,147,22,139,322,150,108,51,126,87,336,97
137,128,181,13,51,278,72,216,281,238,260,139,22,171,248,18
53,296,218,265,59,236,147,16,224,137,200,324,73,129,359,7
297,206,82,30,195,26,348,335,176,351,280,31,275,49,250,151
269,119,79,230,160,46,289,355,60,89,76,359,9,291,26,295
265,82,345,68,23,215,295,278,353,354,137,306,258,171,204,302
217,123,283,273,156,97,296,258,369,265,317,367,313,109,286,213
44,302,183,289,231,265,274,223,137,51,24,208,260,181,76,261
51,132,52,280,115,15,206,114,234,34,43,330,164,73,188,265
317,312,159,231,309,248,59,226,265,167,156,95,271,329,318,345
193,164,152,110,51,231,230,265,291,95,336,191,31,187,21,32
6,47,220,357,82,216,232,2,271,308,289,19,351,323,195,231
269,24,94,272,28,53,132,72,5,195,165,276,137,350,108,203
301,183,137,338,366,265,296,167,108,156,72,123,68,139,89,260
293,184,53,168,272,234,118,76,68,136,191,95,171,312,199,98
90,132,137,95,134,68,91,265,51,82,159,356,98,315,26,363
65,51,277,344,330,100,341,156,215,255,35,219,320,354,359,199
148,265,137,124,276,101,260,357,187,295,325,281,318,154,167,95
165,311,164,345,211,358,161,333,357,99,207,224,65,251,366,294
53,188,151,296,356,180,72,250,280,156,205,308,191,155,122,219
277,143,321,339,302,170,265,164,259,19,260,117,23,32,368,290
183,38,210,28,336,153,328,107,332,111,46,202,235,158,225,289
13,233,304,88,215,267,121,14,330,366,32,196,269,256,273,238
210,137,55,13,95,109,193,67,51,269,285,318,231,228,111,312
55,353,18,108,137,150,326,318,283,164,202,230,88,359,356,132
290,134,51,330,286,265,278,119,255,212,68,41,95,175,170,128
273,137,140,90,357,356,328,207,193,244,82,53,128,68,160,43
135,273,248,295,123,211,233,265,284,51,53,46,40,276,246,205
90,132,271,30,137,364,315,51,41,92,280,286,26,233,207,324
156,185,322,63,260,231,68,40,314,15,318,100,217,57,209,95
268,237,289,47,214,53,155,232,265,236,58,15,158,70,281,71
328,41,5,191,15,208,329,13,299,93,337,236,160,331,68,99
318,15,59,236,276,329,167,137,253,179,108,158,299,273,60,337
8,356,190,84,205,106,248,149,278,95,318,296,321,145,308,51
68,294,292,25,265,71,280,261,342,56,295,148,361,317,245,76
4,356,260,186,184,251,339,219,278,136,191,311,51,107,81,309
278,280,297,319,248,62,165,354,265,57,338,137,287,203,296,170
354,161,108,358,156,322,220,339,51,351,109,142,26,115,234,193
296,202,13,312,56,45,91,90,95,281,15,25,322,85,364,260
167,159,293,24,340,368,132,76,183,6,315,128,55,300,68,65
156,147,79,207,51,66,157,285,281,100,352,135,190,223,329,347
166,262,344,244,146,90,128,47,139,256,341,48,56,53,337,89
214,311,196,15,212,238,105,131,126,249,41,57,286,68,182,280
51,54,258,224,240,260,317,72,41,107,203,253,239,62,91,214
132,308,156,192,151,303,295,342,76,161,5,106,198,129,220,281
333,193,316,335,222,184,346,255,353,21,265,238,344,53,355,211
202,68,227,349,100,93,115,171,295,222,274,342,12,311,126,253
216,226,359,191,184,106,248,189,273,15,151,30,197,8,99,79
58,369,203,139,256,115,63,311,265,202,348,226,241,12,274,147
139,321,133,12,180,111,360,51,231,358,6,330,245,253,276,132
319,156,109,67,231,364,81,289,329,297,291,298,273,355,139,184
107,183,253,214,235,36,69,148,281,13,142,359,313,180,295,208
90,69,356,358,360,70,51,52,215,42,245,265,343,137,55,273
272,138,310,225,207,156,165,139,180,25,360,265,231,62,211,201
158,289,291,90,110,181,231,214,295,170,356,296,313,117,67,178
309,58,28,55,330,92,131,172,139,290,156,79,202,167,113,324
195,328,236,88,127,218,344,339,231,265,106,294,240,256,24,156
115,104,296,43,352,289,281,136,332,222,73,311,38,359,40,51
81,283,137,83,35,76,117,90,313,3,203,27,276,284,13,189
82,68,363,174,101,107,321,318,53,278,195,6,231,137,58,142
322,342,201,356,107,140,265,154,109,296,52,156,252,15,137,278
76,362,349,236,215,50,311,250,82,123,53,335,137,222,328,211
226,309,49,109,68,202,134,232,22,217,50,306,133,241,60,359
14,51,229,76,370,225,156,167,272,30,322,139,201,212,110,47
270,301,134,167,41,322,259,269,171,215,95,69,339,323,104,128
139,347,51,75,223,61,294,285,202,272,289,278,38,104,50,166
260,51,14,149,265,302,328,167,191,119,214,99,234,326,69,184
167,207,314,175,79,171,356,258,51,320,156,291,194,328,135,282
338,0,139,223,287,67,310,184,37,170,260,68,32,272,211,221
247,336,104,354,147,348,82,320,161,51,47,209,213,260,162,128
337,367,276,360,221,137,312,209,68,139,37,330,89,156,161,107
354,272,326,23,56,243,132,209,305,207,235,41,349,261,156,260
354,175,277,188,95,106,68,324,289,132,125,44,131,248,187,114
311,149,265,280,164,49,357,197,139,184,205,160,22,13,350,23
245,295,301,92,42,126,308,128,160,269,233,183,136,275,356,51
51,226,295,286,250,320,153,75,312,128,231,355,259,126,45,136
0,299,45,338,158,97,224,187,231,15,238,156,265,80,68,76
137,51,324,146,118,361,21,342,38,7,15,278,268,90,56,296
53,27,250,260,209,207,355,235,68,337,120,234,311,265,51,34
194,117,51,357,175,360,150,63,256,135,203,198,15,28,368,218
51,183,41,139,148,353,256,109,350,338,68,97,308,0,82,83
108,265,139,153,88,357,338,9,213,51,104,24,90,307,89,317
366,359,267,51,265,273,41,149,336,10,276,225,56,227,13,367
0,175,259,217,277,152,352,67,321,273,296,6,30,23,165,328
111,139,192,318,130,243,212,51,269,121,142,162,364,137,40,68
175,68,359,233,139,183,15,250,330,155,232,87,265,267,189,215
319,99,175,342,349,107,277,240,53,364,51,265,272,190,276,43
215,213,233,260,175,188,153,310,361,170,316,187,121,56,351,273
310,154,8,22,244,337,311,350,230,95,260,150,144,128,137,125
269,215,321,350,109,207,304,170,68,256,248,137,14,165,59,258
107,242,88,260,220,277,68,108,15,272,52,316,194,299,119,137
354,277,209,149,291,68,134,265,105,183,156,292,135,115,51,289
193,191,125,51,68,282,199,230,139,283,15,208,273,349,2,182
358,212,15,67,195,156,167,51,84,68,191,118,255,242,159,234
348,130,138,356,293,82,360,67,231,265,48,351,214,7,167,181
284,15,335,365,313,296,134,170,219,204,85,294,129,202,241,318
76,41,157,51,303,202,52,259,172,77,195,265,44,294,14,348
322,254,156,233,92,128,49,15,304,47,137,224,331,164,2,54
161,139,86,105,239,81,48,124,138,265,344,284,298,307,109,18
193,156,239,39,37,227,93,90,24,354,265,275,17,183,137,323
337,173,350,219,123,356,264,283,90,366,307,150,125,97,55,161
38,32,260,246,283,114,231,296,147,316,181,137,306,27,24,265
151,93,217,15,299,95,237,309,139,147,21,263,336,81,25,260
294,180,278,200,223,109,144,156,322,139,209,254,131,68,51,234
47,92,175,288,15,242,337,61,317,243,156,51,137,14,68,274
248,261,53,60,71,109,195,156,196,312,364,74,237,353,236,20
75,175,256,86,180,139,92,68,136,285,309,240,188,342,51,199
258,25,295,47,342,99,304,109,218,292,227,117,284,358,351,214
68,171,345,180,82,169,15,127,246,279,114,269,139,157,155,22
284,24,225,157,323,293,351,218,252,74,68,269,148,99,134,233
1,333,265,154,68,356,90,0,296,76,32,315,48,316,169,156
70,342,51,137,68,235,269,170,118,67,260,153,202,248,345,167
125,190,355,35,265,248,86,325,104,217,156,53,41,233,306,330
51,27,203,170,252,224,149,186,134,108,362,354,199,44,246,117
109,181,354,51,345,45,287,132,318,123,368,15,239,108,190,329
265,119,102,335,137,60,91,8,341,176,156,287,61,68,246,336
8,58,319,160,360,3,68,232,274,167,326,136,108,21,41,265
355,223,130,213,117,46,158,75,202,6,338,121,7,255,51,156
82,231,100,370,341,268,304,61,40,358,15,41,121,214,166,75
270,231,171,128,175,132,86,53,51,193,248,93,359,202,108,276
368,248,269,156,86,311,256,170,322,75,289,258,90,346,231,62
192,333,340,51,207,265,101,336,201,363,79,13,328,95,309,231
270,115,226,50,126,48,199,114,351,170,246,25,53,259,47,156
51,74,192,6,292,139,48,284,108,238,133,303,224,340,215,71
231,188,259,292,365,315,236,291,201,301,277,137,75,156,23,196
160,82,186,294,214,15,232,185,356,302,138,201,57,68,120,167
175,278,103,277,258,90,121,240,329,236,105,89,53,356,339,197
51,314,294,131,90,149,88,152,63,167,308,83,13,325,68,118
27,231,268,193,50,265,70,68,82,44,248,160,318,69,137,45
205,65,129,173,245,278,118,126,233,260,156,341,137,92,250,301
134,51,137,338,124,296,208,89,13,24,34,163,318,354,95,166
354,206,15,301,160,210,68,106,36,226,231,92,321,35,30,259
79,247,13,344,202,26,156,293,310,304,69,101,25,68,265,357
251,192,351,331,51,64,303,246,300,120,142,240,265,41,122,49
303,255,156,41,343,15,137,336,142,168,68,354,74,198,309,217
47,352,332,64,357,242,15,137,62,68,155,202,364,51,265,156
2,8,345,278,292,71,352,68,265,282,137,156,13,139,304,293
361,13,24,95,333,310,137,178,359,51,114,5,187,194,366,337
83,133,68,16,41,205,150,67,340,99,226,126,363,60,137,269
354,189,149,35,115,152,175,191,139,333,248,8,355,276,282,203
202,234,178,137,158,246,300,162,306,72,183,139,215,156,285,159
265,223,45,160,202,122,162,178,42,165,364,291,308,51,22,341
269,53,292,105,51,14,188,48,130,202,139,156,118,247,354,283
95,109,160,150,51,326,315,126,348,138,265,356,274,72,18,137
234,51,315,286,19,129,60,170,358,356,322,113,82,59,2,265
164,313,65,137,270,88,51,8,363,139,132,160,311,322,155,95
205,324,242,311,171,172,105,265,370,295,20,258,97,240,149,183
36,248,211,137,202,51,25,103,205,2,264,89,147,320,331,200
325,93,307,293,268,265,137,156,107,53,282,51,326,105,65,283
318,343,193,364,203,207,58,342,175,200,167,265,30,37,174,231
339,13,51,146,363,107,272,171,89,158,91,156,201,347,65,149
283,127,261,249,88,128,245,51,318,275,251,87,52,188,118,15
133,190,26,294,128,124,194,260,189,53,347,160,226,284,286,161
269,231,348,296,236,291,88,46,51,265,188,37,279,202,356,150
311,51,352,288,246,170,131,308,68,209,152,256,133,276,25,85
344,16,51,322,342,329,369,202,55,167,236,180,67,195,48,112
325,223,265,285,68,137,215,356,156,246,302,354,340,338,282,216
118,56,74,287,90,299,330,135,102,108,41,139,343,127,200,131
312,18,73,169,171,281,6,51,185,55,42,199,265,133,126,298
336,108,260,124,19,322,58,355,68,47,122,208,361,233,52,85
83,135,214,75,210,336,314,264,183,306,287,207,213,370,253,197
261,337,235,190,322,95,125,185,162,176,260,130,226,224,22,129
89,277,279,268,243,44,185,203,218,88,15,132,101,343,95,359
106,197,51,95,46,156,140,65,53,350,160,16,185,217,327,296
299,79,53,101,199,146,15,116,310,115,51,182,236,325,142,48
100,50,296,322,1,59,51,95,195,272,138,237,300,68,208,158
283,63,187,213,127,251,364,155,302,132,265,61,195,150,88,121
364,285,149,175,237,212,365,278,241,324,197,105,210,51,140,4
193,87,53,260,105,24,68,80,60,185,69,35,45,23,108,278
62,38,317,51,365,326,150,335,68,154,351,200,238,302,109,32
203,9,48,327,318,89,137,95,211,284,359,2,79,183,38,191
277,28,233,93,95,254,364,349,262,100,260,336,295,308,145,258
15,137,250,260,75,51,248,108,354,198,128,207,289,61,186,142
162,302,215,335,223,55,296,260,42,248,126,156,195,51,28,8
238,286,81,95,68,90,51,355,205,239,126,207,261,150,13,265
124,24,272,160,275,337,233,215,137,68,223,282,332,286,148,120
156,202,182,328,15,56,349,286,68,111,354,215,207,260,71,329
318,326,333,156,51,36,139,108,14,224,201,163,197,59,303,15
85,109,313,44,95,68,114,173,294,60,198,82,72,202,20,27
157,185,189,267,80,349,171,68,134,147,190,221,58,161,81,108
51,82,109,273,331,202,68,184,356,133,296,89,137,194,312,350
168,354,287,94,244,68,260,51,350,161,314,311,154,246,175,318
304,296,358,137,365,212,238,154,143,6,190,82,195,277,205,196
95,119,150,321,249,68,318,51,356,72,197,230,224,151,139,83
231,252,170,219,136,289,253,68,317,156,203,91,293,354,101,51
183,46,269,238,326,342,94,248,121,262,273,246,137,100,205,119
68,57,13,93,216,344,362,349,53,336,201,154,95,248,183,200
352,51,284,41,225,127,139,270,278,206,251,241,68,285,261,269
176,112,322,205,95,131,12,107,196,139,275,53,126,128,317,160
43,235,327,216,140,139,192,103,156,115,93,239,197,6,248,68
356,361,162,63,136,128,193,126,321,240,202,117,15,352,41,225
287,90,95,175,51,262,133,247,121,7,84,193,219,177,324,181
344,51,351,68,258,231,22,2,294,260,41,171,327,131,303,8
294,234,168,157,51,251,209,145,74,68,359,247,272,312,204,2
287,311,195,76,150,51,13,138,345,165,265,335,294,170,329,261
140,132,95,81,339,297,53,224,336,303,30,100,197,260,51,129
138,68,186,81,166,35,265,137,136,107,99,84,187,360,246,195
321,51,47,364,156,265,238,68,341,260,41,37,205,133,166,135
236,159,360,135,216,115,290,81,196,137,51,321,350,238,265,2
90,1,40,303,105,211,89,300,186,125,273,272,77,260,51,15
287,110,161,192,354,93,214,60,348,43,128,248,347,217,137,356
1,118,133,110,265,88,366,193,183,271,351,51,58,139,295,319
231,122,193,328,152,281,34,137,342,354,7,244,186,159,370,108
350,309,202,237,68,190,188,51,353,356,57,37,121,206,369,319
293,44,364,28,180,158,24,295,278,68,90,198,51,343,15,261
179,265,51,337,22,258,97,167,68,196,270,166,139,126,328,157
154,15,171,68,137,24,309,298,255,132,321,114,270,149,53,258
156,355,51,284,210,336,161,215,365,363,72,292,316,285,117,272
83,202,321,265,142,190,132,147,51,184,231,92,72,345,109,137
13,51,348,342,86,4,234,99,281,360,203,101,264,27,156,336
207,137,68,300,335,278,167,22,86,331,13,296,281,231,213,72
134,356,126,201,183,156,5,167,27,57,60,139,231,150,309,202
183,338,231,325,203,259,225,223,253,43,15,36,45,265,50,277
130,281,172,354,188,159,180,215,77,51,321,187,125,43,88,102
213,326,68,265,333,189,272,286,202,366,347,224,289,352,338,90
51,16,284,82,185,326,7,180,41,156,114,190,366,183,83,160
226,249,133,132,137,290,187,342,164,265,21,285,156,41,51,139
324,228,236,328,51,9,240,259,209,114,295,95,30,275,268,68
336,222,213,1,132,258,240,370,175,348,90,286,6,74,300,238
139,161,364,95,112,313,312,136,47,295,231,37,51,33,88,70
230,292,53,68,283,57,15,337,318,274,171,74,247,195,197,64
205,175,265,293,51,31,355,195,225,23,209,41,170,190,228,202
222,53,9,295,302,368,311,66,137,207,155,356,218,240,234,247
189,136,324,68,52,251,22,221,191,119,247,265,92,83,236,117
48,167,270,148,299,239,226,166,60,40,27,286,347,38,366,315
160,123,294,47,107,234,85,68,114,32,276,233,224,4,254,345
156,168,265,51,315,28,188,99,88,90,356,212,68,93,343,48
209,356,273,34,152,121,137,88,41,347,311,355,283,150,207,301
277,160,354,95,34,156,70,63,104,200,337,196,265,268,319,108
62,15,203,264,281,190,365,3,231,325,344,251,192,296,60,79
231,53,49,104,312,208,120,15,137,265,13,128,171,342,63,202
136,117,215,126,326,231,51,170,30,83,285,140,105,169,50,90
103,40,360,212,324,161,30,329,154,308,16,130,149,2,107,51
224,301,234,56,231,237,192,322,204,295,137,241,157,325,213,60
60,349,41,319,61,292,239,154,149,277,193,32,29,348,75,39
135,311,213,19,349,329,90,164,310,79,365,222,16,46,175,51
51,209,199,265,40,4,156,53,356,185,302,363,364,103,151,41
20,318,14,158,322,338,370,137,309,89,281,314,246,348,245,66
0,170,289,57,38,136,339,203,139,96,187,154,309,356,246,95
51,154,293,24,220,298,189,283,197,261,7,139,150,192,215,55
45,285,303,68,215,258,177,294,167,295,276,348,270,35,278,301
278,61,324,175,118,87,134,228,35,195,51,294,333,210,34,358
75,276,130,239,278,233,164,51,311,265,315,293,57,128,68,202
68,244,180,200,345,359,139,108,293,231,252,83,205,42,239,51
365,217,132,240,15,34,285,45,51,370,109,329,177,32,176,60
28,126,353,116,265,165,216,121,137,182,89,68,53,67,267,76
250,339,90,129,354,234,238,231,346,188,298,183,57,169,265,230
343,53,37,68,35,51,276,175,260,163,236,117,265,199,201,154
311,225,117,289,295,41,126,307,180,198,298,277,368,71,344,265
219,365,298,362,51,299,210,85,239,191,163,237,183,95,304,193
15,342,6,329,129,309,286,363,60,310,256,265,84,77,156,273
300,90,240,71,30,339,158,203,58,268,279,68,84,326,24,183
265,314,136,170,0,347,156,51,90,233,70,191,330,365,114,353
199,156,208,190,22,68,240,336,90,222,72,297,223,350,23,278
65,238,187,139,220,368,263,28,2,293,233,210,109,90,51,309
153,287,264,51,343,295,173,22,265,211,37,55,284,296,160,282
193,84,307,102,297,68,347,343,231,199,190,267,32,132,158,259
276,23,137,217,118,233,76,357,13,116,215,265,260,333,144,167
98,235,69,193,92,51,364,260,354,239,156,274,225,336,168,265
349,177,149,276,299,322,196,156,90,139,59,217,35,295,263,311
238,329,81,303,322,160,312,214,41,266,115,340,278,318,45,292
250,131,103,287,137,229,45,325,53,204,321,46,265,259,63,197
139,138,271,53,68,231,152,217,135,197,195,115,265,140,20,64
68,158,342,324,196,326,124,202,116,203,134,73,72,354,361,44
42,323,68,269,313,109,101,79,294,265,53,282,318,16,100,201
279,183,239,90,215,22,68,296,51,295,230,113,352,174,30,234
203,354,45,9,86,51,300,71,265,135,155,0,28,114,207,351
225,166,251,274,116,350,222,85,128,68,315,130,362,147,99,40
137,63,164,204,15,170,201,356,153,321,169,268,62,297,304,13
150,231,276,265,90,51,320,355,207,139,363,277,323,364,126,204
51,238,290,68,97,267,351,325,362,234,190,321,161,83,108,120
12,255,51,258,231,24,225,139,68,110,15,283,316,293,253,194
72,209,330,235,70,355,48,354,68,226,76,13,279,265,303,333
251,263,209,226,238,117,84,124,41,156,293,99,203,22,139,15
56,86,227,221,138,348,297,179,205,121,139,237,199,365,165,161
137,106,351,292,25,182,149,217,156,360,34,15,51,142,305,122
68,240,290,77,275,213,115,130,60,123,270,15,272,117,178,137
97,65,137,220,274,205,336,138,190,87,68,314,51,293,75,231
32,294,125,202,248,201,142,212,344,307,60,118,265,236,278,115
137,30,330,296,97,68,353,278,69,352,315,265,224,119,156,283
170,169,230,167,272,107,265,90,324,53,32,27,48,28,175,260
138,210,139,354,324,16,317,60,58,236,68,349,162,85,70,328
354,188,253,156,219,293,283,53,250,108,75,348,183,336,207,66
318,335,289,68,179,59,70,192,187,123,223,92,258,195,365,276
296,8,213,15,207,41,363,265,279,259,139,208,170,156,260,348
335,207,354,131,30,68,287,269,137,69,341,105,126,74,7,225
213,329,151,238,299,216,337,278,139,203,277,342,51,258,274,140
156,318,152,277,353,238,27,92,369,319,316,339,217,59,307,128
137,249,192,268,26,204,53,354,223,231,219,44,1,60,224,349
156,187,326,15,293,199,137,241,68,37,321,114,328,78,270,133
24,95,5,355,138,89,156,51,7,262,248,238,276,274,164,15
202,68,275,313,42,185,289,299,139,123,93,165,344,27,246,51
120,204,93,213,202,294,136,251,248,265,126,322,285,226,225,109
81,223,167,55,51,98,137,363,260,215,15,66,159,342,109,357
35,121,281,161,156,222,195,142,291,185,92,79,215,324,68,339
340,51,330,311,207,61,115,37,291,260,53,223,160,156,323,272
324,354,55,365,51,265,309,201,346,139,231,77,225,119,194,171
322,72,256,201,356,99,68,181,304,269,37,15,51,156,160,70
265,75,13,135,159,180,51,190,291,98,284,170,70,193,204,68
45,22,216,190,265,348,129,101,82,245,356,188,222,233,305,223
300,190,119,90,221,342,68,295,319,265,301,304,46,53,171,336
362,7,51,204,108,201,312,366,183,26,107,109,281,139,283,60
55,134,262,328,156,168,136,275,40,208,281,160,356,69,15,182
112,362,83,139,63,348,336,292,265,252,152,68,225,192,294,310
59,318,220,52,140,347,175,287,264,283,68,82,202,231,237,113
291,265,51,302,210,303,60,311,362,37,281,35,285,64,197,160
261,322,132,15,231,206,269,265,348,278,13,352,12,6,289,22
70,349,342,58,311,224,187,88,95,209,137,19,60,169,350,51
125,144,356,51,102,112,326,160,318,207,57,354,6,74,212,265
153,90,317,357,368,119,265,194,296,60,92,118,239,15,364,134
121,258,269,187,275,71,15,114,350,243,47,140,183,35,128,285
74,137,51,154,189,298,64,191,330,183,258,55,129,356,352,295
46,337,68,167,297,53,203,13,112,128,187,100,75,22,27,292
160,68,145,326,299,61,156,352,363,217,207,168,114,91,115,265
153,108,180,311,137,156,68,172,324,157,128,178,51,252,1,26
200,212,359,249,28,90,354,27,294,182,79,219,2,51,312,89
132,51,361,58,27,116,44,351,307,194,4,227,60,211,156,231
51,231,126,210,129,342,220,318,203,359,48,248,251,128,212,336
264,88,76,295,356,150,273,109,85,103,222,283,263,277,202,156
240,370,211,51,95,149,131,202,6,354,352,314,181,265,140,271
107,55,238,163,189,230,231,137,356,169,226,201,22,265,5,261
42,69,137,156,111,339,362,208,269,267,75,41,229,256,170,13
51,95,271,130,47,32,218,193,114,260,281,21,277,14,150,129
330,205,196,244,137,210,208,141,84,264,76,248,355,161,275,265
68,368,354,146,344,274,364,331,175,328,152,218,256,112,46,192
354,81,329,51,304,48,165,265,339,307,20,258,296,134,220,130
277,25,282,160,258,265,56,272,155,315,256,137,328,35,15,61
300,370,269,72,218,307,313,183,340,319,206,88,246,301,196,157
249,68,73,30,354,350,45,363,137,245,314,342,101,85,131,237
5,132,313,322,166,337,335,333,51,328,209,314,2,22,202,151
68,46,224,300,202,165,265,205,274,312,241,322,101,368,325,229
258,9,139,164,119,137,246,145,136,321,297,226,265,250,7,269
128,134,308,213,188,233,265,345,96,354,111,154,239,47,41,15
354,351,297,255,120,206,158,53,254,345,289,318,264,68,265,315
195,213,301,49,51,155,45,151,128,110,354,202,7,192,231,95
13,336,92,251,26,132,154,215,196,369,206,277,295,119,201,322
53,139,336,313,15,293,318,51,260,88,136,256,231,1,22,202
351,142,235,149,53,251,153,31,310,328,128,194,137,50,95,317
38,313,238,68,60,114,342,75,224,345,55,280,13,156,160,149
81,348,183,90,365,51,361,208,147,106,234,124,347,308,355,305
93,156,234,15,201,137,296,297,82,266,171,202,51,251,355,237
149,195,127,68,95,260,224,166,192,295,160,302,293,51,167,169
32,75,344,51,156,234,180,128,183,88,19,217,260,294,305,368
156,68,95,210,333,51,74,229,282,153,201,60,112,347,126,54
81,292,13,68,260,8,134,234,174,265,201,248,171,213,167,51
183,122,132,26,345,25,112,365,265,38,159,167,356,127,15,51
328,297,51,128,58,356,358,149,351,155,146,161,337,13,267,246
362,214,295,315,205,108,241,68,60,21,55,132,16,9,177,345
148,220,210,15,101,51,245,264,295,309,312,356,151,265,16,71
358,27,207,242,237,202,251,295,22,139,121,15,359,194,68,161
31,312,107,94,128,352,13,238,119,276,142,22,364,202,125,211
68,94,155,135,339,336,137,190,106,117,139,41,75,134,138,259
134,335,51,368,265,344,76,133,158,156,12,225,223,273,192,38
238,176,333,310,225,182,224,364,94,16,246,25,177,68,260,15
274,60,130,233,355,205,78,260,144,57,356,94,100,21,87,113
67,69,355,123,305,183,347,265,345,348,60,84,284,102,95,210
348,265,102,308,284,82,37,183,248,90,114,276,273,126,85,245
65,241,51,117,118,295,217,13,344,370,202,53,62,363,95,265
196,51,306,326,338,202,308,13,285,122,281,312,193,60,258,118
164,317,68,17,137,278,322,348,139,204,248,165,51,312,160,350
265,83,311,195,345,90,262,96,236,39,45,51,123,178,108,303
281,106,149,337,287,222,355,51,292,139,53,239,92,359,156,241
240,68,85,299,259,288,183,331,202,231,227,292,70,248,130,15
265,128,67,139,51,15,108,29,157,214,239,322,13,279,149,68
365,37,315,51,139,233,294,32,272,289,316,191,296,6,176,211
137,202,73,51,128,109,23,164,226,68,157,215,317,340,265,341
167,30,347,292,5,51,58,17,265,16,34,98,64,250,295,363
269,45,265,84,354,24,256,13,243,177,259,333,205,318,128,46
41,128,108,280,117,321,43,124,312,264,265,4,329,109,102,68
117,162,360,209,86,168,249,156,134,139,307,273,226,105,225,41
176,136,265,330,170,15,132,323,312,337,68,349,106,51,13,356
63,289,158,44,98,232,170,285,50,340,48,3,67,302,213,274
118,156,356,321,193,168,262,200,337,231,139,140,176,19,222,167
189,231,32,313,132,4,13,75,303,38,68,281,90,355,139,152
117,364,294,207,298,48,312,323,302,79,51,6,137,155,37,328
352,68,320,4,362,337,359,287,192,338,247,13,213,100,97,203
156,313,325,265,350,37,158,121,74,170,68,180,209,347,277,2
160,356,295,223,51,188,132,192,137,353,94,195,60,202,207,145
53,34,15,230,182,202,292,161,302,295,261,273,157,186,171,356
205,156,256,137,272,8,82,223,129,139,265,248,170,301,76,366
119,15,169,291,106,175,7,364,128,279,203,139,82,282,251,354
75,51,206,251,158,318,354,108,90,78,15,310,207,139,35,175
236,51,292,283,287,248,321,269,135,106,137,279,225,203,12,128
339,157,125,240,342,202,6,363,274,225,289,142,137,284,349,60
107,95,59,155,144,193,323,129,45,292,149,6,233,348,293,213
108,156,321,365,249,159,274,164,368,276,258,201,137,151,187,285
151,326,265,294,50,256,202,105,276,156,224,355,60,277,135,117
91,160,134,262,68,113,281,32,349,108,214,110,206,355,169,186
361,256,349,205,336,296,269,345,41,109,137,68,40,184,65,265
68,83,139,48,272,192,285,329,215,156,295,132,153,262,223,316
208,68,222,312,283,231,150,78,16,162,223,109,90,207,293,164
213,291,309,265,281,236,336,24,105,96,226,337,156,15,88,46
265,354,22,68,2,225,295,201,301,160,125,93,322,122,213,202
193,106,304,163,265,277,271,55,222,50,174,170,323,120,296,231
105,330,269,51,155,165,360,65,276,170,131,46,259,296,333,252
251,133,53,356,260,364,358,31,66,137,284,194,23,289,160,8
277,211,258,358,53,369,208,345,365,136,87,195,68,77,57,100
86,181,210,139,51,15,245,27,276,118,8,134,328,321,299,301
7,71,358,51,0,68,325,212,147,108,158,228,128,32,197,265
244,264,139,65,116,137,216,69,68,278,329,312,91,51,128,265
362,51,223,130,270,44,229,37,325,315,255,243,146,119,212,76
21,160,15,30,90,313,265,62,44,13,323,341,207,53,333,231
68,183,192,222,126,237,201,351,233,137,258,63,260,330,310,78
274,354,350,265,94,250,2,270,298,117,34,83,72,283,209,205
147,30,6,15,258,89,86,292,259,318,237,205,122,134,131,68
139,11,239,31,352,244,289,130,137,262,243,68,59,66,331,15
260,278,24,302,311,130,304,15,202,147,351,227,53,170,139,76
155,183,24,15,304,169,354,352,121,265,51,370,308,7,294,317
105,116,74,236,281,164,95,296,273,51,324,32,53,350,100,68
136,142,192,162,163,7,208,139,37,225,260,349,90,53,170,268
139,359,210,224,56,265,348,267,245,191,68,194,60,156,339,134
260,256,167,22,281,137,18,111,8,230,69,68,87,51,296,133
312,77,320,276,147,7,292,49,240,315,252,48,110,233,81,248
290,51,71,21,356,68,364,20,298,49,76,200,247,285,83,354
276,69,333,351,167,313,236,6,63,165,163,132,263,199,51,85
339,355,104,170,287,126,191,197,208,255,72,51,64,178,346,286
215,356,170,330,137,296,120,263,317,336,281,108,203,363,204,95
128,68,140,294,160,22,15,273,271,156,138,258,167,265,327,308
133,356,68,294,202,319,233,120,98,128,296,139,13,260,249,345
137,250,38,65,195,352,303,200,176,60,265,89,68,139,259,325
277,233,356,41,212,248,265,27,37,76,55,282,137,307,68,151
172,175,122,96,245,356,109,95,276,193,137,237,316,223,287,236
53,114,236,237,139,284,13,68,42,152,269,295,117,75,363,369
35,102,139,292,39,69,198,76,277,127,266,152,32,197,238,249
281,192,27,55,343,315,297,231,167,350,144,322,5,108,262,153
53,347,165,351,336,150,68,279,265,30,344,137,292,199,328,301
54,75,311,265,264,197,126,278,301,338,137,7,2,312,147,158
336,279,202,244,40,292,48,251,308,13,348,131,304,95,162,106
137,68,365,246,202,53,155,101,335,9,200,193,159,281,88,267
12,234,357,98,330,295,231,111,342,28,168,68,47,214,329,197
281,178,88,333,174,258,45,153,51,60,37,357,336,283,107,15
170,292,198,280,133,149,73,51,76,265,186,68,234,302,32,337
218,280,170,328,274,291,14,41,126,112,58,69,141,24,248,311
293,14,213,41,15,370,268,311,249,153,260,281,237,318,353,86
45,356,7,226,161,335,214,224,308,189,68,216,13,180,215,260
248,292,166,284,46,136,247,51,16,360,331,299,19,293,90,364
68,276,348,121,147,51,172,140,354,292,327,134,283,15,344,105
307,248,265,356,56,261,139,51,45,251,170,13,68,2,281,92
299,354,263,352,193,318,226,12,302,265,84,222,57,162,157,2
191,115,339,276,134,119,68,198,278,200,359,107,13,259,265,345
261,272,139,309,277,203,156,254,191,319,354,0,333,123,265,160
250,114,138,51,294,285,361,215,148,109,249,202,259,225,65,154
360,156,357,128,287,102,44,207,225,230,196,361,68,184,51,4
265,267,231,104,194,159,13,54,263,367,68,344,208,314,193,218
241,61,60,201,350,247,213,82,174,339,156,107,200,36,54,63
76,65,165,82,309,1,265,201,132,156,323,281,15,160,195,32
354,265,122,31,272,250,317,230,15,102,238,321,245,163,356,212
316,199,317,162,132,156,130,89,348,283,45,58,196,226,250,295
202,59,278,189,303,139,110,51,49,94,196,135,304,369,84,53
47,139,358,104,326,8,250,208,95,165,248,363,46,51,159,2
292,6,265,256,202,82,56,190,302,197,259,34,287,281,299,58
276,68,164,321,329,17,300,318,154,248,7,351,286,322,365,152
312,72,176,271,95,74,353,343,262,256,348,156,28,47,231,223
338,204,363,11,93,51,71,268,65,340,156,95,67,46,324,90
333,59,284,274,278,128,49,111,305,285,357,115,89,196,51,200
65,139,51,16,359,190,100,110,73,309,68,44,223,180,137,301
245,292,101,225,359,112,78,71,100,204,279,118,356,219,343,223
53,260,299,15,68,30,265,205,285,156,214,194,255,6,154,92
244,361,231,190,199,343,211,335,132,356,157,248,241,206,136,328
139,355,30,136,187,265,50,92,88,51,330,37,244,140,68,303
100,324,215,282,137,54,208,79,297,239,256,148,296,226,28,357
105,248,293,156,92,41,137,308,238,139,162,68,0,278,94,104
53,139,68,226,252,109,202,92,59,285,203,45,256,156,222,206
95,265,86,231,47,1,68,299,42,367,171,268,13,202,134,318
195,299,362,160,191,266,275,156,104,89,67,265,157,178,47,258
123,117,274,368,28,139,101,121,265,62,48,213,345,130,9,45
9,58,350,59,348,193,202,275,310,55,51,269,234,321,191,152
90,72,337,149,105,77,298,67,263,61,52,305,19,142,154,43
32,255,312,287,285,218,68,261,193,90,346,107,49,336,265,274
70,47,136,287,117,61,156,212,51,364,32,330,357,118,242,231
329,295,254,127,53,180,108,117,299,241,205,341,212,152,149,13
137,142,16,65,331,214,355,259,114,346,337,78,250,30,327,321
231,325,95,220,244,275,234,68,260,133,73,319,137,45,188,13
295,226,354,61,98,51,202,9,149,353,260,7,83,189,15,19
68,27,212,192,110,328,1,310,137,350,21,251,2,155,368,49
235,247,68,170,336,90,141,267,204,369,37,53,276,365,319,24
156,55,139,201,137,27,203,65,128,34,352,51,247,37,155,231
325,336,139,195,206,216,164,253,209,154,26,49,321,254,283,224
47,137,361,29,283,140,68,71,364,256,51,251,82,157,18,165
284,260,140,278,281,93,331,215,25,181,130,320,292,321,74,50
368,235,258,54,63,48,127,97,312,104,27,128,251,32,260,196
51,65,60,82,222,196,167,210,40,121,119,10,90,275,265,107
265,289,85,284,44,355,269,68,231,300,252,339,255,293,294,62
329,57,244,357,88,122,76,136,365,95,53,111,364,139,51,39
68,336,71,312,53,28,178,194,137,67,248,119,51,1,75,164
76,335,108,152,223,51,308,236,292,90,300,65,234,312,40,6
248,284,360,82,159,254,86,327,156,85,311,134,354,91,132,233
354,15,77,250,223,201,284,336,53,262,281,269,260,358,363,88
222,265,27,132,338,90,68,28,203,71,258,209,156,310,346,322
190,284,326,133,295,231,75,139,88,38,272,68,73,158,114,200
267,351,269,55,254,68,165,214,154,311,45,158,265,44,196,309
135,176,275,217,281,126,259,209,139,44,293,284,201,243,112,51
359,153,254,187,239,152,307,37,212,246,68,102,12,154,95,286
201,167,89,34,15,29,23,309,260,344,243,352,246,336,92,262
167,269,60,260,140,324,337,7,310,137,360,36,354,281,139,162
231,189,51,117,316,265,317,153,113,112,188,278,284,154,171,322
13,261,256,345,16,156,79,251,283,270,348,51,109,100,84,139
187,137,286,51,313,53,265,197,112,238,210,325,174,170,27,292
333,299,191,281,220,62,51,187,284,99,69,241,126,65,64,75
360,182,274,55,13,268,352,51,286,306,38,269,139,75,133,41
130,46,202,282,285,154,234,150,57,335,295,29,142,215,71,284
68,100,87,321,304,137,75,250,238,326,226,299,310,312,190,101
126,52,359,141,289,245,149,87,65,139,354,100,38,115,51,140
28,250,68,92,54,269,338,217,323,51,191,58,113,222,263,202
303,51,2,356,143,268,76,61,246,283,114,247,227,68,240,294
83,51,209,263,157,101,277,131,270,330,356,122,285,269,215,73
195,130,295,247,68,170,187,345,203,289,249,25,134,81,154,359
112,231,234,142,269,109,242,324,168,287,195,190,162,294,9,258
44,130,71,250,203,196,104,347,156,15,265,209,40,11,74,278
271,158,52,107,76,234,201,281,13,65,356,208,122,269,68,60
105,328,324,42,156,108,202,187,251,259,212,137,223,37,146,356
77,37,349,137,296,67,203,317,223,265,9,278,181,20,320,32
68,348,94,137,251,51,335,337,182,238,119,203,178,13,91,363
233,356,56,186,282,193,265,109,30,279,139,269,298,213,308,197
266,208,297,117,37,63,137,247,355,175,133,65,210,245,151,203
357,26,109,265,299,311,304,274,66,139,68,6,356,361,223,159
248,118,109,146,336,9,24,82,141,210,306,134,208,247,328,68
171,51,158,165,161,330,12,227,314,157,68,30,197,225,204,92
365,51,115,77,337,185,157,277,360,150,156,145,86,313,333,287
37,293,169,317,40,51,349,352,95,110,57,308,254,345,260,61
271,247,13,199,90,283,280,248,295,99,349,348,156,356,250,222
202,69,235,231,97,68,45,358,313,265,14,292,250,228,138,130
215,193,265,74,174,309,187,82,71,51,255,132,342,149,98,26
187,89,322,260,188,258,351,243,219,337,244,234,333,350,68,321
307,156,44,137,171,194,39,244,350,215,15,238,245,68,344,9
137,99,258,318,224,53,295,58,111,102,51,302,64,242,278,279
37,67,139,53,328,343,68,5,43,265,118,323,206,73,333,15
32,299,250,359,41,216,53,317,51,297,309,300,79,203,258,138
68,182,335,131,46,247,88,205,48,209,47,137,83,95,180,51
183,202,32,42,191,336,82,263,156,51,171,126,139,265,287,161
346,84,179,68,265,310,12,124,191,128,67,269,311,5,81,315
287,203,354,45,269,86,299,284,38,301,192,240,184,345,195,51
100,139,349,6,355,0,175,269,60,51,25,36,12,205,203,296
123,258,282,24,35,61,250,273,326,203,339,65,244,83,293,281
272,292,116,318,299,363,167,197,284,227,134,356,80,30,51,46
41,250,340,68,171,282,342,280,290,137,190,165,192,110,322,6
260,13,295,137,311,224,331,365,71,72,364,174,75,68,48,57
181,58,72,142,238,218,295,317,192,80,43,8,200,202,156,203
236,303,246,117,68,300,336,147,52,363,231,75,302,333,193,270
246,51,360,295,18,55,235,225,103,176,240,260,159,188,72,114
51,68,63,160,215,60,96,13,156,317,188,82,250,345,199,336
352,95,157,310,8,123,294,53,170,64,299,158,251,113,265,137
237,160,149,139,289,94,95,362,104,208,137,117,164,213,84,68
88,202,108,252,55,356,359,208,66,31,338,105,153,230,265,300
344,246,260,356,309,7,275,188,137,319,90,51,86,238,248,61
238,137,234,150,86,193,26,260,140,298,139,50,322,258,237,215
188,318,7,72,101,88,68,308,209,343,8,15,291,202,224,137
128,318,364,151,212,223,100,154,92,205,53,239,51,209,312,256
238,114,126,361,58,31,223,259,306,72,180,68,330,296,10,22
289,156,264,192,58,310,296,96,353,151,46,65,37,234,194,95
120,61,68,245,93,168,60,318,170,359,95,141,208,175,259,231
304,292,333,79,47,139,365,305,137,209,95,222,274,167,51,202
259,102,32,295,167,89,138,363,171,344,27,287,240,82,84,137
1,303,74,0,348,260,256,330,322,354,81,159,140,355,25,120
132,142,289,53,318,156,180,244,115,7,51,76,211,268,15,140
262,63,111,137,82,114,42,100,269,234,188,87,57,13,195,51
156,307,265,120,355,137,188,213,114,247,1,243,189,299,296,160
243,100,153,318,30,327,45,52,57,68,51,319,231,156,361,107
139,247,356,77,118,347,154,37,51,167,321,104,95,25,45,289
289,364,173,355,353,15,325,329,220,196,53,65,46,17,308,111
133,41,51,265,134,328,12,295,217,83,53,167,351,77,318,249
315,183,83,247,299,191,65,13,48,89,129,111,208,162,298,250
325,53,269,148,74,79,236,265,68,307,201,356,51,240,61,57
203,255,315,202,15,274,233,65,193,363,272,287,37,25,322,160
230,51,244,16,215,273,231,296,294,145,74,276,44,272,302,38
204,112,305,119,311,292,251,41,270,132,231,298,313,241,202,329
25,231,138,2,211,264,53,365,129,323,202,51,342,296,307,45
289,255,238,149,237,231,156,233,240,150,303,10,51,152,144,363
171,338,17,92,294,355,265,245,221,56,86,313,352,110,286,315
43,45,339,316,325,337,315,355,344,139,352,242,199,89,1,20
4,76,238,202,251,343,68,253,31,167,323,195,265,281,51,139
201,67,89,246,139,37,40,316,47,215,51,49,287,129,52,7
22,87,305,315,327,128,266,360,262,137,297,265,27,347,150,296
175,260,324,296,154,245,111,318,239,338,217,68,51,321,220,82
336,303,215,274,202,70,51,57,361,330,94,354,250,364,238,131
115,13,132,15,82,68,283,209,210,185,117,142,192,270,345,202
157,51,256,324,166,350,301,215,75,281,274,268,341,150,269,130
81,133,16,241,68,253,176,95,158,92,322,178,110,265,334,85
280,68,299,147,272,265,109,309,47,294,67,114,213,234,238,90
128,119,193,272,297,83,265,12,189,137,299,251,363,34,151,202
203,265,152,139,262,278,212,132,156,237,183,162,348,260,351,136
54,86,160,224,320,324,72,117,130,118,231,343,106,139,147,24
40,255,51,156,226,231,250,289,76,358,53,272,356,2,46,190
362,248,260,133,60,72,360,283,253,102,274,311,332,153,347,63
142,201,67,12,345,351,167,107,206,202,341,51,129,260,343,69
93,261,340,56,68,75,291,41,49,90,369,294,191,368,119,315
282,38,6,5,152,202,180,139,309,294,269,55,318,115,231,218
301,68,208,71,240,356,294,22,131,365,205,330,123,320,51,148
13,82,150,265,202,231,296,35,358,207,166,322,208,149,362,137
103,107,203,336,68,13,129,192,326,259,275,231,2,202,335,292
123,202,268,68,120,188,281,360,288,174,265,234,66,355,117,55
199,152,125,194,330,106,137,360,354,134,159,238,255,318,345,265
203,351,154,216,68,100,67,74,115,122,320,213,51,156,126,354
68,161,269,205,231,315,24,111,139,53,350,258,0,63,51,362
156,35,87,68,25,36,153,117,101,26,265,48,271,224,51,53
207,53,297,355,51,124,26,59,6,126,5,137,205,148,15,12
203,139,245,335,58,174,45,207,111,118,202,89,324,51,95,276
71,51,265,156,126,356,92,208,349,199,192,354,220,88,338,68
312,167,106,299,82,269,54,231,51,345,184,211,68,134,41,57
231,312,300,7,68,344,235,13,89,183,27,156,167,142,76,72
68,67,236,280,72,75,53,231,324,269,302,281,260,175,212,312
355,22,53,238,269,344,202,303,223,75,247,91,170,110,163,360
260,251,365,145,322,76,134,68,253,180,231,265,269,201,150,137
24,53,182,322,281,109,34,158,244,170,263,137,22,192,167,276
36,20,339,345,368,51,15,359,364,12,219,295,317,104,167,303
348,105,137,321,151,34,6,26,190,149,365,265,95,158,114,310
13,215,101,71,51,364,363,68,90,295,203,42,109,335,84,265
23,114,11,137,273,57,238,314,154,196,205,22,248,214,294,363
354,137,32,171,66,71,47,15,195,120,51,287,250,127,299,291
208,124,260,83,355,125,88,90,51,126,340,293,246,82,45,135
156,258,343,68,37,238,51,36,16,73,315,314,310,300,163,325
269,108,156,194,133,32,231,224,342,323,245,283,252,132,142,248
356,51,68,43,315,81,108,47,353,190,285,294,88,337,161,181
312,299,51,63,92,45,160,83,156,362,174,253,163,336,25,268
251,265,245,347,15,149,258,224,199,248,216,25,130,24,336,132
271,68,75,15,88,268,196,351,38,246,274,30,65,152,44,126
46,303,236,277,360,98,328,205,113,170,278,128,189,337,96,261
297,82,32,93,111,250,8,296,5,109,287,158,2,245,323,236
342,335,68,51,304,86,129,53,265,221,224,40,254,363,239,293
246,281,180,311,54,129,299,56,152,178,338,68,349,90,231,156
156,13,253,364,160,330,289,190,74,103,71,298,205,278,239,90
296,279,326,137,251,265,65,85,212,297,160,226,253,77,298,311
48,166,160,289,90,68,75,336,222,322,199,262,212,299,274,137
53,51,354,265,193,164,281,68,108,276,183,15,211,131,126,191
180,351,200,95,93,265,139,30,233,25,311,45,202,187,250,156
265,230,137,325,332,83,317,238,203,142,32,274,51,30,294,134
147,347,288,132,328,269,168,65,61,32,203,317,260,51,295,258
24,265,73,170,41,351,53,72,191,214,70,336,32,93,100,16
144,230,68,197,117,137,45,287,41,235,62,205,76,90,86,153
73,296,22,223,276,260,265,345,250,360,19,225,156,242,283,72
335,68,156,262,149,303,354,122,292,51,38,136,114,139,353,140
47,281,35,148,160,210,126,76,29,260,60,68,65,77,336,176
292,162,257,51,335,223,279,146,282,53,236,45,68,235,117,85
245,276,319,129,6,318,265,299,7,260,336,277,150,207,77,68
60,260,265,167,226,162,185,51,279,66,176,364,44,76,85,229
99,302,365,265,109,235,214,190,207,300,98,356,333,68,352,15
53,265,289,271,51,30,122,83,332,172,182,165,157,236,68,128
222,191,2,136,283,354,296,234,212,311,154,265,139,115,68,316
244,86,127,92,174,26,146,137,46,342,133,132,262,51,336,253
76,90,270,68,246,187,40,301,204,230,203,295,137,258,226,168
139,171,60,72,15,285,137,43,95,58,203,191,265,149,274,188
192,65,68,295,358,120,129,202,353,172,177,281,237,265,53,164
22,336,231,51,42,139,15,306,153,352,158,71,137,240,314,281
75,286,352,354,287,95,53,27,51,138,342,82,336,187,303,68
137,95,287,295,51,187,142,364,192,188,313,269,7,159,354,316
90,84,104,51,302,274,291,356,235,354,268,164,57,17,75,318
207,267,22,239,271,224,46,312,60,319,156,294,53,302,363,193
37,258,113,139,198,55,240,278,51,190,275,95,107,93,207,265
85,4,97,212,343,175,139,15,330,263,249,276,108,250,200,338
265,250,128,243,8,341,125,311,90,86,137,246,269,61,121,260
139,132,23,323,2,258,89,307,159,255,68,95,289,15,363,49
53,36,321,191,162,348,69,262,51,252,298,68,23,88,46,243
231,137,46,202,156,59,260,24,95,118,337,75,136,265,355,31
364,231,133,53,136,303,135,354,357,94,288,222,211,63,137,8
126,302,117,179,312,180,265,279,246,89,0,100,362,63,283,153
56,160,130,300,90,97,139,241,116,192,208,221,124,137,237,349
52,214,134,44,71,156,95,260,217,178,51,107,296,347,159,247
13,354,15,175,57,237,360,303,335,329,2,88,51,293,9,129
296,249,159,139,25,207,15,269,336,82,327,182,97,171,41,108
158,161,231,53,167,348,137,175,170,258,30,313,51,22,194,329
248,51,38,201,60,160,105,265,84,322,207,251,341,184,90,171
46,6,268,304,258,126,338,197,17,327,156,86,217,226,97,90
25,15,114,335,356,319,117,366,357,209,345,95,244,269,108,276
328,284,51,106,336,137,248,175,357,156,274,68,55,196,233,130
278,343,326,160,41,113,137,23,8,351,177,265,274,95,246,14
191,15,282,126,236,199,363,111,341,16,102,232,207,68,285,302
283,51,248,27,156,75,19,166,114,125,40,46,88,359,30,299
57,73,157,36,47,203,51,272,356,268,166,309,68,172,274,239
272,270,256,217,166,349,153,151,231,254,342,157,37,41,137,108
318,287,45,62,68,261,132,135,19,156,329,75,155,67,317,205
101,258,228,35,140,338,363,137,263,147,304,276,264,254,209,106
51,302,240,169,250,42,95,137,26,145,15,29,41,30,32,127
15,235,191,72,346,128,51,61,32,16,354,14,303,137,352,355
322,167,22,32,269,320,302,289,51,137,239,156,139,99,342,351
51,231,130,13,79,15,128,359,345,166,200,167,236,68,122,258
239,234,171,148,147,150,21,264,68,126,72,225,338,222,164,95
213,201,311,281,95,203,223,15,136,231,121,283,16,340,225,32
122,178,223,219,203,115,95,263,131,68,187,16,132,360,98,286
170,51,134,251,233,7,76,281,298,183,207,108,57,71,284,296
69,221,137,68,105,370,224,233,195,250,156,340,190,8,231,197
302,113,188,354,256,132,250,312,160,117,263,60,217,231,209,63
213,65,31,203,88,159,86,320,76,137,183,166,103,318,71,139
122,170,51,183,209,265,45,238,95,280,89,44,68,250,92,260
51,280,82,175,301,140,232,53,36,265,32,137,296,218,18,258
207,337,293,134,281,110,128,140,263,363,356,173,74,104,24,201
291,260,278,155,104,355,265,276,134,61,139,235,43,121,325,344
224,15,329,139,128,231,22,51,205,269,40,363,26,226,61,144
330,164,274,276,262,316,258,260,192,83,134,233,209,174,156,329
4,154,88,112,193,209,201,252,164,194,296,156,368,356,51,251
81,362,83,311,308,6,188,65,365,241,304,328,22,220,203,306
354,10,194,7,251,32,207,132,203,150,123,223,153,321,185,50
298,167,287,263,171,204,202,195,219,316,224,359,341,144,315,278
147,43,245,312,206,126,309,121,153,256,296,132,30,68,139,131
268,51,24,132,313,139,315,134,296,98,253,260,82,163,144,239
125,318,236,304,322,269,189,231,197,295,242,247,7,356,359,151
320,137,258,325,82,54,203,192,233,345,184,74,60,33,171,183
275,356,46,265,75,350,196,222,81,295,90,92,211,283,205,68
68,5,274,188,17,210,260,28,264,259,63,236,139,258,360,231
327,109,364,71,33,180,55,118,222,51,247,85,309,258,344,160
98,160,315,291,278,328,237,356,118,302,16,218,193,163,67,37
248,43,105,184,314,318,41,15,284,293,62,128,135,333,159,264
363,346,278,68,147,263,354,279,126,212,91,368,238,30,269,121
132,75,50,156,238,265,138,6,14,272,241,53,327,231,13,249
192,41,68,212,231,364,295,308,19,247,64,255,104,314,83,184
225,276,348,236,108,308,299,6,95,214,260,51,147,49,284,361
133,82,336,354,31,295,91,98,233,76,161,223,210,265,111,258
53,35,354,205,112,115,362,249,68,242,42,259,281,324,143,319
48,93,234,340,363,46,139,146,108,231,326,123,195,95,162,304
330,275,143,9,120,149,336,199,332,147,48,156,75,28,159,265
97,184,299,102,147,236,13,179,45,137,153,15,248,244,356,43
13,345,30,258,338,157,44,287,200,53,244,269,51,112,155,309
68,170,23,45,139,236,258,159,309,57,124,221,217,102,51,120
136,67,53,266,272,190,41,312,133,76,280,148,340,286,344,51
278,238,157,68,235,355,125,356,202,285,265,217,98,1,259,19
354,281,248,233,195,26,292,265,188,27,317,326,157,247,151,4
265,175,47,147,312,231,156,190,7,107,68,48,15,126,335,315
234,217,134,95,41,167,62,9,66,34,294,265,281,151,322,138
139,4,160,261,14,262,6,23,102,231,251,270,15,137,300,51
68,139,152,125,271,163,24,280,193,30,320,357,229,77,25,150
265,131,170,168,71,248,65,137,350,41,246,90,77,134,95,58
71,327,138,45,351,291,278,354,58,307,178,154,153,318,51,68
282,357,112,9,92,53,47,51,190,132,368,118,158,22,120,347
175,210,315,166,324,51,194,232,59,325,152,68,137,250,365,189
188,361,369,140,295,356,323,247,128,137,194,20,167,41,83,321
108,79,15,69,277,118,86,209,202,51,196,335,292,224,128,331
60,32,263,331,351,352,51,368,1,45,191,127,203,237,265,128
126,118,119,335,82,323,306,240,68,300,216,72,24,343,309,265
158,289,81,40,27,132,193,25,365,12,294,7,293,34,331,68
330,195,151,286,48,362,351,363,134,354,68,114,231,72,197,132
319,51,137,13,15,92,114,55,323,9,160,4,88,368,37,258
255,282,88,210,132,22,182,216,330,189,139,320,209,37,158,61
100,265,16,95,188,169,90,139,224,75,248,137,359,354,60,215
117,265,37,83,308,171,260,200,94,45,165,131,175,292,65,132
148,322,63,297,295,127,89,256,26,165,160,13,169,304,213,248
135,201,350,137,93,273,354,159,6,231,363,202,118,48,181,13
193,269,156,348,215,137,68,267,364,278,245,235,347,297,265,83
156,46,309,16,82,126,347,370,246,234,261,68,41,324,341,313
47,149,294,363,123,51,56,170,156,169,236,265,155,133,359,365
258,100,58,137,160,108,250,296,220,54,314,76,293,324,201,174
171,68,0,247,209,12,13,51,265,162,289,76,352,35,276,245
98,265,153,298,81,51,311,203,158,250,137,35,132,344,139,180
57,199,41,95,197,24,150,320,104,351,298,362,242,51,314,285
328,68,50,226,195,352,224,351,167,230,220,51,13,358,106,310
175,233,265,342,260,136,203,88,323,94,199,156,15,150,51,295
126,265,344,95,68,139,137,13,277,280,222,15,303,362,136,108
325,51,153,84,269,137,68,71,139,200,258,79,199,15,265,95
118,108,328,324,286,321,157,51,156,171,251,200,296,268,151,207
250,365,137,23,67,353,289,295,321,152,196,53,267,183,88,239
158,203,51,226,24,72,240,264,275,336,48,180,53,161,348,294
139,137,122,236,226,114,98,12,6,69,181,203,278,51,161,180
128,188,51,272,125,75,131,318,310,259,296,50,217,330,265,336
333,248,223,49,196,269,103,267,156,64,350,235,116,260,355,321
208,53,326,128,129,32,354,15,106,351,90,330,366,192,200,3
137,174,265,116,171,51,37,73,138,75,278,68,59,92,71,156
201,256,284,278,70,40,191,269,53,260,203,123,79,281,289,204
22,115,202,51,118,299,114,157,197,336,192,284,275,203,53,355
94,100,128,201,32,344,230,92,119,187,120,296,176,51,335,318
206,137,236,14,86,128,233,342,354,51,203,136,68,33,199,38
139,265,25,237,104,224,51,217,46,248,15,9,68,95,309,200
300,201,242,15,354,27,127,315,263,337,370,156,139,173,68,19
139,281,41,256,361,68,53,15,267,235,234,287,130,122,63,150
89,336,55,281,125,325,22,30,367,128,293,129,196,238,68,121
329,81,7,190,248,347,258,101,220,210,51,74,259,215,90,95
66,365,353,89,52,135,175,287,7,312,356,360,68,259,234,137
20,156,95,2,256,260,202,249,224,139,210,90,103,51,45,354
294,48,307,47,203,81,40,54,68,341,156,13,265,22,243,176
309,127,68,204,161,344,139,156,167,282,134,313,238,28,88,201
95,157,68,244,13,32,139,137,299,8,254,259,96,354,117,21
137,180,167,47,293,68,209,234,226,361,270,115,222,169,194,231
318,53,40,180,139,215,259,214,129,15,160,233,169,68,185,324
258,335,57,345,68,95,350,297,201,203,283,352,265,204,208,32
117,199,289,179,51,286,85,358,137,68,243,237,139,115,348,327
324,18,202,222,156,336,137,79,115,51,231,165,358,128,86,85
72,365,213,79,259,92,322,205,203,358,56,345,66,137,200,51
327,158,77,60,68,32,12,188,157,142,325,262,35,360,263,216
119,283,183,85,352,265,325,89,82,111,258,364,355,137,174,284
37,167,303,248,21,309,177,328,265,148,329,349,311,231,210,347
260,170,136,207,68,62,265,246,337,309,250,19,261,156,365,214
88,298,337,295,75,207,230,197,260,208,109,4,296,214,51,314
368,170,15,22,193,89,70,206,95,118,282,237,241,137,214,106
258,175,322,317,113,231,91,302,260,48,213,98,154,324,125,331
