28,278,333,116,89,68,265,332,139,167,323,303,15,96
262,127,305,25,37,201,136,109,69,70,137,51,367,220
222,238,156,51,195,15,82,315,166,310,291,341,108,68
109,121,224,139,258,247,53,63,133,209,285,246,356,51
153,270,265,91,332,109,253,305,176,166,156,344,71,191
269,167,51,355,48,139,76,75,190,15,217,156,324,276
54,164,247,205,170,60,167,47,75,142,272,275,188,137
292,88,51,345,207,209,299,122,210,76,318,349,260,364
117,13,281,335,135,99,128,265,139,194,3,48,68,227
113,24,222,45,202,68,82,255,15,345,304,160,44,158
213,265,210,126,71,313,104,106,32,121,57,191,333,356
368,294,351,158,295,322,21,193,166,72,7,68,328,315
254,310,44,76,265,335,137,0,103,193,324,283,338,77
68,370,198,325,15,105,209,180,260,270,205,259,250,55
321,134,56,197,233,138,201,265,139,259,306,236,316,193
239,51,137,104,156,312,41,342,320,261,45,76,116,90
40,35,345,162,53,243,126,277,288,276,109,355,233,188
265,74,217,51,238,351,233,116,43,168,187,72,118,202
326,51,53,340,332,33,109,76,291,278,276,67,265,215
87,285,262,25,288,347,354,284,51,24,132,281,269,238
61,336,139,312,48,238,264,275,51,128,231,265,40,68
105,149,316,263,136,53,120,355,137,246,24,354,51,125
207,276,201,312,333,271,294,196,66,77,345,234,84,60
109,250,295,147,51,36,237,309,206,283,255,68,86,277
139,183,66,309,285,255,202,250,16,136,200,243,37,12
284,117,21,58,74,303,119,163,364,231,281,68,18,126
15,240,364,137,24,14,321,349,85,154,41,51,304,254
295,326,169,304,122,305,256,207,265,105,302,22,293,51
169,359,282,230,254,182,189,212,161,157,104,268,32,42
189,331,265,153,2,282,68,203,258,40,278,42,51,91
139,227,354,288,337,347,199,247,313,66,125,135,111,156
45,109,77,139,286,329,108,81,347,142,51,190,194,7
206,239,336,114,90,66,326,188,8,354,82,258,193,216
132,69,263,200,208,265,68,337,46,260,196,51,21,354
157,318,137,57,295,151,304,195,41,89,51,203,25,34
15,169,30,110,100,265,115,73,356,326,171,127,156,213
106,276,352,165,222,347,156,139,248,205,267,314,203,291
193,180,19,90,125,2,42,33,68,208,269,161,128,53
85,156,197,265,71,276,249,63,139,151,189,137,126,68
12,133,13,238,136,356,212,139,44,364,47,310,41,15
27,53,360,63,187,51,191,60,137,336,289,224,332,278
335,231,139,109,52,267,348,156,60,183,147,128,26,22
282,260,95,354,274,51,361,352,190,294,15,210,167,9
262,261,248,352,137,68,51,170,89,156,269,336,285,150
206,95,225,41,363,308,51,152,282,221,53,209,344,336
103,246,248,135,136,68,354,271,33,296,265,139,65,86
22,45,188,251,51,154,189,299,328,137,184,285,311,239
31,302,137,139,233,68,348,91,53,115,122,308,132,276
243,53,156,319,83,87,363,133,277,278,284,265,139,51
90,139,324,281,15,105,293,260,356,227,292,156,168,339
359,7,192,309,168,150,188,322,366,275,363,202,129,171
292,185,342,332,343,293,265,294,312,218,104,68,263,82
310,79,67,19,307,5,13,250,180,7,359,209,47,128
15,293,170,296,236,94,2,264,51,352,265,14,217,18
156,49,68,273,221,226,277,265,232,0,101,81,59,183
43,158,22,311,364,345,281,236,254,15,294,276,50,317
108,68,265,155,319,236,295,353,330,226,63,241,322,294
140,102,24,153,47,265,60,170,51,354,149,76,138,250
258,36,23,259,51,187,283,183,296,13,47,126,17,234
139,260,364,37,308,12,303,215,272,327,40,193,167,90
312,115,352,231,203,328,64,51,247,37,345,323,139,130
106,48,139,312,156,132,296,294,299,86,219,230,135,223
193,57,364,128,83,139,169,112,182,286,51,140,194,269
355,51,47,95,188,203,104,24,260,109,268,157,192,134
10,309,7,237,51,15,161,325,202,231,157,139,196,205
137,23,183,51,273,75,354,88,59,368,73,210,56,330
354,208,141,309,69,60,285,359,260,249,103,281,188,226
276,302,303,7,108,51,199,63,356,309,219,41,355,215
324,68,311,51,323,300,197,292,110,274,196,187,60,204
265,89,53,287,69,167,251,109,278,337,139,156,357,356
110,277,324,158,339,345,134,265,28,23,175,300,34,95
167,368,68,299,246,51,265,256,203,50,14,201,143,156
68,51,25,177,253,178,252,23,112,217,81,231,53,314
68,264,89,105,79,296,190,10,285,139,195,313,164,146
322,324,250,355,28,22,42,70,325,68,133,236,344,215
193,307,191,51,118,216,4,213,104,360,203,68,15,354
274,336,32,265,162,271,345,115,296,44,219,68,308,65
51,145,297,68,288,167,13,136,283,207,150,72,105,131
77,28,35,57,193,66,51,197,335,307,244,223,156,115
235,68,224,170,312,238,331,359,202,260,265,248,245,338
236,151,287,190,37,351,51,264,90,257,114,330,254,300
295,318,81,139,102,51,197,244,323,236,292,68,79,189
51,21,84,144,216,365,87,240,337,129,71,167,320,209
31,68,354,95,196,168,178,253,38,364,49,156,80,212
276,74,240,132,137,139,13,147,189,295,103,298,260,231
316,139,209,41,159,280,284,90,149,74,322,167,89,183
0,99,13,79,68,260,117,145,15,126,53,363,295,307
139,295,109,225,299,336,63,239,352,81,68,314,367,24
297,14,183,171,312,221,113,156,75,250,301,142,202,291
23,69,156,213,51,89,336,136,356,281,40,55,97,248
137,51,345,154,311,100,352,287,40,251,222,211,72,36
335,53,283,234,202,131,326,278,281,241,282,22,183,118
281,318,169,109,90,68,269,139,29,79,265,196,89,305
351,35,356,354,102,53,115,335,156,47,167,202,136,68
264,41,307,179,133,325,250,352,302,69,51,174,33,88
208,45,335,82,356,114,282,101,210,339,122,156,54,182
130,51,15,12,280,247,226,33,162,361,121,119,234,72
218,356,54,333,239,278,262,351,48,121,219,325,244,8
53,182,92,57,359,345,283,322,76,158,237,300,188,348
69,35,15,92,89,248,234,13,273,295,135,174,160,355
139,79,35,30,46,24,235,78,234,133,251,75,196,14
57,358,283,241,131,289,304,256,149,35,132,238,69,200
83,45,134,156,288,357,323,128,282,303,203,51,129,302
65,235,117,170,252,47,68,265,140,111,316,322,167,330
154,284,240,227,107,136,344,13,139,206,291,12,318,51
139,203,140,295,195,289,30,157,269,237,296,15,292,256
53,356,192,112,51,213,156,350,370,27,62,369,297,224
262,339,257,145,159,183,83,68,47,270,352,364,46,321
313,282,341,265,13,216,51,41,335,191,315,202,345,131
297,92,90,204,265,346,197,67,134,69,26,351,294,83
336,132,238,184,82,170,175,313,133,56,83,46,90,214
356,58,346,236,61,231,335,120,243,315,15,320,22,194
332,285,68,15,201,329,51,175,339,319,261,238,356,194
184,131,30,336,68,60,344,156,187,65,110,326,265,138
80,355,66,180,282,53,61,199,95,226,140,13,139,248
51,201,103,322,13,81,295,304,139,37,207,160,313,32
50,108,132,243,117,205,293,35,123,316,139,156,292,188
13,316,260,360,202,32,293,220,51,133,1,42,0,223
60,233,277,170,354,355,295,51,206,237,167,330,68,151
70,365,231,139,192,156,100,177,170,43,311,153,347,124
139,247,25,186,37,173,354,170,140,56,202,91,256,95
354,89,12,356,210,294,204,340,13,135,328,260,299,114
296,312,83,131,14,293,242,68,354,265,27,259,153,316
349,297,269,218,90,35,142,191,220,329,68,212,51,135
349,157,136,68,74,15,259,132,76,158,14,53,269,59
301,269,320,352,22,219,161,104,369,302,250,333,170,26
262,271,91,330,108,129,165,122,137,153,68,134,110,284
190,15,300,193,201,244,265,322,159,182,202,269,156,217
344,296,357,265,234,104,311,159,88,111,328,227,323,360
108,344,156,88,231,265,258,61,53,321,119,240,131,251
263,234,160,368,269,95,193,207,51,304,191,289,231,284
68,197,292,221,317,125,265,231,64,156,203,284,169,251
311,156,48,276,22,12,151,289,193,191,253,113,13,65
247,304,263,209,92,311,68,234,131,331,260,156,171,126
250,132,12,163,32,15,361,42,75,201,160,312,137,68
276,28,285,68,71,117,7,79,248,51,240,195,272,224
303,349,265,138,292,137,248,51,231,131,361,109,83,348
76,156,16,150,86,80,241,354,202,68,72,3,249,187
235,248,244,214,192,157,205,69,337,2,342,68,108,126
130,261,265,286,296,73,106,344,170,147,168,64,28,89
325,63,8,156,137,367,294,68,332,119,89,163,64,141
74,68,150,54,250,133,7,271,188,337,336,322,165,77
15,200,51,60,107,109,209,39,202,30,45,210,108,112
329,202,362,223,95,299,296,164,336,127,68,237,170,71
231,136,224,220,150,137,93,361,359,157,117,360,274,94
259,203,359,136,131,28,315,3,244,80,351,251,265,344
283,136,49,324,211,105,363,139,356,202,183,122,68,132
88,128,248,274,361,259,100,295,81,335,197,140,156,51
51,12,155,107,345,97,103,137,281,48,95,142,210,135
170,20,283,356,235,84,308,0,260,90,41,244,281,107
51,104,329,77,255,252,309,317,312,316,210,265,231,72
201,332,53,167,244,265,231,312,136,233,100,115,168,68
303,137,199,121,213,223,93,188,231,105,108,355,51,53
68,133,117,134,356,102,238,51,81,57,336,207,256,109
136,304,196,278,265,318,321,51,64,48,63,166,326,224
264,304,15,231,14,86,323,41,45,345,159,337,212,285
311,293,68,53,51,160,122,276,74,338,170,35,291,312
128,81,51,191,117,356,53,322,62,246,2,202,103,176
26,156,234,91,12,111,291,333,16,246,342,218,117,104
160,28,364,112,118,243,134,139,61,358,196,138,325,284
95,285,329,68,366,13,53,236,12,348,142,112,111,268
213,299,149,86,158,44,357,97,217,315,354,95,243,190
357,324,237,68,69,295,149,25,15,156,40,137,350,201
238,83,82,262,264,299,95,13,261,119,136,126,294,315
195,68,38,30,32,170,363,325,260,15,191,296,207,277
312,51,291,122,19,147,149,124,235,14,92,15,310,204
323,339,295,184,352,183,47,70,68,308,293,51,237,129
134,128,194,218,285,296,156,30,312,323,82,207,159,51
253,265,207,250,157,51,154,192,88,358,191,203,299,72
127,56,290,259,167,293,131,68,218,215,148,128,306,196
301,99,307,13,203,68,300,48,281,248,200,51,333,202
23,133,356,269,190,276,333,342,204,349,274,289,71,348
356,92,170,79,338,309,203,118,51,49,65,233,101,318
41,139,95,53,340,238,51,118,208,343,184,336,63,202
125,2,56,335,169,74,267,42,357,100,231,243,337,260
137,285,356,139,131,357,265,280,53,215,2,28,158,51
191,188,156,90,202,102,352,304,72,223,355,15,360,186
23,358,129,237,24,318,288,37,356,140,175,17,61,342
351,296,238,183,35,129,225,201,82,265,342,28,154,156
133,208,281,318,236,274,204,80,336,202,250,165,65,95
302,345,20,218,97,153,332,51,336,43,355,66,156,318
348,353,160,210,1,44,51,32,157,7,41,293,299,238
259,238,304,226,60,100,336,265,273,67,23,193,274,229
196,74,344,68,343,137,15,260,106,186,271,332,215,274
203,322,175,207,139,265,35,349,343,253,58,258,268,261
295,178,218,202,114,322,51,351,215,347,325,226,265,82
0,315,269,302,156,356,95,91,34,135,164,320,46,151
157,150,348,17,347,356,15,318,140,218,361,341,158,147
157,311,246,87,330,51,140,66,251,234,292,169,265,258
234,295,276,251,128,97,71,159,72,13,274,139,311,129
354,150,59,232,281,92,235,151,339,46,296,275,69,202
122,311,265,60,357,248,61,68,158,123,274,32,169,113
223,122,103,205,254,339,39,15,248,246,310,328,50,22
197,272,238,350,24,206,114,191,85,307,274,147,286,168
260,51,155,215,87,190,328,219,117,201,185,128,318,214
2,155,264,32,68,51,156,137,295,93,25,20,301,346
136,47,250,134,156,323,51,137,142,199,326,208,278,103
51,206,38,19,126,139,1,109,248,201,43,50,13,349
363,165,294,46,68,354,310,28,146,85,265,365,137,204
13,196,262,5,137,175,60,51,259,26,219,366,68,324
79,75,311,58,326,99,43,279,246,156,356,90,239,241
203,7,60,324,156,221,99,9,245,213,351,331,120,196
215,123,153,51,240,72,331,142,284,97,128,68,271,287
87,245,202,269,119,196,363,354,147,330,322,348,156,230
14,345,254,100,94,128,238,299,11,51,265,92,297,364
356,158,53,283,68,200,262,269,243,354,109,207,350,225
190,151,68,53,293,281,220,266,159,8,139,120,42,209
319,318,118,139,51,30,329,258,276,80,245,251,299,167
281,306,241,164,15,162,51,82,201,68,219,137,46,16
51,22,156,336,133,180,58,216,240,130,45,139,293,104
60,352,318,330,233,51,222,199,137,213,241,75,291,255
51,67,92,129,146,53,213,111,183,49,62,59,41,228
368,168,5,85,156,164,296,235,269,152,165,309,274,42
142,315,91,354,365,262,202,139,269,214,51,177,167,126
295,263,231,94,309,238,304,36,15,60,102,119,145,191
22,231,105,310,307,312,137,289,359,19,348,7,4,69
134,88,131,47,68,248,318,339,359,317,48,343,183,192
13,294,148,21,269,28,349,209,295,246,137,252,260,203
359,51,265,167,38,348,333,106,7,187,79,293,22,227
295,219,299,92,51,30,277,264,356,215,336,221,112,348
312,138,236,68,38,193,180,345,202,240,272,370,234,46
195,193,339,75,103,265,304,237,215,47,368,213,51,260
119,361,292,215,265,234,183,260,231,187,67,107,127,175
55,241,137,197,250,295,336,229,156,130,308,267,247,52
319,208,51,5,249,170,327,86,365,137,301,204,158,8
319,350,220,26,364,77,265,300,118,76,281,278,15,37
368,227,256,113,317,255,142,181,182,39,328,72,343,5
296,265,170,87,297,51,364,356,126,278,351,93,95,137
137,340,170,197,303,178,265,142,60,115,368,330,202,57
104,36,23,295,112,203,368,16,337,60,293,251,68,302
289,329,263,269,153,197,68,212,156,182,168,294,200,46
322,65,224,201,205,140,285,303,231,289,354,115,259,348
368,192,16,301,262,46,353,274,344,306,137,66,68,218
217,310,335,265,160,138,156,300,365,77,333,158,240,124
13,58,246,324,68,193,201,304,217,24,333,295,320,137
310,156,285,14,147,120,180,358,87,41,265,249,107,133
179,74,113,137,29,268,265,234,12,187,121,175,340,149
187,253,51,65,231,278,206,365,342,142,82,264,193,130
369,137,285,109,69,332,333,202,129,329,95,350,314,68
88,61,102,37,19,243,199,364,117,156,95,327,25,336
219,205,363,51,111,296,232,275,143,208,117,191,160,137
109,185,40,68,357,117,243,266,222,139,79,140,12,309
354,289,207,356,38,248,53,160,28,296,68,156,95,57
68,30,13,366,20,132,26,118,296,360,356,200,170,283
81,192,121,328,318,32,28,154,83,51,160,332,99,234
191,26,153,128,328,15,272,262,46,63,212,326,325,277
70,184,218,50,82,214,15,307,279,60,265,263,117,199
53,89,355,118,260,137,113,183,248,274,51,199,68,31
147,61,128,214,245,137,285,139,167,320,326,356,127,51
51,160,60,269,347,149,114,364,98,276,326,291,68,32
218,68,155,157,306,2,307,328,255,231,126,336,167,233
208,61,339,82,318,68,274,311,313,340,108,120,53,353
260,296,311,337,186,203,258,346,356,51,35,46,283,187
343,24,295,292,90,215,260,305,251,291,293,240,53,263
186,103,148,346,128,173,101,12,265,85,360,68,41,63
165,51,294,92,140,326,324,350,259,336,347,202,133,126
368,226,229,260,51,109,311,70,170,239,296,56,263,128
348,230,364,28,177,16,303,265,160,90,97,287,228,270
344,294,69,284,231,241,197,246,57,203,363,304,236,207
214,51,178,101,302,4,194,95,15,210,1,202,53,265
260,357,293,118,89,52,182,238,160,354,356,68,200,51
272,225,222,362,227,315,215,326,109,325,318,113,218,238
68,142,118,208,252,194,169,235,342,25,263,231,128,296
39,181,292,137,156,5,343,22,74,68,352,361,296,294
304,59,231,295,359,149,51,171,317,128,132,41,184,55
361,201,100,68,45,356,154,16,313,57,147,59,277,337
137,112,184,223,337,187,258,308,117,307,68,60,291,240
68,359,351,51,237,327,285,281,142,277,60,137,250,235
327,46,132,29,92,196,244,8,277,56,161,166,233,345
231,282,219,188,122,256,218,75,125,137,289,285,195,153
137,1,139,156,14,46,25,254,45,5,265,136,101,26
239,126,154,193,286,60,167,295,68,135,283,111,138,46
68,352,224,365,57,74,284,368,201,260,293,59,19,163
68,301,308,202,248,294,164,345,221,86,233,183,200,276
158,292,351,272,139,223,265,108,215,68,183,95,60,271
319,60,339,18,287,222,156,153,15,205,79,13,170,202
249,51,68,263,88,226,207,87,325,178,217,285,194,200
167,264,333,198,104,243,68,79,356,342,195,365,69,75
51,347,213,48,82,342,309,281,349,183,202,333,140,189
59,230,354,2,363,243,108,178,248,20,359,151,265,123
148,84,188,153,248,137,93,36,122,62,265,281,126,255
70,205,22,115,113,156,363,198,169,231,51,75,369,322
351,133,312,24,75,199,188,253,301,68,284,337,311,137
140,344,204,340,72,137,336,129,51,292,60,67,188,159
67,238,269,197,51,309,95,265,231,351,68,65,15,356
157,79,51,295,133,101,53,13,361,218,36,197,1,269
137,131,292,313,303,278,223,248,160,138,53,100,15,330
34,346,315,297,127,345,17,265,138,263,156,139,210,318
248,24,215,47,258,139,208,127,82,324,15,76,159,262
328,354,161,7,311,261,84,214,364,295,68,307,300,137
337,51,283,201,323,352,175,196,150,68,75,348,261,71
202,109,15,299,119,311,318,44,349,217,194,289,51,223
65,51,360,263,260,158,368,316,207,48,186,70,75,283
296,265,270,137,90,125,219,322,51,360,335,364,88,37
297,343,313,193,153,37,48,162,296,51,57,189,245,222
26,104,284,68,352,42,118,339,72,51,355,274,290,296
224,278,153,59,104,95,167,161,196,53,165,269,319,223
202,115,64,51,121,319,162,294,211,255,63,89,316,311
327,68,171,249,139,0,260,80,321,23,170,156,38,352
352,207,198,327,237,120,51,6,75,200,54,266,68,139
359,29,295,127,194,317,179,234,292,225,150,344,61,268
137,368,203,76,106,195,284,41,214,148,265,205,260,139
215,354,114,286,149,265,92,236,359,260,68,204,337,322
101,269,164,139,275,105,137,136,68,138,207,0,26,107
53,51,97,192,203,72,326,354,284,95,4,322,137,360
265,128,221,356,162,344,77,208,137,68,247,244,355,213
137,342,289,109,41,86,90,8,188,193,218,260,23,237
117,57,265,92,281,137,268,312,43,147,51,247,206,15
183,41,115,316,51,68,231,295,320,356,44,153,15,268
318,265,137,139,32,107,314,339,227,53,71,284,223,276
264,162,292,59,158,47,285,103,311,244,51,339,328,363
274,318,146,258,15,238,212,351,277,211,168,364,187,102
184,265,69,175,115,20,136,308,102,192,335,210,263,299
204,14,233,128,268,98,71,171,333,245,348,223,68,30
119,126,292,22,69,262,213,72,361,51,13,46,67,282
186,206,201,51,248,309,260,325,231,285,141,16,15,38
204,287,295,47,224,248,118,273,68,140,313,168,278,75
28,231,92,293,172,248,165,2,86,72,261,187,260,152
213,321,300,23,28,264,68,39,171,131,151,232,51,195
132,233,100,72,88,307,359,95,147,4,74,300,46,125
253,97,28,51,156,291,293,333,231,317,292,311,356,24
116,354,314,19,200,166,265,220,13,255,68,152,156,99
204,109,134,264,333,234,68,82,260,51,142,6,53,89
15,357,111,132,301,285,37,361,160,251,61,339,231,273
256,8,358,211,141,230,202,344,203,260,68,82,355,43
60,183,80,265,151,199,321,328,318,295,294,309,156,255
79,69,15,351,132,354,136,44,51,156,30,50,188,2
154,166,95,100,217,328,110,273,227,13,316,51,107,238
50,22,353,234,191,156,202,364,329,136,147,112,297,126
99,14,206,325,265,214,51,238,200,278,91,236,44,49
335,122,138,164,297,336,2,269,131,139,88,104,117,225
359,122,215,270,292,299,357,295,330,51,325,322,155,206
318,37,344,194,48,305,156,54,68,293,95,167,263,147
167,42,338,100,350,140,14,223,191,129,274,265,24,330
152,296,340,84,168,71,38,284,51,2,345,265,323,191
211,224,296,258,213,241,71,299,15,195,70,170,137,51
90,265,191,51,122,19,202,317,80,54,155,312,53,239
244,114,68,231,21,7,276,339,267,311,335,306,312,368
156,86,201,47,251,365,203,202,139,199,276,192,99,137
82,284,178,107,112,301,95,14,122,205,211,15,133,264
170,251,117,262,236,184,181,68,293,215,128,265,322,53
160,5,90,137,231,132,51,273,13,8,248,264,106,99
51,224,190,307,355,276,68,209,299,33,167,336,289,211
170,90,296,336,218,238,219,68,228,202,47,356,308,73
227,117,310,156,191,196,112,68,4,128,255,292,137,27
246,295,118,287,208,91,71,352,265,47,98,289,325,92
284,155,137,157,102,265,14,139,21,353,275,345,16,311
82,343,210,188,51,126,92,14,89,197,330,132,101,249
51,368,240,211,104,146,32,292,258,219,366,348,265,180
237,258,208,201,117,278,188,205,348,274,193,292,176,51
258,219,13,339,51,348,214,139,250,260,234,202,350,88
111,199,63,178,71,188,175,68,58,205,57,265,365,95
278,196,303,51,61,119,201,199,243,351,324,6,175,296
284,196,65,233,41,153,285,51,70,231,169,195,193,68
224,172,116,123,126,265,184,161,193,114,233,287,152,273
258,47,247,155,190,59,265,32,254,31,112,267,43,2
71,312,210,336,202,110,182,112,192,358,321,339,156,104
7,28,273,139,196,123,86,24,132,309,363,113,51,108
24,151,344,51,295,328,296,186,316,70,139,258,13,287
160,9,324,154,318,94,137,284,261,269,218,347,67,263
231,265,213,202,317,175,260,142,210,20,49,99,137,82
132,209,114,35,165,282,121,212,33,318,292,51,68,107
48,51,236,232,288,279,368,213,210,141,328,36,298,253
316,137,15,282,139,190,140,48,179,240,218,95,171,26
344,259,289,133,261,311,210,362,262,191,265,6,108,137
156,202,51,15,82,131,86,314,265,188,85,21,345,359
336,202,47,292,269,321,196,193,72,92,249,145,265,68
121,65,137,264,56,95,99,139,360,133,265,51,353,167
316,21,89,32,354,349,133,357,188,51,25,280,363,90
84,317,218,131,89,37,300,71,282,51,81,329,193,309
347,356,298,68,139,265,318,156,202,108,10,222,269,55
322,189,156,314,320,318,60,265,68,139,193,13,69,4
345,133,117,139,7,221,25,303,103,109,295,13,304,68
285,337,125,82,349,147,156,107,264,90,164,293,298,68
46,109,252,51,107,248,343,265,133,43,68,95,177,245
158,322,223,75,51,169,284,151,251,45,2,100,68,315
85,188,283,321,359,313,263,316,144,271,15,4,309,179
108,338,80,139,268,231,55,199,48,180,272,280,285,187
93,6,164,301,45,26,51,213,95,25,167,207,190,80
290,154,68,356,336,304,28,363,360,341,335,48,224,194
213,197,41,139,335,51,193,170,321,68,316,320,359,260
131,314,338,33,170,26,265,119,32,354,363,74,330,324
171,205,68,265,94,30,58,293,59,25,231,51,315,147
69,160,134,156,348,212,213,342,98,136,340,109,42,171
154,278,191,190,232,15,137,312,291,132,224,37,82,45
202,26,64,296,165,63,297,52,265,138,139,126,327,285
325,352,38,110,76,294,86,337,53,302,68,175,309,65
348,115,212,130,260,59,206,60,272,203,24,356,68,84
319,15,88,269,209,157,97,212,274,295,137,79,21,231
208,45,68,231,206,175,106,171,156,276,63,368,318,185
61,76,368,59,98,285,112,306,127,305,265,292,203,52
53,312,156,272,267,138,68,365,194,75,12,147,256,109
51,17,348,1,219,214,68,259,153,192,294,215,138,53
115,260,208,12,137,235,51,295,205,142,114,183,55,45
127,312,114,354,269,238,47,251,283,252,255,296,348,140
221,175,296,93,127,68,277,223,289,279,153,238,309,26
283,235,65,269,354,105,68,295,364,256,353,243,312,219
181,68,59,214,354,230,184,122,293,57,269,151,243,212
207,298,310,197,260,142,338,139,12,236,211,293,6,265
195,15,53,133,216,92,51,207,170,294,352,215,206,336
67,301,51,166,15,235,102,328,250,261,71,336,302,9
263,328,233,137,205,265,16,133,78,51,32,225,241,171
254,341,46,243,265,342,153,147,179,130,92,183,13,113
238,293,81,231,210,136,133,23,259,139,300,60,239,45
225,238,281,139,25,292,68,262,325,293,294,207,54,348
215,51,156,57,109,68,35,89,205,348,356,248,323,137
257,51,45,265,296,160,67,20,207,90,74,225,84,134
68,196,360,304,171,256,305,63,6,341,170,278,258,296
231,225,275,153,78,309,138,254,358,65,247,352,192,156
94,62,63,149,46,363,223,42,51,129,167,339,133,127
90,321,128,41,368,51,307,134,222,186,91,171,206,354
300,68,139,269,95,271,329,22,223,51,126,137,224,282
144,329,281,294,273,175,343,183,33,16,89,235,115,187
174,94,226,357,95,5,223,32,134,139,200,15,68,37
223,156,355,137,48,60,234,128,5,86,248,96,170,72
326,281,302,188,298,330,153,287,99,110,294,349,25,106
68,294,246,79,360,51,45,15,260,340,328,74,137,212
59,336,12,53,356,51,360,344,308,79,191,77,89,206
256,137,198,51,57,202,186,359,341,265,6,247,134,38
268,55,356,23,312,112,308,51,323,57,195,324,365,15
15,325,98,292,267,328,99,363,51,302,68,137,139,57
221,82,202,283,312,128,224,252,354,68,156,285,309,355
213,108,57,68,128,51,41,359,15,356,23,325,222,265
295,213,155,62,123,38,74,265,345,23,150,94,91,68
226,265,68,259,51,28,350,54,209,258,262,354,149,71
51,247,299,126,325,345,265,362,321,256,53,68,303,18
265,190,316,8,122,206,147,267,51,214,57,125,336,2
68,265,300,51,13,205,217,149,350,308,38,309,202,6
269,330,137,181,46,304,238,278,13,156,32,146,106,64
340,208,165,218,136,211,250,247,199,38,318,88,353,365
301,358,265,328,280,268,51,131,147,346,77,194,162,13
80,285,149,260,175,127,261,354,353,289,82,213,151,12
265,75,233,315,47,113,104,51,90,273,245,128,234,71
6,265,300,27,24,234,244,51,314,223,160,180,2,41
280,354,269,90,342,318,301,190,368,309,126,147,247,64
199,46,265,286,308,60,93,299,170,44,260,64,335,237
312,364,13,92,68,369,156,188,322,301,226,90,5,53
129,35,134,285,230,112,321,171,170,331,76,293,63,254
202,42,74,68,324,239,216,322,328,174,190,260,296,71
208,223,321,88,68,119,279,281,154,368,19,268,356,66
69,357,190,51,280,68,250,191,139,282,128,337,339,223
203,313,227,318,112,322,68,202,13,128,237,265,345,60
318,261,63,59,51,170,92,38,324,68,194,207,256,216
128,215,51,59,265,66,53,108,137,231,37,357,12,147
26,62,294,151,342,0,51,95,265,255,262,170,74,137
112,168,46,287,323,292,139,326,264,365,51,324,262,336
272,152,359,201,155,236,265,53,95,71,57,14,181,328
68,139,319,295,197,361,205,160,133,109,25,193,103,265
117,170,210,109,292,127,47,293,8,213,207,130,261,360
92,278,53,336,320,317,168,35,126,12,296,170,223,139
323,53,203,120,238,51,355,68,165,281,108,140,88,148
333,201,205,23,202,15,68,327,161,168,90,265,44,178
335,137,239,296,260,92,168,95,6,365,13,15,370,348
295,184,365,19,21,88,37,160,218,293,213,325,188,96
153,318,258,142,185,159,51,315,133,344,6,223,125,137
178,48,201,119,294,312,51,330,90,200,68,262,128,365
295,45,92,160,87,293,37,80,351,231,324,51,188,42
265,271,306,142,69,51,273,171,192,112,161,137,260,267
35,254,109,235,126,247,131,315,261,302,257,32,284,255
231,269,258,139,88,128,193,144,354,167,364,137,187,32
133,350,287,175,261,217,155,356,258,295,187,325,70,130
48,336,265,46,61,65,110,171,137,109,158,159,236,55
306,315,136,38,359,204,352,316,273,118,195,128,137,318
225,293,65,281,42,241,217,22,68,155,107,5,154,33
192,201,263,51,43,26,347,66,93,241,90,207,118,351
213,32,164,140,312,88,356,163,250,68,344,281,38,195
7,296,284,339,247,224,355,11,350,310,238,240,83,156
222,15,16,53,361,274,156,170,105,369,363,232,89,122
252,145,134,15,292,57,110,339,298,285,104,336,68,223
225,51,311,329,358,47,284,86,147,226,202,265,302,122
135,176,153,203,283,22,360,132,201,95,231,222,172,141
170,48,352,242,56,148,125,67,321,68,225,295,202,45
79,24,284,369,241,337,10,215,35,265,335,95,142,324
65,193,101,338,60,51,102,137,236,318,139,265,200,93
202,117,353,322,145,112,47,74,200,90,95,282,354,43
300,304,258,23,318,247,362,281,196,69,109,37,282,237
194,327,99,83,345,137,141,311,330,53,240,27,358,329
188,9,68,53,282,195,147,8,199,265,322,315,351,222
41,265,277,35,271,301,215,319,363,51,48,56,347,122
120,51,352,137,118,251,211,312,27,142,364,38,313,265
326,323,365,304,225,194,50,99,339,330,136,156,23,144
137,88,90,286,94,175,283,265,30,112,108,234,251,356
185,318,46,240,113,69,312,51,5,294,283,320,40,356
13,314,202,59,37,351,358,147,8,101,163,268,255,242
95,348,354,189,301,260,250,0,337,289,136,222,119,339
175,101,343,126,118,63,167,254,243,354,245,207,362,356
151,319,354,231,282,283,227,67,195,215,139,93,191,22
127,45,137,258,321,269,152,94,13,31,101,260,363,244
86,251,235,180,186,338,193,231,265,260,115,278,23,128
55,159,68,224,259,197,71,299,95,6,370,72,184,269
259,307,207,301,354,326,267,120,93,312,202,142,190,51
53,224,91,28,246,282,70,218,332,128,71,121,104,349
139,109,150,274,225,137,360,81,330,69,356,192,131,350
233,224,351,204,157,324,51,247,137,269,295,128,260,68
137,58,337,265,45,352,167,158,250,264,283,298,68,9
49,29,240,100,24,147,156,56,356,203,51,343,193,139
356,220,258,103,24,146,51,95,244,355,249,1,327,174
294,338,103,23,276,27,183,139,322,53,119,270,340,352
9,295,337,311,210,56,194,51,93,25,137,183,109,77
321,51,137,109,188,4,292,117,197,284,68,217,187,272
134,250,223,307,68,354,218,262,356,279,293,41,102,51
2,336,265,335,68,296,137,312,317,258,154,359,15,207
352,365,51,25,183,69,32,206,231,214,137,330,156,37
228,292,353,284,108,147,170,156,75,45,263,32,166,171
53,68,8,336,202,284,231,134,154,260,354,161,79,318
292,131,188,37,95,51,46,60,31,291,354,53,264,327
77,207,15,95,59,312,139,201,74,265,283,202,84,343
29,250,13,293,187,154,273,57,225,71,89,68,241,93
325,195,106,319,77,14,284,53,213,231,206,312,85,81
207,339,130,133,196,223,199,344,161,201,233,38,187,126
281,45,132,111,222,157,147,156,343,352,320,177,279,4
333,130,277,246,183,68,218,59,156,189,72,115,306,104
178,348,53,298,304,135,41,90,132,242,56,139,265,248
100,356,261,364,265,226,328,342,256,186,355,143,311,302
147,43,317,156,36,129,30,7,325,105,355,68,224,146
366,183,358,69,265,365,24,342,329,318,157,294,331,158
170,263,310,137,246,176,6,163,140,68,51,116,313,49
14,114,159,295,57,108,278,333,326,126,187,313,352,231
280,272,236,321,149,219,77,22,92,325,104,19,332,256
223,236,51,8,269,68,158,265,211,157,238,308,201,50
325,296,68,306,7,265,269,350,58,65,348,151,330,254
328,299,333,157,227,13,130,308,160,354,275,269,26,132
114,212,48,150,289,128,61,324,165,167,68,283,86,94
2,196,127,267,326,99,222,186,290,260,294,296,287,276
45,51,282,27,160,15,321,156,225,213,175,79,166,270
51,19,90,92,207,140,363,192,67,168,156,82,71,291
255,137,274,221,244,286,231,265,309,13,283,17,318,32
117,74,72,302,41,270,150,2,139,292,67,247,130,53
356,265,68,157,183,351,220,141,259,194,165,231,86,76
133,354,165,346,267,294,276,353,49,16,278,296,103,289
30,86,160,15,197,336,281,68,156,283,139,365,167,163
137,40,360,50,88,58,194,57,2,225,236,71,85,109
267,149,348,276,265,79,365,60,145,347,308,292,109,12
363,269,137,158,99,132,245,265,296,203,256,224,281,52
225,313,51,2,111,58,137,260,248,285,176,207,135,271
137,68,311,167,284,165,90,312,335,117,202,323,336,301
258,250,134,51,45,359,93,320,46,301,164,61,313,348
321,82,68,108,351,212,369,83,13,209,185,202,248,161
356,351,281,44,53,153,51,95,214,90,48,171,248,304
258,51,349,76,213,131,41,360,290,188,233,207,309,91
156,51,153,269,157,187,344,322,358,122,251,8,137,95
265,187,68,104,250,53,51,65,153,236,73,231,152,84
137,51,191,265,13,337,122,60,233,292,187,289,41,86
125,369,259,51,223,278,358,88,63,137,222,122,212,345
321,32,240,15,139,167,337,131,261,51,276,236,171,48
58,321,156,199,91,248,254,303,137,112,252,51,311,68
223,224,313,248,279,139,236,201,280,202,219,237,124,73
192,81,125,284,154,289,126,362,195,336,301,276,200,180
311,308,274,355,260,269,150,217,369,126,331,192,133,76
160,71,67,265,102,344,231,324,138,95,261,168,181,312
354,341,194,284,143,55,262,249,63,329,90,280,265,355
239,361,68,107,91,135,336,265,220,360,324,185,264,192
15,49,139,261,265,269,223,18,46,225,103,301,134,82
66,204,21,343,74,250,53,102,88,188,298,60,295,321
321,291,68,300,238,175,1,230,137,18,119,36,120,199
191,41,296,95,325,4,319,68,156,118,174,99,258,109
234,262,68,311,166,99,301,244,200,192,89,165,4,171
134,261,62,279,148,43,69,47,30,138,265,211,68,192
112,328,68,88,321,187,326,260,121,30,239,101,0,43
348,205,333,141,51,265,209,131,67,202,90,167,360,57
51,294,347,114,184,281,285,270,95,175,203,53,311,154
238,53,68,231,137,15,315,157,72,260,28,201,134,284
67,178,78,7,45,106,69,171,359,137,0,165,152,284
115,15,51,137,139,209,336,238,175,161,188,68,276,117
202,271,353,309,57,255,222,347,307,60,359,51,245,312
208,88,121,13,335,278,60,345,69,132,163,218,308,238
347,268,326,46,353,244,180,349,328,162,202,156,15,210
51,46,174,154,37,109,265,108,207,137,47,145,365,76
225,115,164,29,265,357,280,41,285,161,260,201,68,226
137,133,270,255,318,121,336,15,147,248,53,171,51,238
294,137,338,314,297,319,160,315,71,212,121,31,99,154
265,162,51,159,169,171,258,15,321,139,215,300,13,44
88,310,31,318,291,264,61,134,51,38,239,16,214,305
70,95,67,53,234,190,51,105,278,68,24,301,6,128
132,312,365,326,53,27,278,273,70,262,109,106,359,31
258,68,265,151,239,170,367,107,46,248,108,69,15,137
148,215,223,156,283,260,337,294,248,91,178,126,277,76
15,51,235,80,326,231,129,241,311,333,12,142,5,46
260,90,301,180,355,111,237,293,190,337,68,312,231,160
68,344,276,152,240,32,47,294,139,322,336,76,1,361
129,325,26,231,182,100,51,328,121,209,185,32,301,88
160,246,304,68,345,348,326,111,156,286,168,38,221,109
311,52,202,260,201,20,22,156,112,40,68,132,137,96
170,208,87,231,166,7,28,117,51,139,256,369,214,59
351,318,238,308,244,156,46,15,126,148,258,315,137,128
285,24,12,329,151,51,68,247,336,325,238,27,159,65
5,357,156,84,184,279,95,153,13,318,281,256,57,51
152,312,23,128,311,234,190,42,160,202,137,158,243,337
61,45,51,31,47,53,179,118,15,258,84,233,202,299
166,203,13,42,51,363,196,95,115,122,128,94,295,242
252,36,260,107,90,50,305,54,265,231,253,278,306,71
218,260,6,196,15,256,169,265,83,128,354,156,291,68
139,354,51,215,106,223,231,110,325,68,273,156,286,117
41,129,297,298,354,22,47,108,68,162,337,355,76,82
54,362,138,190,128,133,51,201,68,15,77,203,22,137
25,65,53,261,68,202,246,63,208,101,349,118,137,90
94,117,191,47,68,83,15,156,170,265,231,186,14,237
95,137,32,333,329,303,199,204,46,231,68,150,214,79
345,308,110,318,118,46,158,88,42,95,51,296,240,193
331,56,68,328,43,50,202,139,352,269,92,109,120,19
103,98,128,137,187,183,242,296,68,0,82,51,39,246
53,214,328,51,151,362,193,319,281,228,15,133,75,101
53,92,160,110,258,205,209,268,363,294,28,263,362,89
251,250,265,307,352,287,183,356,350,243,248,193,24,139
192,68,139,183,223,189,335,8,323,82,55,268,267,173
318,76,345,209,362,195,328,253,122,246,137,222,90,81
137,117,152,51,325,42,336,12,161,265,261,147,192,7
37,131,287,132,289,95,303,294,256,105,265,86,137,151
267,295,139,51,336,190,277,231,90,60,340,234,106,281
7,270,126,154,90,356,350,51,41,71,109,156,256,15
15,357,192,193,296,240,244,282,6,167,319,182,95,100
210,289,18,213,68,183,158,107,139,90,137,363,131,30
355,95,61,228,48,330,246,339,231,46,344,159,113,108
140,53,84,238,79,362,230,45,240,51,293,328,251,323
14,227,283,95,128,98,248,351,116,159,316,238,365,254
263,58,31,70,258,139,51,79,302,174,265,220,95,68
339,271,137,192,87,342,68,13,225,170,36,67,298,90
355,285,179,132,187,274,87,292,106,222,294,89,158,51
326,237,137,50,265,55,6,115,138,130,133,106,194,94
47,132,219,322,207,213,318,104,265,335,72,312,24,137
30,68,157,209,51,46,171,329,22,187,95,74,27,295
274,339,111,314,304,200,348,90,30,354,218,67,128,336
89,255,225,294,13,311,151,184,316,265,137,190,0,140
218,90,307,115,194,203,68,156,47,359,42,331,128,325
300,128,361,326,230,202,358,22,325,51,297,274,312,77
205,132,354,254,165,191,63,15,274,41,122,224,265,200
179,15,82,41,24,325,284,38,101,350,6,190,339,51
197,140,9,307,134,265,187,132,369,175,274,251,283,276
55,209,79,231,104,80,22,294,313,85,289,245,192,37
137,209,125,7,157,88,171,159,294,41,98,21,69,128
22,101,188,90,156,140,336,176,365,273,34,53,107,175
139,328,28,68,86,14,147,210,300,363,100,171,304,265
228,84,105,122,114,77,51,156,5,217,219,266,203,233
214,86,5,303,2,42,322,149,30,68,119,247,169,259
196,228,107,12,104,165,336,354,188,351,199,7,320,217
356,264,28,193,169,246,178,101,353,352,68,191,53,51
256,51,265,251,202,147,207,236,231,108,325,305,322,45
274,51,170,285,6,265,340,330,328,238,281,202,175,260
202,233,296,188,147,356,43,100,14,322,24,196,159,284
218,89,117,68,311,51,156,11,15,165,318,100,291,92
170,41,154,117,105,15,342,296,274,192,98,350,336,185
278,246,320,48,261,237,270,65,160,317,238,363,304,233
258,329,254,90,317,294,67,122,119,256,219,359,281,188
203,76,194,227,348,202,365,278,130,50,362,170,258,13
217,133,51,324,63,182,336,59,68,262,260,189,19,348
47,67,28,84,87,261,95,317,15,97,37,161,51,105
193,17,302,37,265,123,289,176,158,347,353,81,283,296
21,275,310,138,205,356,265,16,191,68,207,45,127,128
260,68,232,253,368,59,81,122,46,261,235,291,202,240
142,157,51,349,293,294,175,199,233,223,191,252,363,278
358,75,194,156,45,38,62,68,123,328,226,84,170,166
201,137,135,50,335,219,227,196,60,231,215,265,312,63
219,193,51,311,240,103,248,281,318,68,195,331,344,167
149,166,154,117,311,188,156,41,51,13,74,251,303,53
320,295,313,70,231,265,191,144,113,27,178,282,95,183
265,243,360,278,354,277,177,318,107,114,17,166,244,110
51,231,147,34,42,12,301,342,211,232,150,265,220,281
206,130,194,209,117,210,95,227,316,22,248,208,207,46
51,222,354,19,150,161,14,336,318,313,4,121,356,217
191,16,64,265,293,65,222,240,137,68,171,156,356,318
68,244,4,11,170,6,88,363,151,217,283,122,200,224
269,281,194,112,88,51,95,153,119,265,68,165,121,60
188,66,110,356,350,170,272,51,24,15,360,341,140,45
313,207,359,276,343,282,2,95,154,171,163,162,70,28
4,200,98,86,361,225,265,367,292,21,127,62,256,103
314,47,205,364,309,200,338,71,294,285,321,93,360,351
320,156,160,238,260,202,45,295,51,54,336,317,278,128
313,62,274,295,303,175,35,127,70,237,51,242,57,271
1,175,321,349,19,296,225,139,202,291,51,245,166,182
132,309,316,365,265,28,269,72,240,318,122,315,246,63
95,30,156,278,47,81,130,82,188,293,319,320,358,326
265,23,311,137,230,356,207,167,365,299,136,174,196,14
19,137,149,246,51,336,56,122,295,68,354,15,294,236
311,295,192,265,202,237,193,247,218,356,81,250,289,203
323,344,176,50,292,364,22,68,225,156,213,95,285,30
115,75,336,94,171,132,233,139,317,245,137,51,212,191
234,333,129,72,137,95,323,285,277,70,293,337,122,68
247,297,216,269,213,128,318,72,68,336,148,277,117,41
265,298,301,368,51,202,212,245,119,54,248,213,352,234
351,82,340,157,68,135,108,265,304,51,267,268,138,322
265,5,231,348,356,116,268,351,353,42,321,76,341,242
68,254,348,154,231,88,270,71,137,210,29,206,194,355
13,153,300,74,142,15,307,203,269,312,157,156,169,360
153,295,20,225,289,101,76,215,332,118,236,137,197,207
323,109,245,87,51,191,342,345,15,240,38,167,223,39
60,351,268,160,317,145,203,247,318,170,271,194,232,133
91,67,12,112,265,258,329,68,365,358,156,114,366,351
204,305,278,51,352,295,207,81,58,178,183,89,141,321
170,343,260,89,235,82,178,51,139,342,25,299,14,231
207,88,295,98,15,230,67,171,299,182,101,28,336,235
45,265,110,269,356,150,137,329,107,244,296,327,51,276
65,324,68,75,192,50,201,268,299,356,51,140,242,231
179,119,339,270,56,202,4,357,109,159,167,340,336,95
348,277,137,4,292,238,296,188,43,269,156,330,108,361
335,51,202,137,360,294,7,13,23,338,82,178,167,350
307,68,51,7,75,197,15,79,139,115,311,24,158,188
152,71,201,156,189,136,320,192,14,24,41,159,105,349
5,191,209,51,53,30,183,235,4,108,87,132,133,336
224,255,53,275,333,82,147,284,109,258,176,93,157,69
137,283,291,224,326,91,341,104,269,174,175,127,128,51
126,268,166,354,296,145,347,56,316,136,98,349,323,71
81,129,37,309,185,268,48,156,322,68,63,174,338,311
238,279,35,336,304,91,95,289,136,104,294,212,220,79
79,75,242,126,160,289,332,117,122,321,110,72,51,274
336,236,128,102,139,60,355,207,278,294,209,166,270,156
32,238,337,258,297,54,197,136,102,138,342,47,200,260
74,351,51,42,150,196,158,217,318,315,95,90,120,355
265,153,13,311,88,139,125,299,82,118,231,294,122,60
86,53,89,15,32,194,68,41,318,90,278,65,354,268
265,328,213,315,199,53,68,121,4,236,142,156,13,294
112,9,367,207,53,160,103,156,223,202,151,155,231,306
43,360,356,202,200,207,145,233,268,159,253,260,75,95
260,26,101,39,234,214,351,352,283,93,156,108,225,305
120,75,190,339,47,277,109,154,351,160,156,299,288,222
68,125,156,87,180,287,312,55,249,227,348,189,101,230
167,351,222,202,166,114,165,22,66,137,240,354,6,2
154,286,359,161,243,357,61,184,53,349,253,159,68,151
109,48,316,156,191,12,355,139,87,51,189,35,193,265
19,241,21,226,51,225,160,323,137,139,231,258,333,68
181,296,37,303,200,242,273,2,48,325,133,111,165,51
245,128,225,299,234,90,51,283,211,82,79,164,36,277
347,51,9,270,81,222,212,231,255,153,202,137,320,265
222,13,320,127,234,167,156,61,224,330,142,313,133,100
102,53,356,23,361,139,265,202,254,148,251,299,160,281
269,361,90,51,135,265,180,295,197,6,330,248,172,203
194,37,358,300,293,132,68,108,299,12,67,137,361,15
88,61,106,76,108,248,225,51,126,317,252,130,282,77
202,142,217,68,51,157,296,265,314,205,154,136,207,178
293,278,354,67,268,156,245,99,58,306,297,37,22,166
197,236,26,51,16,329,36,7,323,229,6,343,89,95
321,91,142,295,317,175,314,5,196,72,213,251,265,286
335,193,135,217,140,90,137,174,51,331,354,269,329,195
237,265,122,272,343,140,127,117,162,270,296,337,295,238
332,25,150,306,269,123,2,281,167,32,200,301,272,13
268,302,153,207,150,139,303,366,12,265,259,62,187,95
326,277,201,110,240,354,244,173,368,233,199,180,298,260
241,68,302,278,41,200,51,184,259,181,139,207,243,20
322,298,19,331,44,142,51,109,175,265,324,247,272,121
203,144,215,269,292,175,309,230,139,170,51,152,283,46
274,58,51,340,339,295,324,238,176,262,347,353,88,139
363,354,366,130,213,185,165,196,85,158,146,269,225,260
23,153,336,61,213,151,297,15,364,164,51,187,6,137
149,67,314,156,75,40,68,41,51,137,113,53,186,125
138,245,195,311,178,285,22,237,208,205,101,83,253,248
308,68,13,69,71,222,195,137,106,92,351,196,333,22
59,51,368,68,90,27,359,82,222,356,16,163,351,315
74,354,203,116,265,193,282,37,285,26,213,68,359,182
211,47,69,219,278,197,221,90,176,37,15,164,56,358
292,47,237,144,67,166,2,157,205,295,198,19,203,142
234,323,99,330,202,209,265,41,131,45,161,68,329,351
193,314,243,237,304,238,67,28,128,309,15,148,76,156
314,264,13,202,194,67,57,233,134,188,63,322,277,147
82,120,336,84,265,37,288,369,180,197,219,134,355,46
44,265,219,42,248,97,170,15,162,77,260,53,336,246
15,44,321,167,302,256,209,51,248,207,137,213,273,182
68,107,247,82,265,356,13,337,310,129,51,75,321,95
1,351,279,239,51,110,265,55,108,194,65,123,195,318
83,307,121,212,188,108,287,74,248,120,197,123,68,336
247,12,63,246,74,53,337,77,140,88,265,95,202,180
23,101,223,239,365,15,325,260,224,210,332,295,370,236
17,363,223,276,265,260,118,193,51,81,318,310,82,139
45,47,199,270,83,174,363,345,60,139,152,359,28,175
298,287,156,18,200,41,284,335,260,48,255,356,225,51
68,76,304,118,28,111,356,311,256,175,183,303,180,51
264,260,326,203,255,137,172,233,369,356,95,368,215,39
79,182,237,206,304,13,68,202,15,156,160,231,1,43
324,276,56,295,369,23,359,248,85,171,282,40,160,238
100,115,166,99,363,260,325,287,201,360,328,88,122,237
125,296,344,92,40,135,348,327,68,276,138,203,180,258
196,139,239,94,246,68,265,137,77,48,67,103,267,132
299,248,207,303,267,117,68,243,366,109,64,79,278,53
135,203,58,175,137,354,296,254,68,51,205,164,248,144
226,305,328,264,70,217,66,76,231,218,102,307,121,318
337,61,218,51,15,68,325,178,293,196,324,9,335,281
203,223,122,147,231,333,51,6,172,212,12,32,123,215
294,202,129,304,156,178,215,351,277,61,90,251,341,354
51,73,13,339,198,326,35,327,71,204,128,161,262,100
137,313,156,102,99,68,51,233,265,310,248,158,225,107
365,92,51,82,46,330,149,231,208,331,292,239,266,205
164,32,260,38,88,265,234,51,195,60,174,71,10,322
304,137,358,192,107,361,89,360,76,231,368,45,81,207
68,46,366,60,157,283,165,221,89,15,137,147,185,81
119,139,249,115,291,90,68,321,350,297,51,153,243,87
156,158,103,183,203,51,351,149,131,132,347,137,279,24
213,32,59,139,265,209,160,42,291,278,22,326,66,77
119,178,188,68,253,95,90,258,210,51,276,331,278,63
36,60,101,193,265,266,215,79,51,68,127,229,119,218
183,297,16,26,71,132,83,175,79,361,22,102,23,115
110,353,115,248,180,293,284,156,128,329,187,36,215,51
63,325,203,34,318,95,170,340,350,342,339,149,311,139
18,292,339,311,40,336,160,101,103,299,258,268,151,325
57,41,183,278,355,209,351,293,147,152,53,367,350,335
174,289,60,128,212,13,80,8,337,129,142,215,265,183
128,260,15,115,323,176,302,202,248,188,239,72,330,304
322,330,231,63,226,236,245,137,208,284,250,109,75,260
203,200,7,136,277,134,95,252,22,124,68,175,137,355
188,269,170,203,224,287,140,317,368,282,76,361,89,231
6,278,137,258,143,51,84,172,234,251,88,292,219,265
24,347,95,277,71,51,162,86,65,183,346,335,227,100
360,246,358,160,60,140,215,279,184,226,195,88,251,75
262,15,139,202,160,42,265,197,79,255,237,109,159,198
201,114,68,66,312,199,42,117,265,337,271,352,171,258
127,349,51,357,258,326,213,93,24,136,275,119,301,159
126,286,79,81,308,134,68,214,51,211,231,296,311,255
48,364,324,223,122,133,308,83,71,296,36,260,137,265
115,51,168,353,341,108,104,246,68,201,15,71,167,105
317,265,295,192,18,352,227,349,354,22,137,234,104,248
199,271,294,299,349,56,127,119,276,300,95,45,151,60
95,211,94,293,362,231,156,352,260,53,299,108,16,300
275,105,128,66,280,82,269,71,104,220,274,51,312,304
338,327,329,11,188,147,142,196,318,175,195,184,301,193
215,304,293,152,45,356,180,363,269,193,323,324,283,282
68,289,231,248,51,114,353,158,197,126,264,183,322,90
238,68,200,209,211,295,248,245,2,90,51,265,60,113
254,25,34,262,227,7,162,1,62,356,260,60,68,352
158,186,109,180,140,347,68,137,348,53,202,238,102,14
317,68,95,350,104,320,265,106,1,327,332,139,174,4
256,58,69,128,357,169,352,248,103,296,329,343,161,137
326,20,23,53,68,0,34,255,76,355,139,209,92,281
51,94,148,109,172,339,28,332,294,314,68,258,305,201
328,83,15,250,340,278,7,291,225,133,51,200,314,98
335,131,310,51,32,139,125,195,38,262,207,279,330,265
12,60,104,202,68,309,320,144,212,256,92,43,269,369
91,299,298,178,354,51,161,149,90,80,139,152,167,193
325,357,335,128,270,210,136,340,196,215,186,278,364,295
260,200,295,304,328,226,162,325,156,31,330,357,335,343
82,287,164,68,205,79,338,246,259,283,354,15,216,139
68,48,107,325,283,356,296,47,263,265,239,121,109,84
48,63,335,360,43,137,128,331,150,272,32,88,244,16
198,231,196,82,190,15,139,151,118,236,161,126,68,313
156,258,73,237,350,149,139,273,200,259,321,176,346,296
69,318,149,278,37,137,312,45,324,256,307,7,303,51
356,139,137,248,364,76,117,309,42,203,296,265,280,147
74,86,132,265,314,248,126,85,41,211,13,243,51,213
284,191,107,6,31,183,13,363,281,50,111,302,52,5
309,274,321,53,269,37,80,159,22,240,231,4,209,170
325,258,183,51,272,352,212,95,358,122,281,134,203,231
193,162,151,161,115,150,73,52,117,213,101,227,69,197
190,89,332,46,32,168,76,224,122,265,252,354,231,328
233,227,265,68,51,260,153,208,160,175,281,139,186,84
140,344,51,303,356,234,114,124,29,153,139,25,26,342
160,92,206,216,42,272,68,109,7,132,300,147,295,45
74,62,45,327,130,207,260,301,238,26,194,269,349,139
366,171,101,313,309,84,245,188,68,47,242,45,235,196
197,192,265,47,160,177,46,149,61,287,207,278,312,220
331,354,329,184,301,95,273,49,120,332,296,295,139,71
283,234,45,324,250,237,244,127,268,259,116,273,351,70
68,196,34,280,233,292,91,15,261,256,269,123,273,348
98,302,8,227,218,286,356,253,245,282,55,119,338,276
85,259,137,68,258,126,336,116,332,109,57,51,111,12
126,351,105,42,68,299,231,210,322,142,109,265,51,300
79,176,189,363,348,72,309,319,156,68,105,212,237,318
160,159,207,34,354,295,265,17,132,134,370,175,22,100
362,36,248,68,24,258,230,265,51,60,44,37,137,305
36,295,41,65,63,194,55,70,276,286,285,356,345,115
242,163,325,167,113,13,87,91,203,103,139,74,213,53
30,28,265,137,51,370,18,276,289,123,193,252,38,159
324,327,250,15,237,106,278,328,332,5,51,159,193,233
90,296,68,63,69,318,323,289,139,265,266,51,202,205
170,118,32,238,316,319,43,110,51,0,149,15,287,139
260,185,179,178,351,248,269,42,191,68,259,292,247,106
327,12,99,208,217,278,110,311,160,81,68,114,95,176
59,300,8,68,98,318,317,216,215,336,176,12,203,137
219,58,137,354,290,120,274,69,324,256,0,23,126,299
321,342,284,128,43,60,92,239,370,231,51,107,368,21
281,307,17,243,106,312,69,248,49,51,179,159,356,94
296,303,318,202,214,68,71,159,215,209,221,321,26,25
101,51,309,53,132,274,8,191,158,281,145,6,294,318
193,51,309,363,211,304,265,348,321,160,275,202,246,356
236,105,347,51,354,151,269,13,241,67,117,139,265,202
254,296,187,324,126,111,369,330,241,337,133,312,170,22
173,265,272,94,190,51,320,138,56,89,76,134,279,308
71,297,26,242,265,281,147,270,203,305,275,51,356,284
267,51,61,68,136,336,260,248,250,156,53,235,182,164
287,60,309,17,338,42,51,156,201,304,176,354,329,152
296,185,273,231,318,133,195,200,363,68,206,90,98,347
349,94,120,127,341,70,358,51,327,5,137,118,15,342
322,39,145,312,364,57,0,217,82,289,33,15,277,365
137,138,129,335,56,354,132,83,52,139,156,76,328,300
278,312,137,139,222,293,263,238,237,120,261,273,84,194
56,90,265,290,193,298,221,68,210,122,137,358,235,119
265,19,202,101,352,15,233,193,270,296,128,311,231,315
332,40,256,138,289,231,153,51,254,228,140,214,76,97
296,89,190,355,321,314,160,84,301,68,248,139,265,365
354,326,318,59,188,332,137,15,356,156,246,68,165,22
264,265,135,260,184,233,45,203,344,352,255,167,110,146
128,150,335,51,156,133,7,157,88,325,112,99,24,286
108,131,79,149,309,301,157,84,330,230,175,284,147,54
218,95,93,184,350,261,138,106,354,35,197,68,282,53
202,277,74,354,41,137,68,275,107,102,113,21,154,90
79,320,202,199,191,6,194,136,51,275,2,270,134,154
273,212,126,89,265,244,322,51,180,46,133,159,369,270
108,244,15,13,68,24,53,265,293,309,83,251,210,179
241,273,369,155,51,32,251,178,106,152,68,239,156,265
265,213,333,100,53,166,111,272,2,167,273,242,354,104
61,365,324,51,45,214,335,201,164,105,196,248,167,265
152,13,131,328,53,117,89,134,51,192,193,14,212,324
364,201,156,233,51,8,135,353,63,139,288,24,1,30
275,48,250,202,71,74,134,90,340,247,304,211,267,158
207,315,34,265,231,0,225,215,156,152,282,166,258,148
89,348,101,69,287,299,120,352,98,357,115,51,122,267
18,53,23,51,156,105,86,104,282,354,138,220,126,269
304,269,183,308,139,116,220,200,195,263,136,156,356,107
75,337,51,30,62,147,347,335,88,68,265,156,207,194
45,201,37,156,170,67,95,118,40,24,90,152,178,139
328,117,42,357,106,81,282,300,283,238,122,162,305,58
367,247,138,318,104,33,324,369,95,342,260,75,265,313
274,126,209,175,86,269,208,72,7,21,213,156,260,68
223,354,167,36,57,265,160,315,63,363,62,240,340,286
121,235,92,359,225,307,236,351,137,352,25,234,197,53
0,115,315,363,265,71,337,239,137,357,214,12,298,156
255,68,287,227,142,339,364,46,343,279,53,94,313,86
108,342,304,45,24,271,178,245,305,325,26,114,160,312
231,258,173,293,51,58,133,253,260,15,359,68,324,53
153,58,322,137,304,247,51,194,63,84,294,328,240,345
231,265,291,192,82,225,239,325,173,304,120,356,182,199
168,203,207,117,149,173,73,156,332,139,273,215,342,88
51,200,337,193,321,144,348,194,15,284,127,70,67,292
84,289,23,304,355,276,244,203,170,251,149,309,316,171
231,269,272,316,40,202,296,5,209,336,276,72,156,56
231,128,214,314,265,192,139,11,215,255,294,289,354,53
34,26,45,330,131,139,43,148,236,49,114,105,108,19
72,51,319,329,265,13,95,5,263,167,157,246,183,137
6,143,153,48,265,134,23,111,41,364,26,45,130,188
272,61,178,355,29,51,266,144,53,364,191,160,127,171
109,62,183,9,171,194,325,110,6,156,25,343,257,250
97,316,269,302,280,157,236,80,289,106,250,265,48,32
294,253,53,260,209,170,141,139,156,363,205,279,122,228
188,146,214,285,90,46,79,361,282,328,343,159,296,358
53,353,127,137,51,269,158,169,68,354,299,50,231,196
354,197,294,363,365,362,204,336,156,235,105,206,254,86
111,274,320,325,337,92,4,68,198,144,154,76,94,359
51,53,84,183,221,282,358,131,354,337,139,304,305,122
132,8,46,90,247,72,139,137,136,278,318,202,45,250
147,127,315,231,287,305,261,160,134,68,259,13,171,106
300,64,11,222,41,74,51,26,110,308,292,265,281,285
213,259,189,354,261,296,143,160,231,218,365,71,284,265
137,169,338,86,223,285,61,356,31,180,49,134,213,152
193,139,156,54,207,76,152,188,214,316,26,239,171,231
218,71,258,226,139,108,333,58,43,352,344,355,289,292
312,267,247,224,174,265,299,365,202,296,276,336,72,68
304,265,294,68,137,219,366,60,263,158,303,12,51,199
231,79,260,265,248,193,247,68,56,291,134,55,295,261
23,324,203,68,41,220,132,217,175,291,34,316,265,16
42,276,187,201,233,95,160,210,315,57,343,134,250,237
285,351,51,220,273,245,83,64,153,68,186,40,354,302
9,239,345,215,324,166,100,268,79,63,139,132,322,124
233,298,139,101,337,53,29,225,255,160,264,203,247,32
42,76,111,15,2,156,317,133,246,6,276,265,88,53
44,37,20,13,350,68,15,66,308,353,137,100,213,204
315,193,201,202,156,68,58,240,264,255,137,55,27,354
167,324,90,308,53,360,57,299,165,102,238,51,311,281
84,16,285,222,289,311,226,76,309,295,120,68,188,8
55,51,158,68,156,2,299,336,339,296,240,231,193,265
202,51,68,210,250,26,126,159,137,261,290,321,122,312
293,172,170,108,14,120,349,316,213,53,359,365,164,156
354,138,157,328,360,312,15,320,264,212,166,170,133,276
139,205,137,151,348,156,51,126,157,273,109,115,36,185
51,344,294,236,213,282,233,269,368,316,6,169,297,88
329,15,68,114,296,155,51,41,153,212,183,293,121,295
214,225,228,244,299,37,53,149,139,285,13,51,129,79
76,218,240,204,203,94,68,156,351,103,174,65,46,51
332,231,87,114,258,4,126,245,53,224,189,354,127,146
130,72,330,213,137,269,109,136,276,139,57,71,183,117
353,331,323,32,322,265,72,47,92,156,171,164,306,150
300,250,264,199,356,71,43,347,281,196,265,108,336,135
108,92,139,127,59,222,156,258,81,355,294,231,361,42
111,137,92,139,3,185,257,51,132,349,231,159,72,322
164,188,57,322,119,51,137,195,47,90,202,258,199,116
194,265,203,278,130,193,122,70,240,356,68,241,330,335
184,104,281,257,29,68,223,55,207,108,296,75,45,234
125,262,68,52,46,167,317,292,41,99,285,120,51,109
162,208,356,278,204,69,183,22,57,265,348,68,158,47
102,59,247,260,200,335,339,328,138,120,35,213,51,151
221,152,120,95,265,76,206,363,209,126,27,210,338,42
223,311,343,260,95,51,25,68,53,315,121,117,32,308
219,289,125,244,43,55,197,156,298,42,210,85,327,360
147,260,118,362,107,220,100,76,97,65,244,90,99,21
326,318,46,141,132,169,20,350,122,65,348,234,106,152
285,358,161,342,183,273,162,121,362,320,282,354,95,164
238,24,356,236,13,153,350,20,323,240,47,305,190,62
156,316,19,68,336,82,125,14,318,53,15,223,299,294
361,24,90,113,205,225,68,37,187,74,139,231,73,210
134,199,68,126,212,13,164,207,183,50,248,51,37,312
192,235,301,256,344,120,265,355,102,248,359,45,231,167
225,268,353,193,202,60,42,263,51,354,68,212,351,348
316,153,106,295,235,137,91,126,15,109,53,238,281,356
330,318,277,358,269,259,98,137,212,63,159,22,37,313
109,352,250,137,245,199,91,358,363,47,158,32,23,225
303,205,237,126,235,295,106,66,260,317,103,265,25,341
300,162,166,37,115,233,140,61,171,222,159,15,57,68
22,296,256,265,92,177,75,236,19,369,203,334,68,191
246,51,298,311,41,65,184,90,237,139,216,175,57,89
137,51,180,53,15,225,135,364,86,202,16,272,152,323
51,21,136,331,68,341,193,100,301,248,139,60,34,195
277,240,139,125,351,51,333,156,133,15,193,41,264,208
69,351,201,2,274,57,354,219,83,159,68,193,265,51
304,250,359,68,51,232,70,223,32,123,337,72,92,117
146,64,251,318,89,348,356,137,125,225,269,47,183,24
302,44,97,51,139,213,210,131,225,261,265,137,367,58
