252,69,343,51,17,9,8,236,295,256,238
370,51,24,206,47,82,106,196,15,133,238
95,294,300,138,164,276,191,201,30,310,156
348,326,269,109,356,51,68,242,264,220,108
48,347,68,103,45,133,230,184,166,269,65
180,117,113,299,7,139,53,176,15,187,81
138,67,68,76,324,280,51,312,132,248,20
265,57,295,171,159,139,117,125,35,162,214
219,304,267,253,230,137,337,55,325,108,303
366,156,335,256,310,265,68,137,255,160,317
206,153,290,242,197,148,15,51,126,304,356
296,156,341,369,114,321,200,154,90,366,2
197,265,351,53,251,151,82,277,301,278,306
184,330,241,108,47,321,360,269,296,109,274
282,260,179,51,137,226,295,202,104,195,296
296,121,217,202,318,24,326,347,350,224,308
139,118,280,7,231,189,168,60,234,352,137
41,75,175,171,68,177,157,360,247,213,84
351,269,145,317,128,40,193,354,346,41,151
314,121,202,71,117,79,180,76,366,200,69
323,13,293,344,244,236,41,363,225,130,200
265,51,355,269,152,213,195,32,41,69,149
200,360,281,215,289,269,45,119,44,359,259
242,39,156,137,174,160,253,67,202,15,231
204,367,294,91,295,277,166,259,31,345,53
338,224,328,352,149,279,13,202,45,126,325
69,178,14,291,115,76,201,137,347,23,15
132,312,354,348,88,202,298,292,51,69,193
40,57,25,215,36,170,340,121,191,103,185
15,370,294,223,256,162,208,68,188,200,213
202,310,71,101,39,296,150,72,321,109,126
89,352,47,81,58,139,190,231,258,348,158
51,354,260,109,138,57,194,225,68,283,294
296,297,147,208,335,137,149,354,51,225,28
166,13,133,357,322,248,239,261,359,237,160
364,164,8,0,14,15,156,307,209,68,335
244,296,259,51,269,108,241,277,135,109,344
224,202,76,203,231,269,15,358,82,290,312
51,358,299,139,82,134,248,352,235,67,12
207,245,68,141,202,285,275,46,150,265,170
44,193,51,244,101,155,336,259,279,318,47
188,53,356,63,17,80,318,113,225,45,177
199,348,28,83,172,175,34,250,217,258,27
51,292,61,88,298,231,284,137,53,41,132
231,302,137,88,53,203,178,170,340,222,274
61,34,139,252,4,126,115,188,158,157,144
336,248,25,45,156,16,137,51,3,351,238
349,4,364,238,196,130,183,33,126,206,265
220,174,41,142,275,31,297,213,205,157,80
258,7,337,53,170,137,51,19,159,191,142
260,53,140,296,108,139,366,132,247,76,333
276,68,53,202,328,1,28,324,245,13,192
178,184,15,304,323,90,135,324,89,3,137
137,261,186,215,349,187,52,208,275,112,352
156,255,131,13,63,356,4,335,12,90,231
197,75,90,339,57,149,109,247,356,296,323
15,134,239,159,26,39,139,95,51,222,68
241,81,33,36,168,187,2,53,321,48,207
159,214,274,154,156,276,92,182,270,295,68
72,67,290,132,121,16,247,354,284,286,248
326,284,281,265,365,62,331,134,58,355,36
168,353,86,127,14,71,139,246,7,264,321
95,68,79,164,197,337,91,166,218,140,359
325,175,137,68,282,283,153,276,312,56,92
51,187,317,68,32,132,344,260,299,98,95
303,335,139,17,231,194,26,53,159,227,101
51,68,42,320,231,331,72,193,108,349,32
311,63,258,274,136,359,30,301,68,356,283
366,107,247,129,90,46,37,301,248,250,2
22,248,154,65,23,289,223,51,193,218,317
53,199,99,348,71,205,360,4,95,15,271
48,167,321,51,281,268,325,278,213,333,191
263,322,354,211,304,214,294,137,368,156,79
353,156,53,8,68,356,247,364,12,188,348
270,212,196,68,223,51,199,265,228,213,253
356,104,132,326,324,160,109,108,55,136,127
112,198,151,38,207,351,170,280,263,32,149
191,88,170,250,218,13,160,231,199,194,354
100,138,18,356,339,14,330,58,51,237,311
58,351,327,70,187,363,110,292,46,27,364
318,51,53,16,260,68,200,204,131,65,348
142,261,265,209,93,271,46,326,68,41,296
51,97,68,215,228,270,355,2,304,244,136
191,68,225,51,236,140,163,342,287,339,265
139,183,66,239,175,352,56,126,83,150,302
72,364,210,51,325,126,238,15,170,48,60
24,75,330,62,174,333,318,313,51,256,72
296,214,189,170,156,51,202,316,177,41,269
253,19,267,317,183,159,285,269,214,207,337
13,237,123,238,274,265,76,347,154,292,159
273,336,109,356,224,58,296,276,364,300,154
147,160,118,86,324,325,195,345,351,158,68
45,248,243,244,260,165,358,336,351,15,240
51,265,114,120,215,328,285,139,364,260,19
147,139,45,357,74,71,247,260,347,296,109
68,161,265,170,223,138,271,342,172,166,51
357,220,328,134,232,51,329,244,365,68,22
144,247,142,115,339,109,68,37,289,295,196
349,308,185,336,51,170,285,167,23,71,196
109,96,139,132,90,43,354,317,76,142,73
132,364,136,55,109,119,307,273,353,183,2
226,143,22,36,130,68,256,337,138,158,31
90,185,202,336,129,92,132,207,41,53,356
16,81,15,127,341,9,364,281,158,294,359
196,245,351,75,156,71,90,130,217,68,277
311,233,172,354,230,106,76,268,170,126,100
237,285,101,203,122,165,336,99,197,118,256
198,128,160,146,23,129,19,134,53,153,214
284,296,354,100,214,152,73,46,230,182,170
18,356,212,200,348,90,270,323,7,137,363
15,51,202,120,298,304,53,161,343,32,84
156,218,51,227,7,322,57,85,213,212,285
42,354,51,184,282,125,328,352,53,127,69
30,51,44,21,201,15,81,330,53,95,244
276,35,137,295,247,51,157,202,251,99,265
53,137,43,231,194,354,286,51,248,4,67
191,295,88,251,307,111,24,250,330,51,133
280,90,47,318,2,355,51,361,244,114,222
359,170,206,68,366,296,203,280,8,307,37
366,354,137,37,74,68,291,336,154,200,203
53,52,202,188,207,331,217,22,200,157,300
331,282,202,238,162,149,335,355,170,2,268
15,206,73,321,328,284,132,325,119,106,219
232,36,60,277,0,317,51,162,308,95,208
165,82,213,312,119,106,281,157,349,320,100
137,336,48,318,171,302,159,248,51,265,207
68,296,144,79,146,335,175,134,13,341,125
354,355,46,131,231,313,352,235,254,282,364
81,248,65,214,54,241,125,137,352,323,226
231,170,292,76,160,295,195,140,366,188,332
44,235,357,296,78,215,246,136,28,43,336
134,330,15,357,125,160,244,6,217,170,7
126,248,68,302,101,131,69,14,327,225,118
329,15,295,128,95,51,3,313,265,303,63
49,197,167,354,363,295,281,202,244,235,248
339,183,350,67,263,129,356,51,137,338,234
161,144,200,314,175,41,151,56,192,119,169
260,134,68,312,210,118,272,119,256,227,157
265,50,294,76,90,233,360,112,13,133,77
68,139,262,233,131,198,179,265,202,85,274
357,321,49,57,248,156,274,356,81,13,258
337,100,22,246,311,355,238,137,250,158,302
303,234,207,284,194,302,96,285,82,311,313
281,82,270,28,122,193,321,138,95,246,284
68,206,284,108,159,365,317,218,187,44,333
109,160,209,51,118,267,226,294,339,318,68
156,68,160,369,293,21,251,248,181,129,265
175,156,82,44,137,51,81,309,187,15,72
68,289,13,45,58,71,148,53,24,213,75
290,239,202,301,184,359,53,196,126,313,120
84,277,244,1,346,9,222,310,96,90,16
51,27,303,265,302,65,67,195,243,298,295
193,170,255,154,34,318,95,26,69,224,191
298,227,261,248,95,273,170,323,222,58,13
118,178,34,21,137,183,112,317,160,13,262
35,100,37,89,36,284,250,333,8,149,142
109,239,301,221,95,56,271,118,283,117,244
318,336,213,329,68,71,105,128,16,88,30
227,157,330,254,37,109,105,357,224,188,265
6,187,199,248,265,160,4,53,121,26,296
73,68,35,47,259,42,170,160,301,328,13
65,13,304,95,296,322,66,203,41,122,265
293,173,328,24,13,221,321,138,187,285,225
90,57,365,140,77,350,130,95,73,328,258
108,64,59,47,61,252,157,79,123,354,211
274,93,252,4,164,120,132,156,314,356,31
76,8,65,280,158,364,95,119,51,157,68
336,248,370,359,137,323,68,15,221,297,272
137,170,265,342,139,190,37,323,210,2,115
318,118,51,344,109,301,27,53,84,184,134
184,68,230,223,25,354,38,86,66,322,249
27,43,196,370,81,26,253,32,313,260,68
51,213,160,223,175,224,45,36,196,289,68
349,131,74,199,51,4,118,93,243,90,45
311,218,281,28,26,282,245,260,215,55,249
227,8,184,238,135,329,30,156,88,225,193
40,51,134,281,265,354,305,298,199,301,322
134,233,246,336,137,149,244,68,265,269,51
225,137,68,133,156,366,123,62,90,276,351
28,304,16,167,65,76,203,68,359,321,107
344,137,189,20,46,62,248,107,13,278,104
95,216,129,346,126,15,53,250,285,260,265
24,13,233,174,336,186,258,286,120,265,288
83,234,358,46,335,265,363,68,90,15,108
51,127,303,46,103,13,205,144,296,348,214
211,265,137,340,283,229,1,84,293,34,205
125,303,325,57,95,157,45,185,335,53,294
350,249,51,6,303,294,241,12,24,195,278
238,137,285,348,258,154,21,233,254,244,7
336,201,15,167,2,190,294,156,185,200,231
191,180,153,160,210,231,68,88,177,84,265
137,175,57,33,272,203,307,30,79,39,297
31,294,233,298,191,283,254,312,101,51,341
361,51,356,29,239,1,217,307,358,167,95
156,243,264,18,51,238,100,179,110,224,134
69,222,224,112,65,51,86,265,256,192,36
37,343,366,202,370,223,312,60,175,259,296
329,351,171,77,177,35,18,15,34,203,149
251,68,185,195,114,83,203,236,156,90,269
199,214,309,264,233,207,4,108,65,56,348
139,272,51,356,74,167,213,66,336,322,134
255,46,181,154,125,116,301,137,51,48,164
90,51,18,206,265,126,142,203,5,295,356
156,276,6,283,114,203,103,364,24,85,51
236,116,78,262,69,366,269,255,109,108,336
68,292,309,202,241,122,225,351,211,201,209
223,265,69,276,131,221,73,90,15,149,81
86,274,313,51,265,156,316,68,215,75,298
31,313,68,258,365,265,51,167,55,15,50
37,156,349,32,84,53,98,57,29,100,51
159,289,344,7,68,109,2,111,224,265,51
112,88,53,313,167,51,368,92,45,194,74
68,322,232,108,90,248,82,204,193,60,258
202,245,26,213,319,191,265,25,296,139,156
167,156,344,351,69,153,68,121,287,113,112
156,51,101,69,344,83,260,272,245,154,359
93,156,43,199,295,139,316,196,99,258,351
335,265,199,120,156,108,68,25,258,260,329
206,261,137,81,153,295,92,265,22,118,231
310,192,281,75,137,293,67,59,182,151,329
201,137,203,202,124,15,157,53,349,289,24
114,139,236,308,265,135,99,46,368,67,285
234,70,336,155,22,183,50,350,10,291,216
354,343,265,348,330,309,205,90,279,18,67
248,280,265,68,180,137,174,111,224,171,204
254,164,68,31,366,354,62,281,34,322,297
260,215,301,295,366,142,133,190,116,68,262
89,221,204,339,318,53,202,246,79,208,192
366,190,97,207,231,332,51,101,324,235,205
13,308,159,75,53,287,109,139,68,318,198
284,135,231,77,51,178,202,109,341,302,89
342,278,260,200,318,248,291,132,139,362,324
201,64,68,336,265,344,15,0,223,307,224
233,251,278,137,256,267,236,30,176,224,51
326,176,316,130,71,158,273,40,68,183,261
346,108,67,193,344,325,51,128,200,69,286
240,86,51,293,259,272,139,361,126,45,324
368,13,24,65,238,304,356,184,247,145,280
364,81,156,336,324,247,274,343,117,139,199
68,171,90,154,32,192,356,13,158,57,255
356,130,312,163,108,227,98,183,147,76,170
280,211,183,321,304,68,205,97,72,139,46
51,365,178,128,281,109,296,156,93,137,298
238,225,35,319,88,339,212,344,267,313,281
264,225,129,154,352,92,71,144,128,51,12
52,156,313,214,225,37,100,213,7,90,122
137,328,120,68,53,262,22,315,215,163,19
134,2,68,211,169,157,276,237,208,351,183
128,170,344,245,89,2,13,61,68,90,302
53,354,347,37,192,309,225,177,259,231,338
370,38,46,248,167,199,49,212,236,138,158
64,80,91,291,182,268,294,112,170,213,51
231,30,68,155,21,60,363,265,163,151,58
137,31,363,200,265,274,175,45,171,61,289
95,141,13,139,8,115,215,333,341,265,268
223,70,53,269,317,296,193,368,217,95,71
260,181,216,228,160,305,353,13,368,295,40
209,118,176,130,202,145,203,166,47,312,196
239,304,169,134,43,209,140,183,137,231,202
265,51,348,269,367,120,227,248,68,164,346
258,137,156,220,340,360,356,299,296,45,337
55,88,205,48,195,289,230,228,336,353,76
139,159,82,219,357,79,293,106,265,202,7
214,51,4,199,356,142,278,234,107,30,8
256,68,235,321,156,320,365,92,363,349,100
88,348,102,285,336,323,270,233,335,132,327
106,336,192,345,269,137,299,116,139,365,68
15,51,146,98,366,300,154,296,244,214,311
51,156,79,81,175,67,74,317,222,40,15
51,311,366,66,347,150,128,108,180,262,47
294,203,187,352,256,248,27,68,326,161,160
34,103,166,22,98,341,227,303,28,15,139
110,187,169,142,339,231,89,278,250,101,130
281,364,69,233,51,68,10,32,128,339,157
2,332,277,268,104,267,88,185,235,362,298
262,253,318,127,160,15,66,156,134,265,348
91,192,185,253,265,52,112,209,262,233,53
90,15,294,68,54,322,199,228,6,310,55
137,147,267,90,199,245,193,25,35,101,299
312,51,53,195,193,132,276,159,303,178,336
302,51,318,312,214,266,107,133,163,279,68
293,214,120,240,51,272,341,55,205,301,173
321,245,239,260,138,105,187,194,83,267,327
156,45,8,234,215,139,293,301,265,15,268
50,235,216,218,136,140,74,107,352,166,51
338,187,287,256,76,93,259,202,125,83,167
355,278,51,270,306,4,68,233,84,108,250
7,122,223,6,95,231,317,68,183,51,63
95,203,265,311,170,248,236,53,293,323,319
225,321,51,137,355,111,148,328,161,199,68
69,256,24,292,169,362,51,16,157,179,168
167,112,73,177,156,51,283,365,234,133,26
0,195,287,322,285,114,275,160,104,32,15
139,83,202,98,300,131,71,149,47,265,153
193,247,141,265,328,240,49,135,132,368,160
44,239,265,178,15,269,282,162,181,184,111
178,63,174,165,156,68,170,295,151,53,117
156,283,356,325,259,231,140,180,167,303,0
166,137,267,109,246,74,132,160,295,0,184
68,200,260,365,67,307,251,215,235,150,354
51,278,326,4,258,119,307,262,291,135,0
345,316,260,215,118,190,90,247,246,99,265
153,224,202,319,8,51,12,213,353,336,289
44,269,55,354,51,68,167,321,305,347,152
13,149,61,232,316,344,122,165,125,312,132
274,326,265,318,131,72,259,68,163,160,238
108,231,214,236,88,129,363,296,160,256,92
134,193,2,350,301,231,139,262,45,101,190
336,227,109,244,139,284,209,128,16,296,1
225,302,313,344,18,341,167,137,274,156,109
356,128,186,260,202,160,48,166,57,161,272
325,184,89,238,306,259,250,357,51,157,186
87,67,319,53,313,139,245,58,51,344,43
73,255,272,185,89,118,51,82,68,152,22
166,325,363,13,139,36,51,344,179,357,270
68,108,128,300,150,175,169,183,354,256,318
331,245,265,148,316,51,139,269,345,247,103
139,251,349,126,191,131,265,82,46,333,137
246,202,258,201,172,156,323,190,53,225,60
336,209,27,53,69,312,70,234,95,167,134
239,48,344,139,358,58,84,294,260,265,133
142,368,220,200,146,68,311,99,202,41,359
30,9,176,232,137,247,68,133,148,171,74
51,203,356,252,339,159,153,299,39,370,68
299,336,347,76,215,258,193,354,259,287,281
256,114,360,0,343,15,329,126,128,265,264
38,105,131,370,257,79,137,233,232,325,352
260,116,215,150,185,151,81,51,139,211,318
137,250,167,200,60,67,72,265,295,359,86
242,202,166,356,138,51,175,104,338,318,34
222,292,104,75,15,41,89,188,22,343,195
303,225,151,99,104,121,190,81,77,51,323
285,51,244,238,346,363,268,69,73,226,33
51,295,294,68,344,340,324,58,319,22,266
231,133,345,17,104,114,302,190,255,167,109
15,272,224,237,73,104,269,207,339,5,6
273,350,1,149,201,66,163,269,285,323,55
283,312,291,156,295,68,206,265,184,240,309
247,168,125,81,222,92,243,265,119,134,36
162,363,270,325,361,216,258,97,304,102,175
159,56,223,213,260,68,362,51,239,26,139
294,296,53,9,76,225,122,101,171,104,40
187,226,197,183,265,167,351,51,174,68,298
272,212,88,51,137,174,368,187,327,283,63
166,309,71,273,28,98,253,212,265,268,137
200,159,183,177,316,203,212,149,247,137,309
52,163,347,231,253,60,240,71,202,51,55
95,106,142,90,255,51,136,115,68,280,108
335,173,59,254,265,161,258,333,317,128,70
269,68,193,346,32,47,154,190,307,108,107
68,137,265,138,333,197,296,171,348,195,60
139,56,346,235,69,178,140,13,303,72,62
221,15,153,301,265,127,101,326,218,366,321
278,48,137,68,61,348,274,208,56,309,281
89,362,336,67,210,175,258,165,142,42,139
53,348,51,90,35,154,274,345,239,202,149
118,68,99,316,51,171,92,211,95,47,284
343,237,328,254,267,187,93,233,347,22,46
218,35,51,68,323,186,169,156,193,139,133
68,90,34,191,323,283,265,209,106,129,8
154,44,296,198,13,165,326,212,60,223,51
38,203,349,230,132,265,14,55,103,72,73
354,246,242,192,328,146,23,224,197,250,68
68,318,15,302,79,170,344,300,4,259,9
312,4,113,216,355,169,161,76,53,266,24
342,175,51,318,2,336,68,295,108,139,348
309,281,202,108,60,83,82,90,43,8,53
154,355,205,135,311,309,362,46,260,248,51
339,209,76,51,3,279,120,314,295,354,121
47,28,235,101,202,218,170,208,312,276,206
8,283,248,251,356,337,68,171,51,273,244
286,1,234,152,280,52,309,282,159,295,293
296,147,140,95,354,336,160,292,121,149,254
302,308,193,53,21,254,345,171,123,68,270
99,203,108,128,281,256,32,115,293,267,90
53,201,85,234,110,262,273,51,154,35,139
358,361,98,202,175,203,88,137,6,51,16
85,333,316,44,177,92,287,293,335,196,191
240,160,357,323,93,231,336,40,84,296,67
17,345,43,246,293,269,45,46,95,192,190
67,137,175,105,192,113,52,284,32,132,97
345,359,301,68,287,233,90,45,171,193,347
341,66,81,248,265,71,239,192,238,203,171
180,224,287,259,305,32,165,92,263,237,37
294,328,119,218,139,303,233,193,132,15,137
22,80,61,164,149,68,312,250,261,281,311
333,131,296,281,295,51,339,8,326,37,133
358,261,118,9,51,76,293,15,114,166,156
201,157,68,43,344,189,151,13,30,134,187
125,155,269,9,115,352,2,133,202,138,263
12,291,329,59,233,138,68,223,46,281,36
68,53,218,42,329,47,49,45,360,137,225
326,300,354,77,188,123,153,260,330,193,160
51,330,95,265,196,291,81,354,28,280,228
368,38,107,139,170,89,12,156,259,193,231
104,51,86,166,245,6,79,202,363,268,216
223,304,245,96,137,317,51,22,258,318,135
59,295,92,2,27,137,40,128,347,237,194
143,344,150,295,134,311,184,175,149,356,7
45,125,48,324,232,312,68,217,339,137,67
105,132,341,88,156,265,215,99,346,234,207
39,303,344,200,196,359,53,170,282,218,51
67,294,323,231,238,203,117,6,212,265,171
272,32,51,292,175,14,207,139,134,104,192
191,273,350,128,18,122,241,260,175,148,58
16,354,37,273,295,88,265,3,311,221,32
219,38,197,156,128,82,68,192,95,325,2
299,296,355,82,187,68,125,137,170,139,51
167,51,187,293,149,309,207,177,137,131,263
301,4,53,369,123,272,202,63,233,13,274
336,160,79,219,176,65,265,139,268,167,12
209,189,191,34,244,37,359,354,57,231,310
261,76,364,15,225,5,336,337,312,156,86
265,245,231,183,293,76,148,296,360,352,108
312,51,87,125,233,111,15,197,142,268,60
139,326,355,195,235,9,354,336,68,231,175
201,312,241,137,159,111,37,167,237,233,67
296,308,285,5,355,139,37,41,68,4,265
69,272,2,63,353,86,247,56,260,342,223
36,20,142,205,68,156,195,242,73,210,153
82,122,261,343,9,137,114,233,271,265,322
226,358,129,265,51,246,263,325,79,21,147
354,187,130,236,205,164,94,58,356,281,181
60,320,12,195,236,53,156,344,69,330,234
278,60,68,98,93,306,82,28,169,134,329
163,336,79,260,300,324,74,159,45,347,295
1,170,92,68,104,51,254,360,128,335,115
188,291,223,57,273,95,13,258,51,68,40
265,134,59,48,241,65,93,162,193,15,63
213,137,270,51,312,223,68,361,199,88,265
244,302,267,192,202,370,260,118,294,112,286
148,191,316,137,202,321,240,308,82,74,285
110,68,319,265,369,202,255,194,51,165,117
156,166,281,14,363,269,325,224,51,187,222
356,250,51,139,263,163,322,308,239,329,32
53,151,285,248,354,223,336,183,27,94,203
328,156,368,312,54,214,204,55,191,208,137
101,322,60,341,170,82,51,8,4,139,13
364,167,193,308,68,95,213,28,276,198,75
295,236,228,147,139,297,25,87,356,61,201
211,53,137,84,256,210,122,68,293,262,147
156,325,128,265,167,305,53,359,348,160,58
21,297,131,356,333,167,336,158,203,206,359
225,98,15,265,258,51,37,317,147,136,327
201,197,68,250,45,156,137,283,349,75,278
246,257,68,223,26,187,131,196,60,335,137
51,63,47,327,99,349,300,202,193,56,208
201,235,111,157,53,68,57,225,216,237,202
107,356,70,324,90,111,160,32,137,73,68
205,335,250,13,57,298,18,23,161,290,297
68,119,360,38,95,121,51,190,3,342,152
159,169,175,53,139,1,29,137,280,192,311
318,209,255,234,356,299,62,79,83,237,225
265,13,60,65,259,51,91,231,196,79,294
327,109,74,208,199,169,128,343,196,344,294
307,134,265,63,294,41,258,67,336,153,248
48,51,294,352,154,261,359,333,156,88,15
98,202,76,42,311,15,190,137,68,335,364
81,338,68,265,13,255,187,83,77,92,318
210,243,296,115,56,323,247,354,356,139,137
273,27,231,324,68,13,167,121,2,1,234
51,56,349,113,318,76,286,357,68,344,323
68,258,202,363,358,35,329,264,114,289,354
84,243,231,281,51,101,74,270,358,193,104
342,15,314,368,132,329,80,89,95,231,24
156,51,108,212,229,15,246,53,208,234,358
79,250,51,160,156,67,333,327,114,240,3
107,111,125,245,358,139,61,283,100,69,356
51,132,298,269,321,277,110,25,23,255,356
299,246,186,336,12,170,265,118,193,167,72
358,158,177,156,169,82,48,263,322,137,81
225,164,344,68,241,115,188,22,174,335,299
28,342,347,51,2,104,202,128,48,59,333
216,306,286,86,231,51,219,2,366,358,68
349,53,160,193,100,296,76,4,126,15,328
90,262,171,3,51,298,160,237,139,23,267
164,340,111,51,68,189,296,89,142,25,122
127,296,203,83,47,152,209,280,9,170,269
23,198,51,110,187,295,356,231,292,15,199
201,356,15,343,94,296,233,258,146,13,68
167,95,295,222,139,51,243,200,224,233,323
109,225,15,62,192,324,318,338,265,107,68
359,250,273,259,215,51,170,310,218,231,15
167,2,72,282,56,81,176,356,51,227,272
51,191,295,351,368,111,226,137,190,271,2
218,76,269,140,68,170,265,159,184,364,91
358,316,8,265,112,145,156,324,128,203,109
354,274,68,287,229,0,45,323,41,207,105
135,311,90,110,13,237,324,333,72,341,170
51,3,48,365,68,248,152,28,114,301,236
92,355,137,209,158,118,12,55,185,231,238
139,51,304,68,336,55,246,128,99,278,168
15,45,284,252,132,290,274,128,337,193,344
339,16,139,67,265,4,170,71,363,202,211
202,299,40,137,21,268,248,50,156,215,354
137,248,53,46,106,340,309,245,44,315,209
267,283,107,68,170,167,137,262,354,155,195
194,51,137,205,174,199,265,122,4,126,335
337,345,195,15,265,202,16,111,152,79,39
145,217,209,366,140,114,248,295,278,324,157
246,15,82,275,354,225,81,156,61,278,166
193,231,51,298,318,262,95,111,155,203,239
19,71,355,176,132,201,68,116,260,74,3
237,53,353,202,51,92,68,0,263,52,192
118,289,37,222,145,137,248,311,242,258,251
150,139,41,228,169,170,79,140,346,51,213
220,205,236,76,95,342,199,91,301,53,33
201,333,265,193,129,321,30,15,182,55,189
25,42,258,137,221,68,248,265,200,256,139
14,126,15,265,170,119,274,51,71,284,42
171,137,326,281,44,145,202,86,167,49,41
247,32,197,274,291,231,297,15,22,60,149
170,209,51,214,311,281,128,263,67,104,69
35,68,142,226,116,186,221,13,261,275,339
129,330,316,294,155,255,36,311,225,81,86
248,250,71,137,271,108,218,38,68,307,340
149,15,223,250,358,57,25,190,6,153,309
287,12,188,2,74,312,68,83,131,191,189
244,68,311,31,152,70,275,251,9,54,160
57,131,68,258,240,38,30,26,269,137,347
137,363,38,60,139,212,233,312,326,318,239
155,361,139,154,111,177,129,156,136,281,36
170,184,224,68,52,30,208,153,90,181,8
196,62,134,137,8,193,325,245,292,51,203
209,54,8,359,64,101,172,201,205,154,212
165,138,223,89,160,95,350,236,122,83,360
324,204,68,128,88,359,130,182,312,349,295
68,185,345,255,198,296,105,53,79,83,118
46,68,51,322,70,359,318,299,137,99,53
187,90,315,219,131,168,259,192,51,132,182
148,57,250,340,30,123,265,329,9,174,100
233,113,345,56,312,201,45,339,235,4,95
137,41,277,144,139,74,95,70,48,218,37
294,109,53,313,251,342,223,270,200,264,261
128,68,351,76,127,222,129,318,94,277,254
281,251,51,284,254,307,123,231,95,30,14
91,46,156,295,19,359,108,49,264,90,82
2,193,107,304,139,245,126,16,49,83,190
151,193,298,53,56,224,127,321,318,229,363
341,53,354,150,299,355,116,181,202,163,13
129,295,176,53,109,142,166,208,45,238,314
245,267,68,65,319,16,328,276,311,368,331
354,260,281,295,312,224,269,47,244,344,127
284,132,180,76,170,184,210,71,203,151,60
41,55,15,28,215,282,13,201,206,70,335
118,167,314,349,137,339,159,128,90,361,208
125,8,192,341,183,134,276,300,321,98,188
163,53,359,188,318,32,83,345,147,271,295
287,58,22,120,226,41,189,156,68,50,137
330,225,256,322,304,200,14,327,121,95,68
201,366,69,47,6,343,215,29,277,68,135
265,286,76,120,370,289,132,312,156,203,281
68,60,14,15,202,32,343,324,92,200,189
219,160,265,89,323,139,213,115,311,45,147
211,319,312,130,104,293,328,61,137,318,183
315,126,233,292,333,190,156,57,159,220,294
34,68,137,95,314,363,63,202,148,131,26
243,314,277,231,24,3,32,250,348,34,139
82,207,238,95,13,123,69,90,318,293,237
204,292,265,68,82,79,256,272,368,156,162
356,139,12,360,76,65,317,118,132,95,255
15,27,230,281,274,58,336,156,363,301,68
24,180,106,51,338,44,68,94,169,170,258
53,183,326,317,71,154,69,225,351,261,324
223,26,158,248,51,139,195,361,81,197,76
199,281,119,51,101,106,26,18,134,243,86
45,202,203,187,139,225,245,18,51,352,13
142,263,139,41,296,65,287,156,8,269,154
51,182,354,311,265,105,118,363,49,89,356
245,175,356,236,231,123,47,51,326,199,260
210,128,322,226,352,48,183,111,139,302,51
41,271,295,127,282,302,68,15,237,220,153
233,6,30,217,118,260,219,265,158,96,317
190,224,347,51,234,107,281,207,328,295,15
290,117,143,29,259,340,51,126,53,159,89
325,189,293,73,88,249,356,105,13,222,44
294,164,170,149,231,15,51,209,61,201,213
255,354,35,77,198,283,345,191,56,253,189
21,283,201,61,354,203,265,79,217,347,295
203,139,137,175,156,300,287,315,90,71,51
247,130,5,26,101,178,109,51,32,216,53
222,43,318,265,137,350,7,53,153,51,354
353,313,281,13,159,15,231,51,142,239,126
312,230,141,275,137,13,149,272,353,26,232
149,299,46,235,123,139,212,311,268,112,68
108,226,26,242,313,250,364,337,285,151,265
48,268,228,240,208,301,265,156,211,76,44
139,9,343,26,265,25,82,170,194,68,137
51,128,82,260,243,1,170,102,105,265,68
240,83,247,149,90,205,330,65,165,308,51
265,233,328,122,62,137,309,69,282,248,51
337,149,214,302,62,15,265,297,348,193,335
260,60,245,168,203,258,2,172,265,41,147
278,331,68,364,265,160,258,236,51,159,285
117,149,51,46,82,68,299,13,356,6,281
86,140,43,200,289,13,348,188,122,139,126
156,171,237,211,265,45,159,46,7,161,77
81,188,66,46,37,203,170,218,68,99,265
138,95,133,43,246,319,188,55,68,225,139
46,185,296,190,299,66,45,354,308,304,79
161,159,280,129,352,51,128,354,220,68,258
18,42,110,270,137,359,51,347,265,87,142
50,49,133,1,51,340,248,281,278,265,4
51,294,69,20,308,316,336,76,34,40,224
265,30,100,336,167,356,68,32,295,354,37
246,195,131,22,338,354,51,318,100,98,192
274,159,366,23,203,160,239,130,284,217,304
2,358,47,295,364,237,51,12,189,248,148
287,141,22,280,264,95,348,231,202,295,126
362,14,23,68,76,248,140,159,365,260,69
354,178,292,22,66,160,362,65,351,308,293
231,307,207,139,105,75,156,99,162,238,167
105,192,360,51,263,269,248,55,208,15,295
333,68,186,53,95,46,269,66,246,265,51
315,294,150,155,250,47,59,67,49,282,118
83,342,41,106,325,68,311,356,51,287,71
273,65,134,45,310,294,117,51,157,265,172
193,156,177,51,99,15,68,317,188,277,53
196,265,87,158,210,294,60,341,34,332,356
271,133,25,153,252,284,277,13,324,347,202
151,95,354,90,305,224,333,337,261,277,231
337,234,57,248,236,137,196,173,134,160,114
115,269,177,2,166,51,255,287,169,122,199
294,11,68,51,365,332,352,356,134,188,114
119,310,354,108,68,70,186,167,361,137,90
139,218,143,137,259,208,285,286,185,156,90
206,231,331,187,295,68,60,326,21,156,250
149,309,354,131,244,274,325,138,295,130,156
137,226,366,2,181,128,308,363,160,313,121
53,215,49,43,40,96,269,90,265,157,51
312,269,246,67,88,105,139,225,300,338,341
15,3,19,301,354,274,12,48,209,36,39
292,354,287,241,191,146,164,57,358,151,238
202,156,81,71,246,88,128,19,82,61,193
68,51,13,265,321,237,345,174,90,106,149
258,62,277,263,320,324,61,51,157,117,225
60,71,249,114,139,47,295,284,68,270,359
302,215,178,41,44,261,311,337,83,53,349
265,204,356,236,150,302,304,160,351,342,341
30,196,369,68,208,27,304,243,41,105,197
122,241,69,52,149,298,269,127,309,218,215
265,95,260,51,98,306,330,364,293,118,149
15,325,33,279,169,228,231,270,2,79,190
329,166,259,365,135,270,51,1,34,65,104
117,22,53,60,163,43,210,158,244,296,75
298,149,250,328,193,265,200,117,58,30,11
155,108,61,356,275,80,121,19,207,205,276
120,104,210,118,300,329,84,310,46,107,51
7,19,154,199,37,364,358,353,277,349,205
363,197,116,25,51,156,161,58,257,194,325
293,54,188,148,88,150,285,90,112,190,297
222,47,351,36,240,302,318,15,330,356,137
126,66,56,51,200,223,137,363,149,350,255
327,51,61,20,160,201,265,293,137,139,276
355,285,296,213,312,217,202,48,248,34,166
231,57,315,191,364,109,197,173,229,137,356
58,197,160,349,140,156,329,68,172,295,81
90,281,184,226,359,354,233,49,65,310,88
370,225,51,137,261,158,209,68,70,183,148
112,294,156,357,32,163,53,138,122,171,343
154,15,354,139,247,68,220,58,151,308,236
65,45,143,217,231,262,265,298,206,95,303
263,336,137,278,243,10,156,144,357,151,51
101,24,65,301,22,58,99,76,143,203,53
319,359,244,147,139,90,246,143,8,159,291
118,58,112,276,51,160,363,370,324,166,31
171,51,129,90,175,133,89,316,74,23,338
82,109,73,212,265,26,327,246,100,323,22
246,158,151,259,175,159,234,122,286,322,92
15,224,350,57,124,218,53,226,282,237,51
265,196,251,292,342,298,18,69,68,339,26
30,202,183,118,170,350,47,169,271,32,226
278,312,346,63,153,313,164,232,263,57,51
258,206,215,128,248,221,208,122,321,108,203
274,68,260,323,185,139,312,270,339,51,209
209,270,7,51,107,54,364,194,212,254,333
88,231,77,203,343,38,307,68,347,8,364
51,331,15,255,108,230,310,128,254,354,293
250,126,277,160,201,139,75,294,31,192,275
92,362,312,364,104,22,295,191,13,265,269
196,47,344,285,68,0,4,251,175,262,32
159,201,26,114,285,235,51,108,265,167,137
306,259,111,358,314,362,239,151,312,28,296
236,231,181,28,320,219,65,305,139,126,51
136,222,174,105,238,68,265,82,192,60,183
81,337,75,171,353,138,231,13,88,123,278
111,269,277,45,107,24,243,73,108,52,90
363,233,300,135,45,209,281,225,283,100,31
348,15,16,259,265,153,177,51,101,139,222
341,69,16,255,71,196,291,326,325,230,47
15,337,222,14,32,51,213,294,345,277,208
273,240,182,351,236,282,359,149,283,159,35
310,128,13,132,318,93,170,247,162,139,224
349,260,51,15,108,238,318,183,366,270,239
51,318,238,146,187,26,128,53,296,153,330
41,160,137,277,47,48,2,84,363,158,90
167,243,82,156,32,196,182,51,157,347,115
148,352,137,68,15,62,86,108,287,113,114
199,137,60,355,269,207,117,13,245,19,202
37,315,187,159,156,347,198,167,15,231,53
265,247,18,337,95,321,7,342,318,214,256
15,367,76,46,82,152,265,226,156,274,355
73,265,71,303,102,81,281,22,90,68,108
139,201,267,314,15,326,236,153,22,200,322
34,0,116,132,308,58,8,149,146,199,32
10,232,330,92,137,111,53,176,156,135,307
257,68,74,156,75,347,152,208,184,284,118
328,1,112,357,50,238,58,265,100,240,259
316,51,94,344,291,167,137,336,86,231,48
287,154,75,139,175,265,232,51,327,133,322
74,243,201,15,2,133,248,197,355,61,125
0,261,273,218,254,75,68,336,15,72,351
13,196,68,108,344,140,7,315,330,152,207
315,171,301,15,369,170,223,123,348,245,114
284,260,25,139,41,167,265,82,337,60,46
274,363,135,38,50,191,296,145,51,106,68
344,156,49,74,113,260,149,36,197,193,136
221,131,289,217,137,173,236,247,248,15,333
137,85,15,117,354,51,304,336,53,190,142
53,100,350,68,259,364,317,156,48,183,347
237,313,368,259,252,219,53,337,194,69,119
139,68,303,231,117,149,111,365,247,281,322
140,82,149,353,112,195,311,356,137,141,46
293,281,197,128,203,116,232,354,324,102,294
48,295,100,22,326,101,160,68,175,203,262
15,359,356,256,121,319,323,68,287,317,128
156,72,326,161,348,51,343,315,95,68,41
295,197,309,51,40,244,107,261,271,95,116
84,248,155,279,356,265,348,178,137,224,156
12,184,265,53,309,66,51,98,135,160,324
135,325,208,43,108,246,13,303,311,329,228
204,317,365,364,157,170,53,15,333,285,150
4,96,154,282,274,284,51,99,180,67,129
7,123,57,56,265,222,281,68,247,105,282
265,107,363,218,135,171,352,241,157,175,213
13,208,337,333,118,167,254,196,284,202,137
139,234,355,296,291,18,269,48,255,338,262
93,163,143,20,250,337,174,154,322,223,201
323,66,240,92,176,281,108,223,265,226,83
309,51,265,92,285,22,137,161,336,224,346
324,95,92,285,68,243,366,156,188,45,233
51,277,336,187,344,223,89,276,157,312,71
69,193,361,363,121,15,24,265,144,228,296
215,72,164,51,104,218,156,216,265,40,160
156,295,137,303,13,213,302,180,160,256,119
68,354,133,128,165,328,293,231,106,194,213
87,32,281,160,48,293,177,121,272,295,203
160,278,342,205,243,220,365,260,352,214,361
287,227,105,4,338,120,139,50,113,340,201
130,49,218,77,173,1,90,325,177,125,276
128,90,269,152,23,241,200,93,144,137,220
275,344,137,68,295,148,318,259,246,102,321
328,108,153,75,356,355,342,56,68,345,11
365,165,7,270,329,282,15,38,235,224,128
260,171,75,241,95,305,129,264,254,43,132
225,365,264,265,22,150,46,327,167,53,175
344,296,258,255,311,82,75,269,142,60,68
265,205,204,119,15,121,251,123,83,238,76
205,137,336,299,265,155,181,65,53,287,318
315,127,279,68,319,203,265,258,51,9,183
207,156,196,9,219,278,75,109,25,349,277
88,134,288,59,247,192,292,296,47,53,14
137,228,154,51,265,244,165,128,1,350,35
258,125,315,279,218,209,265,112,51,195,354
240,260,170,333,318,73,46,287,368,137,163
231,269,51,207,249,233,355,44,129,186,295
151,336,6,68,224,90,156,165,292,188,15
280,261,189,186,22,238,137,278,301,142,75
207,61,136,35,113,51,351,17,196,68,127
70,232,92,156,261,180,354,72,265,53,278
203,322,207,310,194,113,208,213,309,350,191
87,296,325,88,247,122,358,137,227,248,215
59,157,195,213,135,328,156,97,30,7,365
23,47,319,184,83,191,120,48,354,182,312
265,90,356,51,59,295,63,146,98,6,137
273,293,179,93,260,117,160,51,90,215,307
281,350,265,137,118,349,276,161,275,6,92
53,137,188,155,259,210,84,70,24,244,219
337,360,217,285,214,69,201,188,24,15,2
176,174,231,285,163,246,125,265,48,208,215
352,133,265,260,15,365,309,83,26,44,370
259,276,86,268,286,150,110,79,269,160,137
258,298,318,96,51,150,191,332,295,244,361
234,203,156,138,119,67,197,293,146,221,88
318,64,46,156,79,88,68,71,347,357,256
50,127,260,256,265,278,351,95,186,277,167
356,272,236,194,151,109,294,1,260,162,345
350,27,137,144,194,167,156,4,72,197,306
283,135,69,359,65,224,85,206,156,240,260
179,111,305,15,23,164,218,196,57,88,16
170,294,191,304,156,330,231,69,208,300,332
333,354,56,234,344,164,128,51,137,92,108
109,208,132,126,156,137,164,298,93,237,51
320,55,139,53,311,71,315,293,15,309,30
95,32,123,110,176,199,139,260,156,85,256
76,296,41,68,291,28,323,270,302,86,231
315,265,175,248,289,355,200,16,35,210,250
238,165,196,365,229,21,207,106,279,236,287
16,137,271,255,60,75,240,353,239,81,331
366,311,326,312,369,26,223,68,21,55,192
338,318,163,303,112,354,245,322,31,302,269
72,53,156,312,339,15,187,248,96,348,294
51,283,203,198,208,10,23,312,26,142,234
95,15,303,68,351,244,123,232,174,293,53
150,156,276,265,332,27,362,274,166,176,273
68,15,300,295,356,138,245,329,273,359,51
281,137,4,154,326,232,188,296,172,370,304
73,188,323,166,122,284,137,260,360,53,139
349,5,139,214,197,265,277,122,215,244,45
253,130,325,47,3,51,208,312,123,126,139
53,260,197,126,51,123,139,113,196,356,358
304,343,278,119,24,309,14,51,129,133,223
294,177,156,350,18,234,95,295,188,63,236
265,330,68,203,188,95,296,289,79,98,199
195,312,149,61,244,317,210,53,115,293,214
278,139,137,156,249,258,236,268,340,16,2
260,83,343,233,333,7,193,209,100,363,245
63,16,294,309,169,321,160,247,322,95,68
201,139,234,228,40,184,14,326,60,51,158
167,230,202,27,139,215,82,24,161,348,352
35,202,95,368,356,47,56,181,15,4,185
339,277,41,27,215,157,296,15,68,203,147
293,43,252,228,72,311,51,101,265,172,270
108,354,166,109,282,73,175,258,15,160,138
213,340,29,65,47,51,68,155,234,201,34
285,168,289,129,196,51,268,79,59,175,75
198,311,193,19,255,203,299,68,263,265,353
137,231,294,139,108,249,109,356,328,236,58
265,82,260,209,167,255,90,73,359,22,41
172,51,224,137,135,365,156,124,229,59,40
15,170,156,197,210,139,248,285,53,265,294
38,79,354,139,248,219,309,262,236,315,13
196,361,202,354,221,73,186,260,56,163,359
106,317,196,68,176,326,230,53,167,132,114
240,51,23,239,134,322,265,272,18,223,150
76,175,119,104,58,68,53,231,46,296,228
223,140,137,218,265,68,217,255,32,20,285
123,51,292,156,74,66,84,87,354,151,180
260,278,311,342,51,298,13,187,109,240,284
132,212,161,318,139,206,151,34,296,258,68
64,193,272,217,358,231,251,210,197,342,44
51,10,79,318,231,212,152,293,260,266,196
152,319,265,320,197,219,46,137,216,45,139
83,346,267,25,146,153,348,16,51,306,202
354,66,44,41,69,51,193,366,311,189,68
170,51,85,109,314,260,197,82,126,303,21
302,95,51,59,336,326,179,240,174,262,260
231,246,363,24,13,202,48,262,53,251,108
51,321,277,137,256,91,301,265,65,84,88
68,311,109,122,95,79,137,86,69,76,220
51,222,365,291,5,304,317,324,68,170,82
195,360,163,109,13,51,152,345,299,295,68
15,53,365,91,217,38,287,238,265,156,369
80,137,342,369,136,142,331,15,359,51,303
307,215,36,147,51,265,336,278,130,137,333
71,101,62,354,302,328,95,323,55,283,105
363,292,68,192,213,0,127,212,122,118,210
51,265,68,216,361,192,7,72,35,202,276
133,265,215,132,126,348,359,68,229,53,81
207,16,311,32,128,142,112,179,15,156,133
68,206,195,240,225,354,87,111,265,67,302
209,20,325,247,294,265,305,68,51,258,29
167,15,299,68,282,42,142,279,134,127,57
265,215,260,108,137,217,4,68,202,196,264
132,317,163,95,100,258,285,262,65,193,35
281,202,237,7,63,82,217,245,76,48,30
347,31,349,51,50,281,68,32,21,265,90
213,256,51,156,68,311,262,118,140,194,345
352,45,357,347,15,304,51,276,139,332,43
301,264,170,355,51,296,37,250,215,95,161
361,118,244,19,124,132,140,182,153,128,67
285,273,15,210,287,82,367,193,215,199,354
224,156,254,237,69,160,128,109,327,307,95
328,139,201,156,142,258,27,293,269,283,183
139,37,8,336,160,211,265,128,5,68,142
38,34,203,68,157,225,137,354,336,6,104
51,156,233,355,337,225,40,139,238,281,335
99,160,84,294,170,137,255,68,51,276,15
46,51,281,352,72,121,68,222,364,88,110
93,324,348,210,365,326,245,179,329,168,188
95,233,196,365,281,354,344,326,278,165,244
325,202,109,294,4,63,128,353,175,68,139
349,364,137,82,203,56,354,61,269,270,130
265,153,260,273,294,51,325,258,26,328,50
60,185,37,90,239,202,120,105,50,45,247
68,149,265,230,356,156,235,4,329,192,277
193,206,99,248,201,294,118,139,8,134,15
187,31,116,14,316,68,149,47,41,111,368
330,132,370,13,319,20,171,360,333,260,313
109,193,363,4,304,318,298,15,160,51,168
75,88,299,217,363,67,308,335,330,42,236
58,76,245,356,114,350,246,317,202,68,319
32,265,157,187,48,68,55,301,109,318,106
67,143,105,51,68,129,265,127,156,24,13
268,68,214,51,265,137,140,154,62,231,349
212,265,245,156,251,268,347,201,248,357,327
147,276,205,51,152,132,84,212,283,358,264
137,352,322,68,202,147,233,238,265,156,214
22,51,69,225,351,356,325,154,2,167,156
31,346,172,201,81,68,208,202,260,156,100
333,111,45,201,128,302,351,238,292,295,265
258,45,44,265,77,351,312,304,315,213,149
51,223,213,94,232,149,268,199,102,209,284
265,264,308,7,2,51,129,139,19,305,60
216,296,208,105,84,95,51,322,323,88,283
92,109,351,364,100,203,191,175,174,316,68
265,109,51,137,260,256,233,247,43,22,149
192,231,147,360,301,66,256,122,8,311,307
114,15,36,98,39,130,260,104,309,248,121
325,196,260,322,333,68,160,74,186,47,48
247,183,312,281,113,311,192,241,156,202,68
160,43,223,311,53,330,142,221,88,279,66
75,15,314,112,280,262,44,137,69,287,157
236,137,45,303,360,156,65,119,51,129,330
293,178,201,262,183,148,47,60,144,156,187
276,314,174,2,235,33,37,135,15,193,348
104,360,42,356,137,202,53,51,293,258,191
51,368,216,134,294,309,151,255,297,88,116
68,318,296,340,106,321,336,246,105,232,35
292,325,63,324,311,337,128,278,352,322,309
274,348,51,68,184,353,288,135,302,145,44
159,265,294,193,137,317,51,215,134,302,284
313,13,349,265,51,260,95,314,300,329,121
265,341,301,228,167,170,295,2,141,287,244
246,67,69,335,53,51,36,187,76,168,255
337,68,273,355,187,95,15,329,293,361,330
263,7,195,274,251,214,284,269,95,111,167
71,156,53,283,248,212,144,128,97,287,301
13,364,141,265,88,163,156,47,171,347,342
92,272,287,194,134,207,75,21,159,62,365
21,265,109,114,215,32,272,269,75,51,338
106,238,156,335,12,258,137,188,197,252,248
267,226,51,346,270,238,265,355,114,69,68
267,130,100,346,278,51,17,336,142,328,48
359,346,309,157,313,201,137,330,233,318,250
287,53,72,51,76,118,196,86,68,304,357
51,68,1,48,286,226,122,360,97,352,147
301,265,204,187,304,137,12,285,254,123,281
66,171,316,43,318,181,105,364,339,208,95
75,60,156,77,51,265,26,317,366,315,27
287,151,343,337,135,13,354,101,259,260,314
212,295,207,65,34,176,276,6,205,2,125
145,261,184,149,154,348,352,353,111,354,170
183,6,32,185,330,293,357,51,269,202,184
281,97,295,7,61,135,147,323,90,156,27
12,60,89,295,291,136,126,107,137,283,259
257,256,350,68,294,202,348,41,361,327,123
58,171,362,194,2,65,250,205,9,175,211
278,307,215,368,265,149,191,51,137,254,142
177,272,261,323,324,58,44,362,303,251,160
63,90,110,175,169,149,322,148,312,258,107
364,137,216,319,170,220,206,265,51,230,126
99,183,205,325,51,168,195,89,358,151,260
68,202,61,150,350,275,156,12,278,317,354
51,6,82,265,40,238,19,354,157,311,133
138,44,291,25,6,122,72,170,199,340,261
295,30,277,254,278,270,171,132,231,265,47
269,365,115,250,358,278,159,4,32,174,197
43,359,67,137,265,93,82,22,212,240,114
212,274,21,150,68,51,202,140,287,301,72
81,72,265,74,313,145,193,131,5,303,216
137,82,197,157,114,41,205,295,29,333,244
158,51,99,356,68,164,244,90,28,103,77
101,267,338,76,265,134,128,283,260,71,156
51,245,339,347,180,247,202,208,68,220,95
312,324,296,354,139,291,220,209,331,363,238
295,199,254,193,198,24,6,171,265,15,85
319,20,137,360,363,153,75,202,187,355,265
360,356,361,10,37,110,68,90,79,262,13
15,51,286,138,132,146,306,58,147,362,189
41,101,179,250,293,265,315,102,161,368,244
218,340,86,282,238,51,348,258,271,205,140
148,6,37,309,186,251,195,232,170,157,256
132,94,213,265,223,238,205,42,168,68,292
196,328,299,82,297,68,118,94,316,231,355
193,231,72,27,260,181,216,322,265,70,285
68,205,202,162,84,167,225,329,278,160,265
219,325,220,94,260,109,202,248,174,88,265
127,53,266,128,100,258,270,362,134,62,303
296,189,316,63,340,335,75,105,119,308,151
356,322,10,238,14,66,274,292,275,259,357
152,153,197,213,57,293,274,203,271,283,265
56,119,68,166,137,207,100,37,46,51,53
183,174,115,14,51,227,267,69,138,103,125
265,207,79,287,106,355,339,53,187,260,123
68,51,65,6,269,202,126,0,137,61,321
14,52,236,338,5,157,249,141,287,83,154
322,265,196,160,14,348,60,88,62,4,258
287,265,243,171,108,34,89,214,111,328,345
133,82,198,51,106,84,304,130,318,194,265
152,353,156,0,203,366,105,339,241,360,46
54,36,131,348,125,120,370,137,149,225,130
149,331,298,277,265,202,283,152,126,146,171
92,287,137,89,122,115,283,121,55,56,13
277,357,252,236,138,269,107,12,209,93,51
51,97,239,100,341,302,56,156,53,272,293
289,147,253,222,1,133,245,132,369,231,74
343,309,1,68,76,15,223,42,72,318,162
159,139,21,106,51,357,90,333,292,190,0
189,190,215,68,13,336,128,51,260,108,338
