183,75,51,55,221,300,68,171,242,101,130,294,260,137,258,57,72,364,233,265
326,167,170,150,259,202,128,361,23,358,325,300,292,51,154,73,60,160,217,68
260,335,163,51,66,160,169,4,127,197,42,352,283,181,101,333,147,324,68,156
20,213,205,231,170,161,29,51,78,260,295,137,265,36,127,114,35,68,359,26
76,353,15,55,321,289,93,71,261,202,7,156,325,105,269,96,95,109,258,53
236,250,335,295,132,238,202,342,122,296,279,155,24,95,23,349,268,51,137,275
121,176,175,233,50,315,68,354,196,30,199,19,265,25,213,260,344,332,246,346
156,133,104,339,175,136,274,13,192,213,273,139,37,240,324,46,269,15,258,60
359,226,249,51,231,342,134,21,314,174,48,53,328,167,180,139,63,57,193,295
68,82,157,139,333,165,231,125,7,336,124,75,71,132,23,6,183,223,304,341
346,337,52,51,246,301,149,137,347,316,107,219,336,72,182,130,265,260,195,268
336,354,137,117,16,156,294,222,203,53,268,76,217,296,34,175,41,265,54,68
221,99,15,171,82,92,8,253,167,146,149,128,143,68,265,337,125,267,51,282
0,17,265,109,225,238,179,178,339,356,23,224,188,155,35,44,53,156,236,158
90,191,197,233,296,74,192,13,161,265,322,278,137,284,132,51,101,139,160,68
135,210,318,82,139,277,15,202,147,351,231,270,265,28,137,134,159,115,352,309
15,243,56,335,183,51,165,30,265,9,72,278,353,188,276,285,275,59,156,65
231,154,352,40,296,219,194,44,53,351,261,60,59,68,9,265,65,26,358,15
95,312,301,51,159,27,339,68,105,123,79,183,58,178,156,321,263,142,307,28
305,347,121,248,205,160,192,34,132,208,275,52,19,51,148,234,318,75,202,351
302,91,155,190,51,312,336,101,283,271,300,303,337,349,270,213,311,269,317,159
139,201,318,40,250,86,348,290,115,368,354,70,88,15,165,61,255,184,68,90
24,72,51,117,81,260,137,313,366,284,138,233,354,272,321,7,70,17,69,296
72,142,309,320,68,192,250,184,55,135,185,83,109,156,158,279,368,123,51,265
18,242,7,238,117,45,215,112,152,95,51,167,140,36,322,320,109,25,129,136
100,109,268,134,210,218,227,265,132,128,205,247,153,8,311,146,212,231,188,207
75,354,210,126,368,219,137,99,339,274,248,263,40,95,166,260,350,227,112,60
51,15,133,57,76,328,197,41,111,360,265,152,345,325,138,339,243,25,195,137
68,95,292,357,215,128,191,115,279,147,231,299,305,13,27,368,243,51,260,265
310,117,128,81,317,126,287,236,67,262,153,135,6,62,296,41,315,359,203,138
191,107,75,184,180,63,209,246,274,168,269,148,323,113,151,80,68,62,366,259
235,217,231,339,133,8,192,193,318,115,55,307,68,277,281,59,148,322,274,76
139,231,68,225,145,289,114,138,51,134,202,301,154,75,223,137,212,196,164,159
156,68,131,293,27,92,37,265,51,282,248,89,66,251,275,357,61,233,328,75
60,152,344,51,94,304,38,154,294,248,8,129,278,254,45,312,245,4,359,171
161,41,251,223,278,336,197,225,342,155,354,160,47,356,90,276,17,292,62,333
265,32,202,139,348,112,72,35,250,25,270,21,307,61,209,251,167,156,236,102
342,309,225,160,51,199,348,258,295,88,36,315,260,248,261,94,192,266,231,308
112,126,74,233,223,77,15,8,231,153,24,308,139,258,296,356,193,12,45,352
127,139,51,285,74,198,269,260,49,33,114,7,326,8,147,137,273,90,255,289
148,215,339,88,277,204,326,51,352,305,312,292,260,103,351,250,154,115,53,194
51,139,355,318,231,281,269,137,68,328,324,354,83,279,53,106,6,129,265,72
139,137,184,156,34,15,51,202,121,207,68,336,289,93,309,8,294,147,10,238
190,365,86,139,68,286,199,314,117,299,53,105,333,184,191,264,156,22,210,44
236,175,156,68,187,195,203,348,309,368,193,24,167,119,132,72,254,352,12,276
8,151,337,170,336,60,28,157,171,265,133,82,51,246,213,255,67,324,132,15
60,128,278,109,283,265,153,137,156,15,2,209,51,6,235,47,144,351,13,284
218,244,137,294,280,11,309,153,231,52,142,318,170,200,289,139,37,348,260,293
169,171,316,36,95,79,265,318,354,175,51,274,152,67,358,126,344,184,53,73
148,60,22,308,95,300,163,36,50,210,98,26,108,305,193,15,2,231,137,220
12,245,15,61,221,309,304,167,259,158,68,31,351,287,9,99,248,20,132,326
258,339,113,126,206,354,118,356,295,154,60,364,149,249,175,314,223,85,68,292
81,364,133,115,30,168,94,366,56,314,312,144,51,95,86,92,62,285,89,349
100,63,322,293,268,82,112,325,261,312,118,354,158,22,199,213,81,67,281,171
296,301,269,15,126,183,53,83,51,339,184,30,258,142,87,60,28,273,35,325
361,265,336,311,253,6,51,189,202,139,68,261,160,236,159,351,335,102,282,45
231,365,202,276,53,313,87,337,90,295,155,268,224,136,174,51,135,176,41,132
53,311,156,188,258,332,137,269,93,15,170,359,193,82,57,51,240,25,312,169
361,30,9,21,68,336,109,328,95,308,265,259,151,51,23,304,345,269,222,74
108,81,252,139,260,276,15,19,279,353,154,326,340,48,135,253,166,51,184,27
359,57,72,56,68,45,330,200,159,165,311,111,162,248,104,281,356,137,41,110
243,139,69,265,209,51,166,6,17,282,117,128,48,160,258,278,151,311,219,137
51,13,68,201,344,312,351,202,6,311,206,66,53,95,331,69,288,183,322,363
51,328,260,311,348,119,39,330,164,191,68,3,338,25,250,73,139,218,355,160
270,5,130,51,15,207,321,265,13,167,202,139,99,292,349,234,137,77,342,196
65,285,248,335,202,312,271,226,111,325,16,231,75,167,15,276,278,299,295,336
92,137,57,276,364,59,149,51,248,19,154,367,349,311,194,313,236,183,279,66
33,51,94,358,192,265,75,104,196,263,233,220,95,137,269,156,82,222,354,131
61,265,239,201,361,260,368,118,156,15,35,271,307,298,78,190,69,296,154,303
82,201,74,296,318,269,88,68,118,51,336,128,266,223,92,112,360,199,130,14
167,133,265,22,233,50,312,84,132,323,95,153,225,68,253,74,356,310,308,206
68,298,296,137,138,299,139,275,328,349,233,60,71,156,67,270,265,271,194,305
297,4,57,79,366,347,157,170,279,53,167,302,45,6,68,283,174,313,265,187
74,211,43,128,281,205,159,156,364,258,33,251,80,24,296,151,51,107,184,311
348,140,158,167,223,238,274,295,68,137,13,30,177,342,311,122,55,64,181,213
307,287,176,120,295,320,277,60,156,93,309,233,68,26,151,356,254,256,137,92
291,166,59,170,202,330,126,268,156,139,196,328,318,13,15,222,183,207,191,99
106,279,203,155,139,233,232,169,25,88,137,231,332,112,220,187,274,171,134,354
223,89,120,303,51,312,83,88,327,200,163,363,132,103,202,31,183,8,356,286
82,345,132,161,106,252,201,164,260,298,365,183,137,231,51,141,55,185,143,224
112,51,280,7,16,205,359,326,52,46,137,234,79,139,200,127,187,315,144,173
328,119,189,137,226,113,98,303,125,32,13,117,312,45,68,105,267,82,15,136
46,60,48,201,270,342,99,68,129,167,147,265,30,169,174,330,268,262,28,88
11,321,153,86,70,114,289,91,296,15,170,51,311,265,293,36,76,7,340,196
31,170,350,336,281,121,47,293,352,69,140,193,67,265,294,132,291,368,204,8
37,269,322,157,68,51,217,163,8,6,355,107,132,265,289,261,140,187,87,141
178,186,161,13,106,100,248,153,239,368,285,53,201,22,313,182,95,68,183,137
60,110,237,285,333,101,200,178,275,107,121,100,360,272,139,62,299,16,364,276
236,265,354,96,347,15,91,193,198,201,231,210,115,13,132,369,118,223,172,221
202,137,170,51,214,244,54,37,78,309,299,90,268,72,326,281,353,121,278,133
76,25,152,344,336,328,68,95,137,233,350,57,264,156,349,53,43,312,335,139
139,309,356,6,51,126,295,257,152,102,92,4,68,318,117,256,173,310,48,301
365,68,234,323,260,100,354,183,265,293,300,255,51,22,83,139,356,339,156,167
251,156,134,175,129,287,15,26,318,317,336,162,24,137,7,311,51,296,238,94
314,218,220,7,356,274,301,271,368,347,44,167,195,333,95,170,128,142,85,348
352,102,76,270,355,88,188,30,137,68,37,240,278,234,7,129,85,237,357,139
130,281,265,250,175,299,275,352,345,284,2,156,100,88,276,60,61,343,176,129
299,95,254,132,246,167,236,277,51,2,255,116,252,16,53,57,68,139,268,205
296,68,25,51,260,161,210,53,159,108,347,244,106,110,239,318,52,335,305,104
57,172,69,211,352,115,50,349,278,325,363,51,336,15,338,95,148,245,283,60
268,48,156,359,281,149,95,82,318,68,36,256,351,30,260,265,115,291,112,72
294,313,95,248,283,343,191,197,149,55,152,269,260,72,98,166,41,310,45,240
51,98,142,70,117,97,318,187,138,68,258,2,15,321,322,335,170,219,342,175
336,68,151,246,265,51,109,359,130,354,202,113,214,357,188,167,201,289,335,284
265,344,286,53,336,70,169,13,248,191,339,345,323,68,90,198,182,20,354,202
311,296,153,247,139,269,44,51,128,368,161,276,209,325,300,12,264,5,4,336
308,76,282,13,153,273,68,260,356,161,263,313,67,324,188,234,311,197,274,296
242,65,68,76,86,364,115,318,293,108,54,66,294,16,355,283,74,202,213,109
15,278,299,258,347,145,147,125,177,265,349,8,72,229,130,68,176,1,196,54
68,283,289,187,347,161,209,251,214,10,287,41,70,50,365,345,160,281,336,226
117,321,265,364,331,318,226,298,308,90,213,259,15,167,156,250,304,165,164,286
109,142,272,130,265,183,226,283,155,262,344,47,239,203,50,41,333,231,101,4
359,194,231,51,167,201,182,291,171,342,353,139,206,269,317,284,49,315,281,158
197,204,159,20,90,140,358,269,15,107,16,236,121,331,81,261,76,139,247,173
132,137,202,277,74,15,68,265,281,99,315,55,23,221,135,333,140,337,203,46
153,314,220,68,25,54,97,27,100,224,303,24,324,284,30,116,295,104,193,123
51,73,137,43,63,269,40,150,185,49,119,83,251,16,321,126,22,68,12,217
160,42,55,24,51,193,207,91,318,285,146,218,182,324,105,284,305,190,184,101
183,219,254,137,247,60,70,174,151,286,191,85,341,200,161,318,156,213,68,354
231,74,256,101,68,201,154,69,229,262,274,83,341,181,187,248,369,109,45,158
295,202,68,21,89,28,108,260,329,369,102,56,170,251,361,139,127,160,217,73
265,15,72,261,68,293,154,110,172,336,185,13,47,353,159,202,250,51,208,347
99,86,63,265,76,317,45,208,88,352,182,239,177,276,133,25,171,156,139,15
55,217,15,165,321,186,166,51,260,225,120,30,285,89,364,171,287,118,67,307
313,37,54,175,163,283,220,104,135,273,251,288,248,137,160,265,244,170,202,95
252,175,179,288,182,30,95,73,356,299,265,239,51,291,221,139,60,199,258,76
82,192,68,355,363,175,154,274,15,348,160,34,183,328,132,64,358,62,202,194
6,121,300,182,120,319,74,84,364,68,327,259,196,160,248,260,137,205,265,241
196,138,238,270,75,164,167,231,45,202,107,339,58,292,137,342,287,271,146,151
82,68,202,159,315,350,250,184,354,32,368,366,26,89,30,51,274,278,275,231
37,273,25,196,245,68,342,137,141,227,210,284,202,142,279,144,190,13,201,2
284,213,215,98,172,203,321,322,299,361,363,263,68,296,15,270,303,223,286,281
149,333,324,45,151,0,68,106,334,207,336,154,72,331,76,312,74,105,338,348
293,158,329,311,35,207,70,51,145,233,181,60,153,139,94,77,292,182,68,53
2,65,313,265,354,312,154,15,68,336,238,51,95,185,326,12,117,3,69,108
312,90,265,223,15,118,294,10,220,35,365,106,255,29,137,146,208,225,148,109
139,171,369,180,134,161,314,160,224,336,279,167,51,230,214,265,137,176,117,129
88,147,223,121,336,17,355,318,304,192,61,139,219,178,287,356,199,69,129,32
27,63,68,93,250,207,295,79,128,170,243,336,159,112,269,202,148,278,126,313
344,51,137,68,227,79,98,203,209,128,156,157,219,237,332,93,64,283,287,251
157,74,73,190,15,114,68,233,356,320,151,269,239,189,296,147,281,139,51,154
137,180,287,51,351,352,265,203,13,49,60,76,23,81,269,7,197,316,357,111
324,338,68,335,212,137,26,307,191,184,167,202,188,2,246,333,107,117,308,321
223,265,320,360,176,139,45,207,138,51,121,108,217,359,312,41,15,101,202,75
126,95,296,110,69,214,259,337,298,89,289,59,295,61,251,242,68,226,194,257
54,55,79,205,322,248,256,108,223,310,340,30,284,36,90,164,331,88,185,307
147,240,83,224,171,26,347,119,344,278,251,90,167,283,156,55,261,195,98,132
207,142,275,171,236,13,140,109,15,265,108,61,328,81,324,17,24,278,321,269
216,22,137,101,109,236,53,274,140,93,139,258,168,126,56,343,278,296,117,82
352,250,256,295,68,210,239,42,60,82,133,353,160,91,340,201,139,57,203,365
246,265,62,310,63,137,130,341,68,362,194,366,295,171,2,203,139,13,74,214
170,139,68,317,156,95,128,105,325,235,219,140,187,321,117,263,265,276,207,183
100,292,98,53,193,137,318,216,51,207,46,139,70,296,370,348,365,322,129,23
51,39,171,95,349,221,284,345,302,126,170,160,199,328,142,53,277,73,348,49
225,121,137,314,265,71,95,277,182,92,354,207,68,292,190,249,147,218,53,60
282,294,152,231,68,51,193,88,344,10,67,268,302,250,346,309,203,111,236,159
76,109,304,214,147,366,92,256,316,127,61,89,37,276,348,219,233,307,180,195
152,34,51,137,81,35,318,267,362,7,226,331,265,259,32,296,193,300,96,170
235,103,172,51,94,231,248,196,150,137,293,284,186,57,213,260,330,249,281,101
238,65,248,302,171,222,6,244,212,300,147,318,364,265,214,73,51,196,315,175
333,68,25,302,225,316,122,41,79,294,130,156,332,260,265,81,286,310,137,245
369,238,15,62,278,204,139,175,281,366,236,226,222,159,88,358,327,99,55,335
358,37,184,82,369,285,106,289,366,99,204,140,208,258,46,64,261,1,265,15
90,258,256,269,163,296,289,51,265,150,240,223,348,241,139,295,238,159,128,95
292,90,159,363,83,217,215,309,250,23,46,294,71,167,336,134,150,328,258,122
15,65,330,197,132,214,6,255,365,68,305,142,147,238,348,137,51,111,56,93
156,265,106,36,69,16,127,211,316,21,269,345,95,138,60,14,342,255,137,142
193,109,315,99,197,170,53,154,51,92,354,140,108,125,82,44,15,37,79,127
248,208,24,169,259,53,353,92,82,122,220,131,95,76,211,150,62,278,265,285
93,135,45,295,331,325,150,287,365,134,313,318,6,340,13,332,74,156,330,363
235,128,211,53,164,11,51,348,127,139,212,207,313,197,95,289,107,137,287,323
95,59,281,365,239,226,359,321,199,197,53,220,128,51,301,350,312,138,60,2
74,88,364,170,202,47,150,106,329,123,221,156,218,224,318,160,245,67,303,56
6,336,138,51,364,37,276,140,317,193,159,175,320,202,156,188,354,86,298,137
136,203,69,250,243,118,137,289,192,366,204,307,194,315,170,300,195,111,280,159
68,164,289,158,260,95,45,15,57,265,82,294,251,339,121,147,205,297,192,46
251,199,156,268,170,51,68,322,296,355,82,285,65,132,344,273,205,39,197,207
53,348,331,37,301,137,47,214,321,336,4,15,213,280,139,255,260,354,361,68
180,238,47,307,240,156,137,69,194,176,352,213,259,139,121,68,365,106,322,160
162,205,336,92,255,79,287,370,131,341,41,192,71,51,50,45,53,231,120,368
255,298,51,355,14,25,309,137,90,238,348,164,319,323,220,332,225,216,128,144
0,311,222,239,278,292,265,53,212,79,60,3,271,250,217,351,175,95,156,348
139,130,178,19,233,69,236,1,261,185,156,41,115,335,18,15,301,283,337,356
314,265,156,64,8,51,95,325,248,147,363,179,94,115,13,41,249,161,312,201
95,236,13,195,170,21,66,284,26,106,159,245,347,162,12,281,15,265,322,240
232,159,167,325,13,314,53,132,220,51,348,114,15,42,134,278,355,68,311,156
331,265,145,311,269,203,324,88,275,354,353,256,201,137,37,81,55,299,231,319
202,247,126,55,296,354,274,162,250,175,166,348,67,156,155,187,136,196,361,91
162,321,118,172,95,224,53,312,46,349,139,141,20,157,221,153,282,10,356,142
160,260,142,255,272,70,202,94,60,357,345,136,201,258,71,150,329,302,273,137
277,260,15,200,110,318,193,197,295,98,304,107,240,68,125,95,342,325,24,4
149,197,175,281,322,206,282,176,111,156,128,118,108,295,285,110,76,227,318,170
254,139,130,233,30,264,72,137,354,191,164,246,281,45,202,223,187,56,274,262
124,195,238,368,62,352,292,99,246,232,156,311,227,130,148,139,231,328,5,160
187,233,130,218,191,239,275,137,345,342,63,156,265,258,35,231,181,295,361,270
245,137,68,115,74,258,350,322,15,207,90,5,243,1,321,227,231,354,155,93
258,25,252,147,18,219,354,85,349,231,295,233,162,283,2,226,95,14,51,163
140,354,127,231,155,181,6,315,13,336,324,68,51,83,133,65,197,248,111,200
14,348,295,88,15,360,117,215,311,49,355,60,209,41,68,302,345,48,9,51
76,359,258,195,51,115,225,265,103,185,251,117,139,318,137,1,62,102,77,343
248,318,231,270,108,8,289,173,313,15,228,348,7,116,82,74,285,225,320,218
17,246,33,354,183,51,139,294,57,349,277,276,335,231,53,102,180,299,63,156
208,79,354,57,52,320,23,238,51,119,81,284,277,295,77,218,56,91,276,15
210,137,68,51,265,273,275,213,132,363,329,209,295,330,231,206,260,342,323,139
265,293,119,59,68,312,69,223,51,148,311,337,254,202,129,289,152,241,335,23
51,162,262,92,71,304,298,243,315,245,68,137,32,335,88,323,46,15,135,139
40,137,159,165,147,335,105,99,8,1,189,47,187,325,67,355,28,289,267,237
249,239,265,203,328,135,361,271,356,231,128,349,295,322,65,318,336,175,153,209
91,178,232,25,157,153,309,108,325,296,338,150,139,119,147,190,53,198,115,100
107,265,92,352,84,62,208,53,137,298,202,108,309,213,68,348,8,121,210,93
187,277,138,157,126,352,68,139,45,364,340,251,105,108,256,165,99,51,153,137
155,265,51,129,160,322,84,156,341,252,293,213,108,88,0,225,201,200,258,171
132,207,160,15,202,245,200,206,138,4,116,159,322,302,122,137,20,153,68,92
115,68,209,89,194,303,263,84,297,260,258,202,296,268,201,156,265,170,92,6
260,274,67,236,117,128,340,226,238,215,222,329,68,233,38,311,48,197,325,92
364,75,260,117,60,199,74,181,309,68,57,301,325,24,96,67,152,46,238,351
168,68,126,30,136,153,88,205,232,51,134,337,110,83,81,244,360,67,324,282
267,281,101,23,51,299,252,195,289,113,156,132,296,69,137,16,110,139,305,57
45,131,150,12,171,101,147,56,137,260,310,321,335,95,44,105,25,53,88,273
82,316,72,184,243,43,187,19,90,282,265,231,233,68,322,336,114,32,1,150
34,276,50,328,106,53,117,366,20,348,234,108,7,150,304,60,30,299,248,167
351,328,251,26,224,113,324,329,129,32,172,198,352,239,168,318,197,262,305,93
68,191,53,112,136,352,205,16,160,301,169,124,38,6,63,357,67,51,157,175
352,354,47,281,254,355,284,15,265,174,311,188,260,51,258,60,89,183,189,257
241,126,342,293,204,167,238,265,142,149,348,109,301,92,53,196,205,232,101,156
180,5,75,343,251,244,338,21,82,268,363,46,19,12,308,342,322,283,15,175
312,118,83,51,68,139,231,202,192,154,363,115,303,27,278,265,285,142,293,258
353,284,238,22,75,201,117,113,13,34,82,95,205,147,181,51,207,94,345,203
73,258,48,46,17,347,72,309,320,164,308,368,269,272,202,313,228,67,238,295
353,129,195,311,139,37,250,203,218,209,177,269,323,296,5,289,309,180,60,304
335,152,300,89,281,369,344,156,32,358,328,339,130,34,221,356,343,66,250,160
137,86,187,248,244,339,174,320,205,42,202,159,287,51,60,238,203,54,351,246
208,281,15,75,112,304,62,302,207,154,273,188,51,68,137,44,284,162,265,90
190,131,90,73,195,238,69,236,145,207,292,93,356,193,260,248,53,139,95,18
109,195,276,170,231,51,44,207,275,240,37,213,16,361,202,295,325,144,284,247
333,118,162,96,13,187,160,293,328,81,192,222,350,285,82,250,15,35,9,183
65,288,136,137,130,290,36,134,50,331,4,193,196,37,153,202,149,159,246,15
225,362,56,108,336,22,205,77,323,249,68,296,157,232,317,199,139,214,42,221
54,51,115,284,90,365,359,153,318,223,137,161,260,248,182,60,47,65,289,202
250,231,33,137,195,25,259,328,309,68,325,352,14,51,364,331,156,285,185,2
265,117,134,121,186,282,215,106,305,329,195,234,68,223,205,51,336,94,24,352
196,247,161,15,293,40,291,278,195,356,290,68,315,41,185,108,130,32,47,183
184,292,165,147,63,357,48,156,315,113,53,137,344,306,32,117,51,167,256,68
321,241,196,353,349,25,342,258,319,66,284,125,335,37,117,285,322,187,193,280
101,53,42,251,327,278,265,108,13,203,356,295,116,50,109,268,84,9,336,231
294,348,81,232,188,150,260,195,35,209,304,2,295,123,95,176,43,153,190,353
170,259,339,167,65,341,110,139,204,250,4,208,297,158,230,133,142,41,359,68
243,193,141,295,106,276,326,144,137,109,227,230,71,0,256,119,128,43,190,244
185,159,51,71,41,53,232,25,317,193,176,95,109,202,226,169,250,88,360,174
104,254,51,124,45,266,281,265,303,116,212,92,202,176,307,211,295,68,156,260
188,53,68,137,82,125,352,140,114,129,265,276,32,316,201,251,65,202,330,23
318,304,331,328,231,321,120,268,51,171,53,95,137,312,152,282,262,86,122,202
51,226,134,6,202,200,139,195,265,129,198,346,2,84,92,44,170,299,328,292
106,258,15,33,51,270,74,234,184,139,196,151,308,101,223,304,287,231,43,72
26,364,250,51,156,37,88,12,289,68,239,265,45,128,212,164,22,115,55,135
118,127,265,202,236,90,144,268,153,154,137,148,95,253,264,207,289,128,16,170
223,258,59,212,2,333,69,233,356,151,339,193,44,79,139,9,207,45,264,269
45,209,90,311,127,47,95,40,237,355,292,51,356,156,186,141,111,81,68,15
320,38,116,40,209,207,89,154,358,86,197,41,0,106,328,68,2,301,84,44
147,295,262,161,254,134,206,89,288,243,203,336,90,312,154,146,202,330,67,68
117,146,142,201,356,304,229,156,51,137,203,77,19,303,344,84,92,333,354,222
319,137,354,122,130,167,68,55,297,249,107,352,247,292,145,333,15,281,108,212
139,101,68,241,119,93,86,156,164,224,186,210,296,15,270,329,32,98,261,134
260,366,156,139,137,359,193,253,94,69,251,19,258,129,351,154,50,62,168,299
88,263,46,163,338,191,196,82,57,211,287,159,269,117,203,68,264,198,28,368
106,6,68,25,154,129,351,195,164,74,241,320,207,281,354,125,260,95,346,83
281,265,119,296,338,178,148,51,111,302,98,168,184,42,254,140,25,183,156,304
100,285,68,260,356,60,170,47,246,313,362,222,160,336,226,103,71,96,215,175
258,285,193,265,177,121,137,354,68,53,156,132,57,240,322,269,192,114,45,347
223,30,280,226,50,274,108,7,68,281,260,216,12,60,165,137,201,322,275,18
6,15,240,294,276,265,318,107,68,149,132,229,348,137,67,262,115,196,40,76
68,6,336,107,215,237,163,227,205,196,72,207,47,106,317,297,93,268,91,109
295,17,165,139,369,117,24,296,143,129,98,164,51,61,268,278,239,212,30,159
235,231,223,287,142,134,140,107,297,337,68,321,104,25,83,137,85,265,129,82
193,141,84,269,115,123,231,82,102,22,354,15,108,207,228,171,291,51,68,103
156,311,154,234,14,174,285,126,331,139,4,199,307,165,137,303,45,178,369,335
215,106,356,355,156,281,214,12,207,368,213,88,22,295,159,265,137,308,57,360
113,110,338,236,65,137,122,195,347,265,354,105,260,262,182,108,115,258,175,13
53,156,174,294,79,51,193,68,91,202,231,24,35,224,354,271,349,305,192,295
1,205,278,342,312,225,6,131,294,51,15,133,38,173,161,120,142,101,156,322
230,74,32,26,299,16,127,68,137,82,60,207,67,63,325,132,341,260,156,53
28,81,301,51,295,105,156,242,100,137,239,114,109,281,27,240,106,266,286,276
15,202,273,45,158,316,235,98,37,292,238,81,128,225,75,296,156,248,331,30
6,256,349,146,196,234,68,208,215,45,30,268,318,62,43,269,238,51,19,88
198,12,276,195,265,59,203,259,37,68,350,188,42,352,223,137,126,148,51,63
333,53,289,265,337,300,128,156,193,261,54,139,275,352,115,223,195,67,256,219
296,213,196,174,352,24,248,66,51,139,59,252,77,48,103,313,69,254,132,138
173,296,68,219,167,15,171,352,364,123,223,247,170,234,192,265,213,51,305,63
184,336,137,360,260,128,81,95,215,228,147,352,231,25,169,111,68,140,45,30
152,272,299,137,51,240,82,126,265,342,352,7,232,285,112,124,73,364,204,32
68,265,240,289,348,139,182,248,126,351,309,285,310,292,21,268,226,136,137,95
292,51,45,336,161,327,46,260,316,15,214,294,84,205,261,111,103,5,135,48
110,210,328,51,294,60,356,123,67,258,15,281,4,69,167,62,72,141,248,191
303,53,167,138,10,20,361,15,356,354,202,337,105,24,68,239,90,191,92,74
156,295,362,312,292,249,304,99,289,207,115,166,63,90,265,100,242,333,92,307
217,50,167,7,242,168,296,110,118,260,51,294,159,183,94,13,193,211,128,251
80,95,283,296,170,156,281,214,302,51,64,117,108,142,336,289,183,11,351,45
90,95,348,5,195,61,40,118,51,153,156,365,133,208,86,82,147,68,248,296
51,59,179,1,265,204,224,159,283,136,200,310,92,347,38,121,284,208,258,156
59,120,211,202,333,57,327,73,68,284,248,190,7,203,265,88,226,128,109,346
226,65,159,364,47,205,233,98,258,196,302,199,195,6,238,166,189,224,134,57
326,335,126,99,165,328,278,74,6,309,173,336,106,51,265,100,82,95,167,86
355,202,362,296,265,173,128,131,312,207,126,339,170,169,91,224,140,72,65,260
264,184,147,132,295,247,97,90,158,246,345,51,81,265,232,42,131,220,341,356
318,51,226,296,88,321,247,137,305,212,203,14,227,191,175,289,311,68,345,196
223,312,356,51,156,333,315,15,126,236,170,247,309,321,350,184,76,0,344,341
345,262,296,231,93,163,189,132,115,95,15,151,68,45,325,137,119,243,349,359
345,99,184,118,265,304,354,237,224,51,36,194,137,283,45,324,187,103,170,349
276,311,43,286,52,18,69,51,269,55,19,94,137,331,265,88,82,77,360,136
207,296,8,312,265,139,19,165,252,156,89,313,183,216,128,68,42,114,133,344
202,84,113,83,212,151,280,24,197,148,286,289,51,127,312,196,160,293,243,53
104,187,81,51,205,97,119,328,72,199,89,346,239,103,35,2,132,352,45,113
356,183,274,24,349,337,358,224,175,202,362,139,128,365,156,190,51,323,196,114
231,79,80,51,117,238,158,356,363,60,209,265,258,359,195,275,171,281,352,53
99,264,260,45,68,331,304,154,126,47,245,246,139,265,348,237,69,131,270,333
250,299,318,137,51,41,236,175,162,198,193,2,330,31,45,202,104,169,183,231
19,68,187,137,223,203,213,239,274,202,317,183,86,300,15,56,14,51,55,185
236,339,355,22,108,53,159,307,218,336,139,51,158,269,207,49,215,104,137,241
122,199,146,307,339,99,322,203,51,209,271,184,98,143,235,335,276,226,170,137
269,109,45,201,51,339,36,125,22,307,187,304,137,15,117,238,274,166,331,167
149,95,312,139,223,265,164,65,67,299,218,6,190,181,350,188,338,71,238,287
336,25,281,258,323,206,82,75,239,137,130,215,92,68,40,115,170,14,196,126
343,40,72,323,194,4,265,67,63,217,315,197,90,353,138,136,195,207,216,38
75,231,209,24,119,175,182,69,268,273,324,156,51,34,280,68,53,265,139,322
342,246,159,201,51,290,149,182,336,239,198,37,283,223,357,181,25,137,202,77
156,142,179,366,128,265,94,52,126,15,318,363,186,263,82,348,289,53,139,140
303,187,285,279,294,44,278,343,231,79,320,41,69,156,170,350,107,300,302,342
331,14,302,223,240,309,265,71,183,73,67,282,325,118,222,68,214,188,51,288
27,284,45,38,296,281,233,183,137,260,104,236,149,61,76,199,345,37,157,89
171,327,284,317,308,31,283,22,51,162,65,322,137,248,233,153,265,209,149,264
328,332,125,177,291,109,356,265,51,119,53,187,244,123,185,13,69,164,200,362
335,197,30,126,24,63,93,278,90,188,183,65,100,68,51,296,115,228,53,110
30,225,203,68,265,115,4,133,18,123,159,338,137,313,319,218,254,136,349,354
40,137,259,171,206,126,354,231,167,82,248,31,142,209,175,195,256,260,51,32
360,260,51,136,137,106,300,63,37,265,273,90,281,295,150,151,337,189,249,47
299,24,16,104,191,121,273,265,82,168,274,72,248,15,118,218,92,255,53,219
303,267,345,296,250,202,53,231,126,351,363,175,330,209,60,68,324,321,336,251
133,329,152,71,51,12,161,250,16,294,142,1,354,93,20,309,15,342,42,95
86,259,223,43,53,330,237,313,187,106,269,291,293,67,65,15,19,190,339,213
265,357,248,34,294,243,55,128,358,136,118,101,328,86,99,14,89,51,192,139
108,128,217,8,327,53,330,51,180,15,350,133,58,87,82,41,297,156,201,281
313,67,206,244,48,103,15,214,238,6,333,83,121,352,41,351,254,65,180,68
13,304,109,122,222,216,65,15,149,6,62,265,285,248,95,260,365,250,131,202
358,245,223,38,167,78,139,129,202,265,152,209,275,51,158,13,363,6,58,100
252,27,44,65,51,141,200,99,185,193,348,154,1,316,248,273,166,295,208,354
363,51,68,200,315,85,197,309,294,189,171,207,248,228,15,259,26,97,362,62
68,311,278,236,220,122,25,188,238,195,120,203,295,92,88,229,231,273,365,356
261,231,75,60,156,225,219,265,337,357,133,203,51,21,336,355,87,148,349,113
96,185,146,161,236,160,130,195,111,351,171,256,260,60,293,208,156,227,292,303
16,354,108,7,134,193,311,333,299,51,223,259,211,199,196,260,198,293,344,182
187,299,140,95,273,224,13,294,166,203,265,124,126,40,51,291,41,326,116,103
90,32,295,66,140,248,60,1,301,213,218,353,258,7,101,197,305,48,171,202
25,138,68,40,170,135,47,44,324,86,88,53,335,302,287,16,69,95,223,14
356,265,267,131,362,22,192,69,338,260,205,297,244,156,235,71,101,363,139,52
289,137,156,234,187,281,344,160,277,177,169,82,183,243,72,230,355,151,320,205
249,148,128,51,68,243,92,152,190,240,215,233,242,309,205,295,269,246,75,260
47,192,197,203,238,141,231,209,248,327,42,51,146,183,159,342,104,233,320,187
307,348,81,41,46,99,321,178,265,338,154,196,144,68,170,161,91,345,356,326
265,233,314,156,352,354,58,299,231,361,131,69,254,79,153,236,55,49,205,261
142,260,312,28,167,214,13,51,193,223,36,156,68,351,74,295,108,95,61,364
60,51,301,53,116,160,91,250,126,68,166,231,95,213,30,353,265,88,293,249
122,206,259,226,370,250,34,30,132,263,154,270,15,309,48,238,68,135,8,169
281,148,207,298,91,15,50,140,265,146,308,134,40,18,68,160,304,291,118,115
258,186,152,364,273,294,231,202,292,7,325,215,220,289,165,354,86,32,260,195
40,226,50,51,98,89,196,295,46,53,68,369,14,169,84,245,142,77,237,248
348,156,137,275,195,82,265,240,165,214,90,218,67,324,77,46,325,317,44,132
260,336,273,132,342,247,103,271,200,285,312,292,315,52,263,72,104,76,265,15
60,132,69,81,329,269,126,273,145,63,209,134,137,237,202,26,295,315,85,14
159,206,110,118,354,150,156,336,137,180,170,321,343,86,60,149,355,224,121,46
53,154,62,311,307,273,52,281,203,237,211,207,193,240,68,137,243,93,61,304
153,321,51,364,53,293,221,347,215,94,199,203,205,137,142,90,349,117,7,167
165,302,254,149,50,53,345,362,231,342,260,52,13,55,307,68,15,119,139,137
156,349,355,299,202,247,210,284,272,120,51,139,26,265,95,94,137,275,53,218
170,76,279,1,274,137,125,243,299,202,111,233,311,126,305,82,180,154,85,158
189,259,68,203,235,354,62,118,181,329,131,312,133,88,136,104,332,46,213,130
167,36,13,68,51,265,269,260,193,255,155,188,213,109,215,221,100,79,46,352
71,48,51,336,265,137,18,45,95,165,90,262,115,189,68,277,210,150,53,169
175,202,276,319,51,19,341,248,273,212,255,63,166,53,57,241,345,225,160,15
157,25,190,355,19,184,265,128,81,295,34,207,241,41,127,62,90,139,246,213
246,336,354,200,210,242,82,128,92,68,296,281,236,234,156,125,302,251,341,203
218,118,76,231,156,246,137,181,41,74,281,165,265,332,55,352,68,37,15,171
231,68,54,154,318,51,23,281,106,305,137,173,22,53,320,82,198,336,109,351
208,8,51,235,315,76,68,182,210,272,200,345,216,83,261,269,250,362,265,160
42,139,263,322,303,335,299,221,365,356,93,180,258,31,269,142,260,265,333,343
14,41,265,53,24,290,282,156,38,46,339,95,34,139,13,76,365,170,63,215
51,79,356,20,293,197,174,57,278,250,170,24,153,316,115,68,322,281,13,93
147,95,231,258,190,137,352,4,153,278,81,182,175,230,68,49,211,289,139,301
139,360,114,104,362,188,332,82,190,110,207,202,126,359,298,363,135,68,84,51
108,294,292,15,97,315,167,129,234,225,327,161,170,293,115,308,242,51,123,269
199,221,46,207,291,354,234,344,356,190,38,0,156,53,68,51,32,278,252,137
363,9,102,213,68,251,302,241,328,340,48,45,215,185,147,265,60,356,25,151
292,168,265,198,329,285,90,94,244,330,118,191,99,68,23,369,367,278,51,338
259,324,219,16,28,337,51,48,323,46,55,295,278,208,15,137,223,193,250,317
238,342,248,83,183,211,138,277,188,256,218,43,215,116,291,271,328,313,95,77
85,160,134,346,283,270,136,266,68,297,332,130,38,318,165,51,156,5,225,171
294,189,15,53,131,68,67,193,191,51,258,307,156,72,48,238,227,119,150,109
107,366,73,167,33,328,15,37,190,105,265,141,283,89,156,51,164,95,342,294
125,57,142,137,263,299,36,294,221,51,227,215,123,154,244,309,167,251,131,324
68,79,75,53,271,17,61,88,12,342,241,92,236,130,309,265,139,137,319,208
217,265,161,323,333,68,294,53,191,260,137,57,55,247,246,35,83,328,286,311
65,68,126,160,271,13,52,128,104,38,202,102,256,296,340,265,70,201,81,33
231,348,80,220,177,294,51,126,350,8,363,156,36,22,289,15,92,211,328,368
117,349,134,202,212,350,187,152,12,31,196,103,231,68,162,225,312,197,55,150
133,224,300,284,144,51,68,287,336,238,166,337,177,195,264,275,8,296,162,244
51,258,79,332,203,248,184,139,5,364,223,321,108,172,76,295,225,158,137,14
165,51,59,248,351,238,273,348,283,88,132,295,265,208,292,280,156,221,129,68
232,167,153,27,68,80,258,202,328,7,149,265,350,66,278,325,90,126,190,140
61,134,247,128,284,51,354,209,219,239,232,95,70,182,90,126,282,59,60,295
352,369,51,121,171,322,56,79,348,89,350,46,327,160,150,137,108,75,98,349
206,161,260,254,51,366,188,246,190,368,168,137,128,193,320,68,325,14,46,132
13,261,86,202,156,51,345,187,269,169,139,157,258,192,295,154,50,242,324,212
129,65,318,208,68,294,233,202,247,96,150,280,107,194,82,295,241,156,89,153
264,356,343,363,303,289,277,347,51,273,342,283,154,57,269,217,25,113,82,72
15,51,265,16,325,175,137,163,84,242,278,218,82,135,129,248,291,300,301,5
148,303,134,68,158,72,249,277,122,183,15,156,147,60,330,177,265,324,196,238
366,241,34,135,128,349,359,284,60,309,137,192,160,9,258,69,183,292,244,340
156,326,356,171,147,139,327,195,51,183,38,312,269,121,294,15,352,74,247,293
51,304,66,337,119,92,295,48,278,25,294,357,123,214,265,20,192,196,135,68
139,96,203,68,6,41,51,132,329,347,193,137,278,4,169,183,21,265,310,272
336,98,23,142,50,70,15,22,166,214,191,54,322,48,62,363,355,194,268,82
322,69,193,87,255,274,286,300,208,28,324,365,7,85,237,57,137,66,35,178
260,137,318,243,30,340,45,83,353,75,244,108,95,326,219,47,65,131,147,348
328,51,125,212,322,68,154,234,139,199,265,301,170,128,65,137,318,136,73,231
118,41,165,250,170,98,207,15,318,85,223,366,57,180,84,137,117,0,68,122
51,351,117,42,41,317,132,40,208,131,243,269,15,302,304,217,17,95,231,218
0,161,101,337,71,132,270,91,51,102,256,45,32,181,156,147,213,299,68,18
98,275,160,63,223,79,85,34,62,21,136,265,295,267,315,354,115,95,139,42
89,354,4,65,83,240,68,109,49,15,28,2,86,250,51,277,40,142,160,234
109,160,1,68,202,113,25,265,279,269,348,123,171,263,238,51,180,158,231,366
109,282,75,137,356,351,202,30,248,322,61,278,119,209,36,350,257,321,276,64
68,160,13,356,247,229,51,115,258,195,157,309,289,95,84,156,12,60,307,248
25,127,332,352,233,139,281,358,158,265,163,217,53,140,95,126,51,341,361,92
193,152,133,134,348,201,103,86,74,51,260,351,138,151,278,248,263,244,212,111
280,350,197,214,263,269,7,46,311,51,104,95,201,291,354,68,341,73,22,191
254,139,248,122,205,260,156,368,57,251,128,161,237,193,134,108,231,90,283,281
318,55,35,176,69,265,139,323,81,22,208,164,180,156,130,66,269,127,249,155
349,110,150,363,310,114,265,17,236,159,193,41,239,225,153,125,195,148,131,259
136,212,207,117,120,130,110,357,122,204,100,244,53,321,187,115,51,57,9,190
57,252,51,153,202,65,116,15,128,355,193,208,191,115,13,68,43,276,69,358
81,271,108,241,30,194,43,309,128,265,294,335,211,269,196,205,223,27,366,280
278,216,218,86,255,138,175,323,61,324,46,312,51,97,73,108,130,131,0,265
283,335,125,89,345,142,38,213,232,152,291,153,352,187,231,67,86,307,207,265
207,68,294,156,312,139,336,31,353,269,298,148,242,370,106,75,339,140,211,240
194,51,238,53,90,224,187,363,364,139,359,43,136,74,22,45,95,269,87,137
265,283,171,311,323,364,280,261,191,51,281,192,142,68,356,202,94,28,76,164
172,315,0,95,139,49,53,108,231,329,65,68,342,349,212,269,218,72,171,352
240,106,302,332,289,187,194,108,7,150,179,15,21,248,268,101,199,313,53,284
251,15,295,193,47,8,227,53,60,231,49,126,179,223,51,153,174,308,252,137
68,126,210,269,184,115,255,281,135,214,265,318,92,231,207,248,292,311,133,51
224,268,337,37,233,256,51,226,350,213,68,353,5,117,174,182,32,13,93,116
134,68,108,62,65,98,219,285,128,61,339,298,74,351,53,225,28,215,293,296
101,265,322,291,225,258,293,25,169,332,157,298,294,23,53,269,365,137,218,201
95,277,285,344,53,280,94,201,147,105,23,295,325,137,220,68,60,51,263,170
324,43,108,95,192,285,129,104,295,51,354,277,63,151,261,48,214,202,41,143
140,333,25,370,286,172,15,13,129,271,24,47,82,261,189,68,366,211,107,76
81,273,102,139,340,210,276,104,319,265,203,45,51,67,161,205,143,323,339,277
103,226,326,90,260,68,153,337,104,240,258,312,233,51,170,328,236,319,250,89
231,68,84,214,238,4,265,12,329,42,272,88,108,320,220,13,126,311,157,192
358,364,160,51,117,301,95,343,237,357,67,68,15,137,230,129,309,1,156,201
128,365,123,68,255,147,92,53,15,51,339,331,36,240,60,161,192,300,194,170
51,107,174,25,224,269,13,344,121,86,162,248,196,310,63,156,288,158,53,318
101,308,77,47,312,357,133,35,337,50,156,318,51,202,248,88,299,208,322,153
274,55,367,366,335,238,258,183,41,51,89,216,59,29,269,265,266,156,58,39
57,258,294,299,337,153,182,113,161,280,145,90,301,154,156,137,92,55,272,46
296,127,236,192,30,5,358,214,51,258,76,343,46,10,47,130,328,235,234,301
210,47,193,137,74,51,175,299,56,329,146,323,185,262,348,302,190,152,365,104
32,46,156,195,259,117,86,305,22,233,345,11,274,258,87,15,13,207,37,88
47,276,97,194,95,68,325,53,0,152,183,259,73,118,248,13,94,56,117,363
356,81,68,212,55,13,88,32,139,62,115,51,278,275,318,349,336,137,332,347
366,3,269,195,69,83,337,265,139,134,34,149,310,152,130,216,137,51,213,99
336,222,139,119,339,291,159,363,9,56,181,134,51,88,125,200,151,266,317,177
283,149,169,219,9,183,48,307,50,365,309,288,277,195,36,156,126,222,137,311
265,77,156,95,244,245,198,111,55,289,60,115,176,273,137,143,15,36,120,233
368,274,90,110,51,68,137,53,163,289,190,154,98,42,309,37,119,203,32,11
92,85,305,132,158,45,269,333,121,183,192,51,164,155,22,125,342,48,25,236
291,166,17,354,82,224,108,209,68,67,43,275,218,193,351,95,119,259,260,269
309,97,30,284,28,344,215,285,122,293,171,51,5,323,329,79,71,315,335,149
247,321,264,107,118,36,299,102,128,41,7,92,68,279,265,236,106,191,113,194
201,247,214,137,133,50,370,110,210,338,308,269,245,265,24,311,304,95,156,170
68,262,208,335,134,287,137,202,175,355,108,35,299,133,295,132,289,13,139,276
75,84,363,68,201,132,167,117,305,276,137,26,127,348,71,56,264,51,247,322
68,16,132,238,77,46,176,88,51,44,273,56,330,149,224,53,15,265,322,216
106,202,240,260,340,232,222,187,7,126,328,368,201,56,296,53,67,100,169,183
116,217,6,45,187,182,193,368,316,192,240,313,367,118,328,245,342,25,265,235
247,335,272,310,352,139,169,348,26,295,286,191,55,356,268,184,347,354,164,304
158,194,359,308,231,15,104,313,183,24,139,319,299,68,335,270,51,36,323,171
234,201,128,237,298,365,191,318,40,211,235,68,316,52,333,260,22,71,265,231
337,203,325,188,68,317,95,92,336,140,363,91,275,210,41,82,217,170,90,232
122,256,45,355,291,223,354,30,37,51,14,236,207,224,189,242,364,128,303,48
195,123,154,147,295,53,351,117,171,364,60,94,0,158,265,348,285,197,341,349
79,259,285,84,143,248,318,265,363,53,205,107,295,90,233,48,202,184,338,134
147,242,68,15,235,44,351,30,265,219,287,117,203,211,233,92,60,58,293,188
0,202,1,6,166,139,327,189,310,224,44,134,42,118,187,115,260,287,254,240
265,332,360,231,212,160,195,51,95,342,204,60,202,244,248,108,278,47,105,247
225,356,213,231,123,51,198,22,172,202,61,110,283,118,162,189,139,268,156,210
69,42,209,160,68,213,258,83,63,336,46,225,238,6,254,313,36,247,50,352
48,332,110,107,354,193,51,215,265,355,263,169,98,289,276,93,244,365,293,101
265,341,321,234,45,301,95,13,309,196,32,90,53,248,68,139,349,296,126,342
136,265,151,347,247,51,325,193,307,29,24,187,209,116,317,219,115,75,337,351
13,68,92,212,80,42,21,36,207,188,330,231,184,51,129,344,260,355,354,248
202,90,265,308,300,68,108,354,121,195,309,132,213,139,272,149,160,214,269,125
41,53,223,137,68,359,112,324,107,51,171,111,247,87,15,115,154,139,196,0
184,81,25,344,42,53,110,313,157,171,117,32,139,15,206,68,311,62,13,83
174,145,207,77,167,112,9,79,146,45,300,303,158,134,32,95,75,254,41,273
281,108,57,51,360,12,315,137,284,8,279,68,231,188,122,175,72,352,141,183
349,318,278,221,18,68,312,247,322,36,243,30,286,213,344,71,21,283,89,256
157,206,23,35,286,53,281,56,126,62,75,258,272,341,15,315,155,265,202,263
27,56,51,150,23,258,322,336,133,188,231,104,225,248,285,307,170,68,6,312
202,355,132,48,223,269,139,246,275,191,156,155,158,136,256,336,140,265,138,218
303,325,83,126,322,180,341,259,51,319,82,359,40,277,213,260,132,139,347,30
127,97,283,144,204,30,121,137,139,123,59,49,16,68,164,233,15,51,301,167
196,156,260,51,194,15,45,263,202,363,338,112,291,258,13,109,251,209,297,295
133,137,95,61,142,84,332,355,359,44,305,71,237,199,302,287,14,58,90,55
128,191,296,365,37,51,268,217,260,170,222,194,60,358,336,275,13,357,53,122
343,328,185,51,285,137,251,132,35,346,94,208,295,75,317,281,130,39,292,37
344,68,137,330,121,241,161,174,244,117,115,53,369,86,134,66,10,76,128,302
298,100,200,183,307,269,237,15,68,204,44,267,357,17,265,294,196,153,186,317
146,26,121,139,13,278,91,57,265,195,205,307,354,282,277,312,117,249,58,122
99,289,263,90,101,151,299,351,316,95,84,51,28,68,191,42,355,118,328,364
115,149,51,261,308,213,136,154,81,311,117,355,27,294,53,250,32,317,16,109
284,51,107,192,258,279,111,68,195,356,76,67,34,297,270,208,139,134,312,137
256,354,75,258,108,317,132,100,202,183,162,187,237,196,68,93,284,220,72,40
254,213,338,208,195,215,51,137,103,22,26,251,240,318,90,86,233,322,139,153
315,262,330,107,246,353,304,268,223,261,265,51,237,251,220,2,206,160,202,325
326,116,67,255,125,132,122,269,199,296,63,68,318,254,53,95,153,317,294,51
250,59,328,348,159,170,320,2,278,265,69,259,99,292,156,205,277,196,302,354
215,348,13,16,224,131,355,302,56,236,238,299,337,95,68,51,204,191,162,281
278,111,163,354,48,292,220,266,70,310,140,55,150,167,303,356,160,223,137,86
335,283,202,332,258,68,240,129,109,139,295,200,336,20,307,13,247,265,75,51
6,291,195,39,133,332,325,214,88,292,251,27,166,365,265,137,356,68,333,302
28,197,277,171,187,370,153,139,356,76,316,205,233,68,237,123,62,219,234,38
51,110,203,287,265,56,82,259,222,53,359,268,352,74,247,338,264,100,183,347
68,304,60,283,113,231,106,259,272,197,300,158,58,51,274,12,0,156,154,202
327,317,23,195,68,161,43,220,76,26,352,280,296,223,295,45,365,238,191,183
191,356,76,351,206,139,79,28,347,202,310,118,197,223,60,265,359,21,315,14
161,59,219,101,248,345,265,138,70,51,84,254,278,360,195,28,185,118,35,106
150,225,179,355,258,53,134,339,344,173,96,238,111,357,160,212,105,72,224,354
26,339,242,200,144,202,118,213,68,101,71,367,258,207,333,43,139,225,126,45
335,45,144,112,44,247,37,356,51,340,68,260,264,131,182,269,265,362,293,48
65,193,305,170,191,95,359,80,171,163,361,139,333,250,137,285,223,108,149,82
51,82,368,135,84,129,285,12,215,361,223,137,336,109,128,97,258,205,284,333
79,256,281,126,345,349,152,32,227,150,45,365,358,260,299,261,255,258,51,248
301,225,41,108,356,259,167,20,139,15,51,248,325,84,137,82,171,344,320,37
254,74,33,214,51,242,165,15,225,97,306,126,202,190,143,156,246,260,134,90
337,359,243,260,199,330,30,283,4,296,333,106,14,117,2,269,42,192,154,354
168,301,263,128,242,341,268,149,311,13,325,79,133,132,354,282,51,180,315,309
51,370,220,46,92,152,342,295,293,139,149,160,131,157,209,231,309,303,181,336
225,292,316,68,345,248,231,224,8,279,111,303,302,275,155,66,118,171,100,286
202,213,90,185,330,68,133,296,187,53,364,51,347,170,350,326,139,131,314,356
111,118,231,161,137,178,336,213,251,203,153,348,53,265,329,227,342,28,301,62
109,23,205,174,336,301,325,150,273,298,170,231,156,120,187,357,299,340,308,265
268,283,51,55,68,295,118,45,291,210,299,195,38,254,138,137,67,152,296,60
156,344,265,37,53,169,120,68,330,92,277,221,225,312,275,283,90,248,137,57
159,137,149,316,354,243,41,222,305,363,138,108,337,157,178,320,68,51,170,198
325,43,258,234,244,296,250,48,193,61,285,156,265,148,365,289,215,161,92,187
318,26,37,347,93,70,209,6,138,46,362,329,149,193,142,324,212,326,340,139
236,76,369,281,95,51,352,260,201,296,40,37,265,292,359,99,368,32,252,137
295,74,276,2,110,60,294,241,139,336,231,13,56,337,142,208,95,194,367,111
350,265,22,76,108,352,284,306,218,238,309,93,356,57,202,370,132,15,315,231
144,340,302,202,193,41,82,231,240,278,292,68,327,139,274,351,101,234,260,296
170,53,318,367,51,271,239,83,13,336,180,29,88,134,57,330,19,294,95,15
270,342,248,146,139,281,49,114,115,62,12,231,358,352,137,328,360,351,339,233
68,304,299,209,260,223,94,308,137,278,194,294,345,187,66,357,33,199,58,15
352,106,225,51,121,32,212,61,23,53,179,242,24,176,279,273,65,202,365,171
295,331,284,272,129,76,51,109,215,139,247,170,156,190,293,174,119,213,68,137
185,277,15,159,286,134,21,309,109,202,135,295,105,265,337,280,70,88,166,61
132,162,200,354,204,172,341,62,369,272,137,325,103,298,209,324,68,134,238,217
359,65,309,358,41,104,124,69,36,201,160,51,9,185,274,257,4,211,40,202
131,137,53,139,356,207,246,114,203,364,37,158,105,239,48,164,253,109,156,88
200,68,37,137,178,298,76,115,168,51,348,88,96,118,292,82,209,356,196,15
187,236,159,41,254,132,98,32,14,145,101,283,88,139,90,309,51,289,325,264
51,142,187,195,150,136,165,157,323,223,25,312,81,133,189,151,37,274,60,68
265,190,51,316,360,72,113,68,162,308,150,94,292,137,69,209,304,222,278,82
283,365,7,273,296,168,260,30,110,21,185,76,156,361,137,317,278,65,51,226
138,140,341,253,318,192,175,289,106,294,368,268,100,111,310,14,68,326,261,156
51,66,290,99,47,137,293,319,369,95,28,93,248,34,342,71,56,223,354,120
325,272,312,285,51,24,133,121,269,348,190,328,147,86,196,327,38,242,94,231
210,44,170,15,280,188,127,128,359,202,231,61,250,318,157,216,273,37,51,302
159,231,249,44,327,17,240,155,102,238,18,104,158,51,113,137,282,128,107,184
191,51,195,122,46,120,321,325,295,244,181,123,202,292,139,175,171,34,132,142
280,195,41,72,35,207,209,135,109,238,193,139,174,84,183,126,282,245,302,266
51,248,128,39,139,68,225,137,281,249,354,22,353,215,245,365,167,356,269,282
349,48,325,13,344,233,295,262,286,124,128,61,153,249,94,68,66,359,315,258
13,261,231,212,32,119,339,130,303,139,95,68,165,258,187,153,370,121,298,310
313,47,247,122,202,51,93,224,200,21,269,362,37,191,25,237,28,336,235,248
278,267,68,90,358,265,313,207,202,114,289,73,196,166,355,156,115,124,106,203
97,272,248,211,345,100,53,46,314,95,344,353,294,90,51,85,82,137,231,311
308,265,91,63,312,233,296,348,112,231,208,174,58,213,344,315,309,221,191,272
90,292,270,233,139,53,238,330,236,295,293,323,205,302,107,94,8,63,51,200
62,37,51,68,156,206,128,14,364,218,336,270,137,109,151,192,309,344,168,265
139,294,28,364,299,156,183,244,345,162,247,4,178,50,231,145,57,104,286,60
63,41,269,265,68,51,62,46,167,246,302,139,293,248,26,295,127,370,217,292
269,73,13,258,100,24,203,88,51,231,294,68,225,262,350,296,147,219,139,40
114,248,259,63,46,125,41,5,139,277,2,351,317,223,147,356,133,92,137,165
259,354,304,214,73,250,308,14,118,278,25,317,168,75,281,337,113,137,130,61
112,176,130,366,117,25,162,207,328,75,60,311,81,239,248,82,46,68,342,338
226,90,265,60,187,278,157,71,349,315,310,273,142,350,224,51,146,196,352,303
63,214,146,220,331,82,224,209,20,295,68,368,162,203,240,69,319,297,42,244
318,109,211,265,139,321,271,153,191,96,170,99,342,258,162,128,94,364,44,290
68,231,47,270,167,210,318,107,30,186,199,153,86,128,185,248,285,134,212,51
81,313,156,346,109,292,278,265,135,269,190,349,298,7,301,193,322,262,157,354
60,14,55,211,51,291,100,295,355,294,330,166,140,226,198,265,106,271,243,113
282,324,217,76,345,66,307,284,137,156,269,325,221,42,191,65,37,84,108,95
115,221,231,333,230,79,82,159,8,164,148,139,368,20,315,51,142,105,68,330
138,52,286,267,265,56,9,202,296,160,96,180,238,278,68,50,89,318,81,137
88,265,200,203,202,14,81,94,170,324,258,255,323,51,44,274,53,71,36,156
133,248,231,314,80,192,158,238,263,363,138,302,51,61,225,300,64,208,139,41
123,115,180,91,79,311,51,147,363,284,156,97,238,38,127,120,318,31,183,218
179,202,277,330,265,35,276,304,145,226,64,210,126,166,191,297,356,94,46,108
305,95,223,333,68,294,309,315,324,291,330,80,71,224,297,82,16,32,240,250
15,304,345,302,13,275,137,95,210,348,265,321,323,88,159,296,82,132,81,329
102,236,192,68,134,204,364,103,183,274,12,111,297,25,55,285,336,224,150,76
276,254,137,327,4,260,115,281,246,351,307,295,51,265,93,237,301,95,68,44
370,24,59,8,213,117,139,130,149,21,112,63,298,355,170,168,72,305,361,228
342,325,33,333,139,191,15,356,60,91,147,250,175,137,51,165,68,155,308,343
1,48,161,30,202,68,294,311,21,219,237,51,25,89,221,315,157,203,187,287
359,283,258,73,94,247,295,4,53,226,67,129,184,131,319,137,312,81,82,68
321,108,82,347,260,115,265,134,47,343,92,68,281,259,139,95,62,192,51,193
342,212,28,68,90,76,30,67,111,51,107,265,58,278,319,277,318,154,156,139
47,55,350,162,204,231,51,35,282,249,74,224,363,274,337,61,212,68,149,90
293,342,61,60,202,70,341,95,136,365,347,34,361,208,90,72,193,345,346,51
234,221,359,103,355,62,295,356,53,167,352,100,362,238,52,106,151,202,205,63
108,318,51,122,265,156,225,260,128,157,120,208,251,5,330,309,195,175,270,345
14,195,109,132,76,339,91,269,130,214,71,68,137,265,295,3,237,128,222,120
165,267,24,305,95,25,77,256,276,274,93,311,363,204,233,50,353,68,342,169
68,325,137,98,122,167,196,287,275,242,234,170,265,139,364,152,133,296,204,283
166,51,79,208,121,167,68,159,5,328,270,222,139,203,122,183,268,254,196,132
93,81,75,149,68,14,137,104,28,321,156,272,356,258,265,194,170,128,218,117
108,104,135,37,138,68,61,222,227,202,101,218,283,7,363,272,165,92,152,192
321,344,68,265,320,137,200,133,318,349,252,160,205,354,296,139,202,353,131,166
51,140,132,197,358,313,312,265,138,46,68,302,62,52,328,137,40,25,15,349
284,351,137,71,312,263,82,220,201,32,156,55,24,236,210,15,294,139,356,278
134,163,47,277,159,234,342,358,294,75,126,278,79,210,53,225,156,99,265,100
210,366,206,193,71,68,156,317,197,32,265,114,319,29,195,278,175,108,244,196
291,61,297,2,323,306,340,277,248,60,215,339,336,265,139,74,15,121,326,262
176,95,318,171,195,51,4,336,122,89,265,293,295,42,349,64,353,251,93,129
200,184,13,57,25,90,352,145,231,51,370,68,247,187,359,113,223,139,30,244
53,318,293,233,65,139,258,68,265,354,51,299,57,72,98,203,221,301,137,14
69,22,359,133,139,97,336,151,225,206,364,269,137,262,304,346,197,76,243,184
61,139,99,247,38,302,328,262,156,336,330,150,44,341,138,171,134,231,36,263
2,106,248,222,137,68,370,333,336,53,331,15,12,192,311,13,34,198,51,193
132,12,121,45,137,83,295,329,283,253,68,223,13,134,208,138,157,287,251,304
219,129,128,34,313,222,156,32,137,115,66,253,348,336,155,175,360,113,318,363
308,259,158,328,276,316,260,357,346,135,71,178,137,299,183,42,325,163,95,141
260,72,265,205,221,246,156,90,269,187,116,344,46,12,198,348,139,248,147,236
246,139,111,312,237,359,10,156,81,75,342,125,258,109,262,24,274,311,162,225
6,109,47,336,345,260,292,60,295,23,15,215,338,68,291,214,90,168,114,170
15,351,171,317,51,359,240,73,245,139,193,107,84,37,250,274,348,296,202,318
2,15,278,235,44,162,200,64,265,139,158,23,55,51,32,356,81,99,169,260
89,265,321,259,2,51,291,62,255,363,131,90,254,179,145,231,191,295,68,273
352,318,189,68,369,115,7,241,329,75,141,43,13,285,54,16,81,273,341,105
30,265,349,232,238,133,239,202,77,68,237,221,72,235,296,356,13,247,353,285
269,227,212,103,336,159,167,94,244,270,51,70,192,363,180,277,21,63,328,222
365,8,294,224,351,230,41,22,128,95,305,164,46,342,185,330,117,135,53,35
256,89,295,51,283,67,74,203,111,107,115,258,78,165,319,160,109,180,102,335
29,88,296,365,265,256,294,299,233,359,169,317,226,209,247,68,151,355,272,65
326,166,200,358,46,139,260,51,171,265,156,144,101,295,333,224,223,251,214,13
83,51,57,348,95,109,255,156,271,68,280,171,176,344,359,311,238,210,354,150
123,232,46,58,194,122,104,175,216,156,337,326,165,7,339,247,311,168,149,295
215,318,147,72,369,139,242,95,326,90,315,4,128,199,55,311,240,82,283,356
81,253,139,25,237,236,91,318,216,344,70,147,359,38,284,260,222,170,329,43
225,68,282,13,272,47,151,160,51,195,86,258,17,359,325,32,350,100,295,364
6,28,103,45,360,318,151,301,88,187,365,173,281,232,140,131,260,335,130,68
112,296,137,127,348,81,128,166,324,154,71,53,265,212,302,293,30,164,202,308
318,37,256,191,269,84,254,25,324,239,187,323,192,14,63,104,206,260,265,363
238,319,365,369,103,280,51,203,121,68,167,213,55,53,179,13,279,97,178,355
36,359,137,51,81,232,108,46,157,68,42,47,2,188,238,354,139,15,159,330
203,346,15,273,51,199,188,126,269,71,313,356,265,88,336,156,128,75,312,361
47,68,198,330,280,215,60,344,58,264,82,88,170,7,101,311,22,95,48,165
265,282,179,196,246,58,160,285,321,150,258,143,310,157,234,270,247,335,313,6
82,107,196,20,81,370,231,13,349,329,115,222,251,63,210,137,180,339,184,203
178,227,32,138,79,15,255,48,68,213,366,27,170,31,356,114,53,339,358,251
142,127,197,358,156,355,234,116,68,137,53,51,245,344,299,200,326,305,47,199
42,72,137,300,213,317,68,222,246,52,269,92,73,231,336,198,299,260,281,142
70,228,345,137,326,192,126,155,231,32,258,102,24,198,202,170,6,142,130,156
92,256,37,55,15,100,207,156,51,351,74,119,56,346,88,53,76,82,278,277
295,167,356,283,73,88,13,22,291,68,265,213,127,267,65,160,210,359,287,66
209,32,234,128,239,296,113,202,175,172,166,77,274,68,130,261,115,360,139,237
265,13,139,18,208,356,17,352,196,51,137,117,200,286,310,205,85,33,162,231
81,281,316,104,21,137,89,275,227,140,60,250,144,246,115,156,237,90,43,200
132,364,51,208,89,68,65,345,350,255,349,240,214,354,66,194,202,320,175,139
193,249,325,68,28,51,157,321,129,195,214,283,233,156,194,345,274,221,350,76
233,209,224,168,219,156,250,221,294,190,139,330,348,62,51,306,172,14,68,356
318,188,167,295,124,291,3,363,184,78,170,46,71,96,68,224,250,154,223,287
183,240,90,338,333,315,156,41,300,352,245,290,292,187,274,265,112,201,161,134
144,37,309,336,318,158,308,145,268,265,248,42,231,68,77,108,74,139,95,284
272,43,131,106,241,166,140,333,76,126,15,262,74,113,125,364,251,21,90,322
190,139,338,187,195,74,151,131,203,115,104,245,182,305,69,333,13,171,76,269
337,344,110,219,231,262,71,191,90,322,30,155,195,307,98,216,338,178,13,53
81,109,94,88,89,45,46,326,283,121,190,280,247,354,51,243,322,68,293,310
231,15,179,318,292,67,12,4,99,321,277,346,268,230,199,137,283,65,108,132
119,128,299,214,82,286,32,164,325,339,248,260,311,309,160,308,313,161,344,133
237,233,8,167,253,265,267,336,42,344,273,61,132,0,364,275,13,127,156,352
289,365,22,175,312,49,45,258,184,16,329,128,195,90,364,330,250,213,13,156
13,2,32,354,51,364,331,139,214,360,202,344,260,68,240,265,246,310,192,131
294,245,260,81,185,301,68,351,191,112,200,134,221,316,189,203,2,339,123,187
303,265,180,248,202,142,144,337,195,104,160,171,136,310,253,273,322,7,267,354
150,362,195,269,51,83,332,312,76,220,215,146,46,204,294,132,193,137,329,245
220,93,46,169,108,107,128,132,265,68,256,14,86,60,63,135,56,253,243,153
302,269,139,151,166,368,217,68,245,137,268,293,365,265,369,175,105,102,247,28
51,137,119,278,209,205,22,223,283,320,262,156,139,21,37,92,358,104,364,208
296,190,294,258,184,161,314,248,42,142,131,250,265,109,268,137,183,231,2,207
110,165,353,59,301,92,37,66,239,356,240,131,300,95,291,122,51,14,196,302
165,137,97,301,51,33,348,325,354,329,70,121,56,250,327,252,25,295,148,206
265,243,364,327,51,69,68,126,88,192,237,154,95,305,72,335,28,205,176,210
278,139,308,131,160,313,249,339,4,75,88,122,329,353,236,310,137,156,194,362
366,95,37,65,108,215,99,230,84,90,337,304,354,349,206,284,310,259,348,324
208,51,111,191,193,284,289,282,82,265,123,212,240,43,68,28,39,356,156,199
139,208,78,296,42,302,47,68,84,231,137,344,60,101,282,51,26,207,203,301
278,250,81,309,44,190,216,156,137,265,294,58,328,233,50,245,147,108,112,63
337,93,42,24,333,68,32,139,44,41,166,165,11,92,214,57,153,25,168,223
79,184,147,202,260,358,262,330,309,103,248,110,193,153,137,345,295,83,13,239
147,358,220,305,231,183,163,321,327,137,142,302,296,188,171,12,332,67,134,104
261,254,90,46,311,297,258,77,292,223,45,310,91,251,134,238,302,265,68,264
233,4,318,88,321,238,190,269,38,98,110,184,8,268,154,260,162,210,196,90
79,52,152,228,137,160,51,353,211,294,254,13,355,312,328,68,303,222,81,319
72,256,192,231,51,296,219,63,351,129,64,50,60,236,74,368,109,363,114,174
150,89,90,128,364,310,336,65,51,132,103,347,67,27,140,235,109,22,318,115
273,115,72,218,180,313,144,15,296,370,109,2,68,174,287,195,118,339,137,203
273,63,224,142,130,93,41,105,171,238,95,42,316,156,100,58,293,225,137,292
13,94,132,78,74,201,68,337,350,105,40,38,116,259,307,118,128,139,293,241
31,91,266,251,88,156,346,289,18,45,109,309,233,12,67,272,133,359,260,236
76,207,313,68,95,74,160,274,47,340,81,355,15,128,60,125,188,108,80,314
303,176,76,70,152,238,239,226,171,293,53,294,213,231,262,139,140,72,217,68
77,325,322,51,145,3,324,265,43,281,61,302,223,137,52,348,368,275,17,337
102,51,356,152,231,6,297,243,66,277,223,15,200,136,43,127,108,156,44,321
33,356,52,348,153,129,259,92,163,60,265,137,30,228,309,68,278,15,97,354
279,236,137,298,41,312,240,15,239,260,348,265,231,304,289,147,296,128,321,287
234,128,265,48,51,188,183,346,356,133,255,264,291,131,294,192,260,220,238,160
68,213,108,363,265,234,82,331,117,157,339,127,258,358,96,95,121,209,92,150
231,51,82,356,21,186,164,127,213,337,272,195,117,140,313,304,54,47,110,137
354,196,50,193,138,296,41,295,95,322,140,215,272,7,210,265,236,329,260,197
328,135,92,265,267,260,232,337,84,96,251,74,108,207,202,15,336,128,51,18
302,15,308,118,364,356,320,68,73,93,23,348,311,130,231,324,295,139,22,181
241,139,287,145,39,202,151,150,272,9,184,50,265,61,256,93,342,295,103,198
160,293,91,332,129,190,178,104,156,194,142,222,119,202,235,45,231,317,95,48
95,12,249,329,282,298,265,182,51,317,292,300,68,246,309,197,330,260,212,281
362,322,256,241,46,337,336,268,278,164,141,133,54,344,51,187,15,170,121,190
309,361,202,122,108,51,362,301,50,183,71,265,241,302,18,197,195,44,46,261
90,284,302,192,65,114,328,93,119,110,95,250,213,204,75,187,58,311,164,19
353,224,79,41,304,87,265,190,72,318,57,156,347,295,321,309,2,215,292,326
369,68,137,278,355,16,140,259,348,197,55,26,81,368,208,152,89,106,299,74
244,228,265,319,43,234,137,22,122,351,348,88,235,69,68,322,231,186,160,247
295,251,133,137,233,353,51,248,344,355,239,320,299,338,30,95,296,312,265,215
341,161,294,171,22,277,61,304,90,51,224,231,245,247,288,293,117,210,164,139
74,329,239,81,65,39,269,212,57,204,190,48,137,231,159,202,276,25,76,121
295,68,125,27,274,296,342,248,86,265,175,247,123,354,277,283,20,215,0,256
279,202,198,295,320,156,95,88,41,53,115,240,8,262,283,180,277,110,265,355
3,51,171,15,241,135,108,212,89,92,255,233,70,25,156,94,349,203,53,151
336,167,51,272,6,159,138,149,365,129,356,223,68,207,348,135,324,354,154,214
260,122,99,231,62,151,156,292,347,68,51,71,269,163,238,280,84,171,58,240
353,227,336,51,323,275,24,201,95,41,356,36,363,343,160,111,15,68,156,167
352,217,93,51,345,259,41,122,363,54,131,113,75,201,15,24,65,133,200,6
68,197,15,104,303,51,142,251,281,69,265,108,330,156,95,243,356,297,258,132
90,84,239,220,115,213,7,51,231,278,128,248,352,41,242,138,144,29,368,331
121,287,213,90,217,95,152,247,265,68,36,83,32,7,202,51,139,14,271,118
300,27,99,64,245,22,46,128,289,32,204,203,324,104,90,156,188,210,12,316
270,203,245,231,4,53,51,337,183,355,295,336,137,279,116,193,113,307,139,226
122,260,189,171,362,281,254,79,340,167,135,267,298,68,104,208,182,80,160,49
67,195,193,125,295,277,14,31,335,118,15,315,292,138,137,134,90,119,284,236
2,101,301,51,132,208,139,68,240,260,84,90,312,60,116,207,131,95,135,108
335,63,294,207,122,359,341,292,45,51,14,316,231,46,265,358,187,306,317,114
336,2,358,316,356,128,140,97,156,303,51,99,76,4,230,144,277,45,68,176
348,139,34,102,303,195,55,286,142,117,51,281,283,137,290,265,309,187,46,200
302,122,68,76,159,318,261,338,363,154,247,368,293,209,353,0,149,88,32,186
51,138,265,50,156,118,343,317,273,195,300,94,307,236,53,142,239,287,358,295
256,196,277,229,82,190,46,269,283,4,92,74,270,112,266,68,325,180,51,61
278,303,51,297,76,139,281,123,346,53,104,78,354,318,30,39,324,41,33,81
95,67,292,107,255,275,328,126,118,322,137,293,312,258,109,41,82,360,244,300
13,316,231,51,66,352,73,336,285,276,21,16,126,68,27,350,156,223,210,314
300,53,240,30,128,42,32,51,148,273,95,347,132,253,23,256,145,111,138,36
265,170,309,82,231,22,2,126,152,183,108,137,262,284,295,111,83,297,169,182
51,42,121,171,156,99,165,312,200,95,356,137,139,68,98,268,109,34,328,294
193,204,68,95,234,260,202,265,296,7,323,250,126,51,170,41,148,137,149,89
340,101,79,154,175,275,251,248,171,223,213,137,53,207,73,345,25,81,188,367
196,15,311,303,254,195,168,262,117,247,5,171,296,352,298,128,121,200,286,155
137,71,162,203,265,90,359,157,260,212,240,15,295,268,68,76,95,204,100,250
68,241,130,259,128,295,4,312,202,118,256,317,265,272,1,137,39,154,217,133
46,68,63,215,340,233,267,109,231,323,370,193,137,177,265,15,241,53,56,212
68,365,122,308,115,260,46,41,119,157,223,54,348,153,25,249,63,47,128,304
142,74,79,200,71,357,19,82,171,318,23,248,294,289,48,238,83,68,356,95
157,137,250,68,8,208,164,56,348,278,34,217,288,131,174,283,128,23,319,65
231,286,68,14,292,206,336,347,60,95,342,51,274,294,139,174,133,128,207,236
265,366,228,297,340,347,305,100,135,49,249,210,90,8,281,111,245,22,42,250
262,15,260,139,353,236,282,348,182,359,269,4,44,294,51,358,45,355,249,228
170,312,139,192,14,229,265,123,359,327,236,38,150,93,268,369,51,45,196,320
342,52,108,260,237,79,306,355,265,324,250,289,307,231,317,139,13,201,51,310
308,68,51,365,65,247,54,325,45,175,362,295,60,13,281,43,345,265,301,44
223,134,248,139,2,202,133,265,137,51,217,53,15,13,8,283,28,213,14,94
194,51,344,26,91,37,182,335,133,354,126,193,14,81,27,167,295,245,300,132
1,53,139,240,161,279,370,35,151,169,360,218,364,45,296,148,13,297,22,227
180,15,225,307,280,135,247,354,51,163,68,33,184,95,319,75,181,123,362,32
358,248,200,301,122,258,203,160,68,171,137,11,139,356,284,350,237,354,26,87
195,231,134,95,137,278,207,68,223,21,265,260,88,129,160,356,15,232,258,339
224,150,61,359,202,357,65,223,8,356,22,315,338,120,142,258,137,318,51,83
45,202,46,207,137,109,132,41,214,265,88,15,256,123,94,354,281,119,128,318
132,261,361,128,137,312,324,15,73,336,356,203,55,285,238,121,123,156,278,254
199,318,184,159,95,244,153,326,295,98,27,300,249,137,265,223,112,139,342,338
203,53,100,328,274,77,38,169,268,247,248,233,106,277,201,356,269,231,184,337
41,61,231,264,209,202,295,265,46,99,28,36,248,68,51,48,95,304,345,116
38,115,218,233,174,14,137,192,366,209,119,162,81,214,295,128,260,160,211,122
148,296,277,21,6,121,309,68,38,156,364,303,135,22,223,114,164,233,234,187
137,68,128,299,341,53,206,86,207,278,369,141,199,101,276,175,269,64,301,325
149,137,30,274,14,236,284,289,164,51,157,339,356,211,206,258,139,36,41,46
354,327,196,259,352,336,178,306,82,342,150,321,368,133,201,98,212,95,8,258
302,261,137,368,289,246,248,36,321,225,53,363,236,272,181,115,23,0,108,206
139,324,265,335,213,156,187,66,281,53,202,260,357,128,245,15,72,157,40,137
204,298,275,273,265,56,272,331,231,18,280,15,166,137,323,133,139,263,209,120
51,169,265,207,46,109,137,303,107,160,69,132,283,199,299,127,196,293,47,108
317,46,74,200,215,89,210,173,162,351,300,90,182,281,237,137,68,129,15,222
137,352,93,151,226,71,339,75,224,40,292,82,142,56,175,118,283,354,68,44
7,323,181,104,171,237,198,155,308,156,285,133,191,240,60,72,244,338,342,170
296,209,134,137,119,339,201,307,213,183,312,90,85,157,325,237,128,269,41,299
195,105,300,93,313,170,183,213,248,236,117,51,316,243,304,363,342,312,318,13
19,130,126,46,117,282,296,68,47,15,256,84,208,17,365,137,354,92,186,94
77,139,15,25,244,104,351,7,32,44,137,238,330,237,75,68,303,312,367,81
61,139,137,256,202,8,94,73,231,356,48,359,298,95,51,129,358,209,12,299
68,233,110,324,65,254,223,51,18,53,311,154,106,361,295,32,131,231,82,45
88,174,72,271,222,289,209,268,262,65,364,265,139,138,51,68,307,359,116,316
156,365,250,90,265,343,68,247,299,197,161,24,100,71,157,227,318,308,202,62
192,68,142,109,51,106,202,226,137,44,86,360,133,167,281,265,139,3,215,144
51,82,280,354,180,270,253,53,139,289,64,227,320,151,265,160,137,111,30,89
230,187,89,128,5,151,356,18,240,142,241,41,139,57,15,231,126,13,278,344
51,4,290,166,95,60,322,99,130,223,174,248,85,325,69,224,241,156,310,222
260,226,276,304,262,258,207,330,18,7,53,245,273,108,294,265,289,202,217,296
278,231,226,63,324,137,311,51,139,201,15,108,156,237,236,213,265,22,84,25
38,89,135,183,158,312,287,126,231,327,39,128,351,159,81,4,199,140,352,313
70,128,263,120,274,278,224,255,82,139,195,368,137,183,201,285,72,199,242,166
274,68,211,95,124,15,170,356,82,188,153,30,122,197,118,240,293,283,210,297
136,328,208,81,361,240,224,269,32,16,91,265,338,278,251,356,299,51,0,69
293,45,271,183,24,51,363,231,166,13,201,240,18,194,222,30,142,260,95,265
122,337,238,72,309,296,342,109,285,275,16,305,265,347,276,167,159,156,184,100
128,37,170,111,231,53,7,284,265,65,217,137,256,2,258,154,308,88,125,360
248,233,100,236,351,154,230,345,7,64,237,207,140,316,139,365,77,265,156,150
281,234,262,366,283,68,141,51,350,295,354,36,317,175,239,95,183,137,30,188
290,269,148,15,72,291,344,292,283,151,354,13,42,294,67,328,318,109,82,302
269,55,263,344,277,137,244,185,155,265,283,51,77,328,7,356,246,315,210,261
302,198,365,248,318,59,368,262,53,51,339,342,41,137,311,187,139,279,183,129
152,351,265,105,6,106,156,212,27,174,132,109,68,82,13,355,101,229,303,315
24,258,158,72,51,202,233,180,190,69,138,153,68,210,2,15,174,318,262,246
79,156,354,351,221,124,226,363,283,41,325,40,302,37,318,166,137,22,126,151
90,311,68,335,277,231,341,298,291,89,154,264,127,293,74,281,194,51,357,278
98,41,281,202,16,268,68,222,46,147,15,227,324,196,303,5,265,240,117,111
305,238,53,223,314,239,51,134,364,170,213,120,7,318,44,249,246,66,311,193
336,328,137,202,101,2,37,178,171,348,153,51,88,50,191,278,128,294,303,112
353,76,106,167,337,210,68,234,83,51,265,295,152,110,16,28,137,184,134,156
348,302,135,271,103,51,198,275,363,169,225,333,296,335,76,81,203,304,234,193
370,195,350,202,240,95,53,190,221,25,70,83,354,328,48,12,15,184,60,66
13,259,254,37,239,45,68,203,345,278,328,336,201,174,159,52,193,135,58,304
205,330,123,285,199,211,202,172,112,363,132,73,240,114,7,316,15,108,238,68
370,51,39,160,329,139,369,351,248,192,250,77,307,189,156,68,265,208,187,325
348,203,195,234,296,156,160,299,269,283,77,34,73,323,343,125,75,32,128,321
220,333,159,0,261,230,207,191,260,15,353,41,176,209,156,154,111,199,341,265
4,355,265,308,58,16,245,175,68,298,74,47,195,322,250,61,338,0,171,69
312,329,202,194,42,328,265,38,45,354,251,17,181,128,309,171,156,294,205,69
24,88,194,128,156,368,290,235,246,187,300,32,314,134,9,201,137,355,292,328
236,186,156,31,201,24,111,104,51,90,318,233,330,363,165,166,314,13,328,204
311,72,231,336,156,295,206,199,68,345,137,164,140,139,365,318,197,186,69,305
60,36,231,370,356,8,365,275,85,45,200,366,367,139,247,292,133,102,220,172
324,13,309,260,196,193,363,284,101,119,255,72,231,233,212,47,132,327,223,95
68,139,163,356,265,192,53,206,51,142,41,126,150,60,226,205,274,281,101,204
110,347,223,135,124,225,299,183,25,352,127,283,41,341,188,296,269,154,67,176
25,259,72,108,93,52,111,104,56,207,139,311,339,216,136,132,219,275,265,142
23,328,231,69,234,292,68,66,184,30,60,51,312,160,218,75,46,175,25,266
192,296,236,133,225,361,266,256,262,72,59,248,99,231,338,293,190,245,39,123
295,108,150,47,196,15,37,276,8,113,170,186,99,89,160,359,13,75,137,118
63,68,95,108,328,181,169,330,13,77,354,363,341,209,89,325,144,20,223,336
51,53,150,171,136,127,60,126,270,107,165,231,296,209,105,246,241,250,348,249
108,282,222,45,126,196,76,291,58,311,23,340,218,278,250,235,137,258,193,86
254,269,207,197,53,323,51,170,303,344,196,247,19,206,68,205,61,238,281,260
29,120,240,48,14,82,332,170,53,271,223,285,154,72,325,243,137,23,106,171
110,134,355,265,242,222,71,144,160,318,68,224,138,309,295,286,26,353,105,213
81,190,15,289,156,76,339,267,322,25,357,66,269,209,293,193,323,336,136,196
21,122,238,75,283,32,319,235,201,197,53,76,324,281,304,102,252,60,233,255
32,131,110,336,68,291,292,296,142,188,151,249,106,200,79,265,87,220,322,365
233,42,209,156,0,128,249,310,135,248,95,132,51,256,340,104,41,56,363,250
299,245,184,202,128,295,265,51,47,231,166,322,303,86,351,71,88,308,104,201
260,348,95,245,14,41,53,46,162,15,149,22,295,335,113,202,93,336,238,131
51,83,364,265,103,156,363,370,183,301,340,350,318,348,35,231,316,275,184,235
297,201,147,82,193,59,284,258,156,240,64,189,338,51,356,14,58,351,109,127
122,368,296,205,160,193,237,140,126,352,215,68,176,209,71,265,327,199,335,8
193,282,258,137,194,149,128,255,50,68,183,51,354,213,335,214,15,230,306,295
265,75,37,204,137,206,116,51,240,193,226,134,248,332,139,189,53,22,298,357
140,364,80,312,262,170,245,145,215,191,321,92,269,333,268,23,175,133,212,202
260,356,13,68,156,133,196,336,221,90,355,354,24,274,231,96,347,254,352,53
25,199,59,61,254,272,196,49,139,210,6,79,354,89,100,95,231,137,135,70
17,101,343,231,123,264,262,71,41,192,109,37,187,261,51,208,166,138,81,92
137,95,51,156,7,312,296,154,46,74,286,175,92,357,219,295,260,88,188,75
349,68,15,361,2,265,142,53,312,70,233,239,40,167,111,76,99,137,135,22
16,268,299,51,227,115,356,242,50,126,156,170,263,41,189,137,303,359,267,312
355,370,107,85,265,137,68,99,103,256,28,354,250,127,346,217,307,110,0,353
223,27,260,202,344,68,73,258,111,51,322,54,363,126,289,110,347,309,135,212
53,308,62,61,173,26,203,265,281,95,41,25,73,89,187,283,74,231,129,102
167,148,35,342,137,276,256,43,279,351,58,199,332,179,313,265,245,68,37,138
356,358,330,139,265,335,205,118,137,294,204,308,27,216,111,0,346,240,83,248
240,202,44,186,335,312,68,166,115,91,53,167,331,97,336,127,295,63,269,272
131,171,139,19,79,306,118,194,192,51,183,250,233,299,147,132,189,231,72,270
277,312,6,137,330,163,144,354,322,142,281,250,181,51,45,301,108,98,184,62
199,149,103,127,324,180,305,53,108,151,76,126,25,118,138,238,153,226,327,36
15,323,68,237,139,297,22,207,254,61,90,149,274,300,0,165,88,241,182,32
81,68,279,240,309,71,26,57,313,239,46,354,115,15,155,51,30,77,183,322
265,118,51,19,90,311,363,220,166,119,225,315,340,169,125,278,327,47,300,333
0,192,131,224,320,164,98,111,161,67,265,246,248,277,7,125,298,197,52,63
32,331,100,335,101,351,133,293,132,330,338,328,23,201,167,72,151,51,197,150
75,83,51,125,223,117,354,285,324,40,299,68,304,316,205,2,256,128,66,263
278,269,327,69,299,213,68,47,35,130,156,175,318,225,262,193,157,112,51,202
76,68,276,277,234,195,156,95,101,333,247,165,213,104,271,103,47,291,205,37
260,315,266,100,76,192,51,265,352,368,355,231,262,41,68,248,202,363,15,183
12,39,134,68,320,106,164,265,238,170,328,168,159,324,231,319,101,167,207,5
39,220,363,114,36,203,293,278,88,295,231,219,304,218,137,307,73,258,292,356
142,243,159,1,170,188,255,299,122,361,149,274,203,355,359,51,277,68,135,101
202,99,200,296,318,268,239,308,125,34,47,227,46,137,13,247,361,352,37,130
356,150,301,170,76,361,131,155,137,1,205,190,26,13,156,285,197,90,208,278
106,150,358,225,218,231,205,280,318,84,38,276,86,91,116,348,188,355,209,25
61,140,281,201,108,202,215,247,342,53,117,101,265,68,133,292,138,356,190,136
123,350,330,265,295,302,51,299,105,89,61,32,56,57,356,203,13,329,130,354
53,44,161,6,134,264,341,85,232,206,298,219,87,68,241,223,328,69,291,356
95,70,361,245,92,315,265,179,146,139,310,46,47,213,159,161,260,156,365,276
195,202,218,337,251,90,321,88,269,95,358,233,192,296,156,203,268,211,13,252
272,308,133,265,258,44,251,215,237,125,68,90,233,312,128,121,188,15,22,80
311,212,152,359,89,51,223,130,11,126,155,88,160,254,236,250,134,280,298,260
258,73,79,211,109,202,336,15,265,231,51,220,284,156,67,360,304,168,128,251
265,221,99,215,213,313,170,241,163,238,309,259,200,287,246,37,335,175,90,47
246,156,234,249,350,278,315,90,354,225,190,268,320,139,188,197,363,51,336,65
345,137,359,169,95,51,45,111,170,245,342,117,121,231,324,313,305,278,315,365
145,329,265,117,77,90,128,107,68,5,248,121,132,204,139,118,309,106,84,366
367,215,137,234,223,46,233,353,193,219,156,167,128,356,21,96,262,294,281,68
132,260,248,197,32,4,169,72,202,90,75,275,256,242,51,265,208,281,69,139
166,115,20,304,246,22,109,260,175,99,59,68,149,265,209,340,65,136,252,217
360,56,137,309,163,67,260,145,291,171,258,231,3,119,308,269,185,46,190,15
313,68,283,321,231,260,236,17,311,187,34,360,139,312,248,167,119,137,355,191
234,342,90,307,363,68,313,53,34,156,137,265,203,286,37,243,233,216,239,194
118,7,270,304,359,339,109,130,365,336,337,313,51,137,300,48,236,37,265,317
183,294,231,64,21,140,205,24,91,246,276,51,32,28,195,260,71,74,321,248
144,115,315,159,68,51,166,53,195,139,138,262,212,256,14,190,62,84,305,198
134,221,343,38,294,237,96,291,202,285,177,53,243,345,324,277,90,66,68,31
58,336,137,250,354,356,78,286,345,160,364,233,117,53,214,315,41,332,265,22
156,354,347,117,25,294,348,223,139,46,56,8,193,265,200,32,351,365,344,260
251,310,219,150,108,350,258,47,156,68,278,95,356,137,231,283,0,134,239,183
294,19,8,18,117,268,160,137,13,87,51,200,296,92,6,282,85,326,214,42
137,188,245,274,160,68,331,168,24,51,111,90,83,95,38,201,37,261,204,53
129,165,148,132,95,156,167,90,15,137,236,6,265,191,24,281,67,217,317,361
298,299,226,13,271,167,353,317,269,134,50,126,295,77,160,92,213,51,150,142
75,350,264,228,189,254,210,355,265,200,137,126,65,192,180,105,243,157,219,299
75,283,145,56,84,45,148,321,35,50,155,216,274,37,338,297,183,158,190,11
356,286,308,247,99,343,93,156,166,71,261,22,153,68,353,281,226,336,265,51
356,202,30,142,114,201,107,222,125,139,284,126,323,147,294,299,104,207,49,240
98,202,238,139,226,57,304,214,355,73,296,213,99,316,2,51,152,81,68,225
139,18,184,245,84,32,237,6,0,241,82,92,150,315,183,48,44,149,30,66
354,58,49,158,262,187,129,47,137,265,355,285,356,74,234,201,53,90,127,245
333,236,328,209,9,231,139,127,356,284,137,51,27,36,276,264,114,265,342,269
211,277,285,151,225,365,107,124,280,120,132,336,284,256,40,237,330,360,212,260
150,342,90,243,351,4,335,323,113,269,281,97,163,131,345,363,139,47,151,189
32,137,163,265,46,41,51,156,248,224,128,67,126,60,231,157,117,363,24,95
26,41,68,362,187,25,246,42,282,265,139,323,278,118,286,351,51,47,347,45
132,70,69,193,273,142,82,2,230,237,104,344,16,228,40,329,20,330,201,25
15,350,231,311,359,258,209,104,51,354,139,36,182,159,202,297,9,140,68,293
356,271,196,149,245,299,167,53,318,137,206,319,145,184,226,280,283,244,63,68
188,68,91,265,342,209,143,15,51,156,364,238,308,231,321,159,311,356,291,142
68,352,202,322,359,231,353,311,56,336,58,295,301,156,6,273,121,313,125,331
213,161,83,330,231,157,45,224,24,265,51,146,348,203,139,196,2,246,185,15
239,119,312,324,95,47,274,51,139,45,303,231,156,77,193,259,250,12,137,355
183,260,199,277,180,292,137,9,23,227,214,8,63,165,203,231,67,265,193,224
68,215,183,137,156,250,270,51,321,251,123,159,99,90,110,26,207,239,89,245
201,53,79,296,265,209,262,273,317,68,211,126,231,90,202,83,308,170,69,175
136,262,57,272,294,24,292,259,151,139,311,328,116,323,186,355,171,128,133,60
210,265,342,269,63,287,262,194,51,344,16,229,0,205,119,296,113,104,24,55
311,41,296,90,239,238,213,68,353,330,214,37,191,168,318,134,278,194,245,369
51,342,313,248,345,349,295,166,114,216,68,301,178,278,292,137,281,328,48,246
284,277,109,126,105,88,95,231,152,265,269,267,138,215,83,240,195,344,139,295
215,348,231,116,320,76,13,332,121,128,258,278,275,115,20,79,305,318,299,282
126,246,13,32,251,258,130,200,352,199,328,282,274,111,308,12,115,142,231,259
356,314,137,272,251,53,175,333,139,231,134,352,160,13,282,46,15,243,296,146
95,112,69,205,51,24,8,79,365,295,265,335,285,138,256,281,111,322,15,133
47,170,0,159,133,140,258,264,356,203,35,207,156,161,17,26,6,278,51,202
351,310,356,267,72,24,3,120,68,94,252,262,37,192,40,51,238,223,195,174
13,160,156,258,51,190,116,12,318,100,241,323,312,322,107,23,137,169,110,236
56,95,28,347,265,279,281,219,354,260,231,121,158,159,12,349,155,29,365,15
19,347,260,51,151,104,292,336,204,273,222,194,49,156,203,265,217,128,356,48
260,139,282,214,137,11,205,128,265,68,41,285,248,288,326,283,328,87,80,364
328,362,352,117,287,64,185,191,49,59,95,370,107,207,354,190,140,167,13,119
303,269,231,246,188,58,44,263,71,167,154,139,333,88,60,129,318,53,370,285
162,139,319,218,73,104,19,140,236,294,234,248,167,313,137,253,316,152,193,155
95,65,258,149,157,92,167,6,26,262,86,16,89,256,109,135,235,51,310,152
8,202,139,210,341,363,319,342,356,190,30,160,239,68,320,297,353,219,355,274
213,154,265,65,285,110,192,112,201,199,293,71,348,51,139,142,356,226,126,105
262,207,45,50,95,68,51,181,291,57,147,283,362,299,106,240,325,315,15,286
359,147,276,22,138,44,165,296,350,51,316,282,163,342,45,19,153,8,238,265
126,362,81,32,95,265,97,42,354,163,230,219,188,128,295,204,137,50,254,96
19,295,356,137,50,233,41,63,46,149,51,143,345,259,349,224,93,120,68,191
203,202,60,321,187,16,45,228,111,137,231,207,223,131,140,258,85,315,254,204
265,311,88,183,44,285,303,342,89,35,21,167,163,275,195,50,2,164,68,321
121,51,233,245,137,139,354,198,211,268,190,272,170,281,53,175,119,243,231,13
265,234,139,281,99,77,137,192,276,236,339,190,66,353,196,153,150,208,296,39
108,53,122,225,68,278,284,51,296,227,63,292,96,123,95,260,113,139,7,115
121,39,355,94,269,265,82,51,213,237,180,153,68,325,337,158,264,223,312,130
291,193,128,225,130,13,246,335,253,151,88,354,188,93,92,164,63,114,129,133
105,143,64,68,207,238,170,204,119,242,284,79,322,157,46,366,310,340,350,235
284,192,185,51,6,156,356,104,333,285,243,128,242,238,218,265,272,167,92,201
342,218,28,154,6,40,202,330,149,82,265,139,150,156,278,162,289,115,224,237
