238,345,180,328,203,235,120,260,195,103,13,95,51,303,294,128,63,205,139,41,94,130
134,43,248,89,26,95,139,202,354,245,170,309,13,51,128,265,283,367,221,269,161,156
139,273,68,24,215,132,111,72,137,370,308,87,355,269,51,15,292,271,192,185,289,276
84,254,142,167,51,1,190,315,68,71,221,82,15,48,139,32,86,220,285,187,126,309
274,88,242,160,147,68,156,120,107,259,260,116,207,69,354,12,212,328,46,231,47,94
324,51,293,195,328,350,76,132,167,24,352,299,25,358,174,0,37,356,30,271,15,128
262,348,296,41,280,273,22,268,329,272,68,13,344,160,248,227,58,336,21,149,265,349
322,123,139,81,365,104,68,261,25,318,126,137,51,124,160,366,73,278,271,356,265,296
170,65,132,337,281,51,160,295,109,209,67,26,74,174,141,287,177,289,260,68,304,231
117,53,187,272,157,351,256,209,156,265,203,151,106,23,118,38,324,37,268,269,290,230
92,36,191,133,102,20,175,344,183,115,37,34,322,247,285,307,112,13,251,232,68,281
215,269,296,278,280,157,45,354,13,59,128,300,68,271,351,209,22,211,139,51,156,47
138,258,15,237,211,12,51,297,115,312,95,292,238,328,57,175,335,147,72,264,151,225
227,188,51,231,7,364,214,76,265,41,293,256,299,138,139,54,92,233,70,81,106,167
219,267,183,46,160,120,235,117,21,360,253,17,39,192,51,269,153,207,276,79,181,108
13,258,234,349,286,210,7,142,76,291,202,157,150,67,277,299,132,312,125,68,15,163
105,166,167,196,260,45,91,95,274,130,278,117,153,345,21,363,210,301,31,13,361,197
330,89,325,112,43,248,51,357,299,126,320,80,22,238,265,348,354,106,68,114,356,6
68,15,356,197,52,139,328,319,295,136,207,56,46,249,318,108,184,278,341,181,85,335
320,156,342,107,318,333,74,265,137,182,234,356,37,233,202,98,335,135,105,240,139,113
45,294,283,128,23,203,114,324,265,92,97,302,272,142,293,211,86,305,137,68,76,226
139,119,41,83,116,51,122,100,156,265,354,138,109,46,48,287,38,30,264,209,335,191
182,258,358,227,191,254,195,359,26,234,301,138,51,126,115,159,356,260,193,117,341,264
68,201,38,137,292,336,234,42,304,283,135,203,207,89,279,248,244,184,145,294,193,310
356,265,69,254,301,51,81,117,40,109,325,163,53,337,231,102,230,164,202,232,41,270
120,68,350,23,69,328,137,287,160,66,187,315,51,73,296,281,100,130,45,314,265,104
262,158,280,220,59,51,352,230,321,335,159,136,62,315,15,66,111,353,137,0,45,298
212,100,265,13,267,260,64,27,175,195,250,169,202,238,130,325,269,46,55,90,247,359
353,231,68,160,350,360,95,150,134,98,140,72,287,137,285,156,7,344,355,162,337,40
269,137,100,363,82,255,295,9,327,349,209,108,139,30,51,31,352,342,76,102,339,68
280,112,271,5,289,68,1,16,358,286,353,362,91,351,92,109,51,177,288,268,183,114
303,321,235,300,31,363,14,65,137,60,298,265,354,95,52,271,53,57,139,206,368,141
137,28,174,142,289,35,324,147,128,34,222,250,50,53,115,139,368,197,41,231,238,205
183,223,151,287,314,187,133,15,45,297,323,182,100,289,294,198,134,295,66,265,37,69
132,53,50,244,62,216,312,208,250,133,351,227,150,231,119,139,178,68,74,6,234,263
43,330,135,224,139,356,132,137,245,276,236,15,261,220,179,109,117,364,152,51,100,79
57,322,330,299,191,59,35,292,356,201,161,151,51,295,200,186,217,192,95,118,132,336
95,302,160,68,248,8,315,207,231,13,199,169,265,317,293,128,246,56,260,254,136,276
341,75,156,111,51,108,356,355,257,337,277,265,213,187,89,288,336,233,1,176,190,162
29,68,83,132,159,53,137,115,151,265,7,156,125,235,329,126,207,129,185,28,69,197
245,278,126,207,213,254,52,188,311,343,5,137,265,268,96,322,212,178,202,260,51,32
206,182,238,13,268,63,365,139,307,278,252,265,91,104,317,176,109,330,137,175,244,51
261,282,59,248,139,274,68,265,51,82,345,53,9,175,260,259,123,252,218,214,164,296
350,203,236,51,265,202,91,320,212,136,37,98,133,13,137,253,157,331,318,61,160,76
41,109,270,240,57,188,245,261,52,60,142,250,190,69,51,339,356,294,156,255,68,82
292,135,289,205,137,208,25,159,231,183,340,265,342,213,234,348,316,199,68,51,95,221
234,134,241,328,357,260,261,318,127,51,202,231,66,149,72,313,119,93,55,68,42,245
345,166,244,187,137,361,225,365,260,192,51,300,214,201,15,53,212,356,116,265,190,68
68,311,46,115,128,175,304,275,340,338,321,347,139,365,361,300,356,137,15,322,295,278
64,86,158,169,344,51,195,11,241,14,343,351,246,177,139,341,37,275,142,335,281,111
345,352,223,207,153,173,313,149,328,292,202,160,86,284,137,354,265,325,72,46,68,312
231,52,269,108,216,165,275,250,208,139,148,189,274,271,25,137,196,160,328,149,335,86
197,336,315,312,108,130,264,202,51,117,351,68,32,15,20,42,175,34,126,139,137,90
356,34,66,68,293,172,202,102,260,318,165,132,92,235,71,246,94,137,45,108,51,133
268,276,231,363,339,356,70,76,81,106,127,223,195,160,51,25,7,216,265,68,263,136
275,139,217,118,15,134,95,135,72,133,63,62,287,137,196,315,278,229,360,68,156,4
260,137,284,15,266,134,239,184,309,359,51,71,265,313,325,170,227,312,135,139,68,370
281,68,326,2,15,48,318,51,60,73,58,137,233,74,107,277,154,55,103,231,145,323
156,91,294,15,233,347,210,149,4,171,203,111,330,101,335,212,276,142,196,247,360,301
118,354,301,320,318,37,370,265,202,68,280,251,51,130,254,205,236,88,45,347,315,203
55,150,309,336,156,359,171,37,297,19,83,110,305,69,202,24,139,41,296,45,75,51
322,353,159,210,188,202,358,359,168,137,68,165,172,115,250,128,355,282,136,82,37,72
305,53,128,22,15,159,322,165,123,265,293,170,350,275,206,337,69,183,51,48,233,68
333,354,308,136,272,62,96,293,358,317,55,137,170,322,280,208,231,68,106,1,223,281
51,192,318,182,159,26,90,164,250,236,220,32,255,258,354,98,364,217,92,65,269,243
100,137,58,51,213,295,222,156,170,315,337,125,350,183,19,76,90,55,23,84,289,53
280,307,268,339,225,13,353,110,192,23,45,212,258,68,32,128,42,190,347,251,156,185
354,13,51,291,68,329,323,153,272,260,302,138,296,53,106,122,289,293,215,355,144,311
236,66,328,68,354,301,284,207,356,289,214,51,134,350,171,156,323,46,294,239,210,109
136,325,336,224,51,26,58,36,207,175,344,192,265,193,312,250,109,191,324,309,132,200
95,292,171,243,5,195,162,122,72,230,192,134,226,284,96,331,62,323,281,338,71,37
146,287,308,150,293,186,145,131,312,51,175,213,156,140,202,303,53,223,279,68,280,289
278,259,305,104,282,265,337,322,91,115,72,135,328,362,111,56,218,38,339,304,291,298
354,109,150,42,192,15,51,71,274,154,82,146,364,213,258,347,53,279,32,13,138,68
183,140,149,137,159,41,100,170,354,231,218,50,244,195,315,118,316,325,161,370,126,359
142,99,342,164,202,347,278,51,269,134,185,201,25,251,293,196,235,68,328,175,143,35
115,157,51,154,32,145,273,278,104,161,268,46,231,57,269,146,72,333,150,65,68,344
238,219,156,292,287,137,41,282,337,265,210,296,197,6,102,237,159,295,318,211,23,324
24,88,32,7,22,100,61,94,60,90,223,91,251,325,13,205,336,51,64,244,68,231
353,110,322,215,14,69,33,339,234,303,325,47,156,51,197,108,41,261,124,140,326,202
277,137,355,242,328,154,354,289,246,48,183,14,249,147,108,356,53,117,132,318,37,315
347,30,258,156,128,247,15,67,341,161,82,260,73,155,296,170,236,138,149,212,305,120
363,265,32,174,182,218,41,68,35,275,108,45,60,145,335,156,268,202,162,191,171,355
25,45,247,213,293,91,210,192,360,68,336,63,146,342,252,230,53,231,271,354,208,321
167,60,345,363,339,4,139,210,65,21,185,3,325,342,52,43,109,296,269,354,360,310
255,86,343,260,348,307,203,28,292,273,193,154,16,280,204,51,269,365,32,250,139,240
231,14,202,73,51,139,344,217,161,300,115,365,0,368,350,352,221,211,137,112,162,156
118,348,345,102,274,139,322,317,67,256,236,283,217,155,209,260,75,231,4,170,318,326
53,60,206,333,269,210,68,239,183,132,15,156,120,135,99,157,187,282,39,165,265,134
161,68,337,222,72,190,51,192,333,53,210,15,202,232,54,312,260,46,206,138,147,366
285,193,34,51,1,180,13,279,115,265,360,261,175,260,245,74,156,161,311,137,56,327
60,295,139,236,101,68,207,270,142,156,14,205,104,199,108,7,210,260,106,94,16,313
142,197,174,202,331,306,342,60,53,156,110,289,139,248,231,312,137,293,270,102,249,291
76,282,208,207,276,201,163,135,72,65,278,68,60,126,110,55,89,132,129,310,296,304
68,235,26,156,51,317,30,273,38,149,200,122,110,127,344,289,174,307,106,224,228,313
195,369,26,225,86,167,45,137,46,22,270,212,208,296,9,342,204,365,53,161,330,236
43,224,167,287,246,283,196,68,214,151,351,51,233,24,209,156,173,296,325,25,158,13
347,281,226,295,264,260,120,305,137,368,322,128,13,83,72,231,330,46,202,65,324,153
137,125,106,50,250,349,139,66,197,281,42,212,289,68,15,222,263,13,335,32,236,311
247,134,68,53,308,51,327,277,248,41,85,258,225,316,295,202,121,275,260,123,139,231
137,68,356,233,240,265,106,57,231,15,260,56,256,255,317,108,171,191,167,60,207,71
121,209,51,165,68,344,138,95,122,289,15,192,42,312,117,37,79,81,246,321,154,6
204,68,320,85,343,205,271,195,283,318,351,139,112,289,114,61,101,308,72,207,201,51
117,247,325,296,356,185,131,128,88,272,273,211,236,254,329,137,192,361,51,324,164,282
364,181,76,281,251,139,245,41,265,51,329,354,342,89,296,156,204,68,135,221,34,93
68,170,156,109,349,322,53,181,157,23,227,136,171,356,86,51,195,360,258,323,245,74
70,212,81,44,114,51,301,139,174,6,27,133,25,354,224,281,190,268,105,318,101,233
170,95,338,370,58,3,68,154,300,185,287,289,231,307,262,238,138,354,203,351,13,365
283,27,158,361,105,308,67,289,345,78,254,16,246,129,210,53,207,65,370,231,335,89
139,234,207,51,126,190,265,42,262,88,97,259,156,318,31,274,271,137,212,69,68,81
68,352,234,202,101,139,324,167,322,17,287,175,134,37,40,161,159,321,304,253,212,66
102,285,24,156,188,68,216,364,260,231,69,333,362,93,125,151,95,300,201,35,148,83
82,234,248,51,122,111,350,315,213,272,208,202,90,295,28,270,159,363,346,38,68,222
273,267,123,231,215,51,207,182,347,236,202,360,12,154,356,37,134,139,105,158,220,117
95,309,239,61,94,46,133,292,31,190,281,89,323,101,0,29,69,45,41,246,307,306
60,192,202,45,118,349,351,355,281,331,265,294,319,123,51,53,246,101,287,113,296,248
57,139,93,133,231,190,265,116,271,207,368,125,184,137,299,7,206,202,339,151,51,132
70,260,106,61,62,134,68,332,2,88,156,199,324,246,90,95,47,309,335,85,250,336
51,260,2,268,43,111,156,339,57,239,83,6,203,335,262,137,259,248,275,233,311,46
202,320,336,319,157,236,265,68,348,356,65,252,167,53,91,40,119,273,208,339,51,25
51,61,251,95,221,188,286,144,107,63,232,243,159,32,48,82,315,223,15,210,250,47
54,324,81,126,134,130,66,192,281,109,105,43,304,312,318,57,292,262,68,199,150,51
139,88,171,68,321,51,241,50,255,278,61,250,287,351,151,252,268,285,237,160,71,358
68,77,197,327,187,30,354,245,312,167,115,139,176,128,178,166,258,260,285,193,219,14
193,296,67,312,90,68,291,298,329,347,258,82,226,63,259,51,60,15,294,319,0,110
158,317,299,43,144,336,69,89,283,126,16,48,156,289,175,264,187,254,188,37,310,51
223,119,350,214,76,303,73,231,352,363,322,40,216,196,21,13,114,95,336,267,326,140
321,356,46,348,131,281,170,317,346,234,108,37,196,171,194,182,156,135,95,233,363,225
81,294,181,99,320,339,177,184,348,195,82,299,215,45,357,202,364,120,265,233,90,292
144,51,134,71,68,171,99,24,72,196,318,265,354,349,170,140,15,159,353,293,195,316
313,234,51,61,147,15,344,13,39,201,312,68,95,255,106,322,252,241,361,90,81,353
149,176,38,193,351,56,167,215,139,307,51,324,212,68,346,209,92,95,49,229,265,79
313,250,210,68,129,223,294,51,112,147,202,110,135,231,207,161,234,156,166,146,60,361
51,53,260,15,231,16,367,345,213,321,88,205,275,183,336,156,258,230,95,107,270,75
139,147,199,157,75,339,4,350,67,120,159,137,305,260,275,296,231,202,336,166,90,273
137,205,260,156,164,37,353,238,32,360,59,60,322,126,303,68,248,193,366,350,132,194
49,330,295,61,211,60,103,336,51,1,125,184,89,68,233,112,152,287,231,127,70,271
267,3,122,184,265,296,150,210,202,167,23,46,246,209,181,158,269,201,109,230,51,44
226,68,202,284,277,197,217,275,90,51,243,91,259,283,57,137,205,339,183,19,200,140
23,264,231,319,51,7,308,90,15,215,294,66,63,246,258,127,277,139,232,357,193,207
194,331,239,139,76,341,84,68,175,38,133,53,260,272,51,296,237,167,265,50,128,149
212,13,150,77,28,254,231,198,256,199,100,154,107,265,326,138,93,243,51,247,63,313
178,265,332,74,68,321,187,262,23,278,241,206,55,95,275,260,40,88,104,209,259,28
246,136,51,264,260,162,28,322,158,155,102,341,15,231,98,157,318,68,329,156,243,205
158,157,170,352,40,175,225,228,26,60,53,265,169,137,342,203,90,218,325,22,273,68
161,68,118,26,227,116,36,318,360,275,57,305,322,152,45,260,335,284,80,156,79,139
365,355,83,281,92,187,270,260,63,155,292,351,359,4,122,249,14,350,174,318,167,356
296,150,108,339,279,206,195,310,209,38,274,157,353,233,51,170,85,208,110,330,45,322
187,137,32,304,127,45,109,49,1,164,313,139,268,335,368,243,51,321,89,274,231,68
79,139,315,51,175,147,52,109,44,259,156,277,231,132,92,260,35,294,338,203,295,88
29,5,156,257,187,150,88,135,106,32,339,60,292,168,132,33,64,315,299,158,51,336
180,74,196,277,223,357,174,57,231,30,15,296,169,202,192,136,38,33,109,190,68,27
99,281,86,258,69,147,92,292,202,261,265,139,320,51,7,323,301,135,224,73,338,68
202,342,27,68,310,196,294,331,245,151,169,265,281,108,242,86,53,261,277,285,336,317
60,270,294,132,137,359,333,156,296,134,21,354,325,40,299,356,301,100,157,124,88,226
41,95,132,197,2,57,239,265,151,196,182,47,291,289,352,261,248,68,156,233,325,206
137,82,68,51,128,293,95,187,349,202,231,156,134,104,101,350,301,89,193,318,242,158
137,100,130,210,54,111,278,359,348,209,294,108,354,153,156,308,262,37,115,175,126,212
68,253,261,181,184,156,278,53,46,9,305,223,297,265,160,137,63,238,356,365,76,311
312,243,247,198,95,70,66,365,178,138,170,260,15,179,160,44,333,348,193,352,99,142
231,310,138,303,145,134,156,318,226,109,140,127,272,132,179,19,345,86,160,354,265,42
137,68,224,347,22,304,136,192,294,240,337,71,210,126,231,300,128,265,233,72,363,153
59,231,2,137,175,66,53,356,333,13,277,154,46,16,134,188,265,296,240,130,125,71
193,16,82,119,250,362,237,345,356,289,333,184,68,53,129,242,24,108,354,51,220,312
236,251,184,231,312,270,153,154,68,319,218,209,109,329,267,204,151,119,2,139,357,265
238,42,265,149,340,360,0,315,153,53,330,354,13,157,65,239,160,192,101,85,48,129
101,184,226,161,278,17,330,123,115,205,217,342,153,274,126,343,133,137,60,243,202,265
51,276,263,256,278,321,186,53,282,139,189,356,32,272,215,260,204,244,137,322,351,316
330,67,150,149,251,69,225,140,342,68,100,231,118,277,272,51,20,269,79,302,202,306
161,198,15,207,137,136,367,236,311,232,215,51,234,278,312,369,238,281,72,75,307,324
293,130,160,203,255,114,139,148,192,336,210,145,202,86,321,80,68,19,197,238,69,55
196,128,233,352,311,88,265,275,258,292,175,51,330,154,344,156,121,90,310,297,281,362
153,126,215,67,136,366,51,192,111,354,62,342,265,143,26,15,46,125,330,128,350,262
171,170,110,48,179,338,62,159,81,156,132,100,250,50,278,354,234,15,37,336,51,164
285,59,25,231,299,363,156,255,213,41,321,40,263,296,186,233,68,63,203,33,206,289
284,240,4,137,107,291,194,281,206,183,207,155,180,308,244,258,353,295,65,265,90,164
118,362,223,15,6,104,193,248,363,130,199,117,46,68,299,300,0,251,368,160,175,47
351,48,161,25,76,269,254,325,319,188,234,355,233,32,51,37,111,132,139,68,8,248
43,46,355,16,286,265,215,106,343,300,140,231,287,127,15,68,282,41,275,206,51,227
23,115,51,193,330,47,26,71,35,48,163,160,191,43,68,358,335,215,159,13,203,304
125,202,226,160,48,193,321,323,311,239,89,231,93,53,15,141,265,203,2,206,36,111
284,120,41,68,51,306,131,330,162,58,265,251,296,208,158,185,218,128,171,193,213,122
90,239,67,51,260,285,236,261,108,254,58,349,315,156,60,139,191,80,155,72,9,238
217,156,2,207,352,164,6,365,32,198,265,202,122,26,294,84,281,51,360,85,137,114
133,212,160,68,86,252,51,366,117,335,207,74,38,88,137,197,210,193,361,365,260,263
265,357,128,231,237,225,349,353,107,38,344,207,53,106,156,364,324,270,65,350,105,68
90,345,160,109,93,352,348,258,156,314,338,331,360,265,4,122,46,128,28,13,125,119
339,134,199,282,42,284,321,238,278,6,148,201,233,97,348,179,223,275,20,311,75,51
153,208,51,209,356,89,15,68,341,125,307,186,284,202,231,329,220,121,271,223,41,336
163,321,137,2,270,175,310,290,57,15,77,207,273,278,264,88,231,322,6,318,268,246
113,27,254,193,53,34,119,96,41,51,202,206,69,77,309,161,192,67,236,201,115,322
191,175,246,238,69,51,157,312,100,46,296,60,7,49,352,134,154,121,156,224,55,262
247,312,193,151,90,37,117,299,139,240,213,222,207,94,223,241,224,116,292,323,332,61
68,139,342,55,137,246,195,167,265,51,187,106,178,297,149,122,247,94,140,322,63,109
296,22,216,349,97,67,51,170,263,289,209,156,299,206,338,298,282,99,74,287,17,60
285,153,301,188,108,250,95,183,353,68,258,318,248,156,351,171,53,137,184,275,325,203
58,310,207,210,68,192,92,303,217,203,79,6,202,232,51,53,59,157,42,271,91,309
7,36,317,225,72,278,165,319,189,132,99,142,354,60,222,326,25,257,18,37,296,122
13,318,108,286,6,329,133,37,139,282,237,202,295,53,54,24,167,207,269,299,15,82
265,192,46,13,258,80,231,117,146,284,325,269,95,232,32,68,279,273,312,328,333,160
236,210,191,70,68,349,25,201,173,101,301,100,2,320,137,299,51,176,177,295,223,175
137,36,94,239,4,210,22,69,203,287,13,207,83,86,215,241,265,348,171,74,190,307
364,162,155,278,92,265,24,366,298,117,22,203,68,208,270,224,70,221,294,156,126,8
139,299,303,151,333,79,74,147,265,170,362,47,94,53,321,111,255,260,167,90,344,68
255,15,258,190,156,159,308,58,128,51,126,368,233,269,340,65,77,139,339,137,320,13
353,201,300,82,251,312,269,144,117,250,195,194,137,340,291,104,41,207,68,48,51,352
76,179,337,248,19,156,220,71,158,117,51,13,348,37,354,190,293,159,245,68,315,231
169,352,15,58,223,53,88,13,4,200,121,285,248,156,119,68,295,265,177,51,206,183
137,318,132,325,244,50,356,296,341,128,68,348,283,246,167,337,120,55,154,158,180,159
356,15,280,225,29,281,51,46,50,175,106,58,132,309,287,213,345,207,137,151,138,171
173,321,214,160,311,230,15,203,285,60,61,200,73,12,51,304,53,255,335,262,146,95
51,15,133,187,68,132,162,105,303,150,262,277,1,348,85,101,295,120,238,246,159,363
110,265,306,53,68,190,323,139,159,235,92,218,361,177,130,65,85,137,325,255,205,43
350,109,348,212,298,250,196,233,340,264,260,238,366,137,71,59,225,26,156,296,86,16
297,197,137,187,213,269,151,202,167,142,114,314,231,290,2,247,350,51,265,219,53,176
53,51,281,90,82,55,356,199,238,308,154,231,299,81,302,242,296,37,206,336,117,41
32,248,139,51,90,25,53,201,80,311,170,351,352,340,68,24,44,281,194,12,231,123
154,24,28,296,86,243,301,281,68,207,8,124,109,206,215,326,260,303,57,67,53,347
300,301,200,302,202,137,115,189,51,82,267,293,109,289,327,191,50,174,322,162,156,307
13,159,25,71,308,51,209,41,180,75,158,22,88,275,28,247,66,156,72,68,42,311
157,232,69,195,231,139,171,165,282,166,278,167,41,25,224,360,152,180,146,181,68,60
137,196,234,244,45,258,73,126,213,353,308,150,226,250,51,289,274,311,60,209,202,323
284,244,327,134,194,321,45,68,349,46,206,295,202,294,151,51,322,258,137,271,230,101
233,99,84,14,265,125,135,90,105,156,370,300,26,15,273,260,354,54,341,183,291,193
278,56,178,128,139,188,329,356,265,68,95,127,353,259,51,212,258,284,276,231,166,345
13,213,285,41,67,64,207,2,337,68,15,241,158,335,51,247,202,348,309,292,157,46
137,270,186,68,361,69,169,40,296,197,170,180,205,132,175,70,229,109,202,79,118,234
107,195,321,237,179,338,202,123,156,196,281,240,1,128,149,247,127,14,294,140,112,21
189,226,69,253,139,203,68,322,256,298,15,370,28,59,356,41,321,133,202,42,281,187
42,231,255,188,63,322,141,148,37,202,200,335,71,187,337,132,14,295,331,82,100,119
282,202,90,41,265,214,114,35,224,34,269,300,318,245,83,51,68,118,92,166,2,15
31,41,260,22,278,171,312,190,3,354,137,193,50,309,231,90,214,123,255,102,160,339
366,88,256,9,100,262,316,265,203,160,15,86,281,170,322,207,336,276,175,249,107,283
51,2,12,271,99,260,188,88,248,359,170,208,322,89,267,265,119,247,202,86,101,291
119,13,156,313,37,138,75,231,68,308,51,54,69,153,364,86,294,330,248,317,292,301
92,298,339,154,238,215,200,73,100,257,225,7,104,120,304,72,137,25,51,176,68,222
86,165,67,311,135,336,11,322,317,343,200,300,293,230,99,298,107,46,51,260,222,364
90,74,53,51,336,361,139,142,265,126,286,302,153,214,303,248,352,321,137,92,310,80
45,68,210,16,223,265,112,270,260,266,75,202,90,365,274,60,34,182,13,291,205,297
53,51,321,304,298,164,122,108,312,196,286,260,77,149,156,72,70,246,368,132,95,160
248,321,68,158,184,115,51,67,156,44,224,283,159,265,69,37,83,241,318,310,137,100
51,321,293,348,330,313,60,224,20,12,291,160,14,148,82,65,253,31,194,325,246,151
75,128,329,344,319,104,43,312,333,51,195,150,160,102,360,90,59,64,279,318,46,15
157,203,202,354,318,112,132,107,51,23,98,169,13,27,147,278,204,170,136,339,233,353
137,225,51,109,17,276,82,45,265,255,331,126,233,201,231,96,29,297,311,90,184,353
265,295,58,51,14,89,69,167,32,53,304,370,222,68,122,333,154,150,203,299,139,126
158,108,26,345,31,196,258,115,79,286,129,199,48,59,14,95,271,301,51,50,318,326
201,356,137,283,237,46,60,277,144,212,128,166,38,192,252,333,196,269,205,202,15,140
68,156,238,88,233,269,303,64,188,236,318,185,106,13,109,60,293,260,41,301,82,38
354,159,358,55,133,154,169,189,137,348,127,285,276,274,99,63,51,279,61,361,265,269
68,231,356,15,265,21,156,86,256,6,248,368,269,32,46,273,300,223,260,237,130,146
356,27,256,330,223,299,81,34,51,139,265,353,365,178,137,286,233,239,76,355,307,328
267,63,215,13,265,100,158,53,351,147,232,356,225,156,171,139,284,192,352,274,231,297
68,19,263,299,294,41,90,350,160,58,239,167,347,156,159,235,117,51,123,276,191,139
131,51,286,278,256,230,73,26,201,291,208,255,46,260,154,210,71,132,271,248,150,344
129,52,23,323,286,32,196,202,355,265,46,51,67,134,71,123,193,90,283,273,300,8
166,137,205,165,51,60,138,160,139,202,114,281,364,153,91,162,225,185,304,307,16,13
26,363,344,232,350,265,13,313,273,10,236,215,296,129,123,156,92,305,268,258,160,108
276,224,74,201,340,55,22,305,32,311,25,51,47,338,260,41,68,82,95,303,146,168
263,335,222,255,137,289,68,139,124,71,111,22,6,267,215,199,224,117,131,60,238,253
169,153,68,230,362,161,158,139,93,194,321,233,51,329,292,287,94,110,296,314,202,248
24,104,68,76,75,344,170,234,87,278,223,90,333,341,336,296,194,311,222,51,191,128
51,31,207,208,95,233,42,356,159,277,65,40,151,68,296,156,102,129,259,74,212,109
68,146,175,108,266,161,156,137,102,51,208,48,195,95,32,349,233,129,224,214,105,13
215,292,51,336,341,339,106,166,90,24,353,274,116,278,185,75,187,283,362,26,325,294
156,115,80,319,153,296,12,248,82,48,86,28,51,267,356,366,233,158,63,32,222,196
210,307,291,165,139,318,348,154,20,119,9,15,267,51,200,61,161,265,94,153,79,25
250,238,68,265,51,292,69,272,232,12,231,363,82,277,278,315,106,350,269,215,316,150
113,142,294,51,153,263,237,349,69,344,265,328,54,16,137,318,363,234,45,309,206,292
170,339,335,269,354,281,190,231,208,68,162,128,137,201,223,309,173,251,90,323,139,168
44,365,308,153,70,296,309,318,165,356,160,55,122,348,139,13,351,84,282,132,142,86
280,347,233,56,68,190,330,117,263,13,22,204,51,170,175,265,273,278,365,237,96,121
68,69,203,261,91,156,86,363,225,183,95,281,239,292,344,327,218,181,51,295,136,318
208,74,137,40,157,219,320,170,316,253,295,210,347,68,359,8,278,147,186,333,215,51
56,137,191,318,268,68,60,312,97,299,350,224,313,9,22,354,205,347,189,160,325,202
210,342,53,126,76,201,332,65,99,303,209,89,337,90,13,147,159,21,202,47,192,15
45,143,246,95,108,72,216,1,68,197,194,278,207,23,92,51,121,14,90,276,115,187
15,276,151,291,354,156,295,366,361,170,137,134,322,207,244,223,68,90,88,183,332,133
104,70,130,354,156,192,344,164,148,53,298,45,79,71,154,51,274,282,358,82,40,349
231,121,165,210,243,160,294,212,15,298,265,369,333,13,109,164,90,68,51,151,263,141
245,76,206,287,222,21,225,252,265,132,363,27,352,295,236,180,3,92,171,129,118,274
251,154,150,24,140,354,309,265,348,21,68,260,356,328,191,124,104,224,324,113,188,207
53,51,272,171,226,294,326,210,90,65,225,69,155,22,333,281,308,79,360,206,201,43
201,82,202,151,15,282,211,159,63,287,144,243,336,258,68,76,35,350,364,318,4,123
43,74,250,306,111,137,172,68,51,219,368,126,207,156,46,125,357,337,344,41,15,139
51,332,63,128,112,248,46,183,250,201,162,108,153,324,214,292,96,150,311,243,68,22
241,238,90,56,260,84,354,46,95,112,318,254,7,24,250,212,265,124,152,83,157,295
208,187,121,172,51,12,109,27,154,93,245,349,192,102,164,194,174,281,191,87,22,167
193,163,18,145,135,160,170,262,359,158,166,21,245,191,299,48,90,130,330,188,76,357
139,150,325,156,51,109,295,72,276,61,231,270,48,282,262,261,259,340,212,364,15,57
23,269,196,170,129,51,154,68,297,69,355,58,286,187,98,150,156,109,284,278,341,356
247,203,119,122,133,352,294,115,238,51,83,137,59,210,99,9,46,81,194,209,208,362
340,139,205,82,333,244,50,154,97,32,68,192,43,94,249,134,315,229,133,81,224,145
85,205,89,179,284,237,265,132,320,226,285,5,137,100,2,309,135,76,23,258,91,32
120,367,74,118,68,262,231,304,263,265,12,310,291,137,13,31,71,324,212,248,46,44
278,51,270,348,359,354,196,231,205,370,265,295,192,138,74,58,102,15,96,68,276,83
84,189,264,15,124,119,238,51,156,68,191,83,118,40,2,260,231,194,332,251,85,226
193,138,9,195,51,253,92,129,107,36,309,18,7,143,42,247,210,167,157,13,22,270
14,231,179,132,51,71,92,207,115,156,354,238,249,15,79,85,321,99,214,364,281,32
344,118,283,327,205,310,152,354,83,313,265,139,32,20,37,300,23,299,99,321,325,180
135,345,214,356,296,67,5,163,268,170,94,97,132,265,137,324,201,202,51,90,9,321
347,26,255,1,318,170,52,46,317,183,118,53,109,60,63,167,192,288,362,221,25,296
27,337,171,272,359,149,159,349,43,265,310,108,231,76,181,16,356,95,295,245,23,366
27,156,363,270,133,345,318,151,240,95,0,137,195,103,265,73,271,92,83,132,74,269
213,193,28,32,256,93,122,13,214,299,15,81,235,365,260,60,313,34,106,124,258,82
350,294,356,109,71,114,95,243,207,26,139,238,293,76,304,106,129,354,309,99,14,332
270,170,137,16,45,272,196,319,114,233,265,6,51,210,53,299,197,92,156,68,320,57
51,3,30,55,325,228,343,83,188,314,223,90,264,198,363,68,109,248,192,308,258,287
265,53,295,365,52,324,156,137,4,75,302,99,328,92,43,273,356,246,51,86,63,359
258,51,118,265,148,95,322,309,137,165,127,360,60,193,31,278,108,204,109,281,142,49
95,236,51,68,193,308,90,58,364,360,160,262,195,15,218,337,44,345,156,182,110,290
201,160,366,304,223,212,224,128,310,221,308,82,321,117,137,265,121,191,139,246,336,315
58,336,128,108,337,68,137,47,166,214,234,51,194,354,345,219,139,17,259,167,197,133
140,59,343,51,170,137,156,205,286,231,53,188,142,366,258,271,15,45,303,109,345,251
295,205,335,139,280,305,99,172,15,314,53,358,156,317,126,361,88,137,84,6,208,51
244,292,293,153,131,291,156,364,60,209,281,288,56,341,17,232,296,126,306,265,310,81
108,261,53,265,68,317,30,188,171,132,362,192,167,297,363,124,278,51,299,330,309,300
284,265,53,70,113,100,116,137,170,65,304,179,361,51,45,363,41,364,97,223,138,109
83,307,348,354,14,16,274,349,202,68,312,159,183,295,151,281,107,250,128,133,335,260
13,48,199,304,293,225,15,171,224,128,219,233,269,312,27,333,53,260,265,202,95,149
95,98,265,170,93,129,102,108,51,355,231,2,119,174,100,240,60,275,356,254,197,151
272,258,295,345,243,232,262,184,152,327,355,81,98,109,326,252,182,79,275,92,238,266
202,180,181,207,13,356,82,46,206,88,117,203,260,351,222,246,95,370,70,156,158,30
151,263,75,309,233,8,368,189,160,184,167,71,265,48,9,197,273,190,356,183,106,172
217,214,51,139,93,238,199,158,252,41,318,7,265,23,357,22,260,177,105,197,95,202
259,345,239,13,21,213,82,5,47,198,62,104,25,51,192,309,90,296,202,324,365,86
69,183,269,68,342,89,164,246,46,289,134,251,188,265,304,284,103,126,341,63,11,25
191,333,109,156,336,266,155,250,128,137,77,226,252,359,46,30,154,284,171,208,356,213
234,139,258,354,225,320,129,245,103,247,106,269,27,73,281,68,260,4,299,194,265,230
210,295,139,118,243,42,68,46,366,339,337,6,299,37,353,354,294,28,109,329,304,156
342,344,137,281,184,291,40,59,68,97,175,370,33,69,174,53,275,276,25,167,202,49
192,30,265,243,31,60,138,139,23,353,150,248,68,289,302,154,45,365,238,102,38,272
45,137,95,19,218,99,51,225,251,126,350,110,88,13,108,265,82,187,76,175,160,335
347,65,136,15,154,166,95,88,258,101,167,5,294,267,278,76,139,353,296,114,122,314
159,350,32,224,348,157,355,189,306,128,95,191,23,209,50,12,265,53,14,362,320,72
51,62,19,231,206,136,201,246,304,37,150,30,125,309,248,356,249,4,243,238,208,109
283,133,342,150,137,215,302,274,50,173,210,49,86,83,233,142,234,225,69,259,369,2
299,237,164,13,273,352,96,128,108,282,358,68,50,200,139,230,32,239,265,79,15,137
202,147,307,55,58,193,327,356,302,248,314,213,51,110,137,207,53,196,94,161,93,27
32,286,53,283,110,15,90,60,119,289,240,131,129,265,150,166,222,296,186,337,31,117
51,137,265,193,12,149,84,363,281,139,273,222,246,60,175,65,140,311,57,209,101,55
157,68,168,352,307,252,139,238,268,51,129,37,183,88,361,132,354,187,20,108,197,57
193,115,156,105,175,204,42,15,74,139,68,293,223,213,117,308,330,337,356,212,203,109
207,38,352,193,45,254,296,304,149,221,90,3,26,95,137,140,22,324,147,320,117,187
46,32,127,190,236,121,222,112,258,365,140,269,145,192,41,94,231,48,329,207,65,56
321,259,47,318,93,288,99,242,97,309,53,46,150,241,109,90,79,13,238,75,208,197
236,95,55,139,281,262,119,138,183,51,364,37,108,128,291,317,144,356,79,106,217,58
19,295,345,203,137,95,263,231,278,191,12,145,51,202,301,322,363,259,288,237,364,299
322,61,195,80,34,140,8,207,131,121,236,260,296,319,255,171,91,349,200,278,191,103
144,219,120,258,231,279,225,337,13,115,255,131,323,37,154,137,171,283,38,149,237,212
239,276,244,51,73,137,46,215,95,283,173,167,150,246,175,101,68,141,339,301,313,132
85,160,260,106,256,354,51,277,46,39,214,352,45,301,309,24,150,50,26,53,213,104
51,237,234,330,238,220,248,265,13,175,61,285,301,56,180,137,208,268,355,114,363,215
28,271,172,7,312,193,238,298,235,281,236,325,256,254,208,108,336,120,36,115,225,53
142,61,247,24,236,53,110,248,102,287,70,293,188,260,4,89,302,72,318,335,277,311
184,283,175,202,139,191,137,228,69,199,68,230,38,109,167,231,192,360,46,51,90,362
84,233,51,328,77,278,23,59,296,202,231,368,135,324,238,195,170,139,355,245,275,144
191,265,266,22,243,51,71,94,164,49,296,330,149,53,61,137,44,208,195,285,139,344
131,147,282,356,236,133,365,351,345,335,222,51,12,359,294,265,153,137,188,318,231,15
215,69,364,103,58,15,327,210,239,297,52,294,213,359,203,252,208,101,95,45,51,197
302,159,207,222,296,348,366,127,231,362,79,174,285,323,8,324,210,213,215,259,353,183
167,150,303,189,13,214,192,355,41,5,203,63,260,269,231,142,51,316,308,131,175,95
370,72,179,241,45,188,296,51,149,240,68,365,137,330,126,96,265,252,336,327,170,339
202,47,102,156,68,53,221,364,293,310,275,42,88,339,15,289,126,295,2,154,188,302
303,265,68,310,132,176,100,191,248,19,128,83,304,15,90,281,340,247,357,349,21,144
231,203,10,184,197,159,96,348,26,211,51,123,68,294,139,223,293,22,311,119,30,109
156,237,337,19,213,351,248,251,58,265,95,69,170,53,224,68,164,355,93,223,205,209
201,128,108,256,174,51,90,156,265,42,325,344,136,210,190,270,2,137,139,50,357,15
301,213,265,327,88,112,111,354,229,346,260,146,205,89,26,124,69,278,106,325,364,165
175,199,281,225,354,223,265,137,256,352,7,188,156,251,15,304,198,63,359,245,51,312
53,2,318,28,34,18,37,126,244,276,368,282,147,73,47,328,21,56,269,175,214,46
97,247,51,225,171,357,251,107,69,68,341,151,114,332,209,74,305,355,188,255,358,161
263,151,231,321,265,110,49,43,133,259,191,324,292,63,117,140,22,349,260,294,262,336
269,68,309,137,156,102,69,284,260,139,104,165,52,82,134,115,239,51,88,299,256,114
156,37,53,120,115,55,330,142,355,193,326,16,45,51,137,13,265,47,185,312,90,40
269,343,160,134,210,42,140,338,51,193,293,32,271,218,77,241,95,315,199,304,309,175
335,122,137,317,76,316,355,211,202,53,3,68,135,180,265,105,13,281,128,187,319,231
51,223,248,281,265,183,191,188,208,40,229,117,101,161,114,108,232,97,308,287,213,155
281,68,255,317,325,350,45,204,82,192,24,137,99,304,339,201,258,129,226,302,107,348
231,167,110,191,156,277,100,202,339,69,107,121,333,187,51,192,294,265,95,245,261,308
311,175,285,137,38,225,245,9,236,278,167,81,261,308,186,51,248,148,40,160,322,187
6,111,209,345,115,291,265,127,137,50,38,272,48,65,113,15,51,81,325,236,156,310
119,137,251,57,99,281,292,111,206,337,75,352,280,256,347,95,47,15,59,73,222,153
265,356,43,45,137,352,207,243,226,15,349,16,202,40,354,285,336,322,183,156,299,82
14,51,1,108,366,294,318,259,269,265,209,313,30,154,137,277,292,301,317,307,100,281
299,150,328,279,68,119,309,281,347,286,315,92,101,314,265,202,312,269,219,72,184,293
160,165,19,131,318,8,122,159,338,1,22,55,116,118,260,175,200,197,240,231,291,128
260,68,40,112,304,270,196,88,134,15,108,165,319,318,312,137,182,299,281,60,11,82
296,157,198,212,202,199,158,204,309,269,223,68,137,215,132,86,118,330,289,294,356,208
79,311,195,109,182,352,273,200,13,6,269,235,90,127,355,265,84,91,197,250,304,44
68,276,41,144,203,47,310,82,330,207,363,117,220,206,24,124,284,233,231,171,329,205
205,219,118,154,88,99,110,46,274,281,81,137,311,326,356,90,241,242,231,235,51,16
165,265,260,132,236,175,357,83,15,28,32,300,251,292,314,359,295,231,299,368,124,97
174,269,75,171,134,304,202,368,324,79,56,40,68,12,115,13,37,225,197,106,241,339
32,351,77,98,285,325,154,60,316,329,69,148,83,188,357,139,90,269,45,361,156,17
74,252,112,36,145,309,311,258,319,265,182,324,51,193,175,119,79,170,203,260,238,70
365,267,130,114,286,89,276,202,189,235,248,290,369,292,140,82,112,281,261,68,119,318
194,51,157,323,24,236,82,45,294,55,277,149,156,238,293,19,66,219,129,275,265,13
260,137,124,284,258,68,245,90,318,349,139,119,193,327,269,337,101,151,342,192,32,51
356,231,357,202,246,68,278,51,16,150,72,49,369,43,286,5,265,182,308,170,46,317
128,359,265,53,251,325,15,354,221,277,109,137,370,348,47,139,147,108,262,238,91,127
108,351,6,205,197,231,311,15,167,25,352,111,326,37,68,35,218,240,175,265,284,353
307,137,72,304,269,120,157,278,169,170,233,274,360,102,236,220,163,234,53,309,162,333
97,318,120,223,1,168,362,88,125,163,60,51,63,359,141,210,37,251,75,133,161,16
68,157,146,150,128,117,41,201,107,126,118,234,156,281,47,327,101,98,51,76,370,355
32,119,156,202,348,60,322,278,171,310,137,94,40,230,157,175,68,251,240,232,330,260
104,311,15,238,244,22,337,81,86,352,303,243,354,278,283,301,126,68,248,275,51,224
137,274,103,135,348,174,65,304,231,303,188,43,51,15,55,13,226,93,156,47,260,71
301,7,128,209,191,38,4,338,195,129,288,278,328,187,53,299,365,156,218,336,356,92
168,53,355,311,51,284,101,358,207,187,363,81,32,248,256,204,4,342,214,333,328,195
355,336,218,47,156,187,132,134,339,55,159,350,95,45,245,330,196,137,60,51,362,30
363,251,325,159,132,128,265,359,222,353,290,281,68,227,202,261,137,101,12,64,267,166
296,295,233,352,22,154,68,156,117,15,72,140,285,194,251,231,317,26,155,97,170,64
51,171,154,48,282,225,193,139,95,293,327,22,324,262,250,302,251,160,128,76,49,355
146,260,312,114,301,273,63,339,51,256,20,149,42,213,171,73,212,101,269,117,214,68
230,156,121,51,15,119,157,147,344,313,195,47,38,144,77,260,116,231,354,318,71,265
284,157,79,142,260,65,188,322,355,48,76,88,23,60,24,311,118,202,199,366,13,159
217,90,264,53,161,51,278,44,294,91,226,68,209,121,348,137,81,198,117,153,15,69
40,136,51,265,278,126,94,139,299,233,243,77,92,79,108,137,345,70,67,351,118,289
151,246,359,326,170,150,206,330,31,356,51,243,248,160,298,13,75,137,265,142,352,338
218,126,196,140,223,128,314,61,156,157,24,153,119,47,351,92,352,56,213,268,51,97
176,100,271,51,68,139,357,75,296,13,351,191,223,206,27,345,196,126,123,301,53,9
85,137,322,333,252,90,265,131,246,282,270,256,220,69,163,210,156,291,202,260,345,51
98,309,68,69,137,225,307,298,238,167,360,260,354,41,355,110,273,67,128,132,15,203
237,68,330,53,308,180,60,338,351,293,292,261,95,190,233,229,244,347,235,140,248,76
142,108,72,318,30,201,240,95,23,276,272,317,289,125,51,37,316,314,223,139,68,156
243,54,77,264,281,191,51,34,90,170,45,147,265,201,336,359,82,319,79,309,119,164
296,208,55,206,175,330,193,333,295,225,272,14,88,3,349,319,60,158,307,221,231,147
270,265,75,12,65,2,304,95,70,81,354,321,58,53,32,126,82,236,137,55,369,167
301,51,294,240,68,119,53,324,49,105,131,369,65,48,231,106,203,62,192,161,357,281
68,8,362,222,48,42,137,231,32,251,360,348,302,156,73,53,240,223,336,140,278,23
169,324,0,15,117,63,301,75,106,113,68,140,248,51,318,30,316,115,293,138,23,247
112,53,202,51,59,252,74,323,222,296,41,238,37,365,346,157,245,68,81,328,260,225
263,114,171,126,182,32,268,156,90,356,264,354,51,54,260,299,295,188,364,300,15,225
356,210,216,350,189,283,31,106,349,50,219,66,149,265,221,68,54,92,53,51,166,6
203,234,59,238,277,125,300,104,201,167,1,332,68,206,187,15,192,231,246,258,21,189
285,88,13,62,53,214,35,311,12,248,129,204,90,269,358,99,30,340,126,100,336,59
260,196,90,175,43,265,170,354,202,156,135,112,197,51,256,308,124,276,329,40,117,83
365,345,76,328,205,89,45,129,355,362,313,55,81,222,214,111,230,322,192,271,343,72
160,39,65,51,81,269,346,32,178,261,163,120,329,268,319,128,68,141,13,295,181,354
331,326,53,318,245,235,164,139,95,354,41,196,293,234,289,276,51,115,163,156,73,367
139,295,240,255,90,170,283,354,61,68,119,46,157,95,152,126,53,137,238,2,355,345
160,68,209,134,51,283,191,265,233,241,179,188,152,333,345,57,0,231,197,139,317,86
269,89,363,51,356,30,259,296,15,344,351,175,93,122,147,109,156,121,170,218,14,41
151,329,41,292,302,45,195,2,231,115,51,307,311,157,36,368,207,245,164,332,248,116
68,318,104,284,251,202,89,51,3,246,225,131,290,56,201,13,15,82,44,352,369,353
214,53,68,127,199,260,295,133,296,120,356,349,88,276,73,17,90,195,137,202,233,132
278,359,13,370,368,51,362,30,181,208,148,170,197,328,73,151,276,68,358,55,95,291
278,89,160,228,60,183,295,66,146,97,197,88,287,366,135,144,113,9,323,67,68,212
265,48,111,157,257,47,9,312,95,68,41,213,42,289,293,211,128,258,134,69,260,330
32,72,336,231,45,361,342,108,248,265,326,356,123,120,163,233,185,110,69,162,51,240
215,51,213,52,210,175,33,202,346,342,260,352,208,32,105,129,293,95,304,223,255,238
28,316,287,314,292,57,137,117,211,82,51,167,356,15,63,336,272,95,315,218,248,16
47,258,330,156,303,178,265,338,51,194,165,75,192,68,247,88,311,183,42,15,296,222
248,125,202,163,8,68,13,229,109,69,356,88,265,47,315,190,60,137,159,20,22,199
19,183,269,156,53,51,134,260,223,241,303,351,186,157,151,165,75,104,159,172,126,100
240,144,368,110,309,301,277,167,191,20,209,265,364,230,274,342,128,24,99,350,12,233
51,44,218,318,68,101,174,190,215,30,299,304,128,207,126,275,137,312,105,240,156,21
160,51,77,224,346,139,354,133,318,201,142,37,15,207,203,281,153,119,190,105,53,263
137,76,183,265,140,322,202,2,53,368,254,130,295,46,213,234,223,323,94,44,348,45
126,203,95,281,163,368,284,156,335,187,110,82,32,345,46,62,338,323,245,269,74,311
53,245,239,230,314,350,368,95,220,148,56,68,51,73,23,351,275,296,40,118,121,98
51,344,180,225,343,363,5,239,238,109,120,176,113,41,114,139,151,117,68,302,62,206
311,276,322,183,90,68,15,37,95,297,365,170,318,135,246,156,247,187,205,308,330,179
169,151,187,161,289,42,36,342,274,359,341,119,134,312,202,263,45,9,84,37,368,231
76,108,191,90,315,326,285,87,51,126,72,109,352,182,137,244,337,95,2,134,299,156
233,185,53,201,337,100,62,292,260,194,60,285,68,232,150,5,15,356,191,209,63,263
321,43,122,269,304,137,45,237,15,195,262,82,13,318,238,333,72,243,326,147,220,153
197,362,31,218,298,265,136,238,225,133,285,351,305,349,66,209,19,160,356,68,271,195
200,206,312,77,23,323,351,345,126,255,240,313,68,57,296,51,105,157,356,333,273,263
164,79,90,252,202,359,156,193,86,296,237,95,137,68,327,51,294,281,106,192,110,247
357,293,51,100,365,157,355,202,216,72,150,134,265,318,37,223,194,42,90,65,137,53
291,117,25,246,150,232,166,156,265,37,164,57,237,51,95,324,263,289,241,221,86,224
148,115,57,343,364,242,46,188,337,203,52,166,355,137,60,59,265,307,236,202,277,68
351,68,21,32,79,139,318,286,210,165,347,322,304,88,369,8,156,59,278,283,265,359
53,13,95,15,109,9,68,281,158,176,356,352,65,222,55,347,38,325,212,51,134,295
231,164,235,224,365,202,89,295,218,114,46,153,13,175,88,81,357,296,228,68,22,176
190,100,72,108,311,269,286,202,51,223,301,194,326,237,324,193,310,325,68,82,160,16
225,37,337,202,107,323,233,265,295,87,142,318,284,137,242,193,135,243,139,250,210,15
363,205,356,338,318,15,156,237,197,46,265,51,231,75,243,127,335,180,326,244,68,208
209,140,53,213,126,95,234,136,328,4,0,212,225,265,205,359,281,68,129,200,166,49
215,76,325,169,103,187,81,356,108,312,259,265,283,20,53,92,316,5,277,101,298,41
238,68,155,197,71,183,53,254,51,128,160,256,318,295,108,213,243,324,173,88,90,355
231,345,212,245,6,15,215,344,265,284,147,139,134,133,224,354,211,247,123,82,312,281
277,96,219,201,149,104,295,203,222,236,196,164,86,125,139,167,160,43,335,58,51,122
140,231,272,187,20,184,295,353,120,326,40,137,287,301,157,344,256,164,360,138,278,128
231,262,109,122,348,269,139,51,171,223,115,322,134,237,246,37,318,343,219,299,74,341
338,137,301,12,32,263,271,287,113,109,215,214,15,51,13,224,337,216,156,251,162,336
91,51,253,246,359,125,45,108,186,5,195,318,36,276,217,88,196,12,95,309,277,225
258,112,53,132,1,295,103,68,139,39,178,32,115,160,289,359,333,336,247,128,16,265
32,215,296,301,53,354,167,352,271,278,158,100,247,336,298,77,76,156,295,47,287,196
157,38,2,90,13,250,109,348,252,53,265,365,6,88,135,46,68,301,76,269,284,231
355,57,275,131,139,365,120,263,265,68,225,195,203,231,362,318,330,72,245,103,99,64
353,299,233,171,60,285,170,126,139,188,275,134,51,34,95,53,264,90,342,195,269,276
34,156,351,245,193,348,22,265,5,137,16,181,248,51,307,182,42,157,174,53,134,260
51,193,95,312,353,170,116,332,354,89,137,231,205,46,281,302,196,74,1,274,258,25
48,245,137,318,120,68,304,156,207,51,219,119,174,294,281,280,287,134,221,335,351,128
117,71,214,175,368,36,337,122,146,231,303,356,270,137,187,133,312,265,343,92,56,299
126,156,251,318,51,208,297,37,301,256,253,82,139,357,293,125,353,233,277,68,58,307
361,53,214,217,139,160,314,108,44,137,307,51,141,156,283,260,140,162,354,265,362,40
85,364,171,79,72,68,65,137,302,21,244,234,209,13,206,311,84,196,274,126,343,86
137,259,279,185,203,200,61,208,234,291,106,349,231,223,126,123,174,162,164,129,153,238
51,183,253,15,184,318,301,12,1,117,53,73,198,197,296,192,246,153,248,130,185,201
51,231,68,77,38,284,265,309,170,53,342,317,149,316,311,241,223,209,251,25,354,261
53,13,77,293,321,262,354,152,259,269,356,63,156,339,68,32,88,202,109,5,233,260
51,122,90,335,309,366,236,196,256,37,207,203,68,228,322,137,225,170,8,85,325,307
38,231,56,15,193,234,219,274,23,325,137,32,201,191,218,95,321,82,146,264,68,233
54,283,349,219,2,202,273,171,37,335,53,156,238,183,301,45,24,72,41,357,311,263
336,37,210,325,285,61,283,292,49,76,287,265,171,234,51,323,198,190,227,158,272,296
36,320,275,243,95,169,68,260,80,62,157,225,247,369,322,327,51,43,194,216,287,167
13,156,233,215,293,83,38,304,114,155,139,51,202,237,60,47,95,121,128,235,133,57
160,16,223,215,133,363,289,354,284,214,37,309,323,145,318,7,199,273,68,140,293,1
296,139,292,318,46,115,108,284,228,104,127,258,156,281,364,192,356,183,248,72,2,38
134,190,139,220,99,137,282,266,33,245,185,215,338,256,345,5,224,51,95,262,330,167
232,156,130,71,351,329,202,335,343,231,95,94,303,47,15,363,356,201,75,86,121,136
159,50,252,139,237,170,26,37,105,28,286,117,95,344,46,296,345,187,164,260,68,167
311,353,27,295,137,45,53,35,296,15,98,156,297,282,170,7,285,69,14,366,86,139
249,190,311,174,279,194,126,360,137,68,270,106,172,281,152,241,43,356,185,147,51,24
40,137,51,128,2,304,363,167,292,198,287,277,212,180,171,150,256,265,296,333,202,223
107,164,202,95,265,53,224,246,354,105,330,71,238,215,37,237,192,239,214,46,245,68
289,164,199,45,125,137,318,260,132,238,322,88,118,13,168,48,94,158,267,180,312,106
169,2,21,268,160,181,222,311,203,98,272,121,156,296,354,15,51,150,133,231,295,30
13,175,358,268,337,126,316,26,185,29,282,141,107,68,120,122,137,231,56,354,223,27
180,13,71,108,75,292,314,99,277,265,132,109,247,268,110,258,46,194,195,51,82,309
324,213,122,338,114,22,340,2,25,51,294,107,175,305,71,188,4,205,20,35,244,222
156,256,181,293,311,139,28,47,71,224,328,138,82,51,185,96,284,233,200,137,107,95
231,327,118,107,134,68,289,318,208,15,164,272,160,126,187,167,172,137,321,119,210,342
90,336,278,51,132,108,297,111,364,322,40,312,343,150,197,267,76,179,188,30,195,74
308,213,137,233,269,296,15,18,342,247,283,312,274,67,260,92,84,273,123,52,104,202
14,163,182,339,51,34,195,365,322,341,162,25,139,93,301,209,244,42,67,156,11,200
87,56,232,306,246,234,119,322,99,25,164,203,51,243,307,253,175,284,77,8,137,268
285,259,369,77,233,268,256,327,310,190,321,155,336,100,82,324,146,117,265,52,342,57
27,202,68,220,132,55,233,333,318,160,247,205,179,183,37,121,349,56,355,28,265,32
275,270,350,139,304,254,88,137,68,146,55,354,51,183,93,143,95,189,222,156,248,366
281,267,108,212,129,226,164,208,323,76,62,90,118,285,182,53,133,68,340,312,178,304
296,347,160,350,265,281,139,231,258,41,164,53,22,115,51,322,215,64,295,252,134,95
63,41,109,132,142,261,61,278,205,137,126,265,202,92,185,219,57,167,322,131,209,155
57,336,68,22,320,205,139,278,90,118,108,276,73,231,363,354,286,291,21,127,166,144
269,139,156,230,305,267,195,265,42,90,51,22,113,54,308,281,236,356,207,178,55,256
207,361,233,7,90,117,262,167,128,164,136,156,37,147,347,316,223,160,255,173,48,171
272,255,296,51,191,35,81,12,347,283,36,68,315,313,156,301,325,39,223,318,265,137
191,21,284,356,72,50,45,165,260,283,68,32,363,345,98,128,95,15,117,51,44,265
187,126,243,296,137,44,257,238,293,46,35,344,347,354,239,234,208,269,278,368,74,25
55,301,312,69,241,120,35,167,100,320,200,184,335,15,256,190,355,51,38,295,111,362
15,55,176,223,294,37,71,117,11,158,47,348,156,277,268,229,265,324,81,85,112,330
236,296,21,277,30,139,177,132,295,110,107,68,111,51,335,237,172,363,167,14,317,8
285,82,166,153,275,27,214,237,345,364,344,338,51,337,68,296,349,67,142,256,156,265
354,50,68,304,80,252,359,79,272,211,95,171,0,269,273,201,265,302,133,187,51,220
37,51,2,233,267,283,217,255,289,48,238,145,170,245,265,320,205,335,167,284,68,331
258,90,293,108,101,248,25,60,137,67,95,15,345,265,47,296,100,284,51,203,264,360
110,318,253,256,68,117,170,305,15,248,156,231,128,59,183,289,235,98,57,18,144,149
46,245,37,68,225,109,138,187,139,104,191,251,142,281,269,280,160,16,305,192,260,240
115,61,301,324,67,302,70,156,321,315,68,49,117,217,317,364,105,231,45,303,140,118
336,51,349,337,68,89,96,223,137,15,258,320,115,86,225,9,248,356,289,358,353,202
91,258,135,56,222,308,333,59,260,342,202,251,25,53,161,196,205,142,271,68,192,100
258,27,70,230,22,175,309,13,235,202,146,68,96,200,118,209,281,284,236,316,32,269
354,68,139,51,137,265,260,37,135,364,35,15,3,151,58,275,100,365,201,156,63,41
53,333,357,27,260,109,354,162,207,7,90,17,203,332,136,193,65,140,267,38,336,35
284,215,116,236,337,82,341,238,158,68,272,309,115,149,160,258,354,92,344,265,250,233
205,291,273,265,211,223,100,51,188,336,358,215,60,355,294,353,356,53,209,330,92,24
139,202,203,184,136,254,183,275,293,193,46,169,330,47,137,358,364,265,162,278,106,66
15,325,366,359,83,347,236,237,298,68,333,355,79,231,37,265,48,122,144,191,247,111
356,223,12,126,233,295,58,167,57,108,310,159,278,183,131,66,258,157,319,256,201,268
260,34,237,45,60,294,51,356,68,145,38,312,103,95,271,43,156,14,2,262,111,354
154,308,283,57,304,321,357,332,331,167,195,214,209,200,363,123,98,315,284,28,236,125
192,217,137,302,43,284,246,87,86,68,149,245,151,79,92,84,260,39,369,231,50,304
224,238,4,138,45,102,59,234,250,241,52,139,247,122,51,144,148,338,76,265,298,53
354,75,135,315,49,234,171,102,118,71,211,298,326,69,281,188,15,300,304,68,320,280
93,201,203,265,160,137,179,215,356,109,231,340,278,4,95,209,298,15,51,132,151,38
146,137,68,111,183,140,311,265,160,22,135,141,51,158,337,156,60,299,45,297,287,360
114,167,51,41,139,216,98,34,133,339,348,69,183,272,118,105,294,208,356,7,318,15
72,108,196,192,301,315,173,265,135,143,51,32,270,281,296,285,147,239,68,137,88,206
296,45,51,134,238,156,282,276,149,210,32,157,337,331,31,212,196,93,281,126,235,27
312,236,223,189,309,137,222,193,259,265,322,202,61,364,41,287,204,99,333,68,71,30
210,253,270,308,208,227,327,347,201,82,187,260,68,44,151,231,133,263,296,223,265,93
107,191,81,15,84,120,30,285,165,259,351,215,7,349,44,197,203,46,265,199,202,234
47,306,225,51,68,74,156,324,139,86,365,137,21,258,242,328,360,195,15,130,202,149
344,167,358,187,13,100,204,236,325,193,137,97,51,140,37,311,88,265,292,330,161,281
51,284,46,139,24,244,10,68,293,122,322,67,195,202,242,154,110,55,273,265,357,188
132,295,256,67,344,353,311,322,192,306,51,221,145,139,60,126,68,188,169,138,157,343
303,285,253,68,275,16,355,138,158,263,51,217,130,81,252,137,132,345,152,265,95,23
311,138,256,134,318,159,335,350,51,336,100,223,252,269,363,62,151,125,225,156,46,56
32,248,56,41,272,68,89,251,305,90,311,47,103,164,354,359,232,42,72,296,148,199
142,46,92,174,359,128,42,51,68,314,301,65,2,89,95,260,106,215,310,100,282,90
129,139,27,247,155,100,184,231,293,362,125,102,128,299,50,0,259,183,260,202,113,68
275,351,41,203,13,1,151,286,92,341,283,77,335,167,176,252,349,139,328,12,86,88
293,307,51,76,219,202,161,274,137,124,53,112,369,370,327,330,203,340,333,331,119,209
137,53,76,164,160,22,73,51,343,218,32,129,219,265,23,315,248,187,65,294,192,15
154,114,159,51,244,68,296,84,345,265,126,131,151,234,336,140,12,26,219,128,301,120
194,242,171,272,285,7,230,112,88,68,91,8,236,135,304,318,156,98,235,126,71,208
15,160,165,262,129,316,281,191,318,38,137,30,265,269,139,238,224,298,51,68,156,126
366,137,218,202,61,302,285,270,271,325,183,195,266,368,336,95,41,171,303,256,355,311
109,348,237,134,226,53,68,189,45,250,366,270,333,158,60,225,336,272,16,191,269,285
154,119,304,46,265,135,51,199,89,132,165,193,112,357,13,251,159,206,37,68,176,355
247,160,53,365,22,129,147,305,196,138,111,69,127,275,264,2,137,90,355,68,345,359
24,262,309,296,156,284,354,293,208,213,269,268,210,350,315,304,231,182,94,132,351,172
132,137,47,241,15,207,46,233,109,251,156,348,56,218,201,197,353,51,68,238,154,124
346,156,343,39,349,292,137,201,42,96,354,352,222,342,303,43,184,94,157,336,13,233
238,156,283,178,197,7,154,126,68,85,51,193,109,233,360,22,280,55,208,264,365,162
328,319,203,163,196,29,229,22,142,124,41,30,170,284,270,129,290,315,171,191,226,139
51,5,15,154,68,357,260,200,128,205,271,364,38,165,94,343,320,183,195,24,197,312
172,6,365,340,108,302,224,265,17,348,174,354,356,196,98,132,53,236,209,278,268,93
191,68,312,119,223,370,183,106,2,51,137,53,157,303,260,179,315,171,226,297,276,250
53,339,150,55,195,51,230,139,212,15,144,71,45,325,108,99,57,285,196,156,75,60
160,73,328,5,15,287,51,289,351,355,243,41,361,108,16,89,228,265,298,128,251,308
262,157,251,345,155,200,17,303,265,53,75,164,239,160,2,317,36,137,277,12,68,294
67,149,272,70,230,354,22,260,353,333,41,200,250,364,202,337,357,355,132,351,127,32
208,329,67,348,22,137,296,53,76,262,72,316,51,197,292,126,307,314,68,354,295,202
2,139,234,15,116,92,82,246,68,121,51,0,65,284,70,193,134,8,40,301,273,242
336,156,171,217,31,288,122,153,59,225,199,134,265,139,363,37,68,318,137,281,357,161
51,203,244,154,95,37,22,321,7,15,336,166,282,75,287,191,132,106,281,295,128,19
215,86,51,116,295,293,113,265,330,258,171,149,226,158,268,37,207,137,286,252,333,209
85,265,278,136,95,294,350,72,328,251,274,11,252,132,51,43,126,286,304,75,178,181
45,368,15,139,156,355,205,51,79,274,246,213,265,68,170,192,43,53,12,13,128,50
51,312,133,214,140,41,163,308,115,58,6,161,310,160,265,52,262,230,132,356,207,353
200,139,83,235,129,159,53,183,51,156,321,258,23,345,32,100,287,140,285,311,202,166
286,51,203,122,56,262,339,151,323,13,28,248,314,250,326,356,325,173,105,156,256,88
337,53,311,30,68,5,265,253,227,47,2,201,297,82,298,149,315,352,113,101,150,307
365,13,194,348,291,358,233,269,336,99,182,231,271,192,265,215,41,184,76,51,156,24
24,160,356,292,207,342,318,152,148,311,81,255,58,174,321,137,214,129,151,337,66,42
300,6,246,19,339,318,46,155,356,161,260,93,90,126,278,202,160,57,37,162,51,156
47,170,100,321,52,225,265,53,197,361,91,43,339,223,32,195,209,164,163,338,51,57
347,13,53,4,109,15,336,108,121,102,139,369,119,60,141,156,356,222,259,71,158,58
157,192,281,95,202,350,162,42,325,15,265,63,167,230,51,53,345,75,320,354,242,26
121,231,339,273,205,126,156,252,181,193,108,51,88,72,315,118,83,15,328,135,289,251
137,346,269,30,328,59,259,202,90,181,95,65,265,154,208,188,223,75,195,162,333,308
57,255,256,69,160,348,102,223,51,152,2,367,249,363,292,357,358,241,7,321,165,219
247,294,128,370,265,62,311,63,255,220,37,61,51,81,4,318,351,76,335,296,365,330
6,119,296,202,160,302,369,14,81,230,248,203,365,345,89,333,285,261,65,311,100,153
51,137,165,269,359,302,131,296,312,68,170,6,153,172,135,129,246,56,223,116,202,132
56,240,248,294,156,228,304,151,302,330,9,337,265,51,10,356,262,193,13,170,296,29
112,159,68,49,355,212,137,134,128,46,356,310,81,192,308,51,309,253,133,53,82,65
311,306,215,69,202,205,134,133,95,230,256,336,142,196,139,258,76,209,51,299,360,297
278,329,265,6,60,275,65,311,156,160,281,75,335,23,313,15,217,203,201,211,339,287
137,51,247,278,95,101,354,319,237,151,330,318,352,337,336,66,153,321,57,157,370,209
51,342,231,227,316,283,28,217,202,295,247,167,45,259,192,136,90,111,1,132,118,326
205,53,134,261,131,256,43,68,137,351,29,296,36,174,330,295,190,156,2,15,175,20
309,15,172,260,264,273,108,90,215,170,40,200,250,167,203,337,136,28,29,348,51,233
110,74,194,368,160,196,354,30,326,248,165,89,184,128,136,170,361,68,218,156,264,253
15,95,192,211,189,330,342,368,12,173,139,208,333,260,86,71,343,68,255,51,47,193
216,154,24,307,212,298,134,221,97,331,147,26,69,74,183,51,66,320,75,305,359,79
253,159,88,158,217,138,295,312,92,30,109,134,368,57,335,289,85,87,150,118,184,309
251,41,125,124,341,144,284,149,68,302,45,60,231,139,185,153,355,281,292,202,254,201
259,42,68,267,181,156,260,139,214,211,348,356,67,281,272,2,252,335,337,318,100,215
269,238,60,68,51,203,199,90,242,356,301,355,296,202,246,237,53,281,132,354,302,40
363,200,65,343,316,292,283,264,196,248,53,90,224,55,222,127,351,367,204,63,359,368
38,279,119,193,277,7,128,177,198,70,147,282,72,187,289,139,274,68,348,328,36,212
15,71,244,83,194,128,321,254,370,169,202,114,164,182,293,59,309,295,155,104,240,251
201,305,180,369,277,136,239,40,53,260,325,315,68,51,233,303,326,234,331,15,161,197
136,53,95,336,68,233,51,7,309,231,326,207,195,157,180,356,12,60,65,101,146,295
167,193,260,212,339,88,53,273,196,365,1,45,82,351,343,265,9,250,322,235,153,171
366,32,281,255,24,68,278,195,224,50,36,112,322,306,41,180,309,125,22,28,312,242
188,231,299,336,200,96,83,113,126,265,309,24,137,236,27,292,300,315,339,30,165,203
214,201,175,51,324,260,239,47,59,57,207,285,156,325,208,81,287,354,228,265,311,194
92,21,139,53,210,277,72,358,132,44,23,239,126,113,356,105,236,120,123,155,137,51
91,222,196,213,147,159,323,286,172,75,344,215,53,169,1,287,68,165,94,90,137,9
14,357,205,226,287,271,294,308,275,139,79,317,106,356,321,354,259,28,265,51,53,324
75,161,5,95,280,215,68,299,180,55,159,336,110,7,350,47,369,50,223,354,145,56
297,156,69,313,356,292,180,68,51,223,4,60,160,354,163,333,62,361,323,282,70,125
301,75,126,317,356,95,318,82,24,142,363,357,89,295,300,68,303,349,132,137,138,130
66,102,196,53,68,231,170,131,236,230,256,352,56,54,277,46,100,336,265,8,354,156
137,160,269,335,275,259,265,151,51,149,227,314,309,330,45,4,156,36,180,15,190,159
279,61,296,351,238,343,286,311,146,226,245,123,105,137,43,314,25,68,225,319,15,51
102,354,45,199,317,274,205,244,68,84,111,24,265,162,323,353,240,51,250,120,351,149
208,349,275,352,276,175,114,252,68,15,214,51,202,76,281,336,111,156,296,343,340,55
352,137,187,139,30,72,191,289,59,364,253,167,260,51,336,37,240,337,110,40,209,208
156,314,60,209,281,174,102,70,80,248,51,148,210,352,39,234,19,68,265,4,333,83
36,53,140,146,41,164,156,71,37,254,231,209,366,137,144,175,296,68,15,297,139,14
340,68,103,70,41,89,117,152,280,260,343,215,51,199,160,145,294,258,57,187,196,2
121,27,63,90,170,22,263,147,79,64,92,150,82,274,265,118,139,336,156,68,6,204
330,51,84,12,291,32,76,66,283,156,261,299,90,15,120,278,240,123,268,286,241,137
265,191,146,248,287,34,137,182,297,240,234,187,359,369,155,88,356,337,231,213,281,208
167,265,108,268,62,365,110,170,109,140,277,209,240,285,361,132,96,49,68,197,130,309
280,223,320,74,353,13,282,201,109,68,150,268,62,249,69,37,221,165,101,295,126,336
267,230,318,51,327,183,15,102,155,160,278,302,213,265,111,350,194,220,336,55,248,167
272,256,191,156,202,149,305,152,312,258,317,251,364,268,51,139,295,281,231,308,357,166
51,348,134,269,109,160,74,139,354,156,89,287,15,127,370,54,320,22,131,82,244,68
218,139,330,51,46,309,89,105,108,331,59,147,347,267,67,137,365,308,131,226,159,125
199,90,95,68,321,102,277,269,131,154,318,50,136,326,212,265,345,294,137,155,189,135
303,356,8,21,209,13,202,26,339,294,256,184,206,156,51,248,157,139,181,68,55,307
318,42,222,322,339,359,51,341,77,92,345,191,137,156,286,265,120,43,348,231,142,117
50,261,311,354,202,17,163,278,225,67,260,307,171,111,8,189,167,360,295,131,369,149
236,15,68,1,273,13,322,267,256,352,27,34,75,156,99,252,363,302,276,106,197,22
82,13,77,207,293,364,356,202,313,219,322,36,2,262,67,226,310,168,183,265,107,170
226,45,84,235,295,241,68,131,160,157,108,244,202,341,76,62,156,291,150,298,196,189
205,343,128,139,332,216,261,63,345,142,152,130,273,14,286,107,13,296,209,68,58,277
274,128,26,304,83,254,137,160,50,260,108,279,76,311,51,195,37,213,246,100,69,68
356,176,187,319,15,24,240,224,28,231,109,21,361,118,180,265,27,45,186,170,98,271
231,255,38,265,170,176,89,282,203,330,298,202,299,101,277,246,308,164,53,123,32,208
122,105,164,183,15,119,268,290,170,320,265,112,58,180,132,152,68,279,296,114,120,328
137,119,106,53,194,91,13,167,68,243,124,311,201,46,310,51,347,248,170,108,27,142
109,240,68,45,171,261,22,128,363,94,167,362,14,136,359,115,177,174,302,157,153,18
130,355,139,76,46,260,298,192,236,207,267,323,281,156,199,262,160,63,51,328,265,224
207,215,308,142,188,28,166,214,290,108,160,312,170,340,128,245,192,295,175,203,171,183
365,354,265,296,119,139,276,210,108,190,60,9,180,46,69,231,355,366,198,236,98,368
238,335,260,156,68,303,90,84,251,139,207,354,212,174,327,46,53,185,344,180,70,201
168,51,125,265,215,281,352,68,117,244,60,5,196,98,94,56,7,41,156,48,299,193
137,169,368,258,215,103,311,322,85,267,2,100,353,15,30,277,296,66,109,274,51,289
69,27,129,273,53,346,234,51,55,15,7,79,342,243,62,177,298,126,92,60,80,292
337,68,53,277,326,32,180,5,258,82,69,286,265,137,79,60,55,287,201,227,156,15
241,315,81,51,128,291,126,359,348,91,356,247,304,220,123,48,2,196,77,107,154,235
46,83,108,75,9,125,201,50,137,234,241,165,63,364,129,82,320,116,51,189,30,127
272,217,174,105,32,292,333,123,200,69,260,111,244,231,81,115,336,68,63,328,307,261
109,281,231,264,305,230,157,51,76,15,124,152,69,88,315,224,295,327,41,312,140,360
271,67,265,13,231,87,347,133,147,134,157,109,94,68,185,112,268,255,137,319,33,140
53,207,126,90,187,51,68,299,26,365,104,265,129,235,202,82,289,339,286,241,44,48
246,224,51,218,65,75,154,131,43,102,223,211,249,166,315,330,352,156,9,269,37,110
187,265,59,188,156,108,291,274,260,203,111,144,276,57,12,336,202,151,296,68,285,356
156,250,174,279,269,171,200,23,126,323,183,356,330,215,13,167,20,259,72,153,135,159
119,109,273,265,212,51,41,213,222,258,37,124,53,142,47,353,79,0,7,86,76,295
157,347,263,44,6,128,135,138,15,311,107,276,46,156,265,93,355,244,211,242,73,137
358,12,25,231,37,137,215,272,89,98,183,265,55,270,108,193,347,175,51,139,57,147
265,319,349,314,226,315,233,85,193,30,97,202,166,132,254,274,15,353,133,269,122,205
206,273,186,350,311,281,187,156,285,210,359,247,370,313,236,178,71,149,194,368,65,270
318,190,354,132,356,157,68,336,245,215,114,369,281,41,349,344,163,137,231,365,248,67
51,45,184,236,129,90,217,233,130,348,231,256,293,207,234,120,349,272,150,68,125,9
215,200,132,14,281,157,53,51,72,328,228,103,74,79,66,63,202,231,299,254,87,15
68,137,337,320,265,51,28,293,259,22,108,90,153,276,46,299,74,268,238,292,335,12
95,246,120,72,307,192,201,123,56,316,51,1,35,232,76,188,142,91,240,132,281,330
21,309,215,74,222,51,55,46,90,355,139,271,258,58,263,40,196,68,42,336,233,53
18,60,68,92,212,269,137,370,292,200,46,314,107,236,15,90,315,103,167,13,132,156
225,218,260,354,296,144,68,336,337,262,7,199,45,150,32,290,237,265,223,287,71,207
76,2,206,316,239,170,139,142,178,68,89,222,298,115,22,294,17,224,358,87,60,51
308,65,298,32,329,68,90,165,336,262,51,331,137,335,269,69,139,57,206,237,79,296
255,68,60,281,90,265,353,309,183,37,13,124,51,170,333,274,139,263,34,50,351,57
183,106,282,99,133,166,51,111,24,157,79,274,90,245,66,134,170,203,32,260,357,18
95,86,357,94,1,137,198,145,149,344,58,2,179,133,196,164,260,268,63,336,126,139
218,297,188,265,237,295,333,128,253,256,316,195,170,96,281,283,190,118,139,112,322,46
202,269,53,199,152,360,156,68,271,57,324,363,197,115,189,154,107,85,87,30,73,336
137,207,74,178,98,283,107,68,15,45,72,265,156,64,214,0,293,297,47,326,167,311
291,51,131,175,25,186,56,265,258,330,285,95,228,158,231,312,338,148,139,205,365,324
304,151,105,51,252,141,125,88,132,326,359,318,175,354,328,37,32,137,79,193,82,212
67,191,202,330,143,25,269,294,47,359,51,231,63,92,189,137,190,126,42,214,120,273
89,15,46,305,307,359,57,239,70,58,51,30,175,112,259,322,368,231,299,196,176,233
265,282,167,336,81,110,165,193,199,231,117,202,189,131,168,224,109,68,258,321,75,156
318,280,358,196,278,294,194,203,165,356,68,200,95,268,48,43,30,41,199,44,360,13
15,90,174,256,128,167,365,265,152,330,25,234,205,216,114,32,37,86,53,115,119,82
332,95,53,258,360,236,152,171,28,354,137,336,222,156,14,67,216,323,90,6,135,54
238,207,231,67,153,362,72,265,195,328,209,300,15,225,247,216,119,51,263,139,344,115
363,14,251,302,227,355,234,217,255,213,358,114,8,205,190,105,212,309,317,202,51,359
137,213,95,265,217,108,286,22,139,356,7,90,55,130,178,300,305,353,133,314,296,224
231,325,32,51,299,94,15,268,261,287,139,193,260,197,151,182,109,180,289,68,79,14
304,53,353,165,137,168,343,68,258,252,231,348,296,171,61,259,50,183,190,201,285,301
153,123,370,147,41,122,333,103,82,139,127,61,354,327,321,159,160,231,110,64,249,189
106,337,333,95,346,38,345,318,154,170,280,68,150,128,65,55,339,312,122,37,260,145
360,126,151,269,165,197,271,163,109,61,69,300,68,119,200,41,101,196,231,265,170,153
339,13,257,215,190,61,170,99,68,137,265,71,199,233,278,355,35,95,304,115,282,15
21,51,109,46,175,346,4,66,212,68,25,163,258,244,164,112,142,95,14,30,356,209
71,357,186,312,161,297,169,76,188,276,81,248,126,156,238,197,32,320,190,73,109,281
370,369,226,18,222,225,90,210,193,28,260,159,21,139,151,167,287,177,68,356,321,157
123,73,149,191,126,45,347,195,154,68,248,294,228,72,213,301,269,26,171,157,112,140
4,151,68,37,293,273,30,65,292,336,269,51,99,56,108,28,152,198,71,137,156,284
156,264,335,100,358,318,51,170,79,137,89,56,119,213,13,15,26,212,65,365,344,35
130,66,215,333,164,365,160,198,86,14,108,309,180,21,95,328,283,314,159,278,126,79
234,348,74,156,268,325,354,92,65,69,224,126,68,192,233,250,311,95,318,361,40,364
203,265,165,192,156,7,245,269,4,239,186,137,154,347,82,68,318,309,202,273,208,264
289,236,156,233,340,224,47,197,265,323,86,276,121,229,260,287,20,296,68,166,333,177
24,203,8,247,94,265,332,304,119,150,364,72,178,107,252,233,308,348,215,183,15,241
183,2,110,107,35,49,249,122,285,171,209,132,51,260,222,294,234,323,218,348,354,325
293,24,204,265,187,231,318,184,369,281,176,225,51,258,248,362,32,361,95,130,106,341
238,223,202,294,208,163,341,349,164,128,206,108,39,218,137,68,219,265,90,322,366,234
203,258,364,369,44,121,147,256,139,78,366,51,98,211,138,156,298,53,142,348,242,95
247,149,311,356,322,235,142,213,176,23,331,229,57,280,348,51,101,74,160,187,153,68
251,82,159,95,136,24,265,102,355,236,228,299,165,295,176,128,280,326,200,48,139,241
333,117,245,63,81,255,343,265,137,247,13,41,51,327,246,75,231,322,100,254,91,185
128,236,253,231,45,51,58,235,139,89,205,49,216,119,86,46,195,309,157,48,130,301
219,325,201,285,273,147,234,82,35,68,49,139,95,170,265,205,167,159,88,370,86,51
344,207,37,231,52,51,196,104,347,137,183,152,221,159,112,266,336,216,60,354,361,151
130,204,250,7,210,51,37,152,136,265,203,110,214,226,156,269,68,237,239,52,101,60
178,167,68,92,12,226,203,311,51,134,44,184,116,222,262,27,159,253,154,303,236,248
8,112,156,69,265,309,95,227,139,56,223,51,277,302,328,136,329,38,210,271,67,344
60,21,202,90,133,70,134,69,52,341,269,360,349,295,170,207,216,83,223,68,272,95
327,28,102,66,89,314,37,356,273,299,364,112,22,90,209,199,159,217,58,53,231,118
284,132,324,321,131,111,337,71,188,51,137,225,342,84,68,153,314,123,128,203,82,355
202,246,241,68,13,55,209,15,282,256,139,76,221,261,27,236,269,294,326,213,60,265
225,95,299,203,250,116,231,66,129,245,16,363,265,175,13,183,354,278,117,100,156,298
201,312,125,295,314,265,318,46,76,37,293,349,137,70,50,60,14,195,57,305,68,188
68,167,259,128,156,30,95,355,291,237,67,320,45,37,51,330,321,76,337,53,265,21
242,106,280,265,303,156,195,10,117,304,167,73,68,172,260,286,355,204,341,278,91,170
238,56,19,83,294,30,324,0,189,68,55,316,279,272,163,344,200,233,356,265,296,51
142,3,278,298,182,213,361,231,5,152,339,254,125,218,45,133,106,354,177,95,129,51
127,278,319,356,242,118,315,90,30,355,259,310,231,58,67,223,266,88,183,301,68,137
32,242,336,329,265,354,296,272,177,68,76,87,368,231,288,135,38,13,64,181,352,202
281,24,68,206,119,335,49,109,240,309,319,295,265,171,116,15,51,54,53,246,134,160
265,278,307,85,234,60,58,188,53,127,284,6,241,337,14,95,145,68,51,65,233,50
51,176,47,5,32,359,22,341,301,185,106,265,165,268,322,212,260,213,333,336,294,90
122,137,296,250,13,68,15,23,66,139,295,258,84,202,51,247,135,38,88,157,80,217
285,68,324,291,365,231,139,95,311,170,225,276,51,251,292,169,151,25,44,328,315,155
318,68,196,152,155,31,351,92,2,175,328,76,128,8,245,348,297,159,265,19,149,327
118,51,24,78,278,171,82,294,254,333,111,312,207,182,194,95,292,271,318,161,152,316
337,253,159,248,139,333,239,88,32,108,302,51,167,71,118,249,273,365,157,95,296,361
295,51,281,165,86,224,356,156,53,114,55,191,197,222,317,211,238,260,314,269,23,207
223,321,324,368,208,284,202,13,30,183,92,139,46,335,313,147,269,47,141,240,303,358
25,51,94,104,200,352,296,70,303,131,98,292,95,260,128,91,233,170,315,68,265,213
258,103,160,18,347,25,367,296,37,68,170,330,149,295,70,183,51,101,45,281,355,357
100,207,195,74,284,68,316,13,192,278,265,359,76,28,298,149,107,92,156,349,51,89
86,147,227,58,362,256,164,137,68,12,368,51,295,46,321,215,364,42,355,281,265,186
256,68,281,265,139,287,95,264,51,296,223,208,40,164,175,325,62,132,92,184,187,270
31,53,139,156,71,51,121,302,270,231,224,77,63,361,32,25,94,171,119,48,294,324
105,309,94,89,354,6,51,301,213,132,318,289,226,118,233,369,196,169,15,109,41,363
90,51,139,339,13,296,265,42,122,336,22,267,65,157,298,285,40,202,329,15,158,5
51,193,244,225,73,138,354,203,274,98,105,68,142,303,196,110,368,344,239,261,213,207
335,348,117,176,225,160,105,201,193,196,115,355,199,274,137,53,60,126,278,321,167,95
195,322,68,86,284,298,244,215,318,217,243,76,183,90,82,246,193,283,42,83,265,121
202,93,108,206,63,193,326,70,122,137,171,350,300,195,354,289,296,207,139,131,51,344
51,298,142,341,76,356,57,318,62,112,209,95,15,152,68,6,45,235,9,50,330,187
205,324,21,139,196,90,202,307,117,56,14,321,342,251,103,172,180,88,170,24,340,286
209,156,256,364,360,163,139,6,190,98,179,51,281,349,30,164,38,287,318,17,236,111
337,202,247,192,213,311,167,69,356,323,195,251,41,159,321,351,38,28,95,201,174,248
55,284,137,254,314,293,167,192,298,238,70,236,335,168,253,13,354,56,117,180,128,359
68,232,280,137,328,175,30,10,164,355,337,136,231,154,37,265,349,184,150,135,294,321
156,51,30,138,330,236,53,15,281,362,231,92,146,354,357,6,45,303,258,299,59,72
157,359,130,285,68,265,48,110,154,320,259,153,361,206,15,60,352,244,34,283,70,328
243,137,162,157,89,188,283,133,60,304,272,255,167,350,12,246,165,15,214,68,260,170
190,352,9,46,363,108,264,243,296,265,202,322,222,297,205,323,67,336,192,126,275,166
355,217,247,76,48,364,203,128,298,14,335,162,285,121,68,337,144,51,170,356,272,182
187,302,109,108,231,312,104,295,2,137,60,223,248,265,90,251,4,132,177,211,275,309
184,328,325,163,282,160,76,112,318,217,297,233,68,312,13,349,106,167,51,337,122,351
349,153,132,348,51,231,265,53,83,304,336,15,157,217,191,156,33,333,225,222,104,273
265,83,90,71,110,77,164,251,137,187,74,155,170,166,356,360,51,279,220,304,159,68
146,142,230,128,61,114,183,275,51,305,291,237,21,184,273,105,331,260,368,120,167,224
245,99,30,168,184,348,81,134,115,160,190,68,8,274,200,100,86,272,23,7,188,205
225,233,102,293,95,189,138,207,182,80,69,344,317,137,156,114,329,300,181,254,264,41
51,79,296,202,181,117,250,44,217,82,289,284,68,294,330,304,215,131,78,37,13,313
215,192,260,25,159,53,359,149,324,265,318,55,344,15,336,49,13,356,22,156,364,134
314,137,68,297,284,365,75,254,265,34,197,53,327,40,222,185,303,148,231,76,31,260
24,274,268,63,271,292,318,92,156,194,209,354,2,287,75,122,273,137,197,105,51,225
25,67,337,265,130,299,196,239,356,119,250,88,140,170,354,201,147,156,83,128,231,183
154,169,238,107,126,354,278,2,202,301,205,127,51,128,210,105,53,104,299,221,303,214
337,51,293,183,171,71,223,125,92,275,324,95,313,81,15,54,112,109,273,260,202,209
137,68,83,360,281,2,224,32,265,51,23,315,208,170,328,236,87,248,77,272,291,111
15,91,6,68,82,227,44,142,350,213,366,25,150,265,173,21,206,271,130,196,201,51
131,265,188,132,255,322,278,207,223,151,224,299,258,328,183,184,60,158,359,7,76,196
252,52,195,161,234,137,75,90,163,158,241,316,68,122,160,164,51,281,126,109,347,277
295,61,9,159,175,92,261,258,68,358,367,12,32,51,16,256,60,162,208,244,227,265
51,106,75,234,8,293,89,271,264,137,68,69,143,196,104,363,116,110,336,81,156,287
330,51,210,249,165,60,134,32,223,341,295,289,192,108,133,36,132,194,198,213,121,224
45,104,68,184,107,258,53,211,237,202,19,224,231,203,259,363,278,183,90,126,351,300
58,130,51,274,341,141,335,206,54,71,319,323,325,156,233,248,15,95,164,204,260,118
339,130,68,134,347,320,85,318,354,157,162,106,176,53,45,88,112,258,38,322,265,261
218,333,76,156,299,51,159,240,32,125,1,41,118,88,214,365,312,108,260,278,326,361
86,132,355,44,356,250,246,181,192,167,366,58,238,337,260,360,96,68,165,119,128,15
68,200,269,22,224,80,24,183,167,155,265,348,45,148,202,227,318,51,160,105,56,256
86,260,256,237,258,97,188,25,306,265,211,91,4,14,159,301,308,294,140,201,356,60
327,120,60,171,311,150,203,302,167,223,84,293,271,218,95,245,231,137,115,47,82,316
292,68,268,15,272,231,34,51,322,342,175,82,114,335,125,360,116,173,119,200,81,356
79,265,136,22,103,248,51,330,310,354,181,272,218,118,355,109,183,197,15,7,68,356
277,12,326,301,136,233,14,21,31,156,239,108,178,287,134,177,298,369,231,133,160,51
65,281,357,330,260,57,68,180,356,118,126,134,217,61,182,355,92,296,233,186,139,238
219,15,91,250,265,8,213,240,68,51,348,234,247,2,200,243,82,53,19,133,110,81
114,265,307,26,28,364,89,157,125,240,275,262,42,95,365,296,350,49,139,104,46,228
276,51,183,76,87,267,370,171,300,7,202,359,238,200,139,265,137,142,119,133,207,80
265,325,217,141,95,240,158,299,85,294,104,230,137,150,306,32,0,199,149,233,269,336
168,321,116,332,353,44,363,13,200,289,68,265,303,337,311,282,251,175,364,167,40,106
248,238,125,76,250,15,323,344,12,295,68,318,65,320,340,356,208,365,51,120,128,96
27,77,114,313,348,68,12,98,95,141,156,258,36,14,260,209,100,101,175,61,51,293
132,337,137,322,212,328,323,68,191,53,187,170,59,165,95,202,139,203,283,359,304,321
125,37,238,158,159,114,205,318,44,60,87,154,245,7,289,192,46,272,57,26,64,201
238,320,23,192,16,248,139,67,90,289,46,292,231,184,76,37,297,51,137,269,220,310
169,159,348,135,309,265,22,331,118,51,238,160,349,68,330,117,241,37,326,162,299,108
265,227,183,15,258,285,330,235,219,273,170,254,190,96,336,180,242,311,206,44,214,304
137,309,324,119,282,183,138,72,62,180,195,57,68,87,369,53,95,14,157,90,302,89
200,60,138,139,192,318,287,62,153,289,362,248,233,202,368,201,47,114,238,184,51,132
124,256,137,193,170,309,15,360,121,359,70,130,292,265,46,175,301,171,351,65,261,231
139,282,332,286,35,51,354,246,130,258,212,54,356,190,242,233,292,276,133,194,301,150
231,250,28,298,265,47,90,45,84,137,348,127,92,234,282,51,359,333,171,109,303,148
108,201,280,24,269,153,356,216,298,95,88,202,73,231,68,156,206,51,22,90,311,48
197,129,51,84,59,314,258,305,347,333,140,312,251,106,112,68,178,75,180,147,24,17
121,191,274,363,364,156,95,322,296,147,355,157,44,127,137,150,89,119,231,170,67,51
119,279,246,259,274,41,43,312,308,136,137,68,349,197,195,59,329,240,22,338,303,278
248,302,203,288,265,118,223,156,296,15,139,117,260,202,271,309,313,268,231,277,126,298
57,274,76,91,227,90,16,356,49,318,51,210,265,152,234,8,269,360,124,295,108,294
202,139,295,68,103,165,287,265,75,156,209,308,51,270,272,355,245,304,137,41,336,150
55,299,214,13,51,25,6,274,220,196,44,56,90,147,205,258,149,7,167,137,24,37
287,51,131,251,48,132,22,309,53,364,167,223,137,352,244,135,146,106,24,329,348,108
190,68,212,168,253,37,126,356,134,274,203,120,15,132,363,312,53,51,351,227,32,59
366,9,58,336,281,174,202,68,235,41,169,25,340,356,153,354,335,50,149,211,215,348
51,320,345,338,335,66,361,349,41,67,325,139,294,188,358,43,203,24,351,68,339,303
68,186,224,258,340,95,284,194,169,89,22,53,321,272,271,128,117,283,38,116,265,159
82,65,215,129,45,135,269,284,267,253,312,357,158,311,298,51,66,251,150,201,50,137
233,369,310,90,194,238,171,209,119,345,124,139,199,307,312,105,88,184,182,180,320,356
248,137,342,348,103,231,202,196,156,68,96,56,259,254,207,51,271,324,115,299,282,25
188,68,236,0,325,202,299,128,176,51,233,24,71,316,45,154,302,53,275,216,95,137
126,201,237,245,194,51,56,322,200,314,267,355,208,269,215,287,225,68,286,279,13,248
95,262,37,175,158,13,12,172,119,280,54,217,78,79,171,325,139,41,213,337,321,356
205,137,30,358,170,115,295,253,2,71,21,261,188,244,345,98,72,309,294,95,234,195
139,115,171,289,160,315,15,99,226,184,223,68,192,13,287,72,364,79,51,295,339,304
253,254,108,23,207,200,357,365,308,43,301,290,277,255,119,269,68,109,53,294,274,61
241,207,295,15,256,175,90,316,77,24,160,283,254,309,330,92,228,187,231,115,239,264
368,348,166,51,265,133,205,84,89,212,68,308,107,249,56,183,351,359,200,170,53,285
281,196,68,2,51,138,243,237,299,137,74,262,159,139,271,255,231,324,256,106,157,252
326,262,352,184,128,196,213,182,220,79,354,186,174,51,148,201,341,25,299,6,142,195
165,177,319,195,368,104,65,117,322,60,51,45,85,209,40,346,321,294,144,98,68,213
153,254,202,200,265,25,137,134,295,329,235,338,262,226,130,283,67,131,293,1,211,183
145,57,292,88,152,151,90,221,345,311,162,248,155,296,354,289,210,259,240,253,241,226
214,68,310,300,41,100,321,320,189,13,209,118,126,151,256,75,180,349,207,331,84,29
154,126,41,69,68,273,65,339,283,356,159,169,8,82,38,128,108,132,129,251,231,192
68,311,166,349,202,190,344,301,91,156,129,306,109,356,176,15,52,45,61,343,240,175
32,35,289,167,29,204,363,15,177,261,128,267,178,226,51,170,139,223,67,215,322,149
294,51,49,79,68,352,207,101,126,13,107,223,106,226,137,227,293,261,66,119,72,93
285,337,26,152,260,156,176,130,245,24,100,157,354,225,311,279,274,312,133,278,30,300
156,225,287,354,210,257,265,329,207,90,325,292,261,324,82,51,33,15,137,356,72,201
118,162,295,281,51,344,132,219,202,72,142,13,274,27,184,275,137,58,335,356,277,37
34,53,218,205,65,110,1,312,187,95,127,201,193,86,276,15,281,307,31,160,38,296
115,184,269,278,51,140,226,167,275,320,344,99,53,351,259,72,71,59,60,155,254,312
50,207,60,284,365,68,276,368,153,265,328,343,270,248,183,97,195,223,25,137,354,95
15,138,135,312,301,240,162,147,68,325,13,225,353,214,150,183,43,294,125,115,200,159
166,206,37,191,231,300,276,310,51,67,354,345,137,214,289,234,147,304,32,159,44,158
283,89,358,246,15,330,296,312,7,204,51,170,265,234,108,160,213,231,73,323,261,185
68,316,120,251,266,199,326,156,207,41,318,202,53,60,31,269,159,90,167,283,82,238
325,360,223,156,77,354,68,51,328,364,268,79,139,250,4,137,321,38,294,205,238,274
248,94,88,270,128,203,313,294,178,354,200,51,265,227,256,15,285,110,73,159,360,320
348,15,137,215,278,67,221,223,5,359,1,68,200,2,30,149,69,256,260,128,158,328
68,277,210,137,348,170,99,150,296,144,195,50,368,15,70,14,46,21,95,224,206,53
22,68,153,137,353,120,82,247,207,2,108,204,294,1,51,245,208,25,277,295,109,36
236,114,215,197,168,137,51,87,74,22,204,175,68,126,181,112,246,253,171,170,185,213
138,265,53,165,51,156,191,276,105,193,16,6,268,130,95,278,170,359,77,272,131,238
133,193,265,130,364,225,76,46,111,50,293,109,166,234,340,258,202,260,298,269,137,51
135,361,204,177,174,221,231,327,69,329,315,253,364,128,60,23,2,82,318,119,213,139
344,161,248,363,75,86,164,95,167,109,206,159,170,124,339,303,142,137,356,190,195,335
273,267,354,13,245,364,174,68,144,197,139,134,101,202,51,166,313,294,23,208,137,265
317,359,151,155,273,128,284,321,256,95,187,239,52,129,272,14,101,293,313,107,259,32
189,337,97,281,213,223,137,267,249,195,134,233,265,0,30,241,271,272,264,168,48,210
333,254,129,145,112,57,97,119,260,278,68,277,240,51,39,203,48,13,269,188,2,356
261,51,142,149,116,114,70,68,137,289,242,69,188,265,139,55,340,213,95,291,117,152
38,109,331,190,99,200,259,244,242,85,226,359,132,343,137,147,24,231,30,201,268,309
95,236,345,162,194,197,191,360,238,90,303,248,30,32,353,53,81,223,112,356,68,79
132,181,364,51,104,247,316,133,46,297,110,139,45,186,65,115,283,231,131,225,155,158
166,305,252,318,183,140,202,347,303,263,233,258,284,276,139,197,68,82,226,129,356,295
365,175,247,356,60,53,245,96,187,147,27,58,287,15,222,32,89,13,323,141,263,95
190,7,323,225,13,260,188,259,136,138,299,34,359,297,318,281,145,45,81,137,158,336
43,256,133,15,51,175,197,61,154,89,343,58,160,278,150,159,345,273,353,241,231,227
155,269,68,82,130,296,51,140,339,22,131,295,192,330,28,285,205,343,126,111,187,108
104,157,225,68,201,206,135,328,139,323,315,258,51,138,251,211,175,322,348,311,128,137
122,292,166,320,164,95,51,123,312,148,243,70,190,216,203,101,207,360,303,272,73,296
56,142,185,51,370,338,358,344,275,297,139,121,248,68,265,251,18,137,299,223,28,225
68,350,301,185,296,101,95,365,66,156,227,126,202,65,113,226,51,207,93,325,238,191
155,209,0,352,32,54,139,126,181,147,35,172,250,237,56,86,51,366,309,53,301,320
102,293,71,137,225,36,231,34,287,318,51,32,201,252,337,267,155,48,233,248,22,117
60,24,322,250,359,283,126,200,38,137,172,149,214,63,275,121,191,316,269,183,204,319
90,272,213,137,162,203,351,136,40,95,248,42,359,65,7,325,200,123,32,274,231,265
214,317,76,250,51,280,170,296,241,82,68,244,126,218,231,197,94,251,245,236,154,150
2,363,38,354,125,85,348,322,201,124,71,223,364,203,20,366,277,202,318,356,321,222
200,234,370,101,72,162,336,189,9,68,170,147,168,157,95,335,103,201,296,109,306,231
202,224,265,349,32,325,119,93,197,51,151,138,37,342,309,291,337,153,335,75,307,253
172,51,295,32,13,15,362,94,41,154,137,191,156,241,25,247,174,292,207,150,211,37
131,133,188,68,223,137,156,281,311,333,260,239,273,252,154,238,51,221,18,187,317,255
276,127,56,197,250,53,353,318,296,323,160,126,265,109,84,134,60,51,159,287,100,15
68,15,27,20,354,207,94,291,65,364,324,231,345,108,51,298,265,139,14,295,333,321
138,311,193,202,177,60,206,71,223,239,154,32,295,363,156,354,296,307,68,51,55,270
335,128,356,200,95,243,364,123,336,303,69,0,37,129,147,328,16,327,197,263,330,157
23,185,2,235,32,69,312,156,30,68,203,258,169,198,354,150,139,359,73,90,153,202
241,126,32,349,260,312,265,74,102,61,105,95,311,90,227,19,21,130,46,190,150,328
328,90,217,97,156,213,206,40,37,295,68,231,120,336,348,118,265,41,326,239,322,330
27,51,24,137,233,2,74,181,13,274,273,201,357,246,81,317,366,135,248,368,53,153
184,256,82,128,293,279,43,157,318,354,68,41,294,160,81,200,249,248,37,18,24,175
239,305,295,16,308,46,7,60,129,13,246,315,337,302,119,240,42,14,306,298,68,247
315,311,105,319,93,251,152,296,265,122,88,51,285,6,110,95,190,274,111,351,225,335
137,68,32,100,129,318,161,265,188,15,356,272,175,13,109,276,202,246,355,37,168,134
335,47,88,128,202,6,139,56,157,265,122,236,243,100,32,251,180,156,250,195,299,92
230,252,336,236,79,64,295,108,202,110,311,224,269,339,281,20,50,139,136,68,283,47
51,187,241,24,74,1,265,67,15,247,139,170,118,68,161,364,266,54,353,342,227,335
356,196,224,203,359,95,315,183,231,352,130,366,136,243,200,354,51,156,118,68,276,48
69,137,37,158,269,245,48,338,182,303,179,71,343,354,8,89,190,272,265,91,202,120
269,25,137,314,7,231,238,220,53,250,51,265,156,68,80,43,86,45,117,15,252,307
210,215,132,147,209,51,296,260,106,208,218,68,328,46,248,161,196,219,111,357,233,63
51,277,47,196,98,73,189,57,132,282,125,54,347,137,67,61,264,295,260,207,203,128
291,149,258,48,171,342,85,155,209,167,68,355,24,193,297,277,90,160,349,125,357,31
192,39,5,336,75,251,108,21,15,312,68,167,238,248,259,355,260,328,223,107,185,113
155,303,51,95,4,233,295,45,287,137,89,294,132,301,119,271,225,24,231,139,251,185
227,25,187,81,68,93,128,325,265,246,364,141,7,139,51,269,15,314,22,92,183,218
84,128,77,47,325,236,315,95,321,246,348,331,94,273,117,238,133,105,259,262,349,322
349,51,68,139,159,251,187,283,134,97,37,214,83,269,162,294,333,229,117,173,230,137
336,354,2,42,271,95,60,305,191,274,341,325,310,139,77,41,241,182,51,234,351,116
104,119,202,158,87,364,316,138,259,231,130,51,53,278,13,295,136,322,285,68,252,310
51,299,217,55,40,213,122,273,79,272,92,68,118,330,117,335,324,131,278,42,82,157
318,258,260,336,299,122,349,12,241,129,200,196,49,139,197,295,133,15,345,144,328,105
312,207,363,260,88,208,119,4,178,106,354,296,280,239,68,6,70,104,109,51,28,22
247,24,354,104,319,289,365,207,299,151,53,352,356,89,196,15,79,242,340,219,51,69
65,295,128,215,241,351,95,6,265,294,320,22,181,274,167,114,104,139,303,187,53,60
227,115,67,108,71,225,194,118,68,260,234,147,237,296,226,322,303,97,197,151,231,150
150,88,350,328,269,22,95,126,304,356,164,223,215,104,336,349,46,51,65,271,53,259
355,336,22,203,254,238,32,65,323,320,25,275,265,31,15,215,317,136,166,227,165,196
0,104,19,261,82,177,139,89,348,325,95,34,216,295,22,296,202,57,31,183,281,51
128,226,344,356,8,243,291,59,293,107,319,294,146,335,312,258,201,137,320,323,38,365
295,330,148,226,170,46,216,90,256,68,300,269,146,301,215,134,82,6,85,221,234,47
315,15,51,260,183,330,323,204,335,218,136,44,107,354,137,217,311,348,13,174,241,81
302,342,104,202,269,277,156,130,139,340,45,260,336,208,135,68,296,88,97,77,247,238
224,188,139,101,40,290,260,294,210,349,81,205,314,8,280,323,285,155,38,151,316,51
246,281,200,214,343,349,71,68,282,201,217,55,22,147,156,143,178,350,299,186,164,244
301,295,105,258,190,284,46,43,195,205,327,363,60,349,358,247,47,281,45,267,237,149
243,296,369,46,84,9,34,213,154,76,53,68,15,307,234,3,256,156,200,244,359,285
66,352,132,312,4,142,278,222,137,156,83,3,364,32,153,368,95,109,232,252,159,82
151,213,336,240,153,199,265,139,83,369,157,55,268,7,347,304,28,101,71,58,69,231
55,348,274,159,43,61,260,95,300,281,239,352,118,242,45,115,247,217,51,296,278,309
265,79,21,83,137,182,149,215,299,356,13,335,202,47,183,340,160,336,129,139,62,188
323,22,354,299,366,156,368,183,75,24,139,51,195,247,251,327,244,231,287,119,82,221
174,243,209,308,356,183,137,276,139,354,128,203,364,291,68,214,158,260,7,171,205,194
258,265,218,278,60,167,328,344,95,215,126,32,34,200,61,87,347,133,114,281,137,277
32,197,13,119,238,212,184,227,222,134,208,363,206,15,142,215,95,275,68,281,170,311
