190,117,51,72,14,24,41,354,236,139,315,221,197,350,128,321,328,312,295,251,341,242,155,123
156,270,339,204,42,158,265,53,221,335,159,333,75,51,322,183,349,267,173,266,303,27,328,39
15,182,90,45,0,82,51,139,342,89,107,243,13,354,187,314,126,339,245,253,23,68,311,281
225,226,51,100,109,165,46,337,77,53,355,279,152,362,137,231,211,293,22,208,163,68,2,27
76,15,157,318,313,167,234,351,5,248,51,283,211,75,53,336,199,52,38,278,49,109,68,330
117,312,53,231,13,320,188,255,68,189,193,47,327,215,118,157,304,159,260,354,169,95,248,83
365,349,348,37,181,28,16,82,128,126,262,237,199,79,222,72,89,336,51,25,187,265,329,154
84,192,241,99,38,292,137,53,106,51,66,265,304,266,215,281,57,187,41,68,345,159,75,231
86,170,32,123,156,9,148,15,295,207,282,73,278,18,87,213,231,345,223,241,287,144,166,356
325,200,220,51,64,318,130,100,111,295,238,2,147,181,364,7,81,231,40,345,337,101,37,61
269,68,192,341,146,258,365,234,69,126,51,265,185,22,295,281,140,108,82,247,47,293,165,79
349,327,19,161,53,62,302,108,333,157,92,366,129,359,37,156,231,81,80,270,260,109,142,315
76,354,147,101,188,128,196,139,53,135,4,37,129,63,265,118,337,47,209,7,15,24,51,64
68,200,158,274,197,206,231,203,127,192,260,278,287,162,199,18,11,122,77,191,356,250,41,309
260,250,68,74,156,236,124,56,354,51,356,176,192,193,264,130,28,258,38,347,278,218,338,318
82,212,265,269,61,354,225,121,26,311,352,231,195,325,37,205,242,139,201,226,159,171,99,203
31,181,191,161,95,224,253,51,239,266,215,207,255,316,178,231,8,96,330,68,352,59,82,274
187,22,137,225,51,32,156,116,213,128,9,167,315,13,337,25,236,180,110,360,164,82,50,311
109,108,176,68,245,55,246,263,28,51,296,161,233,328,137,47,252,121,262,117,311,95,238,243
269,90,92,78,33,265,138,224,193,282,44,279,191,129,180,310,322,236,260,81,309,132,57,170
139,269,251,15,89,16,324,192,368,195,164,122,328,222,336,214,82,184,71,318,170,44,155,113
248,265,142,159,298,364,81,51,220,105,295,41,91,15,122,201,68,310,65,132,247,309,336,110
51,154,122,76,158,311,14,68,233,139,62,248,86,137,349,225,265,24,55,231,111,78,207,319
245,68,231,300,21,46,148,203,160,183,304,60,222,92,351,288,250,305,324,337,47,100,131,194
320,124,123,294,65,209,181,137,165,242,335,95,14,201,53,365,212,149,265,121,32,25,81,68
192,117,225,295,285,195,304,156,162,146,212,95,363,98,234,126,112,118,208,84,248,124,167,53
150,156,167,106,354,239,202,176,139,119,231,14,15,237,70,147,68,24,67,104,16,173,296,247
134,106,92,263,370,139,269,272,260,364,99,193,51,178,224,219,42,249,355,200,50,68,277,136
329,98,6,118,90,150,23,51,362,95,351,302,167,46,312,117,109,315,67,110,65,223,127,84
68,51,226,181,122,357,220,15,109,262,129,369,41,327,97,202,130,137,143,136,315,166,126,58
19,342,68,15,52,268,92,123,137,265,283,215,224,84,169,2,189,111,48,319,139,308,167,244
119,200,318,345,42,169,244,260,102,6,51,187,292,56,236,114,160,226,27,326,265,355,312,22
20,269,231,81,196,72,175,194,50,114,51,13,121,365,95,120,337,15,116,53,115,76,158,369
226,63,329,95,177,195,53,244,289,137,178,344,156,24,111,312,14,28,175,299,325,159,60,193
53,311,45,101,68,213,55,330,250,328,193,30,326,356,199,78,285,51,223,147,225,156,299,63
292,135,156,23,356,140,278,275,226,365,259,126,214,60,306,89,12,20,104,308,127,37,132,138
157,332,119,61,108,193,224,128,51,370,341,68,226,139,159,97,269,92,63,45,147,294,103,137
35,118,6,368,278,115,81,202,357,354,274,122,250,124,51,95,88,207,289,265,260,261,315,233
303,296,365,132,109,156,199,113,98,205,53,351,8,84,158,61,107,174,266,147,260,259,83,63
296,22,130,95,136,43,92,244,263,233,265,187,252,158,242,267,147,18,139,51,236,225,24,366
345,68,222,209,15,170,359,154,278,333,312,24,135,237,317,76,2,309,342,13,324,67,243,274
223,31,218,263,358,76,269,327,52,291,356,26,215,156,317,265,180,82,51,302,60,14,359,72
312,310,356,265,149,170,92,68,47,191,292,321,112,109,307,76,220,101,139,129,195,190,283,51
284,249,50,102,261,68,193,110,312,188,353,270,192,57,227,27,202,109,271,226,196,361,43,254
169,264,226,234,60,165,284,13,126,251,222,71,356,224,369,68,90,132,351,289,7,84,51,193
296,332,354,37,117,255,68,122,274,319,365,276,70,210,151,220,158,309,306,87,322,363,137,209
2,73,295,72,245,13,51,296,234,362,264,348,165,33,15,208,75,354,315,83,31,231,34,42
61,175,95,315,268,341,312,149,151,15,108,46,90,330,51,98,311,2,187,202,43,314,48,161
76,24,199,304,356,95,273,49,51,156,57,37,168,322,363,315,68,185,154,69,345,280,92,310
282,276,309,51,293,209,241,112,313,68,48,251,363,82,210,359,351,333,165,318,182,15,148,337
161,217,90,321,243,247,220,202,274,325,63,167,292,156,151,194,53,139,224,5,67,318,223,259
61,24,283,276,364,269,124,32,200,68,51,265,53,299,236,289,162,249,196,151,277,30,335,38
259,122,312,318,237,53,281,307,138,266,160,368,131,207,170,68,317,95,15,165,303,47,209,295
68,289,32,271,201,95,282,264,123,139,48,90,319,40,147,188,309,208,277,203,165,74,128,328
271,53,68,265,323,168,95,203,27,137,167,15,342,176,223,108,361,315,236,132,308,42,16,8
171,248,305,302,195,363,289,265,51,134,309,154,119,191,361,283,234,201,349,272,120,82,346,174
76,51,202,201,245,242,230,295,195,356,159,168,354,140,90,92,13,156,246,278,347,309,167,294
224,206,239,195,260,171,139,68,108,24,181,273,169,15,210,201,131,311,362,155,196,233,245,246
139,75,187,248,265,68,95,123,234,269,71,183,310,157,65,117,193,225,365,262,189,60,202,235
101,330,157,99,16,265,68,6,49,301,167,139,205,286,61,328,52,60,202,171,40,365,270,47
270,319,158,20,191,51,6,137,352,5,198,264,303,154,68,164,285,98,140,360,265,195,95,71
269,67,15,230,199,167,99,317,156,185,351,256,149,68,352,193,265,53,13,340,126,359,170,88
213,18,155,311,119,58,318,322,260,170,278,194,297,349,273,258,342,359,7,256,104,244,115,292
294,283,246,139,323,234,27,66,345,355,100,363,179,25,76,362,116,274,322,98,108,347,137,127
51,328,305,15,262,170,276,312,329,356,289,65,166,348,231,222,8,183,247,167,120,62,98,333
156,271,169,95,120,185,109,295,299,297,76,231,53,149,30,112,171,132,212,147,128,130,15,191
128,98,6,157,325,8,277,294,132,38,323,174,267,324,330,15,225,81,113,322,337,341,296,358
332,247,169,121,318,326,199,99,53,297,32,171,197,112,320,250,203,192,185,337,348,238,226,340
281,318,47,296,51,68,253,143,167,139,236,79,295,16,196,248,41,96,111,265,55,356,321,46
201,126,106,51,265,71,341,90,333,260,315,305,191,281,130,111,163,224,119,238,14,318,113,153
48,271,95,200,320,53,167,292,193,108,284,8,141,349,291,149,75,156,16,281,265,298,90,276
354,53,13,211,214,346,90,137,42,360,156,23,321,215,190,265,136,251,281,254,84,68,289,128
339,165,198,296,345,67,32,202,0,220,131,217,132,337,13,128,184,169,82,211,285,136,175,145
296,191,92,287,121,137,108,47,165,76,202,154,233,34,201,126,77,134,43,333,272,54,51,97
99,219,338,215,294,139,100,51,109,265,311,53,156,15,157,68,234,310,347,312,343,137,54,236
90,215,369,354,41,240,76,181,202,238,295,132,156,38,273,128,164,154,115,88,292,158,126,37
155,24,55,213,240,180,294,68,139,130,265,230,129,307,231,302,271,30,63,67,333,158,190,124
215,325,349,237,15,133,85,68,156,160,323,51,305,356,44,132,60,236,254,29,332,193,155,202
275,191,233,261,68,207,151,81,265,219,254,202,186,89,282,299,51,244,157,293,352,108,311,95
216,110,250,89,235,278,263,68,118,265,92,365,193,90,13,284,137,88,352,234,41,202,95,170
303,72,126,118,81,156,51,207,98,128,246,15,219,53,201,26,202,8,306,265,321,137,227,191
203,306,259,128,337,268,263,213,156,131,146,122,159,269,75,253,109,51,86,330,133,319,139,265
51,180,349,156,338,246,94,299,354,82,210,199,137,121,45,60,165,167,12,143,265,88,295,193
109,260,313,355,344,193,221,51,271,336,178,233,362,352,46,99,142,128,127,365,272,339,134,94
286,209,247,300,157,53,310,83,265,162,71,45,116,216,246,342,238,137,355,134,151,68,51,211
322,160,128,8,51,267,260,217,296,265,318,109,64,155,57,81,156,225,358,301,208,137,45,183
55,69,291,265,137,201,138,22,51,128,56,130,197,8,136,294,139,292,274,133,321,47,319,237
132,327,265,156,28,272,137,8,127,182,49,204,253,121,214,77,152,207,43,27,92,196,293,154
204,200,55,356,318,298,2,68,95,15,363,53,274,202,137,320,300,311,295,156,139,147,67,183
281,104,119,258,82,95,89,213,223,15,75,360,103,238,195,94,240,268,21,76,25,51,312,300
51,118,234,153,294,258,355,201,61,348,167,128,349,226,189,237,68,124,248,71,321,251,75,98
366,151,51,63,225,193,169,293,117,56,89,204,203,350,289,274,194,309,322,369,348,262,191,68
51,136,307,23,137,265,344,175,13,156,248,81,147,142,345,68,30,366,119,115,277,236,357,292
342,58,256,114,289,337,270,264,310,357,319,68,244,315,126,51,228,30,122,233,95,145,347,16
68,119,247,268,269,248,139,265,356,152,296,136,291,334,351,95,350,210,323,163,208,259,213,156
289,94,139,193,21,19,204,347,299,357,189,201,266,292,262,53,126,48,285,68,211,303,355,295
364,188,22,224,68,276,252,294,216,260,77,40,156,170,51,207,245,2,202,139,27,82,53,176
190,93,65,153,249,256,359,287,149,177,137,52,364,341,125,363,8,51,265,42,156,50,337,262
265,259,53,132,310,359,370,285,135,139,175,256,170,293,231,317,0,260,32,156,90,154,118,360
204,92,170,309,203,166,269,219,301,265,324,325,14,342,278,365,8,260,128,139,137,212,282,315
246,209,99,285,180,16,353,234,119,88,356,316,226,318,161,287,214,127,76,326,57,248,8,269
294,271,153,336,241,176,171,315,126,136,321,293,145,263,345,197,284,45,255,50,37,137,265,93
115,297,159,199,51,68,93,89,21,264,90,101,135,106,92,236,43,156,296,291,142,225,282,258
95,335,356,156,67,175,354,231,339,200,158,370,365,209,270,13,265,278,225,138,57,163,0,108
272,61,278,84,245,222,104,265,322,352,260,26,120,202,302,156,107,249,12,98,53,345,140,137
128,151,100,269,353,51,197,160,156,215,272,131,187,85,68,90,7,342,221,260,281,9,348,370
6,119,118,37,91,46,7,356,25,260,252,112,100,62,8,71,2,325,51,219,45,201,167,358
15,240,35,60,279,296,350,312,336,104,181,139,230,82,98,185,13,347,156,294,297,258,54,285
265,355,2,51,117,47,358,75,156,213,313,139,238,339,245,240,198,225,133,15,120,256,59,351
139,109,290,175,87,45,114,157,250,81,132,207,74,295,251,51,124,356,76,236,137,326,283,68
150,145,49,227,265,202,130,137,53,80,9,75,344,48,133,283,79,12,197,322,128,353,192,368
318,51,156,144,205,124,68,319,265,239,314,195,140,307,180,37,284,1,298,71,15,226,174,153
322,72,124,31,308,318,25,106,204,70,193,260,64,265,353,53,82,344,9,2,170,22,47,194
191,55,277,202,270,261,226,230,338,106,265,240,153,312,70,80,45,293,286,326,114,273,318,260
356,92,107,37,152,65,234,153,174,79,13,349,204,278,315,196,193,133,59,202,314,68,318,272
51,236,128,50,296,103,260,196,330,336,21,125,68,209,307,244,335,115,44,12,198,167,192,234
304,127,255,23,34,224,168,95,86,243,26,202,311,339,51,248,254,72,328,180,15,306,48,274
314,214,322,202,274,68,269,215,125,345,304,190,325,51,156,351,305,60,108,285,152,193,170,326
58,160,23,12,41,304,156,99,134,213,86,350,224,49,203,274,290,149,118,196,4,294,76,307
32,20,206,60,242,270,236,93,265,358,151,95,84,38,40,43,299,67,51,366,152,68,2,214
159,322,51,349,307,231,318,267,221,75,206,46,22,198,233,121,162,238,53,311,363,72,68,205
48,219,311,285,327,192,32,54,369,265,284,123,287,82,168,254,296,300,365,51,53,212,354,139
301,32,58,37,318,260,51,62,53,77,139,325,60,66,265,322,186,366,69,273,268,209,285,197
51,132,8,356,223,62,211,183,236,316,224,284,81,73,120,363,137,344,68,311,231,107,361,303
238,100,321,139,198,81,349,137,151,301,318,15,115,110,125,265,45,124,68,217,359,233,228,48
223,354,63,7,149,222,156,247,284,59,55,85,338,82,24,66,205,285,51,13,265,137,273,134
41,196,199,235,304,194,51,37,236,13,165,245,134,138,354,342,293,147,16,197,113,75,90,111
251,328,51,153,133,68,202,347,250,55,15,362,205,175,209,295,154,304,187,129,90,247,238,99
51,137,295,243,82,15,72,294,265,323,322,348,325,252,59,234,223,342,48,100,339,212,111,74
142,0,314,26,342,156,171,120,190,369,68,53,287,10,137,253,51,202,139,239,250,329,298,265
265,262,302,192,339,258,292,95,291,109,26,260,170,287,271,309,79,353,81,272,282,38,238,255
58,94,189,335,60,38,250,248,184,181,164,77,109,83,82,115,159,137,183,53,247,363,285,255
260,43,356,205,37,265,112,349,299,111,238,263,126,138,170,184,156,109,240,268,195,321,273,19
51,344,349,350,118,201,104,347,254,68,72,315,128,215,6,282,48,298,183,366,139,15,53,86
81,269,291,175,12,142,128,351,337,260,15,130,75,114,245,68,147,227,61,144,2,190,231,88
68,291,51,43,354,82,214,102,204,193,111,46,69,137,231,356,315,318,247,53,227,309,66,200
202,352,139,95,110,131,336,259,329,265,55,298,351,85,233,15,37,251,170,199,246,238,300,295
223,307,365,24,237,303,323,284,195,266,212,137,241,319,51,364,104,193,247,318,75,41,296,333
370,46,48,338,238,202,128,164,260,198,301,265,90,35,175,159,256,358,167,262,344,139,174,132
207,268,247,239,6,200,115,332,15,170,308,231,226,357,138,46,250,68,156,316,341,236,359,318
137,53,345,135,252,51,15,36,364,204,231,68,363,300,212,348,46,190,290,16,303,209,365,307
254,359,42,61,337,92,0,2,323,160,226,202,208,51,355,363,278,193,231,101,244,157,147,203
86,24,276,41,302,147,278,293,265,337,191,312,325,171,122,19,51,340,53,134,306,37,225,234
44,241,95,295,63,231,8,354,72,283,189,265,171,13,108,51,132,356,77,318,248,219,170,202
42,183,196,139,15,95,235,142,175,72,51,188,356,57,41,208,274,30,13,192,156,124,362,69
53,196,138,106,68,293,233,67,118,51,235,8,137,355,167,363,195,236,50,99,62,61,131,146
208,152,132,65,135,201,265,238,159,272,106,95,260,156,154,213,15,165,284,318,66,169,51,245
199,285,325,260,183,363,196,142,353,41,46,149,76,88,315,246,135,282,13,262,139,67,215,137
113,184,137,45,40,25,294,238,313,316,136,309,68,223,265,201,142,193,99,143,9,139,274,128
102,47,195,99,265,345,223,68,302,65,79,69,128,81,175,336,221,2,76,285,162,36,184,214
51,345,13,40,330,30,225,251,20,16,150,45,92,316,68,335,114,123,95,197,284,147,247,125
114,223,72,295,342,157,138,24,75,68,163,289,278,307,231,327,13,277,190,322,25,356,203,335
223,183,51,258,304,238,81,220,202,336,313,235,132,315,214,369,194,233,264,56,291,196,218,36
15,210,336,265,68,309,295,5,145,140,284,53,319,262,285,7,99,76,59,293,335,307,254,51
51,212,15,283,93,339,222,183,135,363,120,350,349,156,109,42,265,255,318,358,50,213,238,170
222,296,269,321,190,64,129,250,265,95,299,89,225,344,139,52,247,312,88,203,231,309,105,54
232,190,49,137,173,36,76,279,245,203,350,51,312,359,193,44,196,104,183,160,243,167,345,23
307,13,32,164,203,294,118,37,38,54,66,70,79,147,68,75,123,77,324,311,163,250,41,138
276,129,215,296,170,156,307,284,68,85,265,160,295,260,141,225,202,338,315,218,167,322,209,40
156,308,356,248,295,339,215,108,336,303,139,200,61,222,298,137,15,39,165,0,237,170,260,287
296,75,265,134,13,65,244,355,154,233,325,249,174,62,139,258,304,51,170,273,200,212,157,219
181,289,36,341,271,330,131,46,203,282,101,164,102,202,112,365,53,260,45,254,68,193,113,151
97,41,190,144,231,278,202,51,236,175,127,167,253,239,365,14,98,74,137,224,311,108,265,296
86,51,81,247,213,323,53,22,343,280,365,113,287,329,345,91,222,268,139,187,121,21,1,339
167,221,2,308,202,265,42,189,125,40,137,311,205,210,298,68,142,262,187,208,200,190,117,236
16,325,163,137,126,72,361,71,248,53,88,51,123,307,128,97,318,295,222,346,73,13,289,356
269,160,165,51,68,326,366,313,265,37,6,215,109,25,327,95,202,226,318,189,182,357,8,219
118,127,68,51,108,258,119,25,347,19,356,89,153,315,211,198,252,238,138,139,132,269,245,192
188,167,171,15,260,198,89,265,292,67,215,320,122,118,294,363,225,279,56,231,336,164,224,236
348,318,156,295,206,41,352,51,53,294,111,68,42,49,330,196,188,223,218,276,128,341,274,202
353,156,231,348,36,300,68,122,359,308,260,168,178,88,7,318,339,16,125,316,351,94,311,133
61,160,117,72,287,333,41,265,285,146,68,339,51,319,353,53,210,135,156,167,214,279,200,258
21,188,25,140,197,69,295,297,238,336,270,152,328,323,8,5,254,137,56,113,268,72,24,41
199,247,51,15,68,133,364,132,34,175,28,169,53,46,146,233,7,305,4,14,202,151,62,333
71,175,148,32,293,252,189,370,328,26,74,349,325,51,13,208,354,25,34,243,260,317,138,104
32,90,258,148,15,51,151,128,315,236,208,281,337,251,317,295,156,158,316,367,96,265,269,124
269,299,37,295,260,351,328,133,166,83,152,157,244,130,293,284,278,365,245,192,46,291,265,233
15,202,146,190,86,287,24,248,283,125,224,40,13,54,336,194,104,51,318,200,303,138,301,265
321,368,209,328,364,135,329,64,75,51,164,191,325,41,340,271,253,206,5,335,161,81,37,284
188,295,271,0,90,42,291,337,339,345,203,236,139,45,156,68,251,51,248,363,325,267,244,327
265,133,210,100,98,109,149,82,329,349,13,65,55,137,68,262,202,233,132,302,51,158,37,171
151,53,300,350,231,69,122,79,47,191,17,68,110,354,240,261,338,205,245,211,0,166,195,108
128,248,61,349,139,108,313,42,222,92,51,311,302,292,176,43,251,68,137,46,133,327,333,212
116,277,43,148,278,283,246,251,106,359,341,128,89,248,357,336,154,203,105,356,112,311,265,126
208,165,351,273,90,39,185,234,128,68,311,89,323,356,239,320,207,309,188,151,333,147,169,6
307,117,161,309,210,301,318,68,81,90,128,208,238,294,41,108,363,343,51,218,352,289,212,100
212,156,165,319,171,247,90,353,255,178,239,82,285,13,302,137,119,265,209,363,139,213,280,231
149,176,185,123,219,44,118,156,109,325,99,342,62,24,133,138,224,213,265,48,293,274,139,294
214,361,51,105,160,102,65,151,142,218,340,369,15,82,333,260,118,265,263,112,90,295,150,341
246,193,361,305,51,170,276,40,37,69,92,68,241,137,335,240,95,365,90,325,71,354,23,347
101,251,121,56,92,109,71,67,260,147,315,208,3,292,283,153,132,47,63,192,258,369,31,183
68,342,16,61,32,338,36,154,233,103,17,133,321,294,161,280,324,347,95,136,48,4,84,315
260,351,13,24,147,68,355,46,75,265,317,295,224,362,204,231,197,79,51,67,286,47,186,218
61,132,84,324,72,21,196,205,131,258,137,265,234,291,212,337,277,188,114,310,68,281,330,45
250,117,196,113,68,333,43,254,265,223,165,14,137,209,65,83,294,18,202,329,201,82,152,41
70,172,289,133,246,71,101,37,357,295,354,117,68,82,190,251,38,207,48,296,94,265,269,31
179,203,88,46,211,304,294,41,202,132,45,123,231,117,102,356,160,284,120,4,139,318,99,151
6,108,56,97,279,133,356,238,41,360,129,210,119,164,149,271,155,12,184,203,131,68,79,93
366,134,200,51,58,41,275,111,223,271,217,176,207,359,21,69,195,248,291,143,269,315,118,196
120,328,137,157,22,187,51,156,15,60,344,106,295,214,183,141,338,325,319,360,13,211,299,46
47,258,14,197,280,234,265,314,203,328,137,76,200,254,360,299,223,146,356,231,26,166,132,303
156,201,283,51,208,224,48,15,359,312,95,198,336,52,265,113,68,115,344,13,354,239,6,128
322,228,289,218,335,365,265,292,190,303,354,158,205,100,214,118,137,309,300,269,260,139,27,51
192,268,137,60,152,21,30,35,84,281,122,273,103,326,265,260,287,283,26,15,269,369,231,336
68,232,70,354,44,330,260,363,230,312,156,348,46,300,161,1,205,208,265,24,278,287,75,137
41,161,240,337,339,15,13,366,53,128,164,265,103,202,51,349,45,260,209,90,285,107,30,44
59,132,167,2,265,58,197,81,297,231,208,236,103,45,337,189,142,156,65,302,53,318,342,32
93,202,344,283,245,340,204,307,3,190,266,137,100,68,58,314,184,267,312,247,304,230,189,293
365,337,61,303,88,160,299,342,142,156,51,70,296,258,42,263,125,68,169,90,13,193,109,137
183,109,349,218,51,263,107,166,149,196,366,15,156,260,265,224,233,202,7,315,25,86,191,24
43,243,163,103,230,137,53,204,234,58,356,241,68,91,166,167,92,129,304,296,93,206,5,281
244,311,301,24,132,260,50,68,289,116,170,104,261,81,95,37,51,205,105,216,43,72,283,345
205,158,287,139,54,216,50,215,132,92,229,357,30,128,127,265,365,241,130,294,84,70,224,291
246,319,147,51,282,278,188,265,99,68,209,160,273,226,37,231,293,201,184,73,339,295,137,156
51,121,125,315,159,58,296,168,137,96,358,72,64,185,197,236,139,270,294,73,326,195,167,265
202,137,366,15,324,56,107,328,1,51,349,260,139,333,123,6,311,214,323,219,183,227,296,222
162,180,127,92,265,178,115,156,196,283,337,129,299,83,295,278,236,51,325,50,121,60,68,139
306,15,139,9,86,30,265,69,81,44,187,246,248,257,293,324,325,127,339,331,51,142,282,225
202,46,137,258,243,51,231,9,204,290,233,79,342,265,2,354,276,111,187,196,15,153,60,359
258,58,287,309,68,12,359,275,155,153,51,26,294,77,236,15,84,269,271,40,81,53,347,4
296,42,154,279,51,46,8,224,175,89,324,139,114,95,248,52,269,289,161,336,212,130,14,56
28,13,329,209,23,166,362,118,171,31,248,95,15,172,345,269,88,124,105,356,277,161,202,35
265,51,151,355,296,317,65,2,13,260,68,95,31,352,312,139,76,129,28,272,26,123,308,354
225,139,293,61,281,1,170,76,265,336,197,77,59,363,275,15,90,209,294,112,48,68,332,301
224,146,282,15,46,297,276,305,240,197,112,51,213,20,349,352,265,126,175,212,351,53,118,0
64,156,354,69,154,98,51,343,23,124,166,137,246,296,191,197,364,295,293,128,310,83,66,202
67,244,119,79,315,308,275,127,307,341,180,145,236,272,73,159,65,51,37,92,149,68,368,142
265,364,220,137,189,290,202,19,214,156,131,216,144,162,139,338,45,261,337,43,42,292,295,68
293,183,128,358,227,2,196,368,51,82,67,95,70,292,209,35,56,187,344,167,338,327,132,80
53,156,51,324,331,235,188,269,296,68,105,202,81,24,243,88,106,292,191,5,172,207,107,356
231,47,86,193,149,68,81,13,318,192,283,282,137,105,108,304,51,41,139,156,362,197,57,328
211,278,277,210,140,363,149,40,51,46,168,328,159,100,117,300,53,296,150,190,202,246,115,28
264,28,137,362,122,15,108,262,345,324,244,147,26,69,1,89,196,159,342,68,75,295,296,192
338,53,48,51,68,272,355,213,63,82,240,175,44,145,196,146,157,322,246,71,35,257,37,329
51,199,161,216,339,33,137,231,156,312,12,327,307,204,365,277,309,215,118,318,344,101,14,296
38,162,309,0,364,141,79,139,269,12,347,167,207,265,213,318,25,272,183,267,53,360,59,51
269,231,41,32,159,53,7,345,265,251,348,149,246,223,164,182,344,124,352,356,45,353,51,156
28,324,51,337,268,242,318,235,269,289,293,260,133,217,216,175,265,140,317,85,53,214,139,120
296,342,268,89,207,276,62,244,363,140,48,348,344,119,153,282,181,74,51,225,295,354,58,222
121,243,364,281,201,19,62,336,83,167,236,5,322,346,288,95,298,356,279,103,354,143,340,90
55,106,16,226,225,196,366,254,13,318,74,223,160,81,79,41,37,15,150,68,134,53,189,216
259,67,212,312,25,236,68,310,348,289,45,301,354,88,215,364,160,219,332,4,238,193,156,344
260,276,208,186,68,259,60,322,265,132,328,74,137,366,14,138,308,321,160,197,120,129,272,148
360,82,102,95,13,202,137,322,84,125,139,25,297,118,258,335,69,140,337,174,321,263,309,364
256,189,238,342,51,164,253,30,68,137,99,326,308,71,235,276,109,170,265,215,171,207,350,139
65,21,303,335,44,278,18,1,170,324,41,199,256,285,351,95,111,337,213,333,302,52,56,48
336,84,68,278,25,128,113,214,142,255,95,275,45,308,320,360,139,362,137,135,283,213,53,331
269,82,355,171,30,110,278,172,265,356,225,99,318,340,147,203,36,148,287,85,361,109,294,251
51,324,137,215,106,263,325,260,289,323,68,363,265,267,53,250,234,72,128,188,339,110,251,258
139,201,243,363,146,57,76,265,62,51,15,134,72,203,217,22,156,19,123,281,107,195,140,125
278,258,114,328,184,1,45,52,95,49,299,33,4,208,105,231,108,48,350,50,118,360,295,320
202,356,183,95,306,35,15,68,279,321,55,207,328,23,130,231,247,156,324,25,96,101,8,132
181,127,139,312,113,125,88,309,65,161,279,76,115,147,149,110,66,231,255,186,267,103,292,32
248,76,321,58,197,19,317,139,137,294,178,262,43,40,160,24,159,239,94,68,51,202,138,2
44,293,210,147,309,128,294,33,68,122,358,207,313,75,160,118,336,286,139,112,200,136,21,81
207,92,285,88,132,353,210,328,93,97,368,234,95,111,343,202,60,124,23,352,121,293,351,148
68,272,352,165,357,137,119,160,292,356,313,53,37,347,287,51,265,15,132,108,248,291,156,45
45,86,205,356,105,241,43,194,31,359,223,53,294,7,153,197,51,47,304,68,368,41,187,279
194,2,292,97,248,214,285,102,146,51,293,265,329,28,16,310,259,75,62,156,78,13,24,289
118,236,53,202,91,109,75,115,45,124,314,149,170,351,57,26,95,364,190,69,259,114,70,23
370,270,359,345,225,156,149,318,51,250,304,32,269,167,165,41,349,109,325,15,347,161,265,189
195,238,184,302,348,221,202,83,68,311,34,82,356,160,337,292,333,139,308,149,352,357,137,128
135,354,90,129,127,332,95,51,314,53,2,228,140,281,68,231,207,365,123,319,278,194,93,107
216,0,202,51,74,137,185,354,110,128,127,61,213,281,303,205,161,197,232,228,158,350,331,201
208,79,258,271,12,197,107,279,109,202,214,217,177,15,68,259,61,236,25,98,132,54,218,94
189,326,243,98,309,318,47,276,215,51,230,291,265,2,82,41,218,53,160,306,254,49,348,299
153,215,152,294,366,329,156,53,302,314,140,325,242,134,269,284,24,26,262,183,128,185,339,261
326,57,321,121,185,239,175,319,248,311,140,328,281,51,100,122,207,48,106,109,263,37,198,68
122,238,26,186,195,95,131,358,321,34,262,102,51,256,84,272,217,37,41,359,44,161,214,67
120,215,263,102,293,156,77,339,68,171,107,137,214,300,203,42,170,154,88,41,351,56,366,226
101,126,22,318,175,265,302,319,292,247,183,103,132,181,170,325,36,348,82,68,276,359,13,61
137,157,41,214,105,337,127,15,265,63,12,90,128,221,36,201,312,57,46,188,291,316,98,129
225,117,311,215,53,156,181,51,357,153,50,8,296,68,203,139,254,330,95,133,207,41,202,353
38,324,354,350,135,320,205,65,95,342,13,137,111,310,209,228,81,319,333,292,61,265,296,51
215,95,224,299,312,137,236,121,37,179,50,269,262,285,70,235,16,311,223,45,113,72,117,195
51,106,287,205,304,12,311,192,227,139,92,315,297,48,47,119,333,128,149,318,137,69,195,79
318,352,359,57,131,315,7,188,312,51,137,54,43,28,67,231,321,305,361,136,13,68,209,76
349,104,51,358,37,269,68,191,318,38,321,192,95,265,122,325,289,296,307,156,313,292,258,62
356,265,316,79,215,71,67,137,315,160,48,291,190,292,88,223,365,92,287,354,170,325,61,260
159,203,232,157,231,294,201,26,308,43,156,35,134,222,137,295,24,127,64,343,2,154,50,108
362,137,170,265,263,286,356,13,318,208,342,92,120,45,238,222,258,25,4,132,60,74,142,219
223,231,170,207,226,348,197,142,130,129,137,215,88,202,41,251,358,366,60,86,263,209,139,284
137,68,79,213,65,45,167,265,368,205,128,44,98,112,254,219,214,27,84,142,217,6,59,188
285,132,16,356,354,300,105,137,256,15,307,47,200,7,95,112,269,125,225,265,169,100,190,26
213,1,222,358,154,61,115,357,168,141,260,60,326,3,38,184,311,356,333,4,51,322,56,24
351,266,45,55,221,313,139,240,51,68,143,366,67,201,40,50,97,112,252,195,95,294,164,171
343,187,103,271,68,191,37,176,167,351,63,182,139,354,156,159,25,198,164,217,311,204,223,158
303,322,156,46,199,246,276,51,348,132,137,67,251,230,205,329,121,68,103,151,296,289,280,359
92,217,344,29,180,218,53,231,289,35,364,61,345,243,139,324,208,249,284,188,0,148,207,255
57,77,66,96,277,51,79,228,223,286,196,363,116,41,126,74,183,42,209,327,82,218,333,207
268,150,266,51,359,302,234,250,232,35,174,134,68,278,62,281,95,354,117,289,342,274,364,65
115,351,255,199,259,51,322,138,83,60,343,177,132,126,206,318,202,139,67,300,58,207,370,137
215,15,335,259,51,79,83,300,24,248,139,336,362,132,350,304,237,138,136,322,269,84,1,351
2,53,357,312,51,235,142,231,321,279,354,234,148,324,137,139,23,72,333,176,161,314,245,265
263,270,248,339,317,351,203,265,279,89,77,284,201,269,169,27,223,211,126,202,75,356,354,249
24,202,225,51,167,153,253,163,274,50,175,116,240,130,215,329,109,107,281,126,324,147,234,156
62,37,72,68,5,295,206,166,356,51,363,148,195,330,199,202,108,165,82,160,357,22,296,260
120,76,214,118,283,22,51,152,137,304,68,267,254,122,70,218,15,368,188,84,65,258,205,184
359,345,153,137,364,186,239,144,46,274,240,234,92,75,82,68,224,254,301,171,160,302,14,51
319,32,339,266,161,183,90,171,68,114,215,260,340,154,36,111,243,352,76,314,136,137,14,144
137,47,240,212,97,119,2,200,147,68,297,9,160,318,76,148,12,233,151,69,15,62,183,53
149,167,138,121,65,157,95,128,139,292,248,309,43,193,156,151,177,51,7,295,294,24,252,196
130,255,299,51,337,23,294,101,359,31,258,137,265,201,254,234,14,188,291,156,69,92,56,285
256,258,239,363,82,41,27,156,337,298,68,357,92,104,193,366,29,2,328,280,353,358,171,170
358,200,254,341,318,79,286,95,273,82,209,117,231,24,139,185,272,171,90,296,211,338,265,330
74,193,268,51,309,104,368,132,246,265,272,287,169,284,79,55,239,137,82,147,355,119,30,295
308,284,53,27,344,83,137,25,269,214,127,135,190,138,286,175,169,117,299,209,289,13,95,35
368,137,360,191,124,230,298,265,51,17,88,52,312,182,15,192,363,344,280,35,200,103,33,195
156,335,225,21,287,13,119,259,299,347,288,265,202,68,51,356,84,314,75,224,260,246,95,81
64,324,156,202,208,133,132,343,126,68,207,294,147,89,276,225,321,322,51,275,165,25,99,164
295,91,153,48,256,346,14,184,137,88,281,180,90,237,236,50,357,322,311,51,265,254,247,304
174,68,239,99,104,65,241,316,215,262,352,41,114,280,191,222,5,183,131,32,29,1,318,258
68,326,53,104,156,213,196,192,95,239,107,61,137,354,269,225,260,108,261,139,132,202,291,250
235,138,320,30,315,144,15,53,4,233,193,203,278,117,68,342,307,8,51,28,265,139,313,316
281,95,106,9,51,236,21,46,285,309,41,265,53,139,209,154,137,272,120,230,302,68,219,192
104,171,149,131,121,287,295,139,219,305,270,202,46,247,262,274,31,51,167,134,288,145,278,225
214,331,68,115,365,90,278,193,96,189,219,7,181,284,56,198,258,351,159,235,25,22,323,93
341,165,13,109,296,170,265,76,359,233,65,199,213,360,209,260,49,167,258,168,325,92,214,222
32,89,133,304,175,4,139,42,322,354,82,233,198,68,265,208,267,191,344,102,118,161,356,300
193,137,236,309,130,260,305,15,19,53,44,203,210,342,209,6,265,131,202,67,215,235,75,213
137,111,323,317,20,339,299,265,129,210,195,344,60,203,46,134,197,180,188,269,341,259,125,294
370,348,131,104,41,66,301,8,265,22,55,193,81,277,336,307,245,89,340,7,156,105,51,196
45,234,113,71,90,51,242,261,251,89,197,368,308,221,159,248,15,125,201,343,7,203,107,363
156,13,326,223,166,215,88,45,133,191,137,363,322,38,231,122,345,258,313,110,234,287,150,295
68,209,350,314,363,25,73,201,137,222,82,266,51,205,44,135,88,267,366,368,238,265,176,178
13,225,192,265,209,252,51,289,224,37,69,339,175,368,68,25,124,90,36,349,53,114,335,219
40,68,265,20,187,51,117,259,49,368,171,92,25,335,159,143,22,108,283,249,260,125,165,160
353,346,187,131,365,209,354,344,226,170,228,72,51,202,22,7,138,104,137,197,88,75,216,312
65,224,245,26,329,226,90,148,326,122,14,133,281,117,39,217,61,207,13,294,258,51,349,68
233,139,330,110,265,27,95,26,219,201,77,289,8,243,295,82,88,212,137,312,247,14,193,369
95,287,265,243,209,277,364,176,354,15,81,248,98,306,301,68,56,233,231,171,137,326,109,205
238,323,239,68,132,211,287,237,256,250,167,324,32,313,293,47,248,159,296,56,299,120,193,315
108,354,139,249,159,156,228,260,344,364,233,71,53,89,96,37,210,117,157,197,347,1,40,318
165,287,58,239,236,30,209,150,349,50,68,193,72,362,366,14,354,69,76,153,25,178,265,322
193,72,60,71,95,285,199,324,139,44,202,34,203,245,9,73,221,91,51,354,178,325,15,175
55,38,336,318,72,178,96,49,238,77,265,29,231,48,156,309,165,59,292,349,168,366,301,153
68,306,174,153,283,247,214,167,297,41,74,284,135,263,32,183,349,279,314,51,265,23,151,110
63,68,32,339,104,304,260,29,231,139,93,90,188,121,180,157,51,88,240,167,168,350,174,15
30,67,216,356,156,2,193,231,151,133,73,320,339,196,363,109,68,360,90,165,137,253,309,265
86,352,134,67,227,192,284,149,131,41,175,50,15,53,297,337,158,231,331,187,207,165,79,285
215,41,296,210,130,195,100,269,76,213,82,63,39,283,141,13,118,247,314,183,2,165,353,79
202,15,89,139,14,129,53,88,236,156,336,310,243,2,183,264,184,209,297,217,361,56,256,68
240,195,336,328,321,348,318,231,15,134,146,228,139,260,51,154,233,285,263,30,354,46,68,2
130,215,58,281,251,338,266,48,207,71,132,321,51,247,213,150,345,64,202,265,108,370,109,156
137,330,51,265,57,325,139,55,248,295,286,356,167,130,140,316,223,204,205,90,355,361,199,296
151,363,139,118,251,299,214,65,188,366,328,170,200,53,112,68,119,191,51,157,137,24,280,220
231,258,181,70,108,273,188,248,324,289,250,337,145,90,256,22,252,368,51,359,296,117,116,68
76,157,330,357,4,269,192,201,120,81,53,51,91,34,136,217,324,132,368,351,88,272,172,316
202,333,355,169,268,68,98,105,230,336,15,32,194,160,260,107,130,265,311,154,24,266,217,13
193,107,110,51,60,136,307,342,190,13,112,281,30,284,41,163,137,167,176,292,181,68,301,156
265,296,132,156,321,308,278,65,51,183,13,316,218,131,193,164,77,221,138,276,280,343,231,135
248,317,356,350,331,370,143,171,191,107,175,251,336,68,159,363,215,12,139,272,338,318,245,307
45,15,69,160,40,219,41,280,277,108,258,187,309,188,132,336,310,356,224,325,215,158,99,156
236,19,150,51,45,154,188,37,325,201,114,6,53,31,195,137,273,58,55,222,216,256,345,15
328,140,170,69,60,197,315,13,73,187,150,71,175,325,270,68,246,268,191,137,312,96,178,51
139,294,258,74,51,60,236,1,175,126,69,42,137,95,36,284,4,312,15,265,260,184,344,182
157,309,351,345,88,251,289,47,95,216,36,51,151,137,23,185,109,245,103,25,60,68,248,329
278,318,73,167,141,98,163,157,369,255,139,346,282,133,191,183,330,192,309,262,354,258,317,193
251,68,51,335,196,186,285,355,106,273,224,215,356,149,137,250,256,159,203,180,268,239,213,2
262,315,352,75,133,21,230,189,335,137,196,147,51,258,202,304,231,204,236,158,200,269,68,240
269,55,160,82,93,213,212,317,132,280,196,193,46,293,201,57,172,191,99,98,95,45,297,63
68,348,137,109,234,262,323,197,51,59,217,180,50,63,286,170,93,61,361,22,291,334,231,304
176,137,51,53,237,347,265,368,168,218,118,111,142,322,40,354,56,365,242,325,22,144,112,69
139,51,53,171,144,265,181,330,175,22,137,156,352,209,264,240,224,274,126,81,57,296,118,104
156,179,321,222,113,208,128,271,265,219,95,216,54,168,303,68,139,355,106,51,89,260,291,66
192,201,18,184,292,359,122,53,16,299,280,139,345,265,46,157,165,287,206,329,117,261,181,154
153,237,68,44,281,41,351,86,2,187,96,60,306,166,225,15,142,293,363,40,236,318,137,332
68,301,352,289,71,176,115,337,203,139,258,231,64,296,26,332,47,60,51,148,156,238,13,363
6,43,60,256,197,246,356,95,110,265,264,131,180,68,82,40,51,271,196,281,354,181,128,208
187,95,289,261,51,309,150,231,139,311,189,202,53,293,272,343,138,57,276,265,193,350,318,163
335,248,99,325,318,107,51,254,126,231,147,191,215,233,118,289,358,57,61,190,287,145,269,320
195,342,359,53,151,104,71,68,304,25,294,337,347,283,67,51,276,256,355,55,213,65,362,265
68,104,260,112,322,365,171,95,90,137,236,339,139,100,71,159,203,3,344,277,233,128,41,32
247,201,93,285,171,224,355,256,250,105,338,154,5,131,51,150,134,354,16,137,258,42,312,177
192,175,258,363,348,24,273,63,201,30,165,120,356,115,278,317,32,293,137,184,225,187,18,265
318,156,307,68,353,238,51,258,41,149,358,180,347,327,209,155,277,146,251,214,226,55,300,166
15,163,229,245,99,142,25,51,330,122,132,7,260,170,111,167,159,258,139,302,352,366,19,253
335,109,186,188,264,336,69,285,16,68,323,301,330,348,223,164,207,156,107,139,219,344,292,238
190,156,68,264,139,312,213,75,171,192,153,15,281,344,248,170,85,202,24,237,318,336,137,100
266,215,209,108,71,69,50,223,217,90,128,265,72,196,244,77,204,144,304,89,129,187,165,68
287,218,319,51,289,75,167,126,69,263,355,259,53,132,341,291,166,195,219,157,328,145,66,240
51,159,276,284,360,339,184,327,255,146,282,231,13,37,205,260,320,258,318,40,227,117,188,335
330,60,340,186,168,260,356,172,295,239,151,282,272,23,53,103,92,51,165,187,217,265,206,297
283,313,234,211,355,208,147,226,48,68,253,13,15,252,222,231,219,137,70,236,259,246,344,194
268,250,95,307,51,354,42,137,138,139,156,323,36,364,283,278,15,231,41,30,190,60,82,151
215,7,37,336,146,130,58,51,342,199,269,303,223,321,31,225,53,89,137,354,15,47,352,3
256,15,181,117,67,132,191,51,12,276,135,167,258,140,251,324,17,95,298,68,53,225,82,259
68,239,169,209,167,175,49,87,228,258,321,22,270,130,265,251,74,41,51,102,202,277,359,293
15,212,68,12,119,34,100,67,110,13,278,281,136,154,51,265,125,86,320,137,92,216,322,349
223,221,124,201,210,303,51,178,46,107,197,230,351,297,115,48,234,233,28,15,270,250,354,72
224,101,295,362,6,81,359,86,93,15,209,23,185,51,281,137,351,247,30,156,364,347,108,201
244,268,233,130,339,187,70,273,100,346,311,238,152,156,246,289,41,158,138,345,282,175,250,278
196,68,115,311,32,246,327,285,262,192,269,130,210,92,353,359,296,309,252,119,231,250,361,138
230,91,68,284,281,139,123,189,38,8,285,262,126,193,17,51,254,69,173,13,116,311,95,293
176,139,321,4,108,128,335,68,245,82,12,51,158,198,60,41,79,15,56,163,199,217,344,290
224,336,71,107,167,13,265,48,358,312,299,94,166,303,68,84,85,103,45,154,23,57,304,206
260,104,160,234,2,69,40,364,153,131,37,87,53,61,51,39,211,118,231,15,274,136,57,115
274,351,57,125,135,139,268,151,68,108,22,296,159,137,122,124,265,215,88,138,202,213,285,131
69,68,133,265,137,70,350,328,21,254,176,193,236,178,20,30,34,358,131,152,65,312,179,231
5,53,281,255,67,11,224,223,192,348,79,170,366,238,196,333,84,278,246,23,340,330,263,315
24,78,76,318,247,66,199,321,289,137,18,133,68,316,51,278,165,313,338,276,156,136,126,69
344,154,54,304,61,353,292,103,222,70,55,213,185,356,150,336,300,239,12,193,178,45,265,171
283,22,279,194,114,289,139,61,281,223,91,224,209,352,305,24,265,183,156,356,115,211,68,100
218,284,340,356,317,139,73,95,339,68,309,83,233,295,51,25,183,337,321,79,278,274,225,265
108,99,203,278,69,60,369,14,308,126,42,243,157,365,183,267,51,72,28,187,120,335,139,91
133,146,197,299,43,251,265,61,321,354,40,338,356,139,336,79,65,312,315,132,370,51,116,42
355,44,325,344,68,250,369,51,24,274,175,302,319,189,209,311,196,125,178,207,286,156,159,132
263,90,299,167,209,236,296,65,320,336,175,284,138,183,202,234,190,363,260,231,265,81,137,297
243,1,52,26,51,202,218,98,174,21,265,15,139,105,7,269,173,251,92,207,115,0,97,18
349,308,286,227,23,365,76,152,269,51,2,41,207,364,256,71,357,345,197,196,171,17,92,321
13,301,191,30,260,4,51,68,331,35,219,302,117,196,322,135,352,231,27,195,193,210,93,137
206,9,237,68,109,50,28,139,344,202,187,6,351,125,72,137,301,138,258,336,128,294,281,337
134,192,126,293,204,193,294,115,328,251,106,153,263,151,15,324,5,224,231,119,76,99,43,255
287,51,21,243,354,289,234,83,274,347,138,292,12,130,47,73,156,68,167,117,339,41,58,298
149,53,175,257,202,354,269,294,126,22,238,323,262,223,193,218,105,343,299,104,265,36,248,156
349,8,17,95,125,67,318,327,278,289,283,51,114,321,212,25,32,138,70,188,99,4,139,71
13,90,2,127,265,91,98,194,74,73,300,18,185,79,159,69,51,321,291,277,178,292,355,295
7,15,88,232,219,312,156,260,352,220,59,254,311,278,321,106,151,178,94,90,138,310,41,275
245,113,236,285,188,97,319,101,134,296,133,140,272,207,261,365,237,15,354,76,47,125,260,222
256,47,111,48,343,216,68,175,32,261,94,211,235,361,365,223,7,89,15,265,79,51,231,337
325,141,72,50,300,13,128,357,144,79,51,26,68,76,295,35,94,57,33,216,7,213,299,201
192,101,157,36,108,23,65,99,68,43,270,316,324,122,139,292,137,103,213,160,32,327,318,53
297,29,45,237,299,156,77,214,167,254,315,102,263,225,134,128,333,52,318,170,15,16,351,200
128,309,252,147,214,131,84,142,148,137,46,184,226,196,107,133,236,223,66,193,99,53,318,265
108,363,330,307,351,51,336,96,317,281,239,174,69,282,231,139,53,364,187,106,226,170,323,197
68,139,183,36,171,15,121,177,217,187,28,313,273,197,13,45,318,128,275,215,79,364,50,203
282,236,336,57,63,137,233,162,256,43,196,75,70,128,17,343,156,231,51,68,272,53,349,117
51,320,135,90,354,209,265,104,71,65,125,308,244,296,234,117,163,241,144,239,192,329,215,191
295,169,202,294,134,281,67,36,140,359,328,167,282,325,157,293,51,13,278,215,100,284,65,250
278,357,148,351,156,260,138,47,140,50,211,236,161,253,45,146,297,127,139,19,191,120,196,160
299,101,51,49,157,265,296,302,341,360,25,15,282,329,357,260,175,148,283,202,206,180,217,69
188,95,13,68,169,43,152,109,41,194,147,209,226,121,262,7,318,252,365,320,170,270,238,245
318,265,348,354,115,232,86,116,72,142,274,18,362,284,67,127,12,195,238,289,68,172,340,260
23,88,25,33,81,347,51,79,125,193,14,281,237,137,354,117,202,217,245,52,328,192,29,201
139,82,118,69,60,328,156,56,294,317,295,261,137,100,256,51,364,74,231,27,283,53,265,336
160,77,257,24,156,322,51,328,364,268,68,245,202,265,152,195,167,250,231,186,189,221,333,31
263,231,117,89,322,363,169,297,277,82,55,30,137,167,86,190,203,59,85,188,152,98,225,286
201,183,268,100,356,89,339,248,142,363,105,63,5,206,233,93,336,75,110,56,69,161,12,258
91,59,274,324,128,319,323,213,292,192,135,14,231,146,54,350,239,101,320,23,185,236,303,364
235,2,14,167,89,251,345,233,179,60,277,296,281,339,68,309,311,364,195,278,184,203,99,172
68,107,122,51,318,17,270,202,249,55,191,5,283,281,137,256,62,337,296,41,277,153,284,215
260,108,162,36,73,101,177,68,269,282,307,92,330,360,294,156,264,295,214,46,202,157,22,363
337,172,74,65,161,149,170,188,139,353,234,310,13,87,85,255,160,295,79,354,180,68,301,278
356,51,296,22,213,203,53,88,290,226,348,107,60,92,184,261,164,295,85,183,250,110,149,137
202,355,156,208,116,61,114,222,122,223,265,90,12,218,132,295,139,357,354,84,214,339,51,14
121,73,226,51,167,15,26,117,199,288,97,82,210,209,200,310,68,265,106,139,84,344,156,37
22,222,183,52,368,170,95,180,153,370,93,218,51,81,348,231,357,69,129,264,187,325,260,265
263,325,265,159,51,156,231,72,75,60,297,256,320,140,86,280,305,303,78,262,260,136,30,138
159,111,152,42,356,319,51,337,340,94,45,192,68,47,349,201,39,304,15,231,95,238,167,70
270,89,137,283,19,51,335,362,24,65,226,332,107,331,312,70,132,105,296,150,364,126,354,236
110,77,193,170,102,304,85,208,160,265,273,109,358,218,87,295,354,365,282,137,322,68,343,156
161,51,265,202,323,337,126,333,29,279,85,156,251,128,183,64,154,68,69,274,193,318,233,84
51,250,209,66,354,265,224,248,169,322,115,159,82,92,132,281,171,307,325,24,13,60,219,295
72,344,117,203,363,294,120,15,200,41,87,206,24,33,333,53,281,114,186,312,85,365,156,252
231,51,315,294,342,337,172,322,201,357,208,265,192,68,347,218,94,364,137,101,285,351,309,193
6,22,69,220,347,62,19,41,209,15,156,314,115,312,323,286,326,302,53,252,59,135,68,356
260,187,356,45,258,298,150,241,62,360,68,204,349,95,265,77,339,16,119,293,15,163,207,290
192,281,22,70,262,186,121,13,223,72,45,296,258,76,9,352,218,289,28,51,24,259,139,201
304,92,238,224,73,37,68,210,237,15,107,69,10,218,86,311,162,51,139,154,115,46,259,322
349,250,160,304,224,100,360,122,65,255,68,21,178,335,231,72,299,297,145,194,204,218,71,152
231,238,75,47,279,203,282,68,223,196,360,208,171,195,79,330,199,212,63,355,337,241,51,84
145,134,238,174,266,175,248,142,234,246,312,295,298,333,354,324,140,268,340,6,316,259,193,321
22,26,269,197,318,156,71,222,356,211,265,110,368,161,30,167,251,8,302,95,295,342,34,2
281,161,247,135,167,224,231,68,258,203,360,352,117,76,365,93,248,122,152,285,77,324,202,260
139,158,281,38,41,268,218,51,188,219,137,84,315,94,161,217,147,360,70,322,337,24,308,55
116,51,362,13,75,260,231,202,91,265,295,360,346,343,306,209,42,41,197,156,298,123,139,219
265,91,187,83,194,137,93,67,305,272,95,236,138,203,328,176,103,129,201,253,139,337,159,205
333,137,207,57,51,127,342,292,271,104,345,239,348,248,194,281,351,14,140,131,41,174,34,322
30,108,313,328,68,19,342,13,161,260,137,205,193,248,72,255,269,319,347,202,308,341,238,234
250,156,259,5,129,12,355,347,95,3,88,285,265,236,240,331,140,59,51,315,207,183,309,15
84,170,329,342,107,137,286,201,51,68,82,231,346,325,199,156,359,64,192,139,222,157,235,110
251,154,317,197,281,171,51,349,28,255,268,156,296,15,107,75,129,304,69,61,37,323,293,265
271,264,225,265,333,8,74,137,43,117,88,62,51,236,90,133,161,336,97,210,231,68,124,304
128,209,188,95,261,299,350,312,219,82,127,42,353,265,137,342,245,183,195,337,272,301,369,41
110,280,206,268,15,295,277,307,65,259,265,108,240,197,51,294,68,151,22,242,311,262,61,245
59,208,180,51,293,138,236,65,306,310,214,134,231,303,348,265,167,282,128,190,176,192,115,215
32,277,293,265,352,255,365,63,42,137,88,330,203,92,41,53,276,26,38,237,62,308,8,139
336,328,223,115,94,228,147,57,48,49,87,260,293,354,278,190,141,76,134,196,37,180,101,359
311,140,109,51,138,321,241,136,277,245,16,319,72,93,113,13,74,265,205,34,101,221,322,137
117,69,238,302,47,258,364,255,181,329,34,226,320,166,246,308,63,356,61,51,126,88,101,56
67,306,36,197,84,174,266,51,265,339,28,172,207,137,159,148,95,128,150,190,106,248,289,13
284,171,159,265,51,128,344,139,197,202,72,22,112,103,296,240,43,157,68,25,66,351,292,149
316,34,77,132,108,94,37,317,164,63,250,274,280,192,325,137,285,260,45,209,5,308,141,306
127,193,277,363,194,73,342,45,51,354,295,348,191,269,112,139,349,48,182,352,296,41,137,318
231,156,247,265,14,139,316,356,205,339,324,96,236,289,160,116,171,112,240,126,285,312,151,108
323,113,195,154,95,88,89,176,22,296,326,68,90,294,194,157,271,336,114,37,138,207,133,260
232,113,293,118,265,68,283,134,331,71,281,176,149,180,207,142,31,40,332,139,14,327,299,302
5,345,160,93,135,207,234,51,173,167,212,159,2,318,252,24,32,61,12,266,42,335,124,311
261,68,50,292,265,143,129,282,104,37,46,139,53,69,222,283,155,350,335,95,90,306,51,202
13,122,65,247,360,365,344,21,354,197,53,2,152,25,195,14,26,15,291,275,213,51,69,285
225,188,223,338,245,138,227,80,203,293,236,354,291,9,162,68,340,116,292,208,346,231,13,183
184,360,116,42,103,89,126,156,350,55,75,296,53,165,7,266,278,74,76,189,336,108,343,265
174,147,127,303,264,88,231,55,258,1,185,103,188,159,355,139,193,309,364,46,349,244,68,73
57,215,113,99,190,289,139,160,38,322,243,266,176,50,137,88,306,167,231,254,330,311,244,0
333,234,269,233,276,116,65,369,256,121,175,41,308,272,201,156,88,225,307,296,40,79,151,46
139,244,278,220,51,162,212,200,16,114,335,55,292,167,183,348,60,4,156,362,59,265,46,269
116,156,32,260,344,180,319,172,60,281,56,247,160,210,339,225,234,138,95,307,167,331,15,191
218,111,53,205,248,269,182,281,32,55,49,365,101,67,107,367,351,352,196,275,285,278,136,324
324,347,192,369,139,137,217,307,13,50,201,44,270,2,265,67,294,188,254,276,150,195,119,160
278,164,340,168,175,318,211,299,51,354,153,214,358,296,230,307,265,14,46,336,191,139,91,57
173,193,304,107,202,231,167,139,46,189,366,137,338,24,87,319,51,223,283,115,7,166,313,367
135,348,269,268,236,91,83,68,345,281,16,215,49,142,7,186,156,197,330,310,329,105,341,25
265,68,193,25,85,51,159,121,92,356,213,359,72,15,153,156,355,343,109,167,175,314,44,48
208,70,158,137,151,337,47,51,181,32,336,282,76,284,285,55,368,265,159,15,81,5,117,369
235,147,283,146,250,73,53,339,23,68,181,13,305,360,137,142,175,321,60,315,293,209,128,174
92,175,153,265,192,37,91,252,321,53,81,115,289,315,205,253,89,109,223,130,301,283,51,274
348,247,332,210,231,207,124,215,335,122,304,194,295,86,285,139,333,327,160,75,269,265,345,137
295,268,35,336,15,111,22,26,164,13,68,233,341,278,51,359,253,212,160,137,156,225,323,89
311,231,88,314,164,52,51,265,232,293,115,278,137,82,68,277,89,250,344,354,347,258,167,95
329,354,27,120,57,139,290,68,219,327,202,367,293,255,125,275,201,19,98,289,265,335,225,137
140,38,272,248,65,190,240,53,4,139,197,121,231,196,191,214,93,73,307,110,241,268,188,153
263,139,235,285,294,46,183,18,175,0,227,134,214,156,98,293,120,362,261,100,1,352,27,68
353,65,15,239,51,249,278,156,137,318,258,219,60,159,238,111,171,327,361,92,76,260,124,118
140,32,342,8,102,248,218,62,25,238,286,325,247,294,191,68,208,264,165,360,137,214,115,159
256,247,344,242,317,151,75,287,114,347,267,105,149,156,188,310,282,176,13,197,113,31,350,68
95,68,70,35,165,219,163,335,231,32,312,265,295,160,79,339,153,109,62,223,53,211,268,336
183,292,349,263,355,88,160,180,273,234,223,320,13,23,63,156,126,61,5,93,278,138,159,137
238,30,68,277,79,295,198,305,184,15,160,318,137,281,170,45,321,159,66,246,13,196,167,227
23,68,304,153,21,253,331,84,188,80,65,300,70,332,139,339,158,43,51,318,187,265,205,258
192,30,22,103,353,304,257,16,235,245,365,95,190,152,248,139,130,287,344,165,302,78,345,51
139,15,322,19,316,231,265,352,296,73,334,259,120,359,68,147,156,126,260,24,218,62,305,233
135,293,231,237,156,2,233,350,244,174,12,324,131,219,303,296,89,95,323,22,56,55,45,318
200,311,81,209,108,258,124,69,32,192,24,157,101,139,67,187,72,68,323,82,242,119,172,109
354,139,157,214,362,68,231,128,132,162,321,117,56,175,12,51,61,349,260,236,286,183,322,212
188,322,283,108,222,284,327,306,67,46,203,265,246,60,311,318,51,53,218,292,75,136,194,241
348,258,359,224,39,118,325,299,271,68,303,364,7,365,251,338,316,142,201,356,282,260,293,18
278,145,156,178,148,223,45,360,118,135,106,131,36,137,255,270,285,286,199,210,299,342,261,318
312,167,199,92,151,313,41,237,273,225,111,203,34,324,360,316,187,265,299,193,247,38,71,51
222,154,124,223,321,292,32,320,112,68,347,348,269,90,108,103,47,156,137,26,295,23,352,258
289,317,24,76,32,135,60,51,140,215,167,205,192,298,256,68,159,6,217,156,13,356,274,62
278,165,282,57,8,202,51,48,245,92,265,117,137,225,62,322,267,358,192,367,313,209,134,348
121,202,37,21,132,304,236,365,68,5,356,51,235,90,369,44,137,119,139,167,76,215,0,303
234,190,21,150,295,146,356,222,185,238,254,357,112,187,68,265,195,181,20,61,246,183,172,218
352,203,201,28,128,88,51,167,265,147,110,132,225,369,130,160,260,75,60,156,295,139,137,361
191,349,279,360,75,325,320,200,128,196,265,137,203,155,48,184,193,182,32,158,100,283,218,71
90,45,255,78,196,68,171,193,234,169,137,221,51,121,113,154,18,178,156,58,201,108,41,61
274,287,240,249,296,360,79,196,137,305,68,185,38,326,356,13,313,60,100,350,336,43,254,197
137,260,318,158,236,248,222,337,205,299,202,224,160,42,90,246,201,50,213,62,355,271,31,117
166,365,147,202,287,74,61,356,87,24,182,284,260,354,304,114,221,265,117,16,174,205,307,250
139,325,131,45,296,81,105,269,147,160,90,2,214,218,51,268,95,188,341,60,100,227,137,180
196,153,197,333,88,205,68,90,81,26,315,51,316,139,321,156,353,142,128,174,309,296,242,133
315,113,142,355,226,31,192,177,271,76,2,106,353,60,304,181,322,38,277,367,299,51,266,265
151,363,256,250,284,238,203,236,156,361,296,7,109,77,132,137,122,90,68,51,231,281,269,241
231,139,150,281,202,301,196,282,12,56,51,160,68,253,303,156,170,43,104,197,15,340,370,6
151,30,68,222,273,56,307,322,70,18,40,318,354,301,117,299,2,45,41,183,32,79,140,324
309,318,295,217,242,37,90,182,260,128,351,326,48,83,109,99,274,226,149,283,262,114,193,207
136,52,231,126,66,132,51,361,202,170,365,151,176,201,312,311,157,287,215,265,354,70,14,53
120,37,51,90,176,108,269,160,84,363,53,274,183,295,205,321,265,244,203,89,297,322,72,149
84,51,254,114,128,242,294,329,202,156,68,232,23,155,182,303,265,111,170,53,55,300,278,41
1,238,110,199,9,253,322,196,271,323,187,335,215,320,251,354,312,337,68,214,349,15,296,340
370,275,166,204,231,51,23,326,276,304,146,137,187,25,267,264,94,128,202,37,41,245,48,60
176,318,76,232,192,95,166,153,199,241,102,331,251,51,299,16,277,174,278,321,87,202,112,156
187,167,289,347,203,90,134,60,117,53,221,304,251,212,233,359,258,366,51,231,249,160,277,271
230,355,357,328,68,251,370,24,169,200,126,133,69,215,180,161,65,76,231,201,291,154,222,132
160,200,115,6,149,203,209,137,265,271,139,341,60,301,131,292,222,223,132,196,21,51,130,192
251,355,318,296,190,128,40,302,319,121,236,346,133,171,316,26,75,45,4,368,145,295,285,365
51,320,60,90,225,354,227,175,343,235,219,358,179,296,109,7,82,204,352,281,265,326,55,144
188,286,240,301,117,131,366,264,265,234,35,197,315,312,358,276,222,247,30,156,281,124,81,104
137,295,68,165,166,302,40,100,120,42,368,55,126,156,251,265,53,231,192,186,249,313,65,169
299,93,82,345,282,312,351,45,189,53,166,362,322,298,76,251,349,109,49,258,244,268,36,47
190,282,231,330,128,51,356,251,170,176,196,252,224,92,68,283,105,134,137,351,257,291,35,165
65,137,348,328,136,207,260,36,139,66,325,253,67,201,309,303,183,126,235,77,90,164,31,355
68,190,32,292,51,1,254,271,260,202,300,205,15,187,332,191,259,74,356,277,321,194,314,161
223,318,253,154,238,365,243,51,133,139,41,231,265,187,301,241,159,360,356,95,280,339,43,202
160,139,87,48,44,53,265,266,154,112,365,211,273,195,170,137,258,153,342,90,260,72,138,122
41,23,113,25,157,128,343,141,72,51,312,120,231,298,197,214,223,86,48,227,24,138,142,202
221,205,296,117,65,68,345,118,156,275,267,355,136,71,79,90,265,37,99,358,223,53,294,160
166,349,359,53,278,238,295,225,284,189,233,9,293,265,91,105,45,336,157,126,240,51,117,118
133,34,154,317,342,51,97,270,341,132,264,13,134,283,355,135,199,58,109,348,158,104,150,330
208,335,114,150,62,167,64,32,265,175,321,33,119,365,65,212,72,40,84,251,15,252,44,95
295,61,160,223,38,275,60,93,68,77,214,300,231,241,281,221,265,55,340,199,324,139,154,219
156,247,276,68,258,238,41,323,90,92,339,112,73,107,250,51,5,84,277,130,169,306,265,336
223,115,108,295,356,336,69,13,299,132,121,341,169,322,339,236,282,45,153,158,53,163,325,265
95,77,44,37,366,76,202,210,265,61,57,344,260,145,68,351,71,238,2,278,316,311,309,131
69,130,179,66,59,64,170,347,121,278,356,161,213,296,283,247,95,142,267,211,274,76,214,183
44,310,109,206,163,190,182,22,68,315,233,223,70,216,110,208,203,354,116,212,299,204,51,329
22,137,90,308,68,329,206,139,161,289,202,178,312,125,305,235,239,188,32,23,349,13,104,167
133,156,108,336,46,295,224,296,51,221,289,214,311,342,123,176,68,237,242,369,350,269,16,265
92,265,156,212,352,94,126,299,41,51,37,117,243,88,118,175,272,45,134,25,1,68,160,269
312,324,286,53,51,231,200,224,347,63,68,258,196,6,109,285,278,281,144,308,158,112,264,163
266,284,202,133,317,153,139,135,208,251,51,34,307,336,193,338,369,170,149,63,296,159,309,265
136,137,294,156,125,265,190,117,43,150,91,38,181,61,318,333,88,15,231,44,278,315,132,191
44,354,205,234,223,52,139,128,216,157,348,329,286,4,285,119,184,195,265,82,299,260,79,158
125,88,15,270,128,265,68,359,183,278,100,150,123,81,324,170,142,107,260,223,287,280,271,350
265,223,105,260,365,339,295,189,359,288,126,51,302,147,72,156,81,183,233,354,213,137,214,121
11,368,56,37,82,274,51,270,283,88,68,235,90,246,359,0,295,354,205,282,313,199,260,156
109,58,163,283,214,312,265,246,222,278,207,338,298,201,299,263,203,139,95,192,215,337,273,303
202,139,292,351,304,65,134,71,269,126,308,246,296,72,203,254,369,272,97,156,24,160,331,51
261,268,294,68,211,111,124,263,139,351,324,254,30,164,134,6,246,189,106,315,109,46,215,342
5,202,226,80,156,132,109,137,285,281,208,43,300,352,215,174,3,296,258,304,289,336,68,351
62,228,361,95,175,84,159,106,251,215,269,162,78,355,271,32,156,42,287,304,293,105,231,265
244,51,159,95,191,66,220,299,355,309,223,36,35,360,77,294,137,12,201,135,238,230,63,130
258,25,285,3,208,55,68,336,335,19,265,252,193,293,189,343,70,367,22,251,256,45,277,41
62,88,177,270,284,227,188,224,231,122,333,51,63,172,128,96,255,234,180,287,322,157,364,189
234,178,139,68,275,230,213,330,215,154,51,319,304,281,352,66,305,358,308,188,273,295,142,272
318,84,312,186,233,156,246,2,364,142,111,274,41,36,227,284,354,202,144,270,138,170,165,254
156,208,336,331,186,292,365,112,187,170,31,122,203,246,94,265,21,137,74,263,37,324,280,318
265,202,339,72,40,260,51,357,261,317,167,293,267,137,19,171,330,145,230,53,336,119,296,279
265,215,157,15,296,81,46,49,313,196,194,136,356,89,159,209,112,221,142,63,269,319,51,45
202,89,240,109,265,139,19,355,356,171,352,278,276,224,82,51,339,302,167,5,113,53,68,311
51,15,353,76,64,68,223,284,311,46,69,324,291,13,189,202,89,156,49,308,356,53,309,318
231,283,207,328,300,5,68,41,104,195,326,339,292,108,302,47,357,343,214,289,58,206,221,230
41,14,22,244,213,365,112,278,15,132,104,7,58,26,65,326,167,188,45,238,312,194,51,30
339,88,353,346,274,53,167,68,258,265,190,127,219,253,114,111,49,279,247,33,7,69,231,246
265,300,202,124,23,159,356,217,235,51,68,241,156,269,110,335,131,14,364,137,198,193,259,328
187,274,70,159,171,326,69,15,9,102,302,68,278,156,256,194,14,232,356,258,237,205,308,287
70,156,128,316,54,129,162,363,313,125,289,30,63,13,62,98,9,135,153,71,74,247,263,107
238,284,230,225,354,81,281,296,236,297,365,95,51,323,60,171,303,320,120,352,338,13,295,74
40,363,167,280,28,364,265,51,117,211,102,137,340,37,53,151,368,193,299,69,311,83,321,278
265,151,193,66,137,157,274,204,269,258,170,58,289,319,68,201,28,340,134,8,240,311,64,121
107,277,150,5,322,338,32,92,139,309,51,248,102,173,233,302,106,206,265,333,297,202,209,295
128,320,316,212,238,362,187,281,134,223,68,109,30,158,74,208,190,318,24,258,265,22,113,336
108,247,68,279,22,221,212,280,139,311,366,355,65,220,260,214,137,105,206,254,124,265,70,301
111,157,214,22,336,325,51,145,221,137,167,50,117,209,191,100,347,114,166,274,53,81,271,160
318,293,231,214,36,152,124,312,230,346,202,260,299,51,67,325,348,25,65,50,137,241,252,193
311,207,265,351,51,71,325,133,322,185,59,155,268,15,28,352,283,81,188,101,66,356,13,292
353,285,126,356,311,209,348,203,330,105,355,210,68,135,51,281,361,218,38,239,25,157,158,273
209,323,203,248,51,156,265,326,269,8,22,49,259,217,37,295,53,61,167,354,89,201,164,183
302,137,344,15,51,254,86,73,104,352,114,265,140,4,285,92,85,284,14,88,332,214,154,76
156,138,338,90,80,125,356,137,53,177,95,223,147,351,295,366,265,68,194,191,38,139,145,285
68,67,264,265,359,40,99,189,51,81,47,24,135,125,353,6,95,301,370,246,71,106,58,224
214,244,26,147,274,95,41,51,347,209,27,297,46,30,260,35,142,273,330,153,17,287,231,210
46,363,200,32,9,221,207,7,348,355,139,173,51,182,303,304,115,352,118,137,2,365,106,42
222,246,190,294,319,88,144,113,158,224,337,213,265,221,259,318,52,117,118,13,156,120,42,90
72,100,202,109,17,214,174,46,260,303,318,206,336,250,300,322,205,51,116,175,328,137,352,58
213,139,206,366,327,281,211,304,38,265,53,344,196,316,15,148,68,151,307,284,165,258,263,137
68,72,354,95,50,226,62,26,289,233,284,311,213,153,265,207,360,104,348,365,13,328,4,364
333,25,354,228,15,137,79,175,202,260,118,358,363,76,40,152,355,51,139,72,90,170,224,68
67,100,202,272,161,193,265,315,369,277,344,45,49,336,103,327,301,199,128,72,311,251,280,154
173,198,256,330,264,280,172,281,324,99,112,61,93,147,153,7,211,125,329,132,342,53,273,180
294,237,364,7,45,139,68,160,156,70,332,57,356,137,142,246,86,31,216,362,335,299,112,101
245,248,22,192,14,156,298,354,209,360,9,113,269,217,147,330,214,198,75,161,277,265,274,53
292,30,83,106,32,51,321,197,272,53,299,331,230,236,348,107,329,224,48,109,207,43,67,315
160,274,265,188,183,282,357,135,202,285,44,6,167,262,149,157,45,170,165,315,161,24,263,109
195,96,329,58,349,215,304,68,286,15,269,207,128,180,42,171,131,109,282,359,331,318,194,164
265,192,134,110,46,119,179,82,66,132,193,51,1,226,53,205,128,41,299,34,85,285,175,68
106,348,35,45,200,115,68,145,303,276,126,98,265,333,292,19,51,324,236,156,186,323,339,215
137,51,74,188,301,118,321,265,184,248,8,42,203,95,351,90,238,53,322,366,355,299,19,133
309,53,135,209,160,232,302,139,353,167,125,315,132,231,359,212,89,369,109,146,45,271,25,317
156,284,57,118,190,367,55,51,187,298,32,120,358,218,79,179,53,149,169,238,49,6,136,335
345,233,69,336,156,60,317,183,365,222,108,68,207,195,228,218,2,225,190,189,41,359,163,63
355,240,45,123,151,121,110,201,127,154,233,55,53,352,343,207,359,253,100,20,197,132,152,354
180,154,31,57,72,317,202,88,51,240,84,36,16,207,139,292,345,369,236,81,66,318,156,122
7,94,6,252,189,101,141,86,8,84,139,202,159,274,69,298,358,188,59,147,161,242,260,322
114,231,294,302,205,72,361,93,77,28,155,260,122,120,139,61,51,292,280,94,224,265,150,358
317,183,356,139,137,154,318,36,322,223,95,265,160,14,105,119,68,354,34,51,231,67,157,211
51,48,260,265,95,207,90,317,226,136,125,227,341,165,327,262,322,189,100,170,68,82,185,329
15,72,94,275,156,42,217,57,82,131,68,319,137,22,203,56,339,95,153,32,150,59,134,355
254,126,265,205,338,276,165,302,100,300,318,65,50,125,282,308,131,248,40,31,8,170,314,357
106,193,339,209,265,20,68,37,231,159,140,145,252,356,248,349,38,62,217,347,118,273,183,137
326,361,76,311,248,285,166,265,149,275,327,68,82,348,287,299,356,51,300,364,214,56,296,321
133,234,345,141,356,193,285,15,354,209,48,100,218,51,335,291,1,153,297,296,117,82,176,343
224,335,183,339,147,275,92,126,327,21,90,231,104,95,322,236,202,286,160,122,369,5,31,30
362,234,139,125,299,89,277,171,108,280,276,15,68,67,110,297,71,51,48,207,262,354,137,2
347,287,354,364,283,307,69,209,95,265,141,49,190,311,88,302,137,313,98,248,226,41,108,267
290,134,159,193,152,118,265,202,269,230,160,297,15,243,281,197,328,232,170,169,106,340,6,309
350,137,283,265,139,282,294,47,309,231,108,243,213,184,342,167,51,132,62,15,195,329,364,249
80,46,53,326,86,333,113,222,202,336,321,184,61,77,265,368,160,354,132,193,295,49,25,194
312,105,112,22,235,109,10,351,260,301,211,129,137,147,261,158,342,205,69,197,140,244,293,321
188,209,281,287,312,324,24,265,207,83,51,86,192,66,41,171,335,146,95,14,15,363,323,352
245,158,160,67,356,156,221,48,174,139,308,148,345,104,15,278,164,246,112,131,265,46,299,134
156,13,90,104,51,356,245,83,263,41,213,318,208,49,45,187,93,138,32,298,205,231,53,325
359,38,21,366,139,211,51,356,99,189,209,253,72,68,187,95,45,213,28,137,174,295,134,351
214,218,290,356,355,41,15,202,349,51,90,208,269,40,193,105,46,135,86,292,322,68,240,61
68,41,51,279,48,160,323,208,220,315,356,203,296,354,170,304,43,235,210,108,300,126,265,35
359,106,330,283,352,114,137,231,324,276,125,217,327,90,218,82,107,174,51,83,308,228,35,154
160,156,197,261,25,326,304,245,53,329,347,264,343,126,18,44,68,352,341,154,348,281,66,166
47,51,337,69,147,68,319,289,363,110,191,279,21,306,283,244,355,16,272,13,17,139,344,2
126,368,131,282,36,101,187,348,296,139,265,321,13,137,51,226,356,199,314,337,190,15,303,88
15,68,139,368,354,105,294,248,203,318,129,337,188,243,137,161,358,211,217,259,225,231,122,170
248,121,15,23,363,148,273,82,68,129,132,140,65,337,37,51,265,135,234,286,328,36,83,322
205,324,312,180,358,328,207,139,53,339,212,118,201,43,45,318,89,90,51,149,216,370,56,63
196,209,88,330,174,57,68,189,137,320,51,7,294,170,139,181,67,95,237,101,337,115,89,333
154,10,52,297,2,59,170,231,315,284,51,354,73,330,68,25,360,278,128,290,7,269,202,241
337,72,277,4,243,265,133,156,183,318,51,114,116,71,131,354,137,228,342,175,278,218,336,25
214,21,224,194,335,202,33,260,108,48,109,68,117,363,32,311,156,370,166,119,365,53,167,252
231,260,301,245,111,51,156,6,164,114,256,157,363,15,93,83,262,146,23,243,295,167,25,296
265,227,289,285,204,118,158,69,100,226,45,25,207,191,15,95,302,51,167,156,358,88,112,353
244,68,72,48,337,139,274,218,64,90,309,196,211,287,271,210,57,344,354,74,95,127,79,51
242,193,212,332,139,158,72,126,268,354,356,81,51,309,46,22,199,278,137,294,31,273,101,83
195,215,265,65,163,259,6,99,64,233,175,368,192,206,68,258,292,228,142,178,236,335,289,139
269,160,67,127,21,265,14,258,330,88,299,68,51,46,215,292,244,322,143,336,37,43,208,72
184,271,72,37,293,117,265,355,68,31,359,60,311,349,183,340,284,128,252,90,180,218,274,269
51,90,21,207,322,265,95,348,18,252,72,137,153,57,98,198,336,196,224,103,275,68,370,200
51,364,245,144,90,49,365,255,146,274,151,180,355,234,69,295,194,89,207,139,63,68,97,137
252,269,312,110,187,265,99,27,53,60,194,261,75,231,137,108,132,65,67,95,255,156,318,188
215,51,202,133,236,53,23,216,158,75,240,139,357,191,299,74,265,157,360,199,310,95,105,37
185,325,196,294,202,83,363,263,72,192,96,95,161,136,139,51,41,354,348,74,335,268,123,147
215,51,256,328,191,363,94,43,292,269,163,180,130,170,236,99,128,25,105,322,361,222,321,296
219,205,203,223,93,313,295,25,263,137,237,109,351,327,22,330,227,285,309,43,103,322,170,201
139,156,340,59,245,298,128,51,281,94,68,213,77,113,76,21,169,168,191,24,348,290,224,60
362,254,115,370,93,32,88,68,89,363,300,296,60,194,117,344,171,188,207,236,259,126,200,139
323,199,108,284,287,338,51,358,353,336,126,139,272,318,111,219,217,170,223,324,340,156,289,14
160,231,240,144,71,137,89,197,265,69,175,302,26,40,15,272,308,360,215,316,104,51,318,2
287,53,113,75,60,368,166,358,49,119,281,361,135,210,17,157,203,51,128,126,307,156,363,215
203,343,15,352,122,194,248,27,4,180,307,299,363,115,92,210,291,47,200,321,137,51,13,43
213,351,355,27,250,37,42,23,195,68,313,265,325,328,295,128,147,331,209,199,81,203,246,178
360,283,324,363,95,158,7,53,13,155,68,46,202,246,231,351,303,127,330,192,349,122,108,199
296,139,148,184,99,68,92,338,202,354,221,196,236,48,192,12,170,210,146,167,53,55,126,86
131,25,269,132,53,63,341,35,72,139,119,170,333,108,115,68,22,304,281,239,137,225,155,278
149,233,61,42,300,272,87,134,67,211,181,303,282,31,142,336,222,236,208,116,51,151,201,250
237,207,212,344,181,269,137,330,239,15,68,95,53,304,13,274,51,157,282,322,77,32,341,130
13,51,296,7,68,8,259,36,14,72,265,108,203,356,222,260,15,37,191,53,46,167,106,22
38,160,143,301,116,325,68,89,41,259,362,285,149,293,110,132,277,203,221,137,248,156,139,134
166,306,201,226,265,138,39,44,51,137,337,209,24,354,161,109,277,310,27,358,314,356,14,86
231,12,147,93,89,238,285,260,174,68,204,48,241,134,356,53,322,351,77,51,350,84,26,178
309,311,299,108,339,94,246,125,137,139,32,43,153,365,95,51,263,293,301,68,265,212,264,176
189,353,244,68,165,314,265,155,16,14,90,201,241,162,221,52,245,202,109,56,51,156,354,19
176,36,312,22,41,153,359,62,368,353,275,204,234,157,257,135,363,38,37,120,289,100,139,287
335,100,51,325,315,311,336,318,265,147,254,238,225,287,179,273,224,146,243,219,226,258,250,188
231,137,246,60,158,309,48,192,148,164,265,298,254,237,197,304,115,259,329,310,190,260,318,68
13,173,281,249,162,91,258,194,206,51,213,290,59,295,244,223,347,68,218,90,46,165,297,15
109,304,292,15,61,309,133,271,204,90,351,149,328,260,152,134,68,329,38,244,202,247,275,156
233,25,99,171,1,137,245,132,369,22,167,160,296,157,68,322,247,79,308,82,51,15,253,27
341,286,114,104,259,314,139,53,170,223,203,137,56,15,133,322,141,260,51,32,180,305,50,195
223,53,299,68,366,336,265,45,70,51,88,255,263,354,139,12,66,55,270,216,24,13,240,95
195,170,53,210,265,75,257,50,328,25,109,51,22,260,231,319,68,269,284,7,349,156,235,154
95,359,142,183,248,90,259,313,25,335,276,281,300,14,278,68,215,2,328,201,202,137,296,176
88,15,291,270,46,359,14,295,248,127,370,208,35,129,356,235,191,154,70,211,265,110,360,134
301,130,295,217,236,42,318,207,297,147,150,260,141,234,82,68,332,339,269,265,139,61,28,204
202,328,231,157,135,213,156,338,284,292,95,137,57,287,288,107,13,42,265,278,115,204,8,354
96,160,15,366,68,304,182,357,369,2,120,7,323,347,37,224,22,157,25,95,53,156,207,99
258,127,348,232,330,13,254,295,284,260,265,201,231,344,356,30,51,83,68,104,113,72,193,169
101,76,68,265,213,72,237,218,51,100,217,214,36,331,81,160,171,188,201,79,90,60,96,183
203,156,26,312,224,102,191,163,295,36,53,336,268,51,364,168,43,200,246,351,321,62,81,231
368,292,208,248,171,51,174,226,240,149,167,120,321,106,118,156,365,68,304,139,9,269,136,32
137,58,205,222,252,79,51,365,250,193,152,354,41,224,14,126,188,134,281,304,139,87,241,81
108,188,345,295,32,51,275,369,161,186,294,82,176,192,110,268,135,254,238,175,244,48,235,90
165,294,195,203,348,6,79,342,65,161,19,13,309,14,207,265,43,218,257,359,321,107,8,255
8,355,144,51,247,341,258,60,25,68,215,77,235,295,126,98,117,212,72,160,65,342,108,287
225,289,124,24,68,25,206,67,205,156,88,141,219,259,37,80,208,278,149,118,311,115,265,90
68,90,85,233,149,137,140,163,22,276,51,91,301,95,156,122,234,25,130,293,198,176,323,325
231,193,288,88,236,330,35,354,265,230,53,76,276,22,342,139,94,320,234,205,118,13,15,286
369,119,231,176,324,41,339,296,55,68,234,312,308,140,321,201,81,22,93,123,279,150,191,315
171,243,148,51,174,133,330,12,329,237,258,42,116,342,15,207,292,128,366,86,183,248,267,348
332,207,258,89,269,51,192,159,309,131,145,359,278,303,30,246,154,125,185,233,242,272,289,137
253,182,215,99,128,121,81,236,284,98,299,187,68,211,75,255,108,103,310,51,63,347,282,271
118,230,237,76,43,134,278,5,46,156,148,6,333,324,281,225,101,241,75,174,124,269,283,203
265,68,227,204,81,299,51,250,347,93,8,355,175,188,272,202,30,134,192,116,308,276,46,154
241,115,231,15,118,119,356,208,95,53,16,51,284,197,260,137,68,280,84,313,293,151,319,309
132,285,236,55,126,22,226,224,73,63,209,307,265,51,227,159,304,56,114,202,248,139,167,293
47,55,330,105,205,229,328,183,246,282,81,265,70,278,207,308,190,15,160,333,95,51,202,112
137,68,231,236,51,349,22,311,100,138,344,315,302,348,224,88,167,268,237,301,252,106,298,206
15,351,156,223,118,347,193,257,355,244,356,333,281,207,125,330,299,238,41,124,132,137,120,68
363,68,262,253,23,319,202,356,311,156,128,364,137,198,119,108,207,248,354,213,231,181,195,104
50,265,68,59,190,9,71,21,157,338,258,48,337,240,194,301,112,155,35,305,191,126,2,70
226,8,277,233,135,13,68,330,40,234,192,116,65,359,365,43,41,368,121,139,354,1,260,152
309,222,202,36,279,265,51,189,328,108,139,296,13,350,117,15,245,133,60,266,205,206,318,335
244,156,36,192,295,135,207,92,45,51,267,69,159,352,2,110,205,309,148,213,32,113,53,336
368,53,206,210,312,336,284,195,218,163,182,343,45,52,345,90,238,68,304,183,326,86,251,38
45,56,150,159,238,143,61,170,79,142,139,166,37,15,137,309,133,59,305,295,69,247,329,359
8,215,199,313,90,202,133,72,315,4,234,201,318,278,95,327,93,246,52,9,50,156,45,295
51,281,208,365,294,202,218,217,329,160,258,92,278,197,236,231,289,292,37,359,254,156,28,260
101,166,286,95,322,21,38,117,167,328,52,356,128,234,297,65,66,205,46,265,206,191,51,201
95,43,260,53,352,276,236,158,365,285,258,188,118,165,93,69,109,344,324,88,356,21,128,57
75,284,28,287,53,114,293,300,286,156,215,2,95,118,98,154,137,309,292,353,197,44,193,337
296,354,107,118,237,342,303,202,170,210,178,272,106,321,40,121,76,9,13,71,169,45,236,138
265,224,117,189,95,37,318,68,343,86,364,280,326,296,361,15,160,366,292,203,46,200,148,45
354,294,269,243,219,286,192,51,153,135,48,203,2,265,357,337,156,196,333,231,82,287,154,68
354,68,30,204,283,237,259,272,139,239,353,315,300,245,43,195,356,265,370,105,206,256,280,260
231,77,163,16,251,92,56,260,176,263,294,266,27,88,317,337,225,60,344,58,180,24,33,295
298,170,38,262,348,310,234,214,354,256,301,263,22,111,84,2,322,116,81,68,342,27,157,258
203,118,159,265,53,163,213,251,299,262,171,137,38,205,296,356,34,160,316,92,176,147,352,109
231,296,227,139,264,299,285,356,104,275,62,169,28,122,259,152,243,123,82,120,284,36,13,269
274,4,363,347,69,185,41,110,203,220,276,48,315,265,196,156,93,219,83,119,139,186,128,202
228,336,265,53,296,247,19,248,187,60,356,226,191,366,341,219,69,347,202,121,194,330,280,303
319,304,313,2,194,140,285,108,228,38,6,137,343,278,68,287,231,159,111,354,273,251,128,86
129,21,71,91,126,41,251,291,231,95,176,24,347,290,137,81,354,241,179,368,348,117,132,158
70,51,156,137,24,331,317,25,134,192,206,75,195,265,72,140,68,281,262,297,123,312,117,236
25,15,231,41,153,285,104,359,364,193,167,51,103,68,36,170,137,195,120,347,196,365,266,0
54,183,209,107,240,233,232,137,268,139,35,330,250,318,69,193,292,47,254,37,156,333,358,61
310,44,231,357,52,53,135,76,68,298,332,156,137,16,56,167,339,206,132,222,22,295,335,226
104,15,134,151,79,211,51,119,68,315,8,103,261,265,90,137,189,27,321,233,95,348,247,174
154,322,208,26,215,220,14,348,203,296,46,51,137,53,240,72,364,329,266,127,231,116,281,128
201,70,297,278,353,363,128,7,211,132,357,207,53,45,30,239,22,281,58,202,51,46,188,312
68,110,190,304,137,320,353,277,325,298,63,80,194,350,321,4,78,92,31,267,108,260,305,93
43,119,323,299,356,32,231,296,142,207,209,354,344,343,330,53,317,68,37,36,272,321,95,270
148,275,262,154,68,175,278,248,140,354,226,117,122,326,285,130,51,289,195,231,299,115,53,102
260,245,56,192,246,108,183,113,200,133,269,339,256,134,311,24,53,299,132,265,199,369,95,51
128,338,262,294,158,51,289,90,351,329,139,342,265,69,86,131,94,170,236,168,364,300,345,45
300,170,246,328,133,260,307,330,68,150,203,127,51,23,265,129,126,226,164,89,269,151,187,95
213,335,93,18,136,34,176,167,13,86,231,277,252,345,245,82,239,212,138,244,193,223,72,274
152,245,48,260,159,232,291,283,224,51,200,348,151,347,337,328,127,91,194,241,230,14,226,359
260,122,68,161,207,205,294,195,129,314,71,9,62,101,284,67,242,265,47,8,41,258,105,267
51,182,44,190,176,259,292,17,227,168,77,261,32,93,291,210,15,338,358,74,156,353,76,70
351,283,133,194,344,95,207,85,117,13,170,248,53,260,68,165,71,99,137,324,110,274,295,354
26,139,37,218,27,203,159,71,205,97,318,265,129,35,238,137,81,217,354,239,349,271,307,194
137,119,315,170,224,51,356,285,362,118,355,248,223,196,245,68,86,127,104,150,55,176,351,187
341,234,211,18,138,151,42,111,254,75,0,268,38,22,296,321,51,300,214,265,241,368,301,48
89,142,220,247,236,139,51,213,195,160,354,183,209,347,156,216,214,70,316,315,137,340,285,115
128,39,253,263,51,14,238,48,233,91,156,108,296,250,289,137,214,45,251,76,30,236,246,196
139,35,199,241,104,359,251,71,296,62,180,13,342,159,256,327,116,41,325,322,68,109,315,46
227,54,139,53,43,199,255,339,95,175,230,281,68,156,194,93,130,110,58,79,259,193,32,358
143,251,212,284,22,15,301,292,176,231,157,140,295,57,203,89,297,109,207,37,239,153,222,88
230,40,342,140,182,137,193,170,194,110,12,125,309,245,212,265,312,13,274,165,276,18,192,210
258,228,246,306,51,164,137,315,106,24,6,248,34,90,203,341,67,109,320,79,156,208,339,262
260,321,292,50,326,354,111,199,100,118,312,293,51,170,137,296,69,90,258,193,247,300,136,202
273,274,36,318,68,226,270,82,245,119,51,260,236,101,200,108,19,95,203,80,13,109,124,139
89,158,130,91,246,100,139,184,45,337,335,148,134,126,296,127,13,108,205,358,364,293,363,56
273,51,292,311,81,57,203,259,206,316,218,246,75,55,272,264,267,191,17,135,231,115,336,82
154,201,151,239,38,264,202,316,219,68,147,180,200,291,56,164,90,139,160,225,229,106,298,118
265,358,249,235,241,199,294,51,296,255,69,306,351,154,231,35,22,24,120,90,67,209,245,95
15,86,203,30,338,156,170,275,74,239,136,325,95,31,350,342,250,157,358,180,21,265,278,269
364,90,57,342,243,45,92,66,278,258,267,53,294,325,296,293,209,233,317,137,105,323,183,42
128,302,248,201,51,137,26,319,308,130,202,120,342,260,18,265,203,231,21,184,226,35,71,351
328,333,281,348,302,68,265,42,274,289,99,278,82,270,102,338,342,51,79,122,107,234,43,231
344,235,302,200,304,158,314,238,362,21,13,120,51,86,19,355,79,258,156,177,363,153,193,289
128,285,98,68,247,7,294,95,199,82,30,156,139,356,212,236,331,22,162,282,270,244,164,1
260,315,13,107,213,142,265,156,24,235,241,248,53,204,139,192,167,90,56,40,216,234,119,62
68,286,116,53,289,82,273,269,233,135,84,308,181,188,351,335,185,19,160,202,109,26,248,128
51,22,164,296,32,28,309,13,205,175,268,200,137,14,177,196,275,225,60,252,201,238,319,104
74,255,352,149,169,101,351,51,7,175,345,231,138,245,342,325,127,69,234,195,137,37,18,156
112,50,159,260,244,317,282,68,352,221,252,345,278,226,98,206,155,88,60,36,356,71,261,69
137,160,354,166,43,257,318,13,255,181,132,189,228,108,353,207,343,149,68,223,19,112,120,136
71,258,137,76,260,327,323,120,160,45,60,355,156,15,353,269,51,216,265,262,125,18,89,283
205,132,258,359,313,137,299,15,46,204,198,345,295,73,342,142,13,75,196,260,140,69,68,200
98,108,130,361,206,51,49,322,313,132,344,241,202,259,186,352,336,154,31,15,134,46,267,137
233,138,354,6,234,97,67,122,285,55,348,347,356,251,218,35,139,220,208,113,333,156,51,223
261,50,118,53,246,162,152,296,328,69,46,28,213,325,137,67,68,237,276,205,306,258,304,288
104,68,176,205,307,51,94,187,108,359,286,282,285,126,240,14,206,16,361,246,178,326,154,370
67,365,132,354,137,26,344,213,82,200,156,190,45,68,216,8,105,327,346,58,177,15,363,265
286,336,214,197,215,86,285,205,203,265,44,156,213,14,225,27,165,272,167,97,5,304,300,21
262,40,118,68,167,331,268,265,184,360,193,171,255,137,95,168,354,89,32,122,84,356,295,61
151,287,366,58,26,359,202,324,225,126,120,68,47,114,95,272,346,90,336,7,335,302,73,325
119,281,236,316,95,358,68,15,51,47,167,120,306,4,55,232,31,67,260,180,86,255,231,116
270,335,25,71,232,259,13,356,26,53,234,239,341,352,315,90,68,137,160,142,170,240,132,185
236,350,60,259,45,95,35,304,61,232,281,17,203,356,164,139,317,251,223,156,323,131,68,32
15,125,67,311,115,227,171,139,109,207,215,264,368,168,137,282,336,214,68,327,211,234,118,213
68,57,208,193,204,248,51,222,197,336,156,291,188,202,162,196,247,250,139,195,146,101,46,40
329,320,248,350,356,193,221,299,48,304,343,83,286,58,123,139,133,201,63,295,207,51,118,342
127,225,23,184,137,195,145,66,89,331,265,95,242,24,38,262,107,296,203,333,235,90,101,82
284,115,255,15,225,280,361,313,136,302,108,73,189,46,56,220,202,13,265,5,2,238,47,35
231,292,312,330,48,215,191,166,156,284,134,360,107,90,115,240,201,355,41,12,332,242,24,45
51,238,250,274,231,181,25,345,296,259,79,18,24,352,299,68,219,200,318,364,82,263,361,269
359,318,34,61,79,190,75,90,13,14,119,30,189,128,51,224,301,142,143,196,351,149,152,107
68,289,350,95,340,139,285,270,107,238,318,281,180,141,224,51,265,76,209,192,304,164,326,272
51,109,182,144,265,28,134,14,98,68,165,347,354,241,126,341,72,74,359,95,92,194,142,26
260,188,265,297,298,355,281,83,257,118,234,240,102,51,351,179,159,147,312,56,153,354,90,57
256,324,82,335,237,118,51,68,163,247,267,175,12,111,63,351,283,207,295,305,0,220,58,304
302,287,194,126,243,238,95,160,143,215,365,283,223,331,248,363,312,342,237,102,90,137,79,339
64,95,264,199,111,231,219,247,201,283,272,353,134,340,296,30,178,145,124,335,100,184,68,90
318,195,51,207,110,218,85,123,247,6,343,292,203,285,238,222,132,235,260,169,86,230,137,308
217,43,137,167,13,184,296,142,258,282,252,303,51,275,196,344,48,315,154,72,343,152,231,295
83,231,46,139,331,313,131,34,192,246,178,244,268,84,351,51,203,81,362,170,315,202,321,142
13,132,213,160,364,245,154,301,354,249,282,114,168,137,175,251,90,296,207,309,318,312,97,68
250,80,176,278,295,109,259,68,232,101,269,134,222,171,231,73,61,156,248,126,363,60,111,348
68,303,201,47,38,293,183,324,51,319,165,325,94,309,137,101,65,167,133,302,274,231,55,139
77,202,278,237,290,236,274,68,157,119,51,154,260,220,233,58,309,284,115,156,235,15,140,345
51,157,358,238,132,59,241,172,19,130,187,15,269,248,42,156,233,273,315,41,83,280,95,82
89,283,187,93,322,139,68,51,231,65,81,271,321,222,136,44,263,137,294,248,302,58,252,207
343,27,265,260,130,106,278,114,3,304,68,195,51,268,266,312,139,154,322,74,342,220,303,105
51,53,60,300,281,311,160,223,295,293,122,203,90,137,185,121,165,316,226,306,65,126,118,167
360,139,255,196,96,283,141,183,193,31,162,106,222,68,319,33,260,51,25,336,13,318,99,137
98,20,355,193,323,139,177,251,265,281,299,156,274,2,160,110,300,195,359,259,53,93,190,238
233,51,137,297,13,356,117,293,280,75,154,44,357,219,172,175,318,170,354,101,155,203,110,352
68,23,51,354,357,248,75,79,223,201,281,305,139,192,304,137,296,217,106,25,319,15,226,229
303,210,356,200,51,333,254,58,245,169,62,296,312,142,242,8,99,27,80,248,351,212,234,118
137,233,203,133,7,276,281,332,45,86,265,352,9,337,171,129,175,74,298,354,12,339,25,188
363,39,45,325,137,88,9,311,75,119,293,278,51,231,105,13,71,36,187,151,121,176,157,57
60,69,336,303,79,277,50,213,294,324,137,128,68,315,295,312,88,337,51,297,248,234,339,132
318,283,122,269,51,100,231,148,320,246,61,68,139,70,40,203,299,321,256,191,31,287,46,59
8,119,167,273,9,138,256,232,224,294,281,197,62,356,272,36,156,137,194,325,17,82,42,51
163,56,325,175,338,212,266,108,95,144,81,192,137,167,282,298,147,259,345,126,209,339,197,299
202,50,244,52,126,104,200,312,45,215,289,114,4,15,236,117,356,123,128,157,156,281,256,314
51,63,167,137,111,292,359,153,367,171,126,331,82,282,192,72,351,24,190,200,86,356,250,48
240,107,51,175,13,194,238,311,260,249,147,139,88,76,37,210,82,265,109,130,258,209,293,47
51,116,95,198,265,80,0,300,359,150,197,177,30,266,19,349,309,114,350,187,312,213,77,102
0,15,69,28,109,313,118,293,365,6,68,209,207,13,11,323,278,108,131,353,352,277,326,53
210,106,230,211,294,349,137,99,319,46,249,113,205,297,51,351,47,68,58,285,169,215,160,94
349,51,160,56,90,245,270,304,124,272,139,109,342,156,15,230,123,83,285,48,244,311,152,9
297,278,96,15,120,304,67,211,202,236,277,352,161,134,158,60,156,337,273,32,184,55,101,218
95,41,333,51,44,252,272,309,65,137,356,53,347,28,181,15,13,104,194,0,351,142,348,47
53,149,365,359,61,106,363,355,203,265,287,243,118,40,247,268,262,130,132,114,68,181,13,324
368,129,34,44,284,205,255,139,307,357,244,79,318,126,48,233,193,121,242,295,336,223,153,167
51,65,140,175,49,288,247,191,254,353,121,88,155,53,336,260,72,193,90,211,139,342,199,122
15,298,213,236,108,255,231,22,82,201,238,200,202,48,91,128,314,68,322,355,189,283,227,357
201,41,93,202,51,104,246,75,123,245,336,94,139,68,309,145,269,76,346,190,268,169,106,63
214,183,149,356,85,142,205,223,207,65,330,92,202,74,90,1,235,75,44,310,51,299,354,140
51,365,190,354,281,49,349,7,289,203,36,68,132,311,37,219,316,312,63,356,43,138,250,299
24,328,302,193,12,36,133,234,75,213,7,101,139,244,322,76,364,207,131,303,159,47,250,264
68,200,0,4,157,134,112,345,322,139,109,341,215,239,149,191,156,101,40,206,236,337,166,165
35,140,260,170,360,71,37,336,158,53,28,276,310,314,302,81,95,57,203,76,265,82,139,359
156,167,215,225,278,354,285,326,231,22,51,234,69,55,154,85,236,95,210,316,41,68,196,252
116,278,74,355,188,68,220,75,47,265,359,44,85,363,40,156,223,15,170,364,77,298,106,273
318,37,206,127,336,68,278,128,356,244,136,95,107,277,153,229,25,212,298,22,259,7,17,202
151,232,342,15,295,234,157,137,238,338,108,68,368,23,294,362,354,92,51,22,200,167,359,280
304,139,215,197,246,313,51,156,359,198,15,278,236,60,192,79,68,283,228,225,13,368,265,53
124,51,324,268,224,231,185,325,156,312,248,95,4,260,265,309,368,137,181,327,118,151,337,104
214,28,163,105,52,284,17,119,167,118,356,68,258,171,227,218,90,51,115,265,215,253,6,292
232,194,68,261,108,248,151,123,114,53,46,281,185,296,359,127,282,300,51,323,99,187,325,82
87,137,239,296,23,57,98,255,201,88,350,15,16,84,269,241,53,26,66,108,17,221,82,159
15,278,118,197,181,133,312,167,269,224,4,223,323,137,265,95,354,184,256,156,205,322,190,32
251,301,265,45,115,231,226,263,269,68,48,116,314,51,360,324,246,126,207,238,139,95,310,128
107,167,312,68,53,137,157,347,90,207,67,101,51,203,293,213,307,315,309,260,165,40,52,202
166,189,354,265,193,348,345,51,119,352,8,188,40,66,364,118,246,67,336,69,268,45,196,297
294,260,28,68,121,286,208,333,137,292,134,191,84,110,212,46,220,12,189,311,302,318,275,363
256,51,231,302,212,68,222,355,130,89,149,336,360,315,301,15,339,291,325,137,290,48,187,248
335,318,171,357,134,75,358,352,15,315,2,169,31,41,333,263,350,144,351,292,137,313,162,323
51,215,35,212,294,241,46,161,283,348,151,149,349,344,304,273,278,85,232,343,277,25,175,67
329,51,28,247,53,105,183,265,304,280,354,68,1,206,345,230,137,167,349,55,86,132,350,103
68,99,224,282,67,144,22,45,118,291,354,1,156,208,51,281,42,210,55,60,137,274,32,132
354,215,137,51,127,204,59,343,96,342,23,250,72,296,202,68,247,6,235,90,217,274,133,154
156,72,209,66,23,82,260,286,196,137,226,283,53,233,329,90,178,149,51,75,231,106,350,265
226,76,15,245,25,366,183,254,349,2,195,291,277,333,118,344,19,309,239,201,165,182,305,312
341,321,231,316,126,51,14,265,53,258,146,72,95,202,233,157,245,201,68,26,137,315,203,13
154,248,15,260,152,68,51,147,17,119,353,296,53,90,212,97,343,182,69,42,363,199,136,366
75,354,210,82,224,68,295,243,51,53,231,34,221,119,1,258,50,95,156,342,89,338,145,250
160,313,243,261,278,341,95,53,41,127,63,228,162,137,175,58,59,152,48,65,68,139,364,171
188,203,107,326,125,235,353,81,91,198,335,16,89,175,45,61,311,185,72,168,224,6,264,322
265,301,260,132,60,224,328,187,214,160,297,322,321,122,170,316,144,94,190,236,315,307,69,98
304,22,219,156,235,142,101,312,305,161,72,46,27,59,52,318,322,236,95,45,213,113,356,351
317,51,58,356,265,26,188,205,296,160,123,339,32,236,307,269,303,292,25,344,354,260,69,258
151,60,169,237,339,121,351,328,120,134,27,319,117,276,5,246,108,280,310,86,143,66,45,123
129,60,236,139,170,44,74,89,175,68,325,356,137,281,56,215,5,150,324,51,183,368,309,199
219,183,163,196,344,73,309,143,71,159,7,62,51,230,347,43,205,317,355,264,208,283,207,81
160,265,314,42,68,131,106,101,139,215,51,13,109,90,91,347,260,232,339,61,134,231,36,158
50,217,83,344,202,320,46,326,245,71,201,44,354,330,137,328,82,52,122,68,9,256,292,16
84,298,260,170,80,365,285,296,53,214,272,248,348,330,213,56,42,223,324,70,236,292,119,51
91,208,364,247,265,55,160,168,224,156,100,159,242,57,260,344,8,68,308,9,128,215,132,32
354,336,137,156,256,166,209,134,193,303,41,295,201,242,46,305,197,146,293,278,231,223,6,216
68,196,321,265,116,86,41,360,356,203,240,109,157,150,12,349,255,166,137,65,237,202,219,216
126,51,167,265,361,242,72,202,20,196,303,307,278,218,351,274,234,147,77,203,260,217,332,222
73,89,213,33,136,245,322,128,204,51,209,297,317,41,207,295,68,249,260,285,219,210,15,292
221,193,81,109,167,269,137,105,243,247,265,336,68,139,191,236,181,293,295,255,216,222,51,110
156,354,53,142,170,365,260,132,296,295,337,82,183,66,230,246,140,204,205,191,243,194,208,224
225,260,208,147,325,256,316,68,254,261,269,175,122,133,329,183,15,195,2,243,99,281,215,240
15,330,283,46,167,133,356,95,68,134,30,235,273,262,353,47,265,349,8,285,92,202,81,54
347,89,105,265,339,164,318,16,33,192,294,350,137,255,50,140,203,195,311,83,284,180,228,278
137,130,166,2,146,209,128,367,321,152,301,278,194,250,81,322,203,13,138,231,63,160,131,207
99,202,347,133,269,355,30,313,322,68,22,98,326,78,73,86,83,53,336,308,111,137,331,231
2,330,329,308,45,29,126,255,137,73,272,276,219,128,57,122,206,326,211,104,368,156,254,261
190,137,51,141,94,277,205,58,265,295,42,68,309,72,67,236,311,197,283,184,238,247,284,55
225,281,68,322,71,138,327,15,84,240,22,88,24,259,303,268,47,139,51,356,55,195,183,336
164,209,136,51,123,262,248,21,202,284,4,69,263,45,139,204,61,81,92,68,71,192,207,34
50,51,68,253,16,298,199,65,89,202,223,4,118,189,53,260,90,255,137,305,188,142,245,76
247,278,331,322,51,261,190,102,236,345,43,22,262,312,30,95,48,229,189,202,159,76,310,311
68,195,51,13,153,190,307,260,175,295,166,8,321,327,347,344,247,362,83,184,222,139,319,124
45,7,325,259,354,47,13,171,336,169,269,156,346,199,365,170,315,324,351,258,345,201,217,231
41,260,15,321,279,137,36,81,112,216,318,95,48,348,40,358,144,60,214,333,310,189,236,157
128,137,95,302,117,298,285,209,170,6,196,331,311,340,130,76,317,246,53,354,25,27,216,271
217,107,46,128,156,320,138,231,356,354,34,351,179,36,220,51,275,239,294,345,202,229,265,289
188,182,274,112,61,357,220,35,321,164,158,83,237,51,56,104,354,318,228,301,314,128,240,327
147,347,355,223,117,233,235,51,88,273,65,73,364,84,104,207,254,336,339,278,296,139,221,53
322,304,197,128,189,138,170,352,84,239,85,343,32,336,328,161,159,43,234,207,281,25,83,41
260,139,134,166,51,229,369,25,322,2,58,246,156,161,215,238,108,137,13,154,72,48,207,295
326,212,137,95,128,207,340,68,66,44,15,192,51,46,246,6,255,2,61,324,86,231,290,349
156,315,192,267,125,35,309,77,210,53,361,321,3,51,208,10,61,102,197,111,13,92,109,132
292,60,349,369,216,159,46,284,38,68,50,92,57,34,265,354,93,336,62,95,61,250,248,298
51,217,325,68,157,30,93,139,142,195,69,339,117,265,359,340,46,172,6,196,167,83,154,348
145,258,286,319,260,222,337,31,333,253,144,284,315,341,71,254,101,367,104,205,16,42,88,163
88,276,7,137,139,25,213,92,262,160,209,62,51,40,177,318,248,308,324,121,322,105,219,97
231,16,260,156,109,366,195,184,59,240,294,160,333,337,80,359,108,139,51,100,264,278,265,254
342,23,35,53,327,63,309,131,274,204,139,119,287,19,363,15,350,95,265,263,83,171,281,184
286,293,353,51,107,95,2,117,126,254,93,13,58,84,361,269,71,281,52,209,47,222,284,343
104,287,213,190,345,154,7,284,329,183,293,51,215,310,192,61,113,239,201,325,226,312,129,56
250,243,155,231,84,60,295,349,321,129,201,156,2,85,133,81,122,43,258,215,192,51,175,15
353,40,214,84,295,137,219,106,38,207,355,324,341,71,15,16,265,51,254,101,28,213,256,119
116,236,37,184,364,274,296,321,27,150,137,156,264,69,231,193,75,13,191,233,203,190,32,194
153,190,340,154,350,232,2,109,284,310,68,28,54,0,128,292,213,345,220,118,336,193,167,125
285,76,254,151,106,66,75,118,324,136,148,318,109,117,292,208,51,142,95,127,137,250,297,196
265,297,211,174,294,57,158,95,92,22,290,252,318,89,258,68,155,51,208,283,286,202,37,336
114,225,115,63,167,183,238,153,87,196,314,354,282,202,295,205,51,148,70,265,272,254,45,269
135,164,231,260,101,69,268,116,37,30,34,246,341,344,96,139,137,112,126,22,222,133,60,210
231,90,137,205,292,95,161,10,51,305,325,126,68,356,160,184,183,368,159,284,224,187,253,273
156,320,136,212,318,139,187,277,108,319,68,15,62,51,258,90,265,275,353,106,273,191,137,171
68,190,290,187,132,280,89,157,355,207,73,139,56,137,32,40,198,248,342,234,238,169,327,188
189,157,53,95,226,64,92,147,298,137,269,252,106,207,225,25,15,295,156,248,134,188,90,118
265,311,170,167,231,214,207,124,123,294,314,191,137,9,175,23,156,68,364,188,51,359,366,306
216,241,307,258,209,120,115,68,295,352,30,300,277,25,139,323,149,291,202,80,196,82,324,119
181,270,337,274,204,68,272,312,105,314,346,82,183,172,75,175,46,332,112,51,298,220,156,205
15,322,182,139,142,13,180,232,51,352,24,167,163,57,69,274,42,243,349,169,65,19,104,134
154,368,93,37,214,202,99,313,243,109,143,60,281,26,167,41,27,51,8,246,103,335,290,138
190,259,269,212,304,51,222,61,273,325,41,252,356,238,247,82,191,239,294,72,183,154,137,333
46,2,287,250,89,68,15,274,288,52,137,337,282,135,205,267,295,51,43,318,301,281,72,24
231,268,68,300,47,156,101,19,159,190,112,354,30,40,319,237,281,46,364,350,128,293,202,132
51,108,363,354,37,122,237,70,340,282,254,72,258,247,90,159,265,105,109,63,128,22,328,318
347,365,131,51,348,30,100,196,164,25,68,113,150,268,260,337,225,46,301,335,108,109,277,356
53,180,58,137,281,259,60,230,139,308,223,238,356,14,68,192,9,156,265,365,268,202,32,25
195,241,229,69,95,238,215,132,356,294,260,270,93,90,68,217,167,156,58,81,105,309,365,131
135,37,66,188,26,101,243,160,281,200,90,15,296,182,155,92,351,111,13,134,211,314,28,258
198,282,202,261,15,68,82,76,95,163,213,51,194,108,220,364,98,19,351,265,363,238,106,206
356,269,246,137,208,354,41,55,322,175,315,48,287,115,80,119,318,158,26,281,231,147,63,187
317,281,292,128,280,51,159,357,351,30,330,240,176,53,90,329,234,226,127,95,84,219,156,320
33,139,345,36,283,50,265,53,348,51,349,323,272,209,137,240,95,4,353,94,13,158,269,47
206,318,189,40,30,82,325,22,137,51,251,238,255,200,32,265,347,250,109,123,65,151,120,139
260,63,243,51,156,83,185,68,45,38,264,110,310,54,75,139,135,128,122,46,202,325,2,322
269,53,75,41,51,34,69,182,71,155,115,258,42,256,260,96,68,266,325,166,144,137,251,118
201,216,46,86,99,291,26,230,307,255,251,325,68,296,318,278,246,204,44,355,51,78,264,304
12,349,51,130,293,139,301,294,65,95,233,60,154,209,328,278,368,142,37,157,72,82,365,137
55,128,335,27,68,220,9,188,69,344,281,107,293,51,272,319,60,201,365,276,260,195,238,336
195,219,75,348,281,144,330,322,283,83,154,333,69,76,274,51,167,202,153,56,347,234,276,311
21,291,120,81,296,313,236,212,41,187,213,294,121,295,150,211,347,283,156,269,207,326,364,60
256,139,51,15,109,43,160,277,193,22,206,7,336,187,339,235,56,207,315,53,108,45,60,249
65,201,38,192,154,342,81,87,265,117,53,47,281,224,284,82,45,236,2,296,233,241,258,345
156,47,60,25,170,137,251,50,39,294,303,262,254,51,68,62,324,219,73,90,193,88,339,260
90,46,249,292,68,225,215,268,301,123,244,44,81,321,302,202,247,99,160,356,149,54,293,231
188,51,156,328,231,124,363,58,303,89,129,69,16,342,99,93,126,233,366,340,329,214,142,220
75,68,164,182,160,339,294,225,326,200,365,46,281,343,53,86,183,338,318,363,231,115,30,45
304,258,151,123,193,2,76,15,311,187,134,72,20,201,183,250,332,148,336,132,51,112,282,52
277,316,203,325,137,265,260,156,311,187,226,332,216,117,47,185,192,51,307,139,68,17,190,222
