50,226,234,354,231,224,265,208,133
150,142,65,283,86,4,156,190,338
72,37,222,115,242,51,160,319,348
70,329,51,300,27,361,269,150,258
289,360,313,84,263,63,238,132,51
90,302,137,301,92,203,15,189,213
95,181,182,108,296,2,68,42,201
139,225,217,220,219,112,281,95,51
223,184,88,83,210,261,359,354,329
68,31,326,170,255,137,91,265,282
53,52,316,291,363,205,157,106,340
156,71,69,247,53,61,92,302,74
169,199,156,174,138,208,336,15,82
71,15,262,81,268,139,187,285,188
130,152,22,318,9,8,224,93,70
57,364,152,25,260,337,271,2,228
132,252,128,355,316,32,262,276,221
49,70,12,72,275,137,41,309,67
231,194,292,68,187,51,269,111,25
196,38,352,205,253,68,95,93,164
51,68,330,300,1,265,47,113,36
177,349,51,83,212,215,242,162,137
311,139,84,76,137,108,105,68,265
113,89,291,68,47,4,139,178,304
153,51,164,100,269,296,281,258,183
188,267,99,129,137,15,90,355,118
152,184,356,80,254,351,109,115,231
234,139,239,188,97,6,41,170,175
177,215,2,170,281,68,220,230,369
137,129,285,68,213,193,19,0,280
131,166,1,137,347,53,283,258,351
224,73,95,154,76,236,293,225,44
51,192,190,196,59,253,175,347,56
314,171,273,339,206,343,142,98,332
299,95,202,90,318,282,139,198,32
30,90,277,218,322,157,365,160,58
274,268,40,250,51,292,126,265,167
140,137,214,273,170,265,247,307,47
71,265,32,294,79,272,159,292,128
137,325,276,154,344,304,117,355,128
204,134,324,109,291,236,203,309,104
264,112,212,101,8,21,241,99,362
276,180,299,224,51,233,135,71,137
53,13,213,159,56,60,28,302,318
345,92,294,272,282,51,192,137,225
150,260,304,238,362,219,156,41,325
139,312,133,356,51,265,137,117,120
40,185,350,190,261,67,187,348,59
265,175,215,213,51,300,293,225,133
352,348,159,240,338,95,55,139,137
42,359,340,81,249,61,269,278,114
323,335,23,199,240,68,324,42,118
265,336,198,151,356,300,56,76,149
152,71,356,126,151,7,36,296,326
262,168,49,356,313,197,202,342,108
67,312,216,56,356,293,219,352,289
244,365,349,107,59,71,73,131,313
207,356,347,300,351,137,8,123,75
283,324,194,249,175,121,274,129,168
165,51,68,343,187,297,304,245,248
360,207,359,318,228,311,51,278,90
170,265,147,233,347,224,206,160,298
68,313,171,262,183,105,197,129,156
4,128,268,163,314,167,322,321,349
68,119,284,352,228,201,236,250,81
68,172,23,239,359,90,91,192,61
15,265,63,13,42,74,234,65,51
274,134,52,233,158,333,141,51,197
248,53,174,95,318,340,351,251,349
356,234,292,79,133,189,101,308,207
130,301,68,156,272,22,289,142,295
142,144,118,17,201,269,316,15,170
20,287,132,84,145,137,316,213,250
192,305,175,68,278,313,350,248,160
296,258,286,256,139,247,133,106,151
356,68,246,41,269,65,255,222,225
158,227,56,252,127,13,262,260,67
344,61,201,262,328,239,265,53,295
40,93,222,117,111,336,308,225,130
211,84,311,339,350,356,280,343,53
231,200,108,211,332,184,216,127,358
298,196,295,294,3,68,37,82,53
265,204,66,144,137,293,294,274,196
51,25,186,214,278,287,122,213,203
356,265,126,323,27,313,166,191,57
53,202,256,336,281,126,51,154,156
45,149,351,133,170,68,23,335,13
10,227,149,225,119,282,297,296,200
356,209,296,193,225,260,51,252,295
366,245,89,108,137,27,233,51,298
34,231,15,132,337,160,356,129,36
120,132,198,217,247,28,139,107,192
348,6,59,48,15,210,295,161,104
302,300,119,157,137,337,85,120,110
274,258,369,250,134,48,286,139,157
68,17,117,139,105,296,136,347,255
310,121,62,135,51,168,68,313,19
324,68,136,356,281,77,53,170,359
335,38,146,356,145,99,109,278,191
234,354,264,126,358,274,160,103,297
336,303,137,119,30,81,292,253,108
51,139,329,192,340,74,67,327,69
260,122,336,228,338,61,11,163,13
37,202,116,262,137,345,89,107,25
8,15,132,215,276,246,260,60,231
265,325,340,289,161,276,223,93,139
175,137,319,302,262,304,8,68,361
51,362,186,79,86,258,361,193,111
336,200,259,156,51,274,202,32,295
241,177,258,125,92,195,301,238,224
176,218,366,158,77,277,188,68,289
21,262,352,171,311,67,240,347,323
164,211,93,289,38,152,364,53,166
233,265,51,12,262,314,63,188,258
264,164,236,214,142,255,18,150,205
2,292,190,158,210,363,238,205,280
137,128,253,295,68,337,335,240,296
370,207,260,198,276,147,362,233,142
280,7,137,139,355,322,189,51,193
324,84,283,223,295,261,79,68,228
158,26,53,307,21,140,202,137,358
294,278,52,340,302,4,359,50,51
233,260,53,175,202,322,68,321,137
53,74,46,30,118,95,49,231,280
137,207,366,321,132,168,295,359,245
68,50,160,137,274,331,167,330,7
344,53,137,51,103,151,117,158,231
51,265,108,63,156,76,55,304,16
263,80,233,133,51,46,166,326,334
287,279,201,37,307,194,219,354,203
190,264,67,68,166,365,20,220,286
289,84,355,44,240,263,356,6,71
169,90,291,114,223,68,248,146,192
284,137,178,89,194,188,156,269,92
170,175,348,47,287,137,67,6,201
320,202,128,108,68,207,156,60,338
66,32,248,210,200,93,120,356,55
44,255,157,136,221,171,184,8,131
99,79,86,291,51,301,177,11,365
213,293,89,325,344,139,274,119,165
173,287,246,260,326,325,107,100,233
70,356,202,170,156,309,258,226,192
74,26,356,282,366,328,180,320,294
308,37,362,275,8,43,222,68,263
273,241,281,90,193,170,159,139,61
130,74,139,137,51,100,152,296,88
7,174,15,202,117,197,92,182,93
217,137,156,260,108,263,39,202,24
215,209,51,260,160,210,248,201,12
51,185,262,160,209,95,354,175,41
233,296,53,5,276,149,265,15,51
164,76,46,231,264,51,296,40,246
359,306,74,215,322,25,132,60,202
91,150,60,51,255,212,200,155,265
232,220,15,95,53,344,45,265,72
234,44,114,190,13,337,159,53,51
39,121,339,358,137,260,14,4,195
166,219,118,258,5,91,210,260,25
364,205,191,246,137,279,172,124,297
154,184,304,354,26,155,72,243,4
218,102,270,299,183,68,187,16,282
0,226,90,126,119,363,159,296,162
72,202,40,53,185,207,231,137,43
30,72,117,156,234,20,150,344,142
19,188,30,90,72,164,68,89,16
239,251,235,86,260,5,193,46,233
15,51,28,71,222,32,269,210,74
352,212,68,253,53,358,224,97,182
188,231,362,344,62,30,51,234,137
270,231,89,362,51,163,121,81,195
81,265,279,100,223,115,354,323,51
281,352,261,156,260,219,158,171,22
101,193,350,195,53,355,137,224,324
89,24,221,208,207,222,354,15,350
325,40,278,265,156,354,349,299,345
313,80,345,103,283,101,68,302,217
89,260,365,222,238,2,296,278,209
11,246,69,156,215,153,15,160,41
281,70,51,108,302,336,182,240,42
94,275,317,131,139,301,234,27,39
265,151,170,57,336,333,51,192,194
88,261,69,300,260,156,365,41,351
354,165,139,219,91,53,180,167,156
195,322,120,260,325,211,141,137,164
353,219,48,211,247,11,68,40,63
174,212,137,141,53,71,46,196,259
260,307,68,137,95,51,272,233,128
307,26,150,68,312,224,51,333,201
151,356,240,41,90,322,269,81,95
265,351,341,85,167,138,134,143,269
68,353,337,51,90,147,112,215,126
220,245,60,328,41,14,207,274,15
217,106,153,13,72,354,53,103,128
128,187,212,339,201,53,351,340,23
195,51,202,83,347,318,300,45,110
265,180,98,150,215,248,214,116,195
281,164,134,137,191,2,318,68,216
219,355,215,88,309,137,354,4,2
104,204,243,174,292,251,248,139,68
321,153,255,359,19,6,101,318,292
82,343,93,139,186,302,298,71,51
134,255,193,261,223,324,265,76,139
129,140,24,68,338,51,313,223,128
86,34,98,139,281,333,147,305,361
100,327,359,90,319,165,234,279,53
115,333,293,280,128,68,139,275,269
92,248,126,65,160,155,15,195,53
45,120,83,324,25,217,297,178,108
169,340,312,108,83,247,322,210,224
195,23,336,209,37,319,329,304,95
277,73,233,243,345,258,51,188,327
265,121,204,196,260,245,101,320,15
76,188,74,183,339,53,196,237,253
339,209,356,109,293,318,240,106,345
231,133,27,46,165,324,265,203,51
137,46,309,165,281,217,126,265,140
92,137,180,46,170,196,68,222,356
249,187,183,147,139,338,278,104,275
117,246,348,260,285,104,252,354,121
141,265,68,145,139,244,180,37,27
68,336,46,12,80,205,107,138,253
165,200,139,40,245,304,156,294,204
68,92,159,53,82,265,228,137,1
369,318,123,55,329,190,246,208,117
235,47,199,269,253,68,80,135,51
212,157,108,185,250,186,46,138,252
369,109,199,258,180,90,65,265,351
201,68,299,199,259,234,79,162,122
290,251,247,268,207,51,152,1,96
104,131,114,230,77,95,85,134,240
114,319,148,149,51,105,300,344,68
137,25,275,264,75,188,154,336,296
154,265,137,277,276,168,269,317,56
157,273,234,354,309,51,292,262,191
83,203,51,196,188,183,69,53,148
152,254,8,206,278,318,132,281,73
11,140,231,239,137,265,68,87,180
144,51,302,292,262,203,250,215,121
263,51,254,115,50,222,276,359,316
160,28,34,152,355,227,3,328,187
238,133,277,300,231,153,329,294,190
270,228,23,344,289,202,322,51,124
51,82,115,250,355,86,212,301,245
278,65,202,51,240,198,46,90,294
72,256,154,82,293,164,40,235,51
236,356,331,216,66,118,204,134,163
22,126,267,338,230,225,324,352,319
131,268,251,281,259,205,109,265,170
240,12,161,154,131,243,137,348,336
76,202,303,25,82,35,95,311,56
63,111,360,26,269,291,4,200,240
137,68,63,276,154,265,217,233,167
226,179,22,68,132,121,327,149,316
260,111,137,212,331,355,160,139,134
278,164,311,111,243,359,296,156,68
207,97,201,51,139,239,68,17,158
8,115,201,181,327,16,164,288,342
118,187,175,51,208,236,178,265,15
359,17,128,318,332,213,30,45,109
117,78,238,274,349,165,38,258,69
355,128,278,51,96,157,111,37,226
24,156,46,302,51,68,30,193,216
26,296,139,265,274,137,164,165,86
65,68,140,236,332,84,206,137,344
326,76,298,310,46,108,13,53,241
210,128,145,307,156,262,304,122,155
354,207,24,51,154,293,65,316,336
88,322,356,51,92,272,62,70,312
265,114,139,36,188,108,366,42,68
118,197,37,77,232,5,92,251,2
138,335,104,103,100,190,134,76,73
318,105,117,245,336,172,302,68,32
209,223,214,215,370,219,196,158,108
169,265,139,68,193,296,272,44,370
243,107,271,324,354,156,233,365,220
150,185,278,330,156,181,167,199,139
15,122,289,75,365,235,73,224,137
180,269,309,109,37,42,272,335,282
283,53,231,265,139,132,200,88,285
139,237,212,49,51,335,287,213,26
356,130,136,251,56,336,84,43,57
307,358,137,51,88,121,73,108,256
13,213,157,15,202,139,224,189,159
160,283,217,193,322,175,144,51,354
70,352,45,95,335,82,15,60,223
108,265,62,51,137,202,313,205,295
254,60,155,259,118,359,302,299,188
167,248,156,51,76,369,217,63,45
135,240,336,5,251,356,167,48,165
224,258,295,99,53,344,335,330,3
192,13,156,84,95,305,142,361,137
211,357,320,311,151,53,87,322,319
89,318,258,68,15,312,359,351,201
223,122,137,119,344,13,52,352,326
68,325,220,318,355,203,168,32,171
139,60,15,149,248,160,316,23,22
356,68,182,242,277,88,149,352,125
51,347,75,223,220,166,222,156,356
139,137,248,55,95,184,226,352,109
136,26,195,1,182,255,272,276,202
308,130,51,258,76,183,347,53,18
90,301,258,218,62,215,89,137,3
260,345,50,322,236,358,92,134,295
325,68,208,75,156,161,224,361,133
140,69,276,317,202,259,53,68,345
38,116,311,76,297,217,23,159,67
183,51,285,22,118,123,107,144,137
193,296,178,197,101,160,248,89,205
369,281,309,3,2,201,157,199,240
232,106,265,26,318,156,77,135,63
178,233,236,38,88,82,51,193,290
139,260,292,274,170,35,356,193,37
184,341,112,154,207,81,265,88,68
279,53,261,265,260,264,340,354,303
50,247,296,361,231,41,265,355,63
156,90,51,14,68,84,269,279,209
344,269,154,196,362,4,320,156,51
311,316,261,27,136,235,294,363,183
1,364,134,324,238,248,136,285,310
355,171,309,236,118,156,318,278,296
251,292,348,130,261,356,115,68,139
318,202,289,265,190,319,164,68,231
51,43,309,106,282,141,350,253,259
305,156,303,328,51,265,139,190,115
68,137,95,154,62,29,156,265,202
164,47,19,120,102,117,53,324,245
265,208,164,152,126,213,273,82,150
175,319,140,350,296,336,35,187,356
248,15,322,275,101,139,284,261,66
156,273,333,295,68,15,138,191,286
265,42,352,236,353,48,271,289,249
322,209,304,321,25,74,267,104,356
119,51,175,68,233,81,3,256,156
316,188,177,51,160,126,137,366,68
333,12,147,125,153,41,118,19,316
163,255,53,256,57,265,260,295,156
330,88,213,139,285,76,45,72,43
330,278,364,245,248,301,295,95,212
95,323,282,290,272,359,157,72,150
163,142,28,41,151,53,348,139,320
216,100,322,85,314,323,224,15,113
15,367,129,226,79,75,292,67,108
5,360,250,359,136,353,354,24,152
90,137,138,278,281,291,75,296,260
220,263,307,84,218,146,362,37,85
7,298,303,340,76,154,139,51,152
68,356,354,139,131,126,192,194,336
137,293,191,139,280,218,345,63,54
296,274,32,1,361,184,70,265,167
207,104,15,258,149,367,88,68,199
108,156,167,182,246,187,68,20,296
238,38,92,265,68,51,201,246,233
51,222,199,256,76,351,265,86,193
233,137,42,256,335,182,121,183,265
99,169,208,98,265,6,90,68,51
68,38,234,55,335,30,148,260,202
37,6,85,341,265,170,83,316,152
31,112,79,250,258,301,234,72,265
113,203,325,342,55,294,56,276,25
77,69,304,224,309,337,164,205,139
9,201,234,53,251,225,345,156,216
111,69,246,314,336,247,93,352,239
4,18,67,139,175,13,363,102,332
215,277,47,195,303,235,178,323,170
13,251,118,238,296,137,348,280,170
296,321,269,260,156,68,290,264,226
131,311,118,137,194,50,178,339,8
367,75,220,345,147,156,137,51,252
156,295,308,79,22,248,249,113,273
283,51,225,100,356,228,231,24,35
131,67,95,312,180,51,68,136,208
256,268,47,354,188,242,202,156,181
311,291,312,68,29,53,191,75,137
69,185,15,215,149,122,287,82,68
88,171,180,51,295,276,28,247,321
156,41,338,90,360,353,241,86,336
97,83,41,324,68,101,62,155,4
230,164,352,123,231,137,355,300,278
273,177,190,95,135,55,304,76,364
51,137,62,265,105,126,79,311,247
137,164,353,69,294,260,327,141,55
1,51,53,202,3,292,260,265,340
32,287,267,234,358,341,152,53,68
43,265,3,305,259,149,31,293,53
62,119,65,323,351,102,175,359,154
30,213,51,59,16,321,270,291,299
51,201,299,313,13,57,95,255,202
124,146,71,343,68,258,281,101,34
280,345,305,231,289,192,114,84,139
210,259,149,16,363,231,168,23,354
360,156,347,95,92,31,74,274,200
260,181,354,252,104,300,68,128,208
4,284,269,68,260,202,291,51,139
45,51,58,55,68,7,264,323,12
243,170,157,108,203,15,16,56,38
249,140,106,31,160,132,45,51,196
143,178,153,328,89,287,119,338,353
275,139,48,51,70,267,154,7,328
108,213,89,165,15,61,115,245,70
147,323,263,348,279,354,56,108,216
139,68,137,203,152,119,195,157,233
137,350,142,194,98,324,251,89,68
59,273,258,21,56,117,6,317,359
234,19,196,331,365,244,108,214,130
192,234,51,139,285,118,83,244,0
165,341,228,133,222,281,237,328,363
233,300,1,265,159,58,351,310,156
99,200,269,134,202,321,287,170,183
357,21,322,351,254,180,300,324,214
157,51,203,156,137,153,63,254,337
258,32,158,184,37,118,270,318,265
322,85,65,353,120,6,199,332,107
166,51,104,53,241,299,28,174,347
186,51,104,108,30,65,156,166,304
158,59,146,57,206,328,51,238,312
324,156,59,343,207,359,153,2,271
146,269,21,265,51,15,296,316,304
160,51,184,285,201,333,265,136,218
70,307,60,141,328,216,213,138,267
190,51,207,46,301,232,91,162,87
115,144,191,136,102,259,27,292,100
318,51,323,181,314,79,26,37,356
68,287,83,352,252,47,348,22,24
353,53,327,193,108,51,156,254,48
343,95,312,265,28,76,202,131,43
71,56,89,126,340,15,81,257,241
86,200,260,365,24,248,224,308,326
330,6,128,138,316,155,156,312,289
330,134,275,285,151,236,40,250,341
51,278,206,48,68,99,329,42,27
145,215,202,187,295,359,136,180,110
60,364,200,305,336,2,307,21,326
26,131,255,265,300,311,267,321,284
84,132,60,137,20,310,207,231,312
200,164,180,77,47,97,295,169,158
126,189,76,357,165,238,68,197,269
51,191,200,194,161,137,236,170,300
240,68,23,311,19,170,139,160,248
139,25,152,175,282,183,265,51,7
51,318,350,129,45,160,265,68,301
239,240,368,118,97,356,322,295,249
265,10,180,137,93,207,175,352,76
304,352,318,126,139,54,194,233,133
222,322,355,16,51,314,219,291,144
132,237,233,65,118,278,289,281,312
65,122,156,137,15,90,366,89,139
312,285,6,205,171,367,329,110,238
176,292,227,53,256,13,238,278,156
169,76,220,293,224,30,167,200,53
246,274,322,324,185,291,285,68,339
302,13,51,175,115,343,94,122,157
46,187,206,40,55,95,366,193,265
278,22,208,351,266,303,51,238,93
89,51,353,185,97,293,321,340,314
231,70,171,38,87,368,207,312,258
296,167,175,313,114,208,286,369,51
124,218,67,38,24,8,349,65,151
280,136,134,128,284,353,350,344,21
319,40,294,51,263,256,140,241,210
342,275,310,285,201,177,171,269,295
202,51,232,345,226,261,289,135,194
144,254,294,146,278,274,30,255,87
137,242,326,233,154,166,354,287,210
297,349,24,281,47,335,53,89,115
156,92,184,284,75,58,128,326,165
276,245,263,265,112,195,281,41,139
336,295,260,208,240,196,358,92,285
295,131,128,125,269,32,178,278,120
289,196,281,68,292,304,22,268,77
41,250,79,177,22,265,75,91,98
184,235,133,260,322,265,343,224,143
165,278,164,342,51,25,344,65,208
265,172,321,124,169,165,117,202,133
281,38,291,26,156,344,12,169,262
41,367,265,66,263,351,163,368,63
217,137,104,13,283,351,278,231,265
53,327,192,208,197,175,65,269,133
22,137,333,246,8,209,238,81,213
42,246,283,304,338,85,57,133,68
265,24,259,189,66,276,292,179,188
13,351,291,48,356,236,331,51,251
281,203,89,362,160,27,151,173,357
332,7,129,95,166,51,210,352,252
47,20,15,140,355,186,219,248,245
204,260,234,51,68,84,193,79,156
83,61,288,208,272,9,44,348,258
287,133,53,23,265,357,307,356,360
281,205,137,175,123,183,53,188,262
222,336,197,339,256,51,66,360,357
69,142,358,293,192,265,234,175,90
75,197,367,301,22,139,51,281,235
31,69,255,298,241,118,160,328,137
297,41,349,68,196,246,265,302,7
51,223,277,265,273,241,197,203,46
266,370,239,297,87,276,38,330,312
28,278,215,170,328,365,60,244,202
320,185,156,111,203,114,55,231,304
115,284,102,167,139,103,65,248,196
60,13,349,30,137,34,134,32,95
356,325,188,366,203,246,63,66,265
47,248,355,213,356,199,283,51,217
294,268,270,138,344,193,303,51,222
66,59,281,182,27,263,265,88,354
363,66,170,51,352,265,362,46,13
258,299,295,192,291,260,137,154,231
152,359,139,46,15,202,194,336,356
231,53,337,364,268,68,15,203,139
294,298,165,239,309,296,140,82,139
354,200,189,237,137,48,259,366,297
174,183,239,189,338,224,51,15,265
93,184,51,284,361,34,68,23,32
202,30,25,92,344,197,152,51,265
163,13,68,149,57,184,338,106,323
314,122,195,142,6,196,258,46,32
90,183,318,100,364,277,37,216,254
291,239,329,139,83,104,324,315,102
296,265,122,360,64,137,361,249,68
337,236,68,110,109,178,177,123,51
166,321,118,51,162,190,315,348,30
75,193,260,197,36,80,181,130,174
15,233,52,56,133,114,318,43,139
278,347,95,74,248,210,264,37,162
338,136,137,82,131,287,165,219,128
76,234,126,16,0,7,46,104,54
184,13,220,122,245,351,301,187,348
278,228,145,51,258,119,292,294,115
137,98,247,152,139,170,356,111,48
50,258,210,167,311,299,139,284,119
132,51,251,248,68,260,207,57,157
248,95,277,51,291,37,354,175,67
49,137,57,130,311,227,89,231,341
260,275,223,68,196,325,321,107,245
62,94,255,73,120,35,206,51,223
46,105,333,56,28,22,51,251,93
172,86,277,312,265,51,345,208,63
57,111,63,156,68,117,265,208,292
253,358,118,199,184,356,139,185,162
103,207,147,183,220,89,69,122,7
259,136,201,238,325,109,30,192,271
151,25,99,68,318,324,312,103,15
162,361,231,324,212,320,197,72,15
199,269,52,119,51,208,350,65,207
30,84,117,282,90,68,325,74,365
307,51,166,68,269,341,81,110,239
59,277,95,223,15,45,202,354,189
323,249,278,119,318,348,137,264,53
269,103,68,247,51,364,300,244,352
300,103,299,99,336,76,71,283,155
251,197,356,68,139,22,14,310,7
248,226,333,51,98,245,112,265,358
239,315,227,100,117,231,17,134,45
358,349,95,368,202,137,161,247,191
86,45,250,53,299,247,222,291,76
100,356,85,328,48,53,160,365,26
102,231,196,157,364,99,13,242,188
46,307,296,19,51,276,99,123,365
115,41,236,90,51,68,139,86,355
79,41,184,224,153,137,152,269,82
292,95,354,321,298,64,111,309,202
318,205,339,240,59,258,31,41,330
68,34,164,24,353,266,36,370,226
65,112,202,295,53,47,274,67,316
171,219,117,156,346,29,326,308,15
292,236,231,51,3,156,365,249,69
156,76,182,104,7,190,209,194,311
149,109,125,22,58,72,83,188,340
292,238,117,68,58,57,129,244,225
95,157,318,175,248,102,197,272,71
369,155,289,209,315,202,137,68,118
330,253,132,302,65,344,23,82,285
139,333,108,128,170,256,313,318,68
43,214,265,363,358,243,271,177,312
102,139,264,179,53,285,273,210,68
200,174,79,125,30,344,214,277,190
68,51,195,95,226,175,27,235,328
205,214,132,222,367,51,157,88,352
137,160,328,231,248,17,336,38,202
5,156,123,193,138,61,51,31,69
51,218,150,126,1,207,275,357,189
223,69,22,247,53,134,151,183,277
367,317,242,51,127,304,295,289,80
133,342,190,51,129,4,169,335,214
204,132,169,276,136,188,277,108,336
362,274,27,132,45,128,40,51,364
68,201,137,51,304,167,116,336,196
209,230,61,322,152,265,123,150,211
272,304,298,24,32,233,4,16,273
133,57,301,137,200,69,219,260,213
202,53,98,229,316,205,294,356,215
295,327,139,12,224,32,260,299,193
109,323,215,335,202,200,152,174,293
37,285,111,7,250,260,362,28,227
218,160,46,304,36,157,37,138,356
287,264,25,139,327,137,51,222,46
262,303,325,321,156,366,106,297,243
290,66,171,260,53,282,126,109,294
336,349,345,312,67,97,108,109,156
117,336,303,247,85,95,146,296,256
234,253,0,356,13,151,147,137,90
317,146,167,89,109,11,128,354,137
100,68,260,299,295,235,230,190,294
100,62,175,126,273,359,187,139,160
156,250,150,309,359,15,364,152,71
138,139,83,88,309,65,154,348,51
42,177,161,52,320,259,309,66,165
32,274,37,354,90,233,325,350,139
296,194,41,258,22,238,95,18,68
192,34,108,45,203,43,134,299,156
317,13,265,206,340,53,298,360,80
192,202,49,176,94,191,284,84,294
199,24,88,51,258,90,114,293,0
278,301,309,51,227,138,155,351,126
318,353,260,220,311,25,137,23,322
240,137,139,98,178,44,75,265,190
235,92,156,115,126,202,153,289,95
199,311,137,318,194,348,285,289,12
139,208,365,53,136,303,43,69,258
240,61,255,238,68,193,155,72,233
153,316,160,51,265,295,276,24,356
331,117,233,96,344,272,95,265,276
217,246,23,51,130,100,336,297,247
75,68,356,53,323,177,48,359,51
36,8,292,178,85,45,51,268,112
67,231,70,239,53,324,359,312,248
246,311,64,236,309,51,139,170,53
75,23,354,70,236,94,104,251,319
88,95,311,15,90,201,131,42,22
28,8,209,76,276,300,282,285,105
120,16,301,13,191,90,41,51,233
202,322,213,156,34,356,344,294,46
159,27,126,303,354,359,82,147,115
95,144,268,248,2,60,237,278,77
205,24,159,156,22,21,349,70,353
231,103,178,18,53,156,30,13,182
191,251,283,265,236,86,349,105,223
301,151,95,8,101,277,236,15,206
16,160,156,304,192,103,207,61,348
323,151,51,5,99,53,119,351,153
246,295,51,136,156,163,199,41,204
25,313,53,150,188,337,138,243,97
59,235,309,137,225,283,265,154,14
344,297,67,233,175,12,25,97,23
272,134,46,241,132,167,90,278,95
207,137,52,231,133,22,239,225,347
51,137,95,356,307,185,231,160,247
88,167,237,238,296,339,131,317,368
166,193,295,214,139,348,231,36,327
13,51,71,47,163,332,227,167,230
181,139,101,353,325,346,312,260,35
356,344,246,51,359,46,71,278,13
364,344,32,115,67,48,31,202,355
159,243,204,353,95,51,82,65,340
192,50,320,120,51,137,281,344,325
134,68,95,274,51,150,322,197,333
109,108,95,53,139,24,265,76,195
156,157,69,4,30,139,330,345,119
202,51,347,2,151,221,237,214,131
278,200,53,273,364,213,88,122,307
313,60,361,183,242,296,347,90,356
68,265,87,127,37,43,160,149,289
95,157,25,92,90,13,228,203,273
60,166,51,336,132,2,182,205,137
139,15,160,269,203,45,100,351,319
58,147,139,200,360,22,49,118,131
109,215,19,52,69,46,123,133,145
37,51,167,83,337,68,325,318,0
286,127,183,2,195,309,345,365,219
199,25,223,51,195,324,304,44,198
214,41,12,356,258,72,137,128,369
341,13,324,14,79,51,68,137,227
265,344,250,36,273,253,318,44,51
344,175,51,352,161,348,318,193,42
233,68,358,137,58,77,42,300,187
51,39,250,45,267,19,275,52,283
44,280,352,126,183,238,240,261,236
352,149,156,356,328,32,266,1,252
356,345,203,234,71,263,166,137,260
237,265,71,41,99,140,73,260,162
122,6,362,355,265,241,252,220,46
248,258,51,366,40,187,183,231,160
68,51,24,164,356,223,236,15,330
313,235,226,208,214,200,161,51,364
51,60,90,248,322,138,126,233,201
116,128,24,22,346,64,109,341,168
115,245,103,54,224,169,370,123,92
203,62,295,336,160,270,15,354,256
51,314,73,359,142,86,333,159,312
68,76,361,271,119,223,221,62,6
188,256,297,67,184,134,22,165,130
68,7,365,281,57,199,202,133,137
199,51,327,265,89,123,191,354,18
231,51,156,139,365,347,13,273,265
203,277,178,283,93,99,139,350,79
217,139,51,170,233,53,318,204,61
68,286,15,53,170,336,252,37,84
167,356,49,225,106,161,325,137,55
68,255,276,368,254,357,95,69,46
293,165,197,137,296,95,351,225,248
232,51,160,363,239,8,197,249,53
312,369,161,190,336,5,167,143,176
167,156,216,124,149,177,115,137,187
256,82,74,345,157,202,57,150,39
345,233,88,248,68,223,60,175,65
201,68,293,298,363,289,61,184,258
51,362,26,76,341,313,260,270,83
114,187,238,265,368,241,84,51,306
115,249,74,301,92,47,178,23,186
62,197,345,245,51,355,44,191,276
108,293,349,211,60,304,183,100,137
171,51,84,133,92,345,192,267,248
265,260,54,251,15,337,68,51,335
156,65,240,27,32,140,354,256,68
187,68,353,318,236,355,192,296,362
137,142,226,193,363,28,343,211,95
139,142,245,311,15,210,61,51,359
53,354,139,165,303,295,194,264,167
13,165,47,156,121,277,319,51,360
318,46,51,45,284,53,265,364,123
355,84,180,80,156,323,7,110,189
272,68,79,278,283,108,32,168,202
106,94,210,70,207,130,114,281,295
262,259,286,166,203,245,68,167,198
48,265,137,7,228,311,269,216,293
215,196,320,139,253,51,213,344,266
292,235,171,265,308,362,337,296,190
53,27,155,272,193,347,265,60,171
196,68,245,274,160,149,126,285,224
68,259,24,265,350,180,260,321,250
81,137,299,56,150,249,172,156,66
296,155,321,151,302,89,330,211,125
348,342,260,353,156,139,201,356,51
325,4,99,139,355,223,137,344,126
332,209,44,262,156,248,178,239,179
346,98,278,357,224,84,13,296,258
307,283,263,156,349,305,265,132,4
22,355,89,88,214,203,231,258,232
296,321,61,81,65,68,278,104,214
68,15,204,281,128,172,360,209,190
164,348,330,260,271,137,254,82,158
28,68,337,218,203,73,82,98,310
2,301,356,202,65,196,258,214,147
248,101,137,37,180,187,26,156,336
69,109,198,151,51,53,98,363,324
311,234,322,242,359,68,202,92,151
14,170,68,285,219,45,120,255,128
113,202,331,248,265,137,261,53,169
137,146,51,63,58,197,153,162,265
362,359,15,92,68,126,284,249,365
347,51,136,300,322,16,270,26,232
60,120,150,13,352,188,279,62,42
285,51,269,196,53,210,258,116,256
2,191,263,228,342,156,37,46,347
114,53,355,293,282,68,157,370,13
76,272,26,201,318,296,60,254,289
137,158,115,239,293,211,356,153,332
139,136,304,171,212,284,150,336,154
68,156,332,67,343,175,90,300,15
209,312,51,143,38,151,305,170,167
217,318,307,51,338,135,171,328,48
134,354,202,345,108,22,212,265,137
65,51,244,323,167,112,135,354,321
68,51,57,318,8,294,348,60,231
45,127,222,15,322,318,13,149,129
240,294,92,201,221,239,251,15,88
287,335,82,246,134,98,265,182,165
183,103,276,186,207,187,51,67,319
318,115,222,132,304,142,330,8,359
187,359,81,128,209,339,278,295,28
285,97,108,316,153,217,123,212,27
192,274,338,344,88,265,255,213,201
230,265,297,188,40,233,139,45,281
282,100,115,66,157,82,20,29,349
223,46,337,139,311,368,71,35,51
310,68,107,291,13,190,285,348,130
24,170,69,88,295,87,65,108,169
15,120,61,202,224,356,201,25,68
168,211,51,210,323,201,229,260,185
6,224,305,51,27,345,36,296,265
51,234,15,278,295,13,68,215,213
58,69,140,160,271,53,159,239,224
202,143,95,47,91,265,349,41,197
279,68,259,184,317,178,51,258,147
91,193,13,133,157,19,111,342,126
248,109,193,87,344,336,359,53,129
95,119,109,93,180,56,265,211,275
107,114,191,156,76,154,51,365,68
203,244,68,201,137,24,180,53,325
126,123,48,301,44,84,117,352,269
81,147,154,53,209,238,241,140,137
124,260,265,102,15,201,247,51,137
195,15,268,350,43,139,170,250,60
286,41,82,318,224,139,281,365,344
352,244,222,48,265,351,89,51,292
324,246,303,317,318,15,53,161,149
51,368,265,206,71,97,174,129,243
86,234,165,36,335,54,341,263,41
139,339,131,354,280,89,236,341,94
123,128,139,99,137,341,47,23,6
30,283,258,51,240,285,68,108,99
147,182,25,4,99,293,312,208,60
129,132,130,170,83,297,303,68,69
60,344,193,108,206,160,215,4,225
344,41,265,210,342,322,309,147,338
117,330,68,7,185,51,232,137,53
345,160,253,313,68,61,159,51,337
51,91,295,28,160,356,150,315,84
137,132,139,43,265,51,7,291,146
72,341,90,241,187,88,290,15,119
252,289,299,86,300,222,13,68,311
222,295,2,204,356,364,335,205,130
61,248,306,15,337,114,235,364,132
335,23,258,88,345,321,319,204,139
348,311,289,1,159,207,260,137,224
308,95,156,230,151,58,369,260,180
15,265,341,93,139,195,182,68,90
285,143,202,68,127,330,205,264,283
157,68,248,117,130,95,45,134,180
314,51,194,326,53,223,340,169,73
40,244,6,281,128,253,243,81,154
28,265,342,348,68,85,318,236,350
156,348,90,137,118,357,349,293,226
12,68,205,349,156,51,265,70,84
61,59,100,322,311,232,114,281,221
333,231,13,126,318,215,195,307,251
202,95,109,324,160,206,46,292,61
156,81,117,283,68,317,258,248,236
348,268,218,156,202,132,41,303,336
352,308,51,13,325,233,8,99,201
58,71,302,353,222,88,22,327,81
151,351,81,2,204,123,159,14,215
92,201,180,14,248,136,51,150,81
68,315,147,95,293,236,335,65,235
361,363,160,159,234,58,82,37,225
359,279,154,51,280,180,137,354,139
356,68,262,74,125,209,287,155,2
295,342,312,81,76,121,354,139,230
125,51,12,292,91,352,202,258,315
311,90,68,46,297,360,260,104,60
156,15,89,170,95,176,158,197,51
127,105,302,128,112,60,250,89,139
310,119,51,193,65,203,237,303,213
210,209,86,363,15,109,362,202,68
152,90,359,202,211,51,278,118,53
43,71,154,58,245,126,105,336,234
265,157,225,292,260,90,202,187,293
22,295,296,68,237,142,322,213,210
349,214,289,180,151,195,13,117,75
318,17,167,60,309,51,45,347,349
368,213,366,310,115,13,245,47,51
68,231,295,260,301,49,299,304,210
301,206,246,137,89,303,156,119,213
283,159,60,155,51,160,342,256,258
202,170,351,60,182,185,47,267,48
15,69,190,295,13,162,193,130,92
265,363,82,175,248,150,293,169,208
296,7,92,265,242,324,260,148,51
160,289,261,336,93,130,173,57,339
308,182,68,188,287,224,265,354,99
318,147,68,82,92,303,176,369,84
206,51,167,95,304,15,187,270,251
51,23,6,99,269,196,132,128,199
285,345,129,266,83,148,268,21,156
126,153,68,41,349,174,115,225,269
180,95,159,23,246,192,262,120,83
2,157,265,117,15,95,44,139,50
55,157,67,42,205,325,26,263,24
185,109,68,53,51,209,269,108,321
355,35,150,296,109,201,178,215,90
62,239,288,68,317,92,51,265,354
209,165,304,92,55,190,145,354,238
51,85,111,235,226,318,131,245,106
192,354,8,85,234,126,284,303,231
332,238,160,47,97,307,84,273,147
126,199,53,68,267,318,275,90,223
286,264,201,13,244,315,90,199,276
73,356,69,295,162,152,362,265,368
233,265,308,22,309,17,108,262,127
52,197,354,137,90,201,13,278,66
351,86,17,256,328,304,187,210,366
243,203,149,307,248,164,176,83,156
240,156,57,32,51,333,72,25,68
81,183,180,128,315,314,136,191,68
90,68,345,246,236,171,202,105,192
207,313,199,328,214,54,251,262,86
130,60,15,82,303,266,152,265,356
232,319,311,48,161,139,258,324,167
344,301,230,88,165,190,256,37,295
95,346,57,109,235,128,86,24,194
51,40,156,115,60,275,13,289,157
9,265,108,176,139,178,68,227,364
56,364,327,138,203,318,213,183,272
281,68,191,305,9,284,15,328,82
214,215,51,238,92,126,333,193,68
45,88,193,292,139,68,145,13,233
265,154,352,320,328,167,353,231,74
137,22,185,221,153,289,93,198,53
65,265,156,96,150,322,363,140,203
101,142,364,265,42,268,224,322,41
277,80,91,76,62,259,70,265,226
301,13,258,300,208,41,65,114,346
15,318,265,189,139,75,202,125,193
61,90,188,58,170,315,229,115,105
258,360,323,302,281,269,265,294,331
347,28,281,180,137,202,82,18,181
51,81,221,12,247,181,137,265,118
136,218,274,105,265,51,82,311,194
2,243,82,169,177,43,154,115,191
8,345,269,27,299,295,132,156,359
51,95,277,254,231,309,89,54,22
208,265,262,53,92,278,209,72,15
58,353,330,358,267,342,283,27,110
258,249,83,260,264,186,208,81,265
214,191,107,46,277,295,231,195,190
50,222,287,156,350,51,192,82,268
327,279,2,285,156,255,4,283,188
271,65,215,351,316,117,51,90,344
350,203,37,257,234,248,370,193,30
32,271,68,327,203,242,82,156,218
282,103,336,220,207,159,93,137,152
51,223,94,68,127,333,226,344,283
205,304,289,49,231,191,325,311,41
239,187,51,337,265,275,319,207,330
188,304,212,128,51,354,266,211,37
68,265,37,294,260,192,354,185,196
137,53,315,258,306,294,48,159,167
308,47,307,265,278,68,83,220,283
276,211,249,238,208,285,106,91,169
51,108,343,135,199,14,133,13,244
304,12,68,137,249,233,193,265,6
41,100,208,22,318,248,281,158,214
60,240,281,312,68,199,206,184,262
13,27,137,215,214,205,15,350,324
102,68,63,293,193,72,294,187,324
74,137,14,186,271,12,51,223,111
183,158,95,295,219,247,133,237,28
200,95,258,233,207,335,217,136,193
278,231,356,152,202,24,68,51,72
349,248,250,107,356,117,220,45,201
84,293,199,37,55,60,240,14,296
110,309,282,82,265,16,333,195,108
57,53,302,149,268,244,209,271,124
22,42,301,64,163,258,56,294,214
328,329,137,279,99,48,170,65,364
337,332,129,340,122,250,296,265,58
48,41,370,85,134,326,44,265,347
105,295,139,205,328,6,285,202,209
309,6,194,265,246,290,65,123,312
265,356,68,366,185,322,105,30,269
344,233,322,309,212,210,132,278,30
265,175,134,127,154,51,118,95,292
129,70,358,340,26,192,274,9,208
8,248,191,111,115,265,88,51,275
51,295,159,236,53,215,68,124,108
82,81,320,201,127,350,51,300,164
137,300,69,86,339,223,208,257,248
51,324,75,237,67,234,115,37,53
90,47,248,51,283,2,359,42,132
220,261,130,190,205,212,262,217,34
281,258,315,132,249,192,268,227,309
287,208,235,133,134,248,289,37,203
278,222,193,30,324,147,68,48,361
260,51,336,293,165,57,139,305,248
275,55,132,68,247,38,111,356,312
128,327,132,51,318,212,120,316,230
195,139,158,193,359,120,111,14,260
326,159,57,236,300,301,167,125,51
137,108,51,156,265,115,154,155,68
213,235,286,200,303,109,191,160,68
88,275,284,21,323,15,307,352,363
231,137,139,207,353,296,205,334,351
15,68,115,137,95,111,56,200,101
156,90,88,2,335,171,54,200,126
250,232,242,324,178,202,251,79,273
289,137,265,156,296,208,51,162,271
113,119,156,265,206,305,285,248,175
265,256,40,356,137,346,294,92,175
174,204,217,109,101,43,51,104,320
32,351,265,211,247,223,202,215,185
298,265,127,205,279,60,226,294,322
343,30,366,202,68,74,90,75,282
303,2,222,51,347,284,247,58,304
162,277,95,100,128,349,200,187,293
270,68,309,296,90,140,183,233,343
155,153,130,136,283,160,365,231,85
47,184,259,284,154,354,132,308,2
189,317,231,8,219,95,278,225,2
228,17,45,207,19,88,71,328,56
41,34,29,144,197,256,210,31,160
13,262,258,236,231,147,318,55,79
360,322,185,365,62,134,82,68,169
319,168,296,245,205,115,277,338,137
4,272,292,92,66,139,310,137,156
243,365,231,331,196,58,137,311,68
281,204,241,95,71,262,76,60,213
204,48,154,126,114,259,325,68,67
254,51,365,187,139,174,255,320,53
277,60,80,171,191,341,100,327,186
348,137,68,6,327,350,213,4,332
131,354,58,265,127,212,340,41,15
285,260,51,13,345,228,88,211,251
