638,689,867,911,835,948,703,173,142,736,543,686,618,283,684,796,10,817,810
428,108,357,668,142,548,795,514,81,269,375,733,796,402,445,113,785,779,86
165,732,155,89,532,779,482,596,533,695,977,269,91,164,813,109,719,875,687
142,61,83,307,779,695,981,359,480,74,473,834,788,311,247,269,456,294,326
883,95,445,222,427,813,410,16,62,733,900,785,645,142,326,473,378,650,748
155,889,276,447,567,813,16,984,157,299,559,690,222,445,304,115,810,571,937
706,475,637,687,99,91,132,438,406,222,892,35,142,482,662,445,785,645,486
779,165,785,374,267,897,62,746,605,142,146,447,876,756,296,521,959,405,950
875,92,326,194,73,404,109,405,79,323,783,522,346,756,790,514,454,585,440
414,678,244,492,133,889,243,480,693,326,144,142,329,977,684,238,882,297,16
146,42,92,807,645,269,29,62,482,960,892,668,414,323,12,815,730,434,628
898,947,45,790,662,695,813,291,142,19,62,144,16,480,203,218,300,23,565
99,533,379,62,790,696,756,668,10,480,16,11,300,326,983,405,56,977,810
921,87,0,810,581,311,756,870,698,795,684,435,577,809,505,196,203,62,445
634,323,411,469,165,137,756,629,62,142,207,0,899,576,295,952,240,786,294
728,440,50,681,10,338,326,70,193,905,437,480,421,620,273,813,345,270,408
764,605,323,977,138,593,634,142,701,32,127,207,892,367,695,727,3,952,116
387,859,116,16,3,653,335,62,107,14,618,463,48,281,257,482,142,869,308
79,703,235,662,429,96,620,939,849,268,764,868,892,287,695,62,943,533,847
383,118,245,142,440,680,794,625,322,844,242,890,714,62,270,163,144,957,323
165,445,266,161,220,217,482,118,842,368,269,16,668,813,62,922,142,796,662
269,267,749,223,615,23,483,695,958,756,222,142,949,523,548,889,777,892,255
321,522,269,333,163,636,889,821,482,781,177,878,585,409,480,294,979,958,323
54,204,492,140,774,792,646,975,601,737,868,861,323,448,5,295,889,308,68
218,445,979,528,977,56,43,142,557,242,600,171,906,378,326,165,245,929,62
598,53,62,718,979,323,222,142,620,475,547,146,571,889,482,695,756,788,143
556,378,167,950,330,62,533,56,255,790,142,628,687,326,214,243,445,269,302
983,58,516,757,168,571,62,144,646,963,323,905,106,324,335,795,697,390,585
42,334,448,367,465,323,423,56,379,62,889,108,309,706,869,295,771,142,207
142,932,62,389,475,329,792,233,589,534,637,852,396,514,421,779,326,144,354
853,142,119,20,255,440,912,5,497,903,57,892,300,344,779,566,754,62,452
62,914,299,557,817,142,326,99,851,392,424,825,695,757,411,541,127,323,278
147,62,571,816,15,326,854,142,378,345,593,605,779,445,495,269,628,672,746
91,87,179,62,292,729,211,728,879,224,970,79,552,330,68,662,142,256,78
19,62,724,146,204,783,892,144,889,756,832,56,110,542,268,537,810,568,639
55,110,865,695,514,16,326,174,273,407,788,516,444,587,447,297,62,324,65
733,340,194,180,747,820,414,460,95,652,929,482,509,472,269,620,606,615,983
889,16,248,566,255,728,756,406,929,430,165,50,253,659,84,375,405,445,156
888,279,62,587,971,789,730,234,563,643,875,813,409,222,142,282,810,615,675
838,176,42,447,261,374,90,62,533,52,433,14,960,752,799,142,895,972,217
99,303,379,983,226,467,551,634,600,49,695,864,810,613,903,62,789,133,889
687,179,952,333,959,154,733,114,963,418,207,845,875,592,16,616,938,975,296
970,166,817,708,98,291,918,983,658,713,360,482,632,889,419,597,710,62,756
226,95,645,142,256,813,457,149,665,744,44,225,146,480,695,668,770,409,157
250,480,348,323,482,975,337,151,23,62,785,155,617,628,56,790,165,893,142
910,3,733,477,931,240,881,756,62,8,354,492,705,448,905,115,16,474,726
289,779,662,267,654,690,299,643,133,846,142,726,445,864,16,983,577,468,466
466,146,875,261,939,458,495,269,335,792,62,218,669,142,810,16,83,445,144
751,326,684,810,524,89,62,977,680,668,217,844,833,947,18,335,638,756,870
165,62,468,434,120,567,142,213,326,20,329,320,689,16,684,888,794,581,929
480,588,333,970,790,668,726,335,883,910,779,296,287,16,523,482,947,695,703
414,728,794,3,245,903,65,695,295,875,208,797,781,451,516,482,142,62,767
606,327,79,203,837,141,269,165,142,447,821,475,369,691,384,16,494,44,626
155,645,648,451,445,790,232,821,222,443,144,15,457,58,326,953,551,168,32
44,326,542,142,210,179,979,618,165,581,483,157,234,909,282,612,445,550,181
354,287,816,142,480,482,921,689,302,56,615,969,743,41,975,918,931,648,468
86,466,822,526,859,919,62,118,487,142,91,451,798,975,809,744,853,165,323
700,222,823,712,120,812,881,256,284,793,593,569,606,482,946,490,821,409,492
445,98,340,695,127,492,791,858,870,459,977,345,824,407,691,87,810,801,482
797,62,326,300,865,248,194,233,610,79,348,924,928,728,841,222,142,668,755
323,190,62,790,287,491,746,602,889,23,248,324,566,144,275,592,813,264,948
886,56,982,62,728,14,756,704,382,421,45,166,681,376,300,505,109,159,151
287,955,0,824,336,2,853,768,907,180,231,533,459,760,688,515,645,514,409
409,810,618,348,767,222,695,278,161,875,839,169,407,143,663,126,485,323,582
860,492,3,810,326,16,269,569,142,582,279,482,615,20,528,84,797,166,704
668,445,409,142,813,324,756,288,323,146,405,569,857,779,227,392,16,733,480
555,867,668,810,419,605,345,728,892,579,11,16,517,761,465,62,409,329,676
634,950,708,908,695,142,75,598,779,813,738,437,438,854,810,49,711,44,16
654,118,16,143,300,505,21,416,23,224,52,473,97,142,295,127,567,452,326
378,744,889,914,79,684,56,592,62,340,190,91,187,728,384,146,881,89,161
856,482,142,979,501,791,447,824,273,445,62,370,475,457,269,557,376,299,16
467,62,761,142,573,881,810,738,96,61,756,762,164,16,445,538,790,809,864
25,756,813,354,142,62,535,921,718,889,884,358,445,821,222,267,184,892,339
265,947,304,428,628,393,323,523,294,949,639,482,62,190,682,472,838,253,779
350,240,142,630,511,586,269,81,668,759,854,680,810,176,802,62,628,929,931
16,142,165,151,222,565,457,596,260,62,32,46,854,771,335,893,718,323,666
447,62,457,653,495,222,326,323,548,968,265,571,577,240,142,217,783,681,165
472,324,868,908,16,756,142,836,531,120,144,492,96,703,535,791,779,317,62
142,197,548,140,324,240,450,587,905,62,482,880,217,222,756,751,102,935,326
62,581,354,323,662,813,16,620,569,214,92,287,597,448,125,955,482,297,384
368,260,569,931,955,294,52,895,918,523,323,535,133,632,646,326,908,165,102
643,497,765,695,82,791,184,850,829,266,146,909,79,613,460,269,222,88,813
16,222,492,142,18,62,451,447,682,791,643,748,118,230,407,928,155,641,881
366,300,482,159,379,710,874,913,864,645,58,313,983,875,269,323,943,405,526
62,155,428,76,600,552,692,914,875,118,918,581,717,641,251,756,703,18,33
810,62,798,165,684,634,106,898,644,515,721,676,966,538,934,108,747,142,279
681,144,422,826,222,0,165,756,142,955,849,368,573,699,340,649,831,748,332
142,292,451,445,533,269,16,905,466,165,390,752,537,182,704,684,681,46,782
409,62,405,445,351,832,615,142,581,350,315,810,571,514,222,823,100,956,838
142,854,505,440,970,638,606,217,256,781,782,52,634,79,833,857,411,789,410
380,808,241,703,87,705,50,969,615,445,686,567,252,480,358,966,396,475,152
495,808,718,81,616,419,528,681,864,79,810,326,354,157,568,560,95,521,165
802,391,875,56,889,332,492,16,441,390,585,565,222,807,628,214,250,929,942
248,326,791,597,829,672,668,821,613,863,921,155,702,269,966,383,639,21,283
518,16,829,728,62,142,755,662,886,559,875,299,406,526,918,533,423,421,215
828,351,4,489,684,327,875,938,341,269,921,165,810,324,317,407,655,142,181
591,170,509,952,445,405,810,144,1,323,613,889,979,79,155,932,746,700,892
929,875,62,16,268,813,956,151,681,204,142,876,326,662,931,340,822,269,943
78,143,508,222,255,118,29,875,99,165,628,603,16,440,756,643,821,885,287
983,537,900,62,410,515,323,453,326,269,977,677,457,859,475,300,294,579,440
56,775,850,165,514,297,588,223,509,733,2,242,751,840,292,87,786,467,674
559,684,598,50,144,799,708,790,797,62,165,890,409,521,385,585,732,56,865
231,886,144,206,977,145,602,62,726,672,913,203,21,412,482,950,854,269,326
56,785,799,810,302,928,756,62,85,83,695,853,142,733,615,329,569,217,267
820,482,615,889,0,62,746,559,621,712,222,129,142,815,975,278,677,432,480
475,62,885,484,809,16,142,375,567,269,837,592,905,306,681,155,447,790,935
824,0,612,323,720,445,62,48,16,269,648,257,144,581,98,487,605,820,222
165,16,269,889,142,482,496,594,909,858,127,816,224,385,68,263,25,62,813
657,368,781,0,224,908,864,718,533,779,291,16,142,294,62,60,222,168,409
756,142,810,638,579,299,445,634,62,889,762,323,222,559,428,16,240,780,921
630,599,475,307,62,780,810,610,892,142,267,247,83,864,345,215,0,445,898
586,269,646,956,913,573,326,116,690,385,0,809,478,329,786,509,60,286,115
392,771,445,827,482,792,969,15,299,911,627,797,684,977,234,949,405,222,378
273,821,269,943,889,959,142,482,578,16,892,703,235,706,864,813,87,375,369
838,16,289,654,269,718,950,499,87,872,543,103,326,889,142,460,576,319,526
595,480,293,810,358,323,979,387,245,779,621,294,165,960,457,56,142,631,668
809,929,262,559,480,533,526,251,62,241,764,889,475,928,756,57,791,813,976
756,938,87,62,144,979,269,971,704,813,667,482,142,883,628,817,294,564,107
783,198,16,264,961,337,294,62,142,378,324,165,662,29,326,409,756,979,854
326,516,207,277,84,62,165,119,287,133,321,912,142,329,300,296,295,268,403
568,425,79,142,269,482,695,705,323,62,889,892,196,144,813,161,295,569,772
432,323,0,291,714,62,87,507,165,484,848,209,518,16,79,837,620,409,466
62,74,143,979,245,830,813,345,600,960,96,643,739,588,762,1,451,310,142
180,0,142,550,909,648,49,969,76,447,286,891,632,390,850,529,313,170,33
470,110,410,695,703,142,931,480,533,984,323,62,586,98,83,676,269,424,300
286,645,105,874,943,153,142,16,495,44,278,256,634,949,161,955,892,182,956
821,813,142,0,527,451,17,99,233,203,752,87,638,453,146,326,810,794,62
442,56,943,16,615,318,974,260,287,146,62,143,445,909,326,645,453,956,682
323,222,588,765,194,269,482,924,485,354,17,943,714,810,110,142,56,756,474
965,260,312,889,269,872,174,776,81,228,546,579,267,16,908,421,674,769,733
109,480,62,100,326,151,255,170,163,377,790,261,854,492,542,360,699,142,165
710,668,703,110,816,405,837,62,762,565,146,447,779,804,142,603,826,13,152
512,269,135,970,533,619,730,323,226,260,684,74,23,646,892,513,52,209,414
266,281,875,482,16,142,695,851,410,466,244,316,747,405,684,514,269,719,250
589,668,691,695,722,131,447,789,15,943,23,474,872,521,142,931,165,260,146
376,424,833,445,142,386,165,370,417,16,405,485,392,666,341,950,162,323,505
648,752,195,89,62,445,362,756,151,20,482,417,514,16,438,261,26,5,957
56,332,961,146,746,810,99,240,650,269,538,159,928,533,865,62,571,405,876
810,16,459,135,289,889,142,78,638,323,360,860,650,533,378,354,269,949,644
233,955,797,326,135,924,514,62,251,801,165,956,79,13,323,293,378,28,938
451,764,871,559,142,620,889,406,240,16,938,62,68,146,354,56,480,957,895
548,791,62,29,395,808,142,521,0,146,248,445,447,133,118,196,28,266,585
154,142,824,333,430,756,695,126,354,453,488,963,482,748,420,452,458,224,293
142,240,179,606,323,681,502,127,299,62,648,100,222,639,669,903,488,588,56
62,170,300,821,943,709,167,250,447,840,533,881,326,222,165,256,269,883,915
478,409,269,785,142,810,460,222,335,790,706,340,257,265,422,482,235,751,983
194,756,892,62,14,412,813,85,261,142,621,828,592,326,222,627,780,779,578
144,245,742,617,0,58,62,943,447,118,142,79,445,941,962,482,323,81,358
133,445,88,405,977,739,269,142,949,325,810,789,161,62,326,11,886,479,516
222,294,323,14,405,28,949,668,245,751,813,810,378,971,92,447,502,492,269
680,16,91,752,23,794,813,576,772,222,783,482,907,40,113,384,291,66,303
487,77,62,839,142,165,976,191,960,269,184,648,16,813,821,937,171,324,424
10,775,749,196,882,718,282,977,250,252,627,813,326,16,909,808,524,548,516
564,691,374,756,622,16,442,362,142,62,222,751,889,204,579,548,165,79,926
458,291,908,168,636,392,634,480,144,142,175,909,326,623,864,447,165,779,534
124,101,549,369,269,605,703,468,875,385,687,62,777,947,785,405,323,666,906
493,938,108,889,492,820,62,305,131,445,212,813,33,501,289,269,100,837,966
889,83,568,326,875,968,654,482,357,813,821,323,871,62,603,837,847,222,858
291,505,919,931,879,968,62,146,232,515,949,321,91,34,641,134,142,269,405
948,142,739,684,853,688,628,165,17,480,701,681,732,62,682,792,466,136,973
628,178,26,323,142,646,466,62,865,853,326,482,957,375,190,581,312,977,445
702,767,269,62,668,390,79,118,456,671,142,738,56,332,61,445,603,329,692
142,535,643,23,197,648,942,581,937,62,162,765,756,907,799,565,98,114,630
615,738,560,756,204,494,829,139,910,62,16,257,952,979,810,88,514,14,782
602,323,810,482,572,628,492,672,79,957,713,222,142,756,118,838,432,241,676
746,983,480,889,142,56,785,564,528,534,108,144,909,76,853,482,405,19,963
326,713,375,810,222,306,672,142,881,581,118,451,695,45,135,668,615,838,438
416,746,600,26,91,16,881,251,480,142,146,813,170,269,789,147,323,482,321
40,326,108,76,611,348,445,79,639,82,821,142,783,296,440,756,143,875,238
645,167,853,757,300,165,191,452,62,333,326,904,724,639,789,390,124,983,269
295,886,386,291,341,480,533,323,142,810,144,270,918,56,697,912,62,836,544
142,482,472,62,16,329,461,24,269,618,701,245,240,477,662,638,409,29,550
146,62,659,853,222,756,132,139,537,163,648,20,315,550,357,816,165,269,533
960,907,505,783,514,202,709,482,62,159,776,537,480,165,853,456,441,550,874
645,142,146,62,482,695,81,10,341,16,765,889,222,756,792,790,338,668,931
889,56,241,756,62,33,924,538,548,909,16,81,699,859,103,619,813,688,742
269,142,440,79,728,348,267,448,62,963,523,299,326,597,295,827,641,8,558
142,457,305,268,291,140,516,62,668,881,222,970,0,760,892,484,367,323,606
926,832,62,632,405,495,775,165,868,354,323,300,533,374,335,53,692,42,451
245,144,323,273,45,634,142,550,305,934,626,377,733,62,167,472,56,813,287
948,62,60,681,548,668,657,550,445,482,783,961,273,835,385,769,643,234,222
889,142,28,62,323,918,218,756,684,797,765,451,720,445,809,170,702,291,171
533,35,504,297,338,859,854,120,583,62,476,703,375,79,474,234,251,226,961
810,292,78,791,142,62,906,323,134,0,892,166,726,10,466,942,777,324,978
224,614,943,326,383,62,142,56,891,785,689,634,565,815,231,703,982,668,651
486,62,180,853,119,727,762,375,533,457,187,552,38,646,477,701,56,326,842
387,324,934,323,127,146,5,339,813,615,854,62,605,638,406,875,187,444,41
326,142,581,792,440,33,889,602,648,363,772,232,306,447,947,725,177,16,703
492,447,495,196,120,952,929,87,746,95,810,238,861,409,325,889,346,452,62
318,142,618,244,207,133,374,480,820,751,792,546,844,649,38,733,834,233,770
641,142,0,7,657,235,404,854,323,880,533,62,813,727,367,482,977,295,222
39,142,378,521,787,318,52,319,955,165,62,947,777,79,808,222,439,407,509
813,195,62,838,170,738,38,810,438,344,277,662,874,889,762,719,792,160,546
33,142,589,775,477,286,215,889,340,44,834,947,747,472,52,57,695,712,144
676,940,217,814,777,185,349,533,419,16,892,142,938,756,706,62,429,482,118
955,772,91,917,245,56,702,697,864,445,881,326,243,396,892,142,70,273,479
323,744,747,62,26,649,144,797,615,287,603,947,207,512,668,165,179,193,160
390,348,83,938,269,482,345,695,344,329,62,930,138,680,691,56,149,571,983
544,808,949,864,952,62,114,566,165,598,829,375,59,943,166,458,971,212,714
341,421,915,385,864,914,16,813,765,151,91,23,572,142,680,499,415,800,802
447,56,762,700,142,797,494,87,409,849,634,168,492,551,726,692,966,581,48
756,579,14,327,739,424,170,294,519,133,62,732,979,797,747,380,144,828,702
610,62,239,523,223,269,68,0,445,299,300,414,198,480,472,335,870,748,354
834,813,552,776,62,144,146,405,333,618,790,128,756,147,514,523,748,482,269
340,146,821,62,294,333,160,405,620,539,310,16,267,445,231,339,482,890,174
445,81,775,482,16,795,142,668,112,746,302,790,96,733,326,813,269,886,908
171,613,553,414,427,446,333,556,445,525,144,269,68,142,16,240,32,730,345
188,963,142,668,642,350,56,323,929,157,277,333,81,392,792,742,165,970,326
533,809,821,222,851,854,142,983,445,321,892,662,645,118,829,46,106,764,146
509,881,929,797,150,966,62,597,47,142,440,194,135,259,759,345,702,602,697
403,56,62,156,746,681,725,815,40,323,222,48,552,581,16,315,482,144,149
372,16,1,79,482,445,87,669,370,47,918,892,512,732,852,720,643,615,889
850,0,99,135,435,907,70,16,756,641,62,482,612,79,406,326,61,81,569
912,751,209,62,668,165,185,533,696,305,222,808,652,889,810,70,645,615,122
835,278,142,559,163,89,545,179,274,99,785,62,506,411,903,24,103,68,977
269,144,832,855,975,134,585,654,668,164,592,135,433,889,445,770,142,81,146
416,269,62,222,142,354,889,482,332,726,110,618,56,146,84,371,58,810,765
643,614,482,691,329,326,81,281,739,831,358,396,269,16,20,62,588,853,415
668,892,875,873,369,860,695,226,790,837,409,279,305,778,247,311,62,370,626
472,220,91,442,666,16,889,566,19,791,411,975,23,283,943,729,480,34,296
969,615,597,668,320,756,892,133,142,8,62,101,341,236,387,502,566,222,269
410,377,907,442,456,480,485,712,889,791,982,668,118,0,269,864,142,977,628
115,324,480,554,6,581,919,810,928,641,610,142,481,138,681,15,83,682,472
475,632,472,142,548,821,231,436,294,634,78,728,785,452,233,860,219,182,565
159,62,79,142,785,668,445,574,165,875,457,721,881,326,83,338,245,191,551
326,767,269,784,514,615,578,58,81,144,202,74,44,746,106,323,970,650,700
615,62,703,142,813,183,719,234,441,56,204,218,295,472,471,61,821,586,415
790,889,569,890,548,983,864,87,333,335,16,451,931,881,447,892,138,654,300
813,482,410,233,494,454,846,445,533,626,62,294,430,479,142,789,315,165,16
230,305,470,907,106,142,245,495,832,536,239,162,62,324,326,698,428,752,184
326,955,62,372,341,909,144,26,779,91,142,311,409,727,87,613,233,750,942
703,133,982,981,79,269,62,889,677,147,16,261,633,58,339,875,125,151,712
416,533,732,813,816,16,116,620,62,482,875,142,300,494,154,786,701,746,332
756,548,260,726,238,569,413,16,62,957,567,165,813,485,194,581,330,323,494
641,810,536,434,442,445,362,695,142,829,889,762,222,480,667,492,59,620,830
23,613,62,695,47,977,871,666,259,84,447,810,714,142,60,716,756,797,331
684,243,143,645,414,320,928,810,499,929,56,142,55,16,435,832,173,676,863
445,316,568,915,355,400,120,634,565,62,215,323,646,165,231,533,447,424,306
900,300,797,16,475,98,581,62,829,116,881,404,222,285,533,940,908,780,609
889,222,16,78,0,142,457,507,977,795,191,909,445,21,983,620,287,380,715
301,634,87,523,142,585,552,887,648,191,728,453,220,569,756,845,907,765,533
635,842,151,876,615,451,16,337,676,617,599,538,287,648,250,657,890,62,786
111,326,559,651,733,501,62,351,142,158,282,668,287,514,943,864,703,881,318
330,52,377,338,16,27,475,741,326,333,445,734,269,380,405,580,142,480,56
794,222,53,31,410,597,937,121,96,480,577,324,861,802,904,152,16,445,947
468,493,197,142,319,947,223,146,889,245,357,16,87,270,249,375,433,276,467
973,167,142,813,875,151,543,62,482,302,381,269,298,99,819,165,319,943,305
332,291,605,357,958,810,56,300,217,62,514,920,689,16,326,422,889,634,494
929,560,44,87,77,871,457,234,0,853,23,62,323,921,681,778,411,845,808
142,881,779,238,733,109,62,13,28,273,823,446,445,613,662,501,668,718,440
673,445,146,62,269,872,240,907,931,468,834,600,670,633,46,588,889,680,506
447,441,223,79,526,445,943,482,56,573,480,499,929,853,376,142,118,668,813
514,326,323,947,332,599,585,921,225,977,281,445,846,858,269,46,970,56,621
45,83,643,968,238,559,863,326,207,501,466,761,82,571,182,62,76,142,669
222,479,698,756,52,91,779,983,668,772,583,465,445,350,581,881,101,514,942
58,406,334,918,161,368,668,62,370,445,480,421,248,16,84,654,952,294,702
447,14,260,222,62,170,424,552,91,89,106,482,215,613,142,16,475,612,187
700,595,62,79,591,429,157,910,233,222,323,895,944,756,445,447,737,360,961
151,20,165,62,222,178,323,83,695,955,336,977,354,283,499,696,892,90,656
958,923,345,781,620,854,62,689,613,324,753,482,277,891,886,578,46,142,643
738,428,418,928,87,80,639,142,850,323,81,14,468,934,118,33,681,531,273
955,912,173,779,16,323,756,316,151,831,648,719,516,732,315,787,269,142,11
790,973,768,615,341,928,87,251,146,596,913,283,645,808,695,91,864,62,897
679,279,163,374,813,171,695,779,176,91,199,429,931,58,222,875,70,293,742
183,142,934,289,559,233,287,213,644,979,756,746,955,780,240,55,645,970,326
638,323,173,81,38,326,569,977,222,852,797,295,158,287,738,792,892,889,146
62,808,919,475,492,977,108,155,300,99,471,854,245,226,679,502,291,269,323
889,374,853,756,732,93,859,222,598,969,482,240,941,142,226,421,445,16,338
615,326,907,983,813,546,44,377,758,709,626,364,684,62,823,433,726,466,16
323,319,100,0,332,16,142,542,837,62,695,961,269,522,668,409,55,152,348
62,676,764,340,338,329,646,445,723,326,165,70,133,643,522,142,673,977,146
834,374,348,87,116,588,56,406,528,300,234,875,142,438,724,489,809,475,781
856,610,222,482,16,790,300,62,977,678,661,810,363,118,892,299,970,367,417
142,548,368,300,813,573,62,797,452,324,742,779,523,326,588,405,773,323,291
548,296,691,142,257,889,269,109,197,480,618,445,43,492,33,581,814,62,389
79,88,412,492,260,146,483,982,326,142,165,889,746,428,514,445,588,401,828
62,429,139,151,38,777,915,728,433,458,874,295,752,567,326,659,646,133,963
589,596,832,773,791,594,142,156,703,810,324,33,723,308,445,746,977,533,949
638,821,133,430,673,16,475,835,505,272,296,207,758,62,385,326,823,269,983
297,976,323,62,482,850,864,300,92,539,142,299,375,794,492,977,645,4,269
823,848,38,681,937,821,970,81,324,516,602,326,222,813,142,301,782,269,977
458,62,813,641,165,779,87,748,657,222,745,760,10,501,977,761,78,375,144
797,77,750,56,668,983,5,445,295,587,275,909,779,269,143,790,920,323,929
323,142,440,118,139,682,155,78,80,235,190,790,261,480,137,326,212,305,175
151,240,808,875,95,279,865,682,233,708,482,921,142,338,966,475,326,674,419
864,576,615,516,62,703,881,724,338,476,326,142,621,813,871,21,796,911,269
440,882,174,893,146,147,512,892,889,144,197,325,937,56,492,323,165,781,152
907,638,408,245,144,983,431,142,390,28,10,166,804,870,458,712,16,409,346
756,761,935,222,33,96,782,789,889,142,42,116,144,495,388,93,379,883,588
16,816,345,18,62,840,445,14,324,944,646,672,832,756,261,629,674,728,165
149,142,98,949,52,702,5,62,32,59,703,492,445,756,952,610,181,871,99
324,536,165,470,952,526,48,151,60,87,26,637,142,837,482,269,445,62,533
222,266,62,323,523,813,269,193,548,60,209,211,142,265,448,536,58,852,89
942,142,926,885,304,516,105,62,937,756,522,16,560,878,864,326,624,853,785
593,726,155,146,935,983,689,640,756,402,260,844,934,810,62,779,805,486,684
756,979,760,33,323,479,142,409,168,16,492,808,333,889,405,601,392,799,695
668,790,269,426,62,875,860,339,326,638,99,121,324,155,477,468,465,142,520
62,480,943,881,422,270,268,142,143,482,691,890,116,864,786,514,16,48,810
341,62,142,938,603,478,414,323,297,929,459,480,797,16,466,269,203,931,318
523,515,955,480,492,326,845,142,585,439,62,313,146,783,756,28,0,16,285
682,581,657,346,70,165,504,810,188,548,162,764,79,619,409,728,16,746,799
144,889,180,87,442,311,78,142,392,627,118,881,92,756,143,537,893,323,821
142,338,121,810,882,62,681,237,49,165,954,88,389,916,558,157,339,797,226
903,63,918,910,577,48,405,639,323,832,92,447,797,799,324,626,952,222,50
317,185,810,161,142,79,103,889,269,451,610,147,323,62,668,813,881,338,765
19,496,703,754,514,438,604,407,62,445,969,142,378,451,889,348,963,184,222
171,889,684,368,247,323,16,269,73,260,605,646,541,733,142,52,62,533,360
62,482,684,864,23,697,165,319,56,810,711,779,269,858,970,615,434,821,142
170,702,248,542,728,810,142,866,16,552,592,892,949,144,269,326,62,330,92
240,142,53,453,234,58,357,756,846,821,535,680,733,62,910,889,79,813,598
970,718,62,762,588,890,480,269,50,695,142,538,242,746,557,384,345,721,226
569,234,155,222,142,300,410,68,174,544,504,482,183,106,700,497,810,954,401
733,142,424,150,672,857,514,778,304,16,118,87,457,480,25,623,979,864,674
62,421,222,807,703,38,197,202,323,142,144,581,813,782,165,785,910,935,514
261,958,458,375,56,326,571,522,778,142,62,333,323,864,691,875,975,646,384
326,282,191,824,601,15,955,703,222,929,422,505,528,578,287,142,32,496,468
240,839,326,142,620,222,781,323,159,270,735,602,294,62,585,954,60,533,756
550,62,203,269,235,142,323,81,165,587,430,16,499,585,790,166,795,634,979
799,454,810,60,684,62,332,396,32,34,282,790,79,142,88,222,343,457,269
246,167,864,33,261,291,8,705,323,142,269,889,362,356,49,62,479,151,638
513,947,844,672,16,100,492,889,727,501,332,196,756,300,703,695,301,937,809
269,406,928,453,222,142,585,876,323,618,234,492,62,721,745,291,891,16,102
581,447,617,588,460,170,942,142,87,60,118,585,445,269,56,482,668,790,215
326,526,62,748,279,556,790,187,142,304,409,307,480,92,459,383,445,140,871
124,563,533,345,417,127,357,360,266,204,478,635,920,340,778,142,62,813,809
62,778,297,144,559,142,370,414,269,831,514,58,287,327,326,290,222,701,332
977,775,898,269,0,357,142,943,779,482,813,488,514,47,20,956,106,551,326
62,756,151,570,155,167,348,146,718,625,142,549,269,845,338,516,404,626,332
62,418,875,982,68,294,330,462,142,118,16,797,843,693,732,375,956,790,81
357,756,285,643,62,943,58,142,16,875,87,52,533,881,412,209,296,634,543
935,905,892,859,166,728,269,797,16,142,538,248,812,516,207,492,952,378,523
756,139,787,56,49,245,968,801,248,666,62,824,790,144,445,499,109,957,634
173,165,812,778,326,864,240,384,451,924,204,297,867,695,16,821,570,533,265
319,269,226,297,864,355,222,480,606,672,251,769,733,651,204,596,853,180,10
245,643,756,375,983,815,892,812,62,641,615,142,681,782,826,326,790,396,645
52,949,638,326,98,265,244,979,146,768,889,445,62,982,810,133,16,377,536
445,963,90,756,824,983,269,222,91,636,155,782,961,142,821,929,859,58,326
756,841,653,98,340,16,482,909,142,808,19,924,76,533,815,41,445,33,703
118,744,646,703,569,62,756,205,699,889,244,875,323,142,976,271,912,54,482
238,818,374,881,62,785,635,295,445,653,405,324,472,637,57,546,813,118,165
523,269,250,23,746,332,623,947,432,371,341,15,414,261,422,810,102,467,882
326,887,479,462,323,648,58,207,810,222,482,533,62,921,813,161,145,480,400
423,445,895,516,204,273,453,142,546,611,782,332,62,346,756,583,528,690,983
233,441,142,73,934,751,482,542,641,26,70,49,828,326,844,809,681,226,733
207,1,918,222,45,769,468,179,548,538,411,746,62,345,469,743,19,73,955
510,571,596,357,142,983,669,889,21,851,253,338,793,119,154,779,323,480,326
87,86,276,526,868,62,482,91,627,695,652,142,243,648,552,705,323,445,354
782,269,865,592,826,56,700,689,173,304,211,292,799,142,533,504,282,321,482
266,691,165,581,898,56,514,142,970,326,612,495,746,838,396,91,384,78,559
385,340,472,142,907,326,269,81,62,187,165,905,378,552,482,260,971,3,892
62,781,792,301,685,889,269,144,842,806,797,165,344,530,447,442,775,16,452
13,357,657,482,653,892,756,544,425,783,0,582,949,445,977,480,161,226,323
445,687,490,260,332,269,684,892,649,642,466,561,712,146,294,480,585,983,575
533,92,142,812,56,208,62,222,217,973,970,100,269,782,297,345,129,16,165
56,97,142,521,410,332,681,591,357,918,417,90,695,447,445,41,326,176,590
603,754,795,687,142,813,475,222,700,332,62,345,335,979,533,326,133,91,317
16,474,298,344,136,756,234,269,854,446,550,62,146,68,829,194,108,100,639
294,218,155,440,445,821,745,32,376,43,142,907,498,864,62,87,783,281,287
684,142,222,595,322,197,114,447,39,68,955,681,260,824,16,324,437,323,170
332,404,357,630,780,102,0,507,581,222,832,648,16,864,99,34,943,23,816
928,911,165,638,392,696,62,838,515,482,634,864,790,662,737,270,269,960,778
641,979,333,142,336,480,35,648,627,756,62,21,546,792,810,779,603,387,83
279,223,492,779,457,783,546,765,52,756,136,899,482,62,294,36,732,559,142
323,31,437,445,19,165,812,5,142,829,638,651,466,693,168,889,875,668,565
326,301,472,16,953,826,245,523,332,142,422,579,7,280,492,507,62,401,234
482,775,230,11,527,813,10,166,105,575,140,810,142,423,245,445,788,610,467
142,287,879,20,977,948,971,81,492,326,759,968,129,581,480,62,668,588,76
287,955,467,413,142,560,62,810,372,482,296,409,548,194,170,498,269,400,979
392,480,818,245,482,613,71,452,269,41,875,210,552,907,892,158,952,929,142
56,293,577,84,812,142,674,368,889,713,612,151,592,581,81,943,62,886,29
638,838,384,970,538,62,952,25,798,367,248,428,16,756,480,609,142,127,407
780,791,975,571,354,542,99,62,716,337,823,300,765,232,16,947,315,839,142
785,799,190,174,250,579,433,272,154,810,257,142,756,324,872,909,982,468,937
393,779,144,495,650,255,127,864,457,480,821,598,445,142,451,492,751,750,367
142,883,700,697,61,853,269,217,634,42,552,392,684,585,538,118,324,901,792
707,682,959,33,744,406,947,151,864,860,18,791,25,62,165,257,255,87,340
668,764,857,813,143,746,46,275,34,217,142,921,938,558,693,952,674,458,269
550,779,810,911,834,910,480,56,860,729,748,485,754,445,62,189,142,412,702
142,615,910,269,821,716,467,616,602,16,409,492,326,928,146,3,161,274,881
540,692,930,956,142,957,62,742,937,516,89,550,691,289,412,779,324,900,633
165,668,144,62,703,649,342,330,295,891,628,10,315,404,790,142,441,838,444
292,779,705,369,414,222,676,302,628,680,338,482,269,467,105,790,634,889,724
918,404,409,353,326,621,968,309,323,813,712,294,546,859,764,142,509,892,306
756,52,242,505,583,166,569,165,281,133,235,44,327,62,345,952,333,179,783
142,277,345,809,684,309,222,638,473,645,144,310,838,633,405,814,537,977,746
886,668,480,808,937,514,62,744,662,860,949,889,322,643,575,821,969,44,329
291,875,645,88,872,889,82,166,810,903,918,892,163,943,695,793,29,466,165
16,222,419,593,620,291,889,645,74,548,376,20,562,583,98,323,93,668,410
681,387,412,62,79,294,296,638,612,305,521,931,516,378,569,899,241,955,653
445,701,478,296,369,30,16,507,405,326,563,130,453,810,641,766,720,298,786
198,668,81,646,889,744,834,970,21,421,875,142,810,439,523,379,62,134,351
960,45,16,475,548,222,165,71,875,294,451,618,74,321,810,881,453,821,62
269,931,977,223,467,821,889,752,838,753,859,440,453,16,898,194,295,142,348
269,326,729,790,585,501,752,251,165,0,319,106,88,544,897,391,20,829,202
912,142,983,481,144,784,905,407,625,871,62,131,957,742,68,111,756,467,21
157,467,16,279,62,550,943,142,303,830,445,515,821,173,340,68,269,151,577
541,331,876,60,62,482,781,226,277,628,649,85,142,298,326,35,250,248,634
748,258,445,56,570,534,573,142,929,146,689,340,768,332,283,797,403,323,712
746,976,681,891,568,348,703,100,829,979,445,628,144,323,621,674,838,165,62
684,747,0,142,475,533,889,222,519,393,599,615,146,306,548,892,61,445,16
756,657,190,864,52,821,225,785,810,593,666,392,222,515,354,579,480,486,166
142,779,790,819,533,121,323,732,745,171,174,581,467,335,438,747,378,480,741
646,704,810,33,142,765,837,519,547,46,482,340,24,51,458,133,502,523,146
246,695,700,813,897,16,756,718,53,196,809,326,578,10,703,269,983,146,555
781,222,323,475,977,926,445,62,487,802,7,326,16,733,695,344,629,535,127
51,728,960,16,165,889,452,759,404,299,628,53,158,155,233,376,792,424,315
568,682,445,526,669,597,142,62,813,151,546,876,410,602,467,338,626,983,326
329,602,92,83,16,740,134,703,357,668,595,950,722,523,889,480,695,142,533
349,260,756,491,387,810,222,728,120,548,142,782,546,62,421,323,56,151,890
910,533,810,62,231,808,756,612,142,821,920,950,162,403,21,665,651,588,376
79,62,552,170,445,142,87,296,643,571,133,204,894,326,567,728,668,165,480
960,936,474,585,65,950,326,560,44,224,16,297,813,662,856,425,269,303,548
618,548,345,235,668,568,792,58,959,79,23,645,0,142,814,955,703,240,684
669,638,299,62,222,276,680,106,697,810,323,81,480,543,396,658,756,445,977
169,486,976,109,87,146,606,265,627,234,533,482,829,871,571,950,142,523,326
810,827,756,958,813,641,62,838,261,167,552,146,66,440,194,367,480,222,445
881,142,785,280,844,326,62,0,889,768,952,271,299,16,858,654,56,458,871
144,87,805,702,165,62,465,480,16,666,600,512,779,261,486,0,558,439,217
114,581,634,146,100,810,0,142,558,152,62,263,56,475,414,61,668,240,16
99,865,786,62,953,788,40,695,248,926,142,552,875,480,570,269,576,232,291
409,440,889,323,62,952,260,478,814,639,784,204,753,44,197,955,595,324,533
14,784,410,804,254,56,751,269,69,142,636,58,341,62,480,626,442,165,302
538,112,728,291,142,165,875,446,514,58,889,810,838,416,668,220,269,742,791
165,357,748,144,142,387,345,950,501,889,641,756,14,468,921,539,56,25,983
339,909,533,979,596,482,639,548,807,772,648,634,312,531,982,16,390,457,204
819,756,344,161,377,854,111,606,892,375,326,83,889,612,439,295,521,155,79
378,864,165,317,548,889,652,142,798,402,144,407,323,260,129,482,211,691,728
245,62,622,155,289,477,820,58,447,279,882,269,440,792,626,326,649,952,746
10,497,174,821,775,144,302,222,838,380,296,703,810,645,324,929,15,696,16
10,300,158,681,70,144,756,87,16,62,298,260,567,924,858,779,142,330,790
983,269,323,445,326,876,827,87,56,178,955,877,62,482,879,952,141,569,956
445,482,860,326,668,702,144,291,447,548,340,746,411,16,276,899,795,943,756
142,302,626,165,474,737,892,437,704,294,853,267,458,326,62,16,298,492,269
326,795,956,581,482,323,539,645,399,879,979,424,57,514,203,353,354,951,56
792,849,559,480,478,62,36,898,577,983,881,89,56,809,791,790,248,10,706
378,829,533,300,383,445,786,249,62,474,166,706,131,16,617,403,364,179,515
941,240,323,16,457,649,682,983,881,267,512,899,375,68,854,536,571,62,605
142,634,33,268,872,724,892,120,653,25,370,402,38,658,326,800,68,447,943
543,881,931,615,7,129,635,142,889,326,323,360,956,714,385,118,257,185,61
62,650,373,142,445,262,853,657,585,323,51,756,324,16,230,159,848,569,28
209,110,875,165,142,62,50,222,707,782,935,502,517,898,533,482,618,118,640
779,300,889,756,62,645,646,653,881,165,685,142,904,921,739,180,913,568,16
648,326,763,323,72,321,142,61,660,324,499,445,155,482,144,465,975,188,412
728,56,294,142,492,269,226,170,559,376,118,645,16,62,300,480,165,341,324
447,252,323,779,62,808,612,15,458,930,194,596,445,213,585,814,416,952,480
837,385,135,81,526,875,533,194,269,155,813,821,642,142,748,879,79,353,445
324,56,801,797,38,123,810,682,912,205,318,457,445,838,222,62,424,234,142
813,142,682,482,875,808,385,526,182,62,628,178,222,588,0,908,512,719,291
581,142,165,318,814,871,376,813,550,62,196,287,541,270,558,326,889,912,695
813,62,837,189,421,409,790,222,889,155,82,142,346,252,100,482,335,983,870
62,197,559,803,380,495,339,641,912,681,120,643,892,33,142,810,813,409,779
326,829,207,482,492,440,970,62,810,472,392,470,142,908,16,875,797,293,248
8,62,533,16,744,480,142,465,341,967,785,300,445,440,47,83,756,864,353
314,16,538,62,191,142,392,223,151,885,95,795,278,983,480,706,537,675,938
613,62,3,16,935,889,297,379,79,451,378,340,724,233,833,905,657,780,98
167,416,821,142,16,511,222,515,412,269,458,62,87,568,392,338,736,960,56
836,269,62,92,163,892,342,602,52,457,875,194,326,881,142,16,589,942,380
151,135,523,105,935,340,958,737,892,899,26,794,62,16,602,548,45,813,878
627,942,62,218,413,340,712,149,142,300,457,409,259,323,326,794,728,513,801
756,142,0,56,165,239,194,684,109,245,759,62,222,727,451,804,929,120,445
834,570,889,886,405,821,813,323,482,472,879,943,979,634,810,291,746,585,326
68,323,883,841,419,751,819,326,0,354,142,756,889,790,340,373,695,620,72
323,437,636,62,142,920,482,864,166,816,457,480,795,654,324,550,348,170,354
559,87,440,222,375,866,62,892,806,790,269,237,132,699,606,142,55,581,620
46,453,378,142,821,756,824,205,516,104,648,732,447,84,889,618,533,16,245
62,45,377,16,270,557,55,792,858,269,119,813,10,348,335,875,142,870,756
813,568,552,977,323,588,142,472,719,55,821,354,25,445,728,300,636,102,724
207,20,628,99,326,638,618,365,482,889,234,795,588,500,892,895,634,979,142
824,452,487,742,207,289,269,445,302,261,911,294,38,142,559,813,70,748,552
269,768,445,954,876,779,390,846,672,304,406,326,207,236,271,643,21,573,56
695,968,81,56,170,790,289,482,222,570,153,535,142,881,32,480,668,317,804
269,618,87,323,813,557,6,296,346,165,746,983,615,444,482,804,810,264,533
62,692,137,627,977,68,396,142,673,889,748,94,790,475,269,482,672,890,572
68,45,790,482,412,523,492,536,170,687,864,153,222,789,66,339,977,267,184
701,165,62,738,73,684,438,18,324,858,142,626,889,405,151,884,72,777,99
66,270,977,579,62,104,376,10,223,728,615,302,479,269,345,928,921,657,58
835,376,635,781,269,91,821,45,871,274,695,142,323,62,883,249,791,445,172
765,782,326,652,158,983,810,482,816,241,668,593,700,390,379,358,412,907,714
386,620,451,38,696,323,816,972,58,662,915,345,294,409,485,384,624,445,62
442,130,795,23,142,161,19,440,326,78,789,482,889,297,779,181,904,638,141
142,628,494,326,660,272,695,62,183,892,633,668,209,329,440,779,375,482,583
926,754,496,615,885,969,650,389,201,207,890,428,480,921,814,977,16,845,889
146,245,858,142,164,248,892,63,62,756,269,668,45,970,103,323,979,168,43
756,363,323,790,810,950,586,269,695,161,871,445,327,342,106,743,943,300,791
728,179,392,98,676,892,87,612,592,306,230,765,374,716,375,526,329,62,378
746,482,142,486,440,232,323,921,16,781,294,648,408,480,260,810,568,756,695
11,759,938,32,315,166,56,340,889,142,165,926,695,643,954,641,269,279,26
62,809,363,195,179,230,248,0,445,813,269,881,533,165,909,447,142,808,345
757,112,326,582,956,632,166,701,146,977,218,323,952,450,62,318,550,77,756
482,930,69,62,418,681,414,295,892,515,77,646,240,642,983,568,332,984,253
947,339,87,445,33,117,909,521,813,808,390,457,612,190,222,468,323,326,842
781,287,81,323,150,261,354,931,326,56,142,38,943,597,445,529,618,106,670
154,684,326,16,62,871,273,222,298,294,144,159,747,412,509,647,879,521,847
436,480,146,975,236,864,813,761,571,783,797,546,329,290,222,645,898,142,700
413,482,142,825,50,552,655,966,445,44,326,56,57,790,622,7,323,269,32
166,470,323,533,687,185,756,746,876,646,979,326,405,20,62,82,926,620,688
447,326,62,975,728,388,634,100,703,552,250,738,756,86,16,106,450,920,850
142,514,482,910,566,259,814,241,144,756,457,326,260,895,813,581,62,591,392
976,782,369,672,582,956,475,392,940,218,256,926,222,644,728,889,864,99,810
175,151,581,537,62,377,701,402,261,265,744,592,681,963,92,695,410,639,478
223,947,666,333,756,846,62,630,789,16,269,142,66,797,323,221,340,625,885
474,751,62,181,187,966,142,694,703,326,211,558,287,284,453,602,756,541,165
813,655,674,475,62,16,588,779,323,949,375,4,326,482,205,135,23,579,632
416,958,515,633,0,380,608,329,16,828,756,248,809,966,783,803,744,881,312
919,142,889,173,482,790,146,209,657,559,179,147,63,475,440,245,957,620,302
8,482,947,62,352,422,326,56,193,428,699,788,681,722,472,191,799,466,977
836,783,251,222,952,581,76,140,436,631,570,213,14,269,256,57,375,668,756
652,642,382,875,768,251,142,779,411,68,810,447,378,222,479,668,164,941,819
790,581,345,728,142,326,447,332,62,865,76,638,373,480,902,889,596,28,955
547,526,689,668,727,238,323,241,596,422,797,146,782,152,645,56,495,326,44
446,16,662,816,326,161,800,585,149,645,881,786,517,705,142,482,730,813,646
457,838,565,410,326,62,977,300,241,16,336,142,269,217,353,69,281,409,179
889,875,508,283,922,345,323,447,442,379,643,326,864,16,166,762,375,129,813
787,142,419,354,146,959,27,837,308,0,782,612,572,963,684,470,895,756,222
315,143,475,311,225,142,410,216,136,269,974,825,889,294,552,789,495,343,296
789,56,648,486,536,625,171,39,135,295,146,81,585,730,62,154,469,533,181
146,269,480,521,62,947,261,756,451,654,74,501,597,142,222,120,492,326,685
744,142,672,777,445,255,341,891,658,154,340,62,199,297,790,942,799,365,146
287,748,292,756,482,164,146,222,326,155,62,492,983,760,874,293,0,369,71
62,222,10,533,346,875,427,892,711,795,142,163,929,155,457,114,845,628,16
203,695,62,781,721,930,931,142,809,155,276,514,60,10,538,983,550,439,79
791,19,940,180,165,646,947,323,728,859,943,411,133,643,288,305,559,468,39
62,105,269,174,584,84,706,159,142,959,926,727,756,158,323,790,613,605,882
62,441,599,447,89,826,207,81,977,452,48,269,618,724,824,445,779,222,747
213,62,889,59,484,838,845,155,142,680,299,165,100,323,99,300,906,438,767
16,0,596,326,523,820,64,62,839,186,269,810,294,445,169,579,166,595,909
864,295,335,0,914,797,523,144,340,142,681,326,668,850,44,257,482,165,895
300,382,632,858,907,466,660,782,649,813,16,155,141,569,810,433,909,150,8
367,480,326,458,875,649,271,87,813,409,668,165,632,89,790,84,26,478,142
961,756,481,643,176,302,454,142,62,948,684,269,233,788,767,78,472,682,521
54,656,441,91,62,669,832,375,731,269,577,77,790,142,111,914,585,16,687
825,926,872,771,170,283,756,779,62,753,947,374,892,142,723,864,618,626,544
333,447,223,756,907,33,62,509,142,289,440,552,324,730,237,100,445,957,668
983,52,146,434,951,87,315,785,15,33,332,326,652,142,753,62,491,649,507
977,59,326,695,145,879,491,62,218,56,142,275,821,375,748,628,165,409,223
703,16,287,578,269,889,270,87,207,890,466,142,248,779,756,572,445,261,299
165,142,32,509,703,595,712,585,326,445,858,482,513,138,615,475,79,315,501
340,892,726,821,144,457,62,389,142,755,286,625,959,385,465,834,748,269,515
365,590,243,323,942,533,79,499,743,94,106,636,142,472,858,315,16,241,954
269,344,16,238,142,282,392,194,955,17,317,892,874,224,627,616,327,447,207
739,915,452,305,370,647,514,708,44,8,79,684,875,409,445,475,142,533,675
523,447,699,612,142,424,256,810,700,721,497,890,268,163,312,165,648,62,929
803,918,409,167,663,16,326,241,694,89,790,983,984,165,657,810,606,62,900
712,495,780,16,62,78,643,106,329,445,514,142,947,810,638,174,596,612,943
315,295,62,539,924,603,146,79,957,970,379,348,142,19,6,414,264,326,131
695,142,165,410,771,222,62,919,326,979,816,240,98,235,338,295,708,331,667
505,142,634,44,323,772,468,646,881,810,209,207,348,769,689,817,127,907,602
62,810,931,45,569,889,805,323,567,614,455,645,526,829,9,695,99,353,114
810,533,592,142,76,96,756,165,977,820,106,480,302,960,62,323,345,503,375
772,533,410,337,723,222,934,79,921,639,371,62,166,245,815,182,653,618,482
695,570,947,142,385,62,747,409,961,17,474,275,324,930,243,150,900,192,378
878,143,400,703,165,746,466,68,354,765,16,62,961,695,650,79,876,326,610
124,169,142,792,756,230,703,341,222,730,410,62,849,553,84,602,458,982,515
889,277,329,921,16,75,8,189,309,765,179,668,963,374,324,605,909,794,409
326,142,219,569,333,645,649,269,947,38,567,955,282,559,756,393,260,761,952
370,409,142,851,146,732,84,447,140,16,797,323,462,854,982,151,952,326,222
269,482,781,649,56,345,474,385,522,977,81,326,302,854,628,668,423,165,853
461,142,752,480,278,0,62,638,286,207,756,943,949,889,797,810,179,182,821
90,142,970,454,325,703,485,79,804,146,645,409,227,375,62,231,87,918,952
142,648,816,829,779,810,753,841,960,165,924,120,566,500,482,56,821,323,508
60,106,953,222,813,480,99,949,624,337,889,445,841,970,151,326,537,197,142
323,771,282,819,581,894,142,269,143,862,488,261,733,16,249,367,639,927,101
335,35,831,689,256,151,885,551,772,165,602,60,681,748,445,392,168,144,222
82,250,151,209,833,406,837,935,386,662,447,618,318,827,810,92,926,984,651
62,709,983,218,809,329,602,428,409,779,813,733,287,742,56,108,624,142,89
889,921,51,559,458,70,865,566,838,603,165,445,911,100,668,467,692,326,980
596,142,319,99,33,799,947,975,484,51,955,581,186,668,124,18,214,860,480
852,783,733,142,705,282,920,157,393,889,571,780,260,323,875,682,792,161,56
62,59,732,790,899,135,278,889,56,79,124,165,954,326,944,634,41,83,134
106,846,468,648,813,21,16,143,889,261,62,79,809,894,41,353,142,165,582
20,695,861,96,62,480,533,790,925,783,146,703,32,294,269,160,514,587,636
499,699,270,169,280,269,62,962,140,634,482,649,377,747,467,840,646,147,451
836,285,797,581,323,838,142,889,222,389,252,269,276,189,62,808,156,756,240
564,445,315,977,499,323,326,156,339,142,250,269,143,56,756,813,610,62,290
358,269,934,134,533,565,962,539,756,482,790,520,291,0,568,582,144,196,297
472,290,816,779,151,756,120,296,905,613,329,983,875,222,565,621,482,681,706
445,497,963,222,19,938,62,339,813,56,260,235,971,514,482,144,63,91,16
62,792,374,970,787,155,195,438,204,104,142,791,11,920,49,779,983,222,94
548,300,408,432,155,756,142,797,447,482,407,269,687,236,479,480,775,14,240
684,562,335,91,142,482,845,16,850,896,144,177,445,13,326,895,603,294,299
269,668,478,638,833,977,821,636,695,323,142,62,156,769,889,174,308,916,84
845,16,746,581,222,62,709,480,323,445,92,649,889,865,142,319,628,501,911
494,142,323,144,269,326,204,915,810,376,378,354,446,480,633,222,552,470,345
323,482,62,340,695,222,453,786,16,983,728,712,596,960,871,974,247,910,14
142,625,826,323,552,526,695,21,398,54,265,854,977,14,92,496,16,151,445
695,533,16,62,728,326,142,96,571,222,289,269,167,369,140,761,99,84,285
473,676,889,160,771,680,919,695,705,142,62,943,955,571,91,457,118,151,797
62,142,977,297,322,234,756,452,430,326,447,146,626,884,294,779,375,287,667
416,733,440,726,170,146,548,392,889,338,533,87,640,142,909,62,952,298,971
813,854,457,142,447,635,357,889,756,695,222,684,806,62,201,16,340,250,805
480,810,978,10,47,62,64,222,649,241,99,269,895,125,231,58,975,952,260
797,818,585,391,154,868,819,329,921,62,765,445,21,43,269,548,313,705,191
639,79,475,16,62,27,605,142,373,372,208,810,348,234,756,462,76,650,905
332,60,612,326,146,579,810,323,142,634,287,892,10,305,56,414,782,307,756
468,479,892,16,142,557,445,62,0,287,52,50,103,487,396,84,480,728,151
767,142,215,132,263,571,438,865,390,684,480,323,907,889,564,324,84,62,535
142,165,348,399,132,772,40,871,62,784,813,695,222,975,921,567,56,756,231
615,32,813,756,918,645,634,633,434,110,874,45,166,769,653,482,559,62,58
62,668,710,977,323,703,121,786,256,615,146,808,142,464,458,357,207,495,190
879,915,245,324,323,620,541,141,311,62,142,977,810,16,56,165,567,287,155
142,204,552,813,10,700,756,637,340,514,165,790,266,62,654,810,881,646,295
269,79,323,406,797,151,439,219,432,105,620,779,464,937,971,62,50,142,326
892,269,323,268,651,77,746,48,11,533,302,941,480,773,83,326,235,797,889
445,392,161,826,779,287,649,233,667,155,700,323,62,345,696,849,466,142,499
269,546,442,868,340,976,961,422,16,78,77,323,223,967,867,943,92,482,294
898,460,756,738,266,695,775,681,689,142,913,967,790,162,120,498,326,297,810
282,240,947,248,222,190,813,118,144,62,211,596,842,832,410,782,445,14,620
645,792,822,268,687,447,272,653,604,482,768,592,62,814,142,741,952,257,981
371,79,360,142,345,947,70,424,62,299,44,975,392,821,514,302,813,596,90
240,335,967,927,480,447,598,844,142,647,821,155,871,567,784,955,907,375,711
695,810,889,142,62,772,854,324,250,827,88,177,61,222,99,636,35,447,859
452,256,326,51,565,141,16,142,62,445,483,756,764,78,840,158,959,931,222
144,151,16,958,170,408,813,375,354,323,821,406,462,599,524,62,142,499,705
434,291,348,480,214,467,738,697,837,132,485,649,81,127,524,269,142,165,62
116,405,859,16,706,676,326,44,277,269,62,834,739,643,146,909,612,609,409
142,907,767,863,337,375,918,910,62,222,500,610,287,835,409,189,548,385,511
619,38,384,875,456,834,895,764,790,151,142,765,930,16,783,889,892,810,445
161,865,317,482,118,602,962,135,653,585,445,581,462,953,648,810,79,819,6
323,723,296,573,326,142,648,779,853,62,889,16,668,203,581,295,89,362,669
166,978,445,733,700,779,231,457,27,756,256,662,62,874,167,273,269,979,818
809,638,525,926,738,821,13,203,929,313,62,704,310,797,243,670,889,142,323
105,267,123,248,730,296,954,251,480,478,62,643,595,746,142,495,294,880,977
62,810,203,142,398,733,260,967,323,60,79,573,568,157,899,564,813,543,369
62,733,445,597,943,142,37,87,55,294,810,0,767,515,482,414,186,875,924
323,326,695,660,585,430,234,889,636,364,133,357,142,310,918,91,581,106,724
79,401,62,640,733,142,366,34,300,299,821,513,71,819,703,144,16,531,779
459,127,323,810,445,91,312,16,142,838,280,919,559,843,324,514,306,26,181
194,241,546,813,470,414,669,730,819,458,240,663,375,142,326,0,472,755,445
124,323,841,92,935,62,889,222,142,10,643,808,675,641,649,125,810,135,236
892,62,151,142,207,141,29,782,326,854,484,50,445,821,441,838,261,338,546
62,142,889,493,662,445,482,475,179,542,892,222,16,316,155,905,326,767,118
681,670,326,691,537,159,62,976,686,474,808,374,142,692,956,216,816,287,712
480,92,728,889,4,299,629,950,626,493,605,581,502,142,409,963,81,546,689
218,445,16,300,550,326,62,144,480,371,921,588,198,142,661,526,979,875,929
331,62,702,441,587,804,516,569,695,979,929,209,160,282,590,889,375,323,654
326,421,963,62,16,668,142,226,88,81,921,187,582,315,634,977,859,889,839
50,187,821,218,792,326,19,983,76,142,765,222,239,668,406,756,410,4,26
326,781,260,20,142,155,222,706,62,668,392,666,71,438,744,783,414,775,710
451,643,627,121,144,142,62,786,864,89,326,514,744,628,558,409,295,548,926
832,144,533,681,16,447,609,864,881,131,133,456,106,675,89,649,42,56,648
723,38,482,669,222,813,776,62,514,183,445,779,952,335,91,965,184,844,165
673,447,99,93,482,270,698,304,864,937,695,62,57,797,182,952,384,332,954
165,14,142,329,789,439,340,56,681,80,326,114,475,378,703,295,438,533,62
323,447,846,130,830,142,62,775,57,731,769,178,638,764,99,734,24,16,87
77,482,23,620,142,676,810,222,569,296,756,779,844,463,430,871,792,294,619
746,212,142,157,638,245,165,482,447,809,529,114,62,269,798,326,333,446,823
762,189,16,820,284,56,889,65,340,326,781,323,142,813,513,319,810,655,466
703,889,223,448,16,918,915,211,269,92,159,698,810,165,969,756,328,879,87
40,91,233,747,142,507,242,134,889,638,581,789,952,652,453,441,710,746,323
137,974,637,222,269,907,947,645,869,44,0,482,457,849,480,559,247,486,440
240,345,695,16,404,269,703,15,445,62,892,142,977,289,296,399,358,551,606
892,142,52,287,62,405,789,889,457,689,533,983,182,384,756,478,21,681,326
62,142,438,970,634,892,746,222,26,748,207,269,298,300,409,176,375,93,708
505,35,695,748,779,697,155,746,16,0,222,849,892,395,939,207,973,756,62
222,452,346,290,684,83,875,155,146,62,835,16,663,478,482,706,142,756,838
333,829,291,151,820,681,87,882,142,709,871,295,89,821,480,474,235,416,231
748,903,0,889,250,756,921,957,88,797,87,955,779,142,482,929,197,874,816
23,81,695,909,445,943,482,691,209,68,743,269,557,144,79,188,62,523,375
813,323,845,146,867,983,657,977,142,326,752,648,50,950,174,467,43,289,269
326,739,144,222,142,187,62,618,615,225,79,91,330,52,959,927,662,605,450
62,142,475,571,889,792,81,561,77,810,699,343,779,174,840,16,491,580,222
311,48,451,287,447,963,245,557,480,521,325,605,668,638,943,62,515,889,475
508,484,892,268,142,424,26,118,790,135,798,646,269,23,378,326,810,533,824
744,142,269,297,182,167,295,864,695,222,16,522,132,879,95,977,510,124,648
411,142,323,926,120,523,579,62,229,83,533,99,556,790,359,56,165,480,668
285,472,581,178,155,384,166,62,482,785,146,944,375,691,821,956,189,287,695
854,889,810,174,695,977,118,142,573,375,165,944,756,164,726,62,244,623,180
142,160,645,514,379,599,533,326,245,704,859,23,73,779,269,97,451,482,1
424,571,198,62,783,26,354,813,639,374,56,142,900,475,282,295,77,16,426
164,323,662,871,779,235,62,560,375,133,785,783,416,445,409,179,703,27,581
754,305,269,598,703,385,756,146,447,457,716,668,865,951,372,151,62,184,97
744,269,64,977,156,641,741,142,328,165,889,730,123,792,823,682,231,907,605
323,257,326,918,536,287,929,255,695,155,103,860,142,222,59,165,748,56,16
105,889,504,457,703,580,323,164,326,492,142,551,664,406,668,103,689,525,143
857,222,269,813,410,756,138,840,480,189,16,552,0,220,892,909,62,841,146
279,483,297,967,16,120,733,142,222,684,269,42,385,91,615,523,160,693,121
935,583,142,864,14,634,144,62,533,756,269,8,885,947,248,480,927,606,10
300,486,332,62,691,934,44,378,83,636,26,357,73,567,742,106,389,813,726
16,889,323,95,410,295,159,56,87,703,744,730,709,186,188,840,96,970,957
197,23,151,565,46,884,889,269,248,967,875,779,142,559,62,786,597,241,533
62,428,20,203,508,16,364,552,781,889,165,142,813,810,779,809,190,480,618
56,142,222,176,755,881,546,695,81,907,422,356,62,78,752,846,880,797,326
809,736,969,119,472,269,155,567,144,147,725,638,910,19,62,764,290,820,375
370,533,142,969,708,592,273,821,39,668,92,566,903,62,16,949,365,416,723
810,62,668,326,779,482,164,344,227,261,512,256,269,16,207,132,687,102,610
700,445,326,62,492,355,781,142,634,575,636,283,38,718,921,356,585,33,738
326,142,149,756,61,890,379,111,62,16,87,813,983,760,837,156,451,514,338
142,650,44,734,215,151,482,612,533,764,468,62,323,326,772,335,695,480,339
589,125,569,415,165,62,813,514,142,728,800,834,151,977,273,120,33,970,281
226,810,891,430,786,142,983,515,62,339,564,238,889,733,864,908,746,648,819
699,733,79,295,777,66,796,666,62,338,863,603,291,702,645,626,0,445,16
570,65,565,710,470,374,142,943,703,812,232,756,62,488,445,323,793,514,119
914,465,682,699,53,982,33,62,323,658,146,326,738,412,142,213,955,100,579
38,885,142,813,165,785,889,295,405,482,881,209,118,630,245,438,64,283,695
142,424,405,808,323,492,813,329,738,485,786,565,817,165,982,793,149,354,668
523,421,756,293,308,142,912,684,70,915,757,512,235,222,109,738,585,146,300
323,53,146,118,142,775,898,395,818,445,423,566,586,49,665,117,269,929,91
289,495,491,52,790,142,801,229,477,62,765,340,538,195,617,165,326,385,480
829,142,732,62,928,445,144,762,574,442,59,248,790,280,746,186,728,781,648
311,618,790,215,62,646,144,806,433,146,295,673,14,257,45,684,943,738,23
810,222,799,392,783,946,16,440,77,332,490,118,650,516,952,231,43,62,420
627,678,509,142,62,217,28,482,19,515,810,164,889,796,950,83,402,190,816
528,514,142,133,16,429,820,854,695,668,62,248,863,409,612,1,226,33,222
278,418,160,552,62,142,644,659,108,68,756,157,482,701,240,892,348,819,191
245,756,16,410,480,695,15,89,568,62,142,445,655,296,979,810,81,387,315
699,875,38,759,756,776,92,54,569,381,109,62,480,628,482,295,933,326,573
638,404,898,311,912,268,279,480,728,612,191,223,250,142,921,389,88,168,17
813,376,698,348,165,26,898,571,193,498,546,909,613,695,526,16,62,374,160
788,776,810,835,695,453,813,141,123,146,943,627,430,783,419,62,142,808,559
62,142,783,81,336,18,294,645,323,597,354,947,330,166,810,889,805,16,79
445,182,142,765,892,197,957,0,475,14,286,323,267,546,347,441,804,118,970
297,756,813,445,348,340,773,801,934,62,979,762,182,658,480,645,743,546,16
746,864,39,269,508,265,142,21,650,433,475,461,114,16,127,414,779,363,326
300,163,326,106,526,445,794,222,865,473,894,323,70,726,480,646,165,62,368
127,785,779,560,756,245,14,205,943,558,710,477,87,151,765,348,492,62,963
779,913,684,16,374,496,821,298,635,743,216,638,907,142,326,305,62,146,182
436,813,889,139,142,440,323,188,516,831,353,618,78,300,16,81,79,26,282
62,970,691,482,827,337,738,78,628,323,0,977,850,783,269,326,445,784,142
222,867,393,797,924,854,618,720,552,62,269,482,341,295,245,938,81,299,810
863,887,513,16,495,142,306,173,345,776,729,165,475,775,62,56,960,323,668
775,93,533,142,809,821,241,899,535,400,754,278,413,146,595,452,340,105,668
724,952,480,2,16,250,56,134,475,55,912,79,889,556,485,687,111,62,929
62,56,628,14,269,606,335,142,406,280,323,218,478,650,738,53,475,234,241
482,56,533,142,954,33,269,105,756,613,325,529,819,170,598,790,121,975,180
472,318,918,881,62,269,137,363,32,165,521,351,161,142,257,102,771,16,46
453,403,391,165,278,142,289,533,821,743,703,649,672,756,838,211,892,826,507
790,606,16,699,445,115,779,142,678,375,330,367,197,865,289,786,482,45,764
854,410,45,315,747,369,16,23,885,889,648,447,396,62,264,939,242,388,50
854,62,269,224,222,142,969,664,820,889,798,756,827,91,660,559,744,405,751
215,333,977,881,269,105,628,63,480,969,775,472,482,62,650,307,48,26,864
533,127,466,675,756,135,725,142,472,165,222,792,16,400,100,453,810,636,482
482,918,64,676,447,165,445,908,26,295,144,404,20,889,50,808,869,205,649
599,438,905,279,31,907,970,756,331,147,52,323,566,977,668,810,848,416,587
754,422,960,472,955,531,91,872,640,598,11,56,98,385,190,810,243,62,341
535,374,302,142,209,326,682,10,445,87,668,401,585,431,979,725,794,747,938
780,325,781,773,62,900,717,482,140,222,102,726,864,146,269,79,838,16,960
875,646,556,165,879,324,142,16,23,835,271,952,326,379,627,786,241,979,542
885,364,142,409,417,180,170,16,810,709,476,854,84,689,701,588,926,918,62
142,609,516,222,174,466,270,844,118,378,845,552,300,374,643,765,29,81,943
170,43,165,482,875,585,911,625,142,47,157,642,218,833,377,680,222,269,569
857,0,45,632,482,491,439,106,323,446,924,913,300,317,351,91,726,596,583
983,526,737,335,121,644,652,606,330,890,378,624,79,218,868,702,668,813,467
222,576,637,727,401,701,875,322,142,146,58,482,478,375,127,699,729,287,269
326,576,892,287,369,983,773,528,331,72,165,748,552,706,0,875,197,62,329
921,659,142,146,499,445,495,756,203,127,45,118,663,162,700,233,52,881,62
302,684,790,84,353,757,475,326,756,480,275,440,142,147,853,662,62,445,50
634,14,217,281,345,16,474,521,144,783,43,62,323,326,668,842,881,907,24
142,287,236,639,559,785,421,231,903,165,31,492,810,472,821,943,422,543,144
577,979,845,450,581,56,62,631,797,675,52,604,813,920,295,178,575,142,165
552,232,819,142,62,217,375,785,708,921,89,859,133,698,533,779,977,372,916
445,133,756,813,587,810,922,623,467,972,975,979,478,94,745,665,790,938,261
16,321,434,62,790,323,730,552,824,289,588,693,245,666,56,375,453,651,81
264,465,779,371,641,772,757,732,89,889,746,480,68,875,956,66,144,326,864
62,89,875,84,240,456,860,436,734,684,952,295,438,2,222,702,973,133,743
62,142,375,480,695,217,585,956,765,445,748,482,133,680,146,977,329,475,406
415,892,918,68,634,100,585,649,956,390,475,354,353,222,93,62,733,677,551
482,977,407,864,857,101,236,451,142,62,492,983,797,197,165,319,680,222,801
62,68,142,748,144,808,700,777,323,668,445,502,794,963,516,533,345,739,173
0,977,62,821,451,332,514,329,552,695,165,482,142,56,549,684,143,475,875
487,57,810,813,62,354,467,169,38,906,643,417,345,16,523,680,648,138,832
106,680,478,895,74,62,326,965,4,278,977,514,210,142,467,749,567,185,40
0,618,681,548,748,984,931,790,738,966,62,515,142,567,947,658,326,482,332
833,291,438,56,86,240,11,445,779,879,960,475,62,326,188,684,323,670,533
260,514,142,923,746,222,813,58,279,752,62,231,814,269,52,84,146,971,326
813,222,368,837,378,346,668,605,979,128,33,44,165,16,323,29,494,892,269
473,261,571,374,16,176,708,853,475,533,538,339,568,222,839,26,142,604,903
32,62,833,26,323,480,469,643,142,116,813,203,592,977,152,443,269,561,930
776,868,533,909,142,441,960,323,482,779,670,279,5,886,62,269,218,445,581
889,582,142,172,979,23,62,323,475,210,859,643,58,184,311,898,405,269,129
16,943,62,801,357,269,581,385,445,256,697,52,142,467,756,583,546,106,371
756,142,2,10,808,502,703,652,269,118,16,342,482,222,654,390,820,873,722
680,710,142,165,779,947,795,157,834,16,62,533,892,792,809,593,78,155,323
319,695,142,329,955,53,685,348,852,565,269,789,222,17,746,143,606,813,337
142,574,0,165,820,62,725,482,354,300,783,909,323,144,955,120,531,172,16
335,191,416,949,414,326,175,188,478,930,854,809,647,386,324,699,174,146,947
300,722,151,127,797,333,821,198,628,270,892,196,17,829,812,845,726,756,952
166,23,146,142,918,779,684,94,889,604,492,307,733,781,566,963,32,917,269
548,589,767,679,142,653,600,809,0,718,414,290,730,240,284,747,161,756,891
762,245,301,517,269,433,326,918,928,62,864,837,247,834,144,582,345,238,634
923,645,85,174,392,618,296,821,64,526,209,680,445,567,326,142,103,17,222
338,813,960,16,429,568,26,982,841,695,482,222,721,821,404,81,142,219,668
322,144,0,438,668,762,457,323,552,526,482,569,142,747,340,638,836,50,354
379,548,62,118,886,537,512,957,646,35,87,332,592,326,635,81,979,40,421
786,222,286,701,45,155,16,691,646,62,100,40,305,7,645,295,558,809,227
51,434,269,643,727,705,900,492,62,478,16,865,410,889,445,696,737,480,178
512,287,56,831,942,697,464,219,832,482,125,16,326,756,222,587,233,79,492
261,62,499,892,352,343,287,142,387,480,338,482,969,889,470,492,962,271,568
632,215,165,795,695,142,861,779,176,889,765,703,810,480,62,48,50,375,79
16,875,236,638,810,604,142,269,132,533,88,501,813,405,165,914,794,654,756
21,414,62,786,705,409,634,585,514,354,282,892,79,668,801,480,287,5,445
62,639,235,299,56,269,645,721,780,384,144,967,107,892,142,636,602,523,810
142,466,634,479,269,445,444,316,414,38,504,615,63,62,696,120,405,295,533
326,16,810,725,749,245,956,214,313,785,62,382,765,918,269,384,385,687,477
548,79,441,447,220,278,260,142,881,618,62,324,892,56,703,305,299,786,636
813,829,975,270,25,323,431,411,875,581,634,269,174,816,756,16,645,878,311
643,616,256,411,409,445,767,482,377,326,781,333,385,142,255,585,157,918,338
142,786,533,360,367,159,970,633,20,445,889,728,49,482,96,260,824,926,302
813,174,545,480,947,538,87,645,326,557,333,657,606,348,323,56,475,889,165
891,982,471,87,582,473,602,43,892,142,681,430,889,44,38,287,246,512,746
889,944,62,482,445,247,55,142,743,933,255,938,881,501,120,261,56,464,447
445,11,432,739,499,326,62,133,518,638,678,322,636,395,329,668,274,262,475
432,790,323,505,326,269,445,173,142,99,238,267,165,723,222,874,405,695,756
480,286,62,165,378,134,560,348,160,142,374,482,128,5,697,810,756,559,326
142,222,822,482,727,741,919,821,638,889,537,133,269,268,423,797,432,536,779
62,784,447,515,777,705,165,16,445,296,0,581,142,834,416,482,543,422,751
482,280,281,718,222,293,889,99,477,872,335,480,53,145,587,62,648,668,385
911,326,569,165,110,341,983,81,62,142,727,581,456,3,924,10,537,269,323
631,98,678,507,406,581,736,956,142,216,261,20,651,294,165,62,438,445,425
62,294,16,824,399,792,248,909,317,133,212,928,826,138,142,73,384,326,813
474,369,673,546,643,810,222,708,184,142,269,235,357,323,733,668,141,684,62
87,514,722,326,142,269,62,620,508,715,405,445,964,703,196,114,837,871,61
323,173,798,648,70,318,695,142,27,977,222,849,62,445,44,951,159,16,915
134,323,33,788,451,326,416,389,782,257,194,287,797,860,756,479,274,572,285
422,14,142,326,913,871,441,769,695,439,579,569,340,165,68,404,634,110,345
886,215,796,16,977,470,249,173,440,345,615,748,646,581,151,438,323,409,634
323,829,922,165,62,816,334,754,16,141,174,466,278,907,84,29,261,649,537
223,87,207,324,813,146,173,281,142,384,326,346,668,546,144,693,686,480,929
813,421,409,87,809,146,62,326,588,823,548,581,97,144,335,568,810,445,294
59,445,113,108,432,314,561,142,396,252,21,634,183,638,140,146,602,62,392
325,480,117,326,515,323,81,863,118,222,691,581,44,875,142,631,910,677,940
302,756,625,310,160,813,155,445,810,533,354,348,84,485,62,733,108,269,822
389,326,404,9,222,62,947,256,978,81,428,83,581,482,74,447,115,324,16
643,142,670,559,248,94,715,273,62,695,634,851,521,499,409,682,767,146,669
482,870,62,142,585,830,703,769,445,794,78,681,699,889,810,640,94,570,938
1,743,799,97,813,201,569,398,538,410,756,983,623,143,854,959,939,639,0
142,779,212,733,581,265,16,956,62,44,641,834,812,652,174,56,160,643,374
668,492,502,79,240,820,341,146,643,89,548,378,977,779,92,960,684,757,871
174,142,356,620,159,375,482,190,357,878,943,674,196,62,153,17,527,937,16
323,56,956,566,610,684,614,947,927,756,428,294,621,341,81,889,770,324,96
615,142,58,746,333,498,889,751,480,628,979,4,157,634,732,804,699,24,222
790,181,221,979,326,269,813,682,79,751,291,756,142,232,829,62,173,333,280
16,733,142,715,838,482,730,813,45,943,762,326,668,62,957,643,864,915,87
133,14,62,155,565,144,16,482,709,892,472,875,87,146,445,226,550,814,775
568,144,62,142,708,27,813,422,733,323,533,645,572,584,375,270,889,837,244
375,807,983,548,444,722,634,565,603,790,245,829,425,53,62,918,345,684,457
41,581,62,681,240,578,87,931,721,959,875,889,378,178,891,445,25,448,142
558,620,854,62,357,142,853,514,889,723,795,326,887,482,756,618,892,368,791
697,197,834,89,115,569,62,181,813,689,326,260,144,581,147,222,424,99,445
4,813,24,458,3,445,269,675,56,581,142,62,732,550,78,161,99,915,892
447,62,728,222,977,79,835,146,703,211,330,269,820,69,943,480,170,628,875
296,892,401,928,103,323,204,757,832,475,65,326,436,772,70,262,173,552,756
62,410,943,813,507,738,756,458,408,257,958,105,778,387,516,551,340,472,559
526,810,102,103,404,62,983,957,949,245,161,177,638,781,326,222,581,770,1
810,142,533,892,588,51,887,919,813,645,695,326,495,478,871,703,939,581,955
188,62,468,87,634,234,573,235,636,269,326,810,888,116,940,585,142,681,417
76,222,494,62,854,692,480,92,53,613,447,704,292,708,142,140,921,482,192
533,83,62,323,0,98,632,128,805,335,142,209,79,680,78,14,233,889,388
381,871,409,56,792,742,445,341,62,599,142,248,482,979,918,889,949,970,821
445,243,459,514,548,733,1,921,142,600,813,824,695,62,272,241,501,859,739
345,192,131,222,79,326,14,567,638,133,585,142,909,466,54,323,181,165,867
901,732,142,480,779,108,269,776,28,482,146,554,571,313,790,938,783,326,0
302,326,300,695,431,889,151,62,269,615,218,16,895,480,983,21,765,839,587
738,893,581,79,515,576,88,672,315,700,332,114,271,616,445,779,767,526,260
409,668,205,285,56,480,612,489,31,289,956,475,334,142,111,549,804,340,197
191,269,815,142,533,889,30,680,300,197,8,851,62,548,282,523,87,814,864
769,684,474,960,523,154,447,813,202,892,262,529,378,332,797,79,156,979,409
335,414,142,514,326,648,706,886,84,267,116,179,765,695,265,509,10,723,395
14,482,269,445,374,962,766,188,516,447,56,357,977,16,480,781,824,234,227
466,557,62,578,977,232,839,338,328,863,777,461,58,415,976,225,398,756,70
17,889,43,773,746,695,938,142,548,184,782,222,335,445,875,60,538,302,96
326,980,596,119,91,523,412,436,376,159,854,482,792,142,205,875,575,79,340
323,142,445,590,437,620,813,833,918,56,338,0,50,159,847,977,603,810,764
504,939,587,133,299,235,404,565,636,156,83,0,267,417,719,849,269,453,142
56,87,283,983,509,86,559,62,414,879,142,716,977,92,511,326,550,165,144
615,889,62,960,56,142,748,348,49,392,767,173,645,810,568,662,581,892,233
99,294,612,955,643,214,732,155,668,850,62,519,248,445,837,646,641,356,107
853,859,142,73,533,480,756,889,907,234,133,979,55,850,354,810,829,170,315
323,977,87,668,589,269,114,751,478,810,504,142,739,527,576,482,123,480,16
53,417,756,482,631,549,16,615,285,810,142,497,62,621,248,523,151,141,545
62,779,458,684,324,927,638,668,409,548,492,813,390,623,16,142,602,114,128
269,738,844,776,585,892,457,947,106,166,16,70,273,790,282,719,260,499,81
894,790,779,16,514,898,741,240,515,949,919,13,480,151,881,177,331,142,813
650,825,40,593,142,53,62,821,326,660,374,867,273,494,269,612,447,438,909
354,254,445,287,142,738,712,165,269,284,44,158,219,64,326,746,807,814,706
678,479,810,222,617,931,447,62,591,754,779,581,326,960,909,970,87,621,6
482,889,142,357,892,780,516,781,341,958,457,495,49,62,77,604,925,90,173
409,780,326,886,62,443,864,240,113,871,300,475,142,482,369,525,266,603,306
865,601,62,269,593,23,868,779,45,642,354,352,205,5,442,821,628,756,16
241,468,732,889,723,279,142,632,165,78,327,146,692,318,610,492,816,333,807
902,62,581,538,445,756,98,142,33,362,26,705,341,480,1,798,579,697,589
34,447,161,726,409,752,62,16,133,142,235,204,591,367,615,571,144,814,323
646,889,565,16,684,552,245,323,326,645,813,399,492,911,197,277,62,870,900
874,369,3,62,920,70,445,16,813,656,145,731,860,412,756,142,776,295,687
790,142,703,24,261,579,108,341,569,508,87,480,824,983,20,785,169,159,323
949,222,445,955,638,62,91,236,142,657,883,61,732,957,813,287,331,889,166
62,281,405,142,295,480,347,570,482,326,133,733,675,269,296,226,757,65,889
142,165,968,695,16,63,342,62,792,801,521,144,725,580,23,475,452,785,931
838,393,533,309,438,848,73,620,578,756,938,118,87,146,315,323,773,926,628
925,632,375,695,559,42,142,97,414,86,62,783,889,406,537,428,492,271,322
62,821,142,832,769,892,781,703,335,895,230,756,872,409,859,79,773,224,127
892,475,289,430,62,526,73,910,756,681,708,618,482,576,326,813,911,196,33
732,743,460,142,742,45,367,50,445,240,222,323,100,102,533,580,381,409,637
62,299,155,963,142,526,571,779,555,635,165,15,328,636,790,452,674,744,648
346,342,585,803,374,358,889,875,269,223,581,299,649,947,151,266,777,482,829
813,78,968,379,297,847,33,269,480,203,482,756,746,919,14,266,142,602,681
482,62,514,428,15,854,601,222,618,142,633,556,682,226,323,813,783,73,406
62,70,593,562,716,744,977,16,790,789,737,255,446,84,792,49,405,700,730
59,907,193,544,523,105,482,441,62,527,889,275,144,93,326,92,347,81,538
911,376,118,918,287,348,790,62,957,695,859,828,303,686,794,155,566,703,588
62,286,222,142,308,172,492,83,358,205,16,959,638,968,746,219,935,300,950
373,947,375,756,531,0,141,346,733,199,728,829,142,482,269,792,810,238,323
304,299,517,62,569,692,480,979,142,317,790,529,756,816,482,445,813,10,833
889,21,653,482,695,250,756,138,574,356,634,615,269,174,200,773,62,345,159
779,62,323,326,61,16,197,626,142,319,813,166,618,963,789,89,283,852,416
831,853,120,546,796,445,905,733,651,419,407,969,323,648,645,492,630,203,807
748,744,754,756,585,269,144,194,142,41,161,797,87,471,628,277,445,130,62
747,864,118,222,409,142,440,62,501,879,392,871,756,881,889,796,828,883,279
62,53,645,445,754,387,161,453,142,716,346,632,969,26,790,881,585,55,460
142,889,207,705,558,223,648,333,430,429,16,0,604,330,303,346,46,326,302
665,142,16,756,969,327,196,409,10,437,161,837,246,728,141,492,950,779,438
813,751,87,127,419,864,411,935,142,492,792,756,889,676,62,573,16,133,980
482,16,269,977,883,756,142,357,892,688,62,813,442,502,480,445,53,576,668
643,297,826,142,565,957,482,668,216,295,620,907,828,854,87,955,582,44,146
494,369,165,413,508,812,692,756,619,254,943,323,633,326,135,601,428,600,346
482,142,133,212,295,11,16,890,535,62,712,786,433,645,810,875,947,55,146
699,287,142,62,877,479,190,87,291,387,588,326,220,16,409,623,194,475,269
56,378,960,326,16,954,87,874,514,14,142,482,338,269,909,892,779,847,92
309,526,422,133,810,875,62,142,577,445,79,409,695,947,135,146,222,288,952
155,56,514,645,533,445,795,142,889,89,323,322,296,61,894,326,813,87,31
155,495,872,340,447,587,281,428,20,508,634,77,346,791,449,514,875,62,482
62,886,422,273,155,222,194,684,850,480,615,937,875,821,210,115,598,616,984
56,62,144,480,844,585,559,137,270,84,700,976,203,898,142,813,170,927,38
918,810,410,941,428,588,146,19,62,926,654,756,454,979,872,875,738,445,828
693,207,351,889,648,459,183,82,968,746,142,134,445,165,313,634,875,295,56
612,267,260,593,541,886,908,509,445,375,797,142,732,338,881,942,62,222,588
757,533,142,738,222,85,78,684,444,886,882,16,20,756,375,767,982,587,937
756,730,287,475,821,979,669,326,392,859,174,222,73,718,714,960,733,324,181
804,494,845,142,728,929,581,10,184,464,295,559,269,533,562,13,918,298,829
977,840,326,180,963,581,142,161,834,831,810,62,183,482,908,294,323,340,330
332,926,237,16,771,165,471,28,142,829,845,569,644,848,841,260,742,323,348
269,603,277,78,1,16,964,560,871,669,905,409,834,189,84,135,92,405,62
273,756,159,892,637,813,222,105,62,836,507,889,300,142,180,100,95,482,810
142,812,700,721,326,385,938,756,445,294,695,854,62,835,279,892,619,728,222
864,79,20,461,404,578,87,668,335,323,142,703,165,144,592,577,695,116,562
142,892,949,475,16,128,486,52,222,886,961,756,66,960,267,326,120,323,560
81,579,172,62,326,142,813,109,977,231,87,475,865,126,0,706,698,695,445
405,445,165,16,636,378,144,52,482,251,645,387,173,329,194,615,296,892,889
142,267,684,480,273,467,299,881,514,937,326,550,55,914,810,606,62,482,323
140,538,423,269,319,791,588,772,62,447,287,751,893,618,557,929,867,854,603
165,533,245,834,336,889,822,445,615,677,746,981,523,62,684,756,276,330,678
164,647,533,428,16,142,569,62,333,690,550,218,155,938,786,495,345,166,23
344,911,689,830,919,142,673,235,514,881,62,482,346,681,918,285,46,907,177
854,638,566,522,681,881,445,329,332,457,889,830,789,383,131,929,581,61,62
402,326,324,165,572,827,756,91,151,491,341,896,76,170,447,191,142,548,935
790,642,482,29,549,142,709,952,531,379,508,323,721,62,756,602,220,947,852
62,724,790,300,792,142,353,248,16,668,889,323,783,227,955,598,57,405,124
813,384,142,764,865,889,62,693,977,14,752,279,508,949,120,496,467,698,876
931,482,222,233,245,62,977,273,673,409,357,638,596,354,500,340,191,695,723
142,791,581,694,345,155,830,688,165,179,684,445,963,515,892,730,681,421,779
943,165,62,809,525,161,270,810,960,35,778,326,142,790,325,56,194,414,756
733,269,924,960,740,881,62,108,81,482,429,810,834,142,462,821,579,479,756
142,810,588,144,323,868,892,56,326,286,40,269,512,907,579,790,482,62,983
634,889,979,308,48,651,790,445,144,142,219,302,487,479,548,756,850,835,881
762,295,410,329,142,489,942,804,871,156,482,323,62,269,16,548,689,357,889
79,756,269,663,34,99,16,305,142,464,165,287,211,314,458,659,475,703,0
618,16,414,142,756,740,14,514,295,201,62,594,694,10,892,795,1,409,813
813,646,983,165,269,142,146,593,889,114,323,366,639,636,13,81,409,501,16
41,7,494,886,482,287,689,657,128,889,222,378,62,766,892,142,431,241,203
528,581,514,622,797,79,746,588,225,142,639,62,848,346,728,19,668,889,610
142,239,630,62,918,19,245,83,165,700,480,695,91,445,345,144,912,174,52
853,457,360,197,83,752,220,269,84,142,56,712,638,98,62,245,746,165,0
16,854,883,559,106,649,451,326,480,146,156,751,216,62,909,687,835,23,142
33,161,843,977,807,62,748,219,387,378,585,360,482,955,56,323,898,445,395
441,792,578,790,775,187,418,17,911,499,865,289,802,193,636,222,260,822,695
810,294,273,864,889,857,323,613,1,467,142,979,342,335,348,956,62,672,684
346,25,445,668,230,142,939,509,273,776,649,873,457,339,16,920,234,269,165
668,142,466,324,748,711,924,119,62,145,648,515,764,756,889,983,326,409,909
480,889,862,142,316,138,467,949,204,405,845,937,323,62,249,940,643,79,269
194,926,634,16,142,864,91,183,166,566,872,323,660,303,211,509,422,62,723
137,618,187,509,756,597,79,165,142,657,388,56,0,785,105,57,694,14,892
88,58,585,317,515,649,142,405,339,62,192,634,533,236,222,499,376,666,952
62,810,938,516,952,864,971,875,0,128,684,773,27,177,142,272,785,146,576
741,703,142,21,581,934,895,0,514,529,10,572,240,797,453,548,445,452,733
308,567,517,864,62,604,538,409,691,585,1,809,816,106,155,269,406,523,928
948,185,222,550,763,142,165,408,889,156,447,282,10,829,348,91,296,54,482
973,287,695,93,764,445,86,615,835,798,907,353,552,871,298,146,748,142,826
482,803,142,94,41,508,323,404,62,930,154,440,702,11,444,165,144,60,689
0,684,174,440,146,790,875,960,142,475,300,409,79,351,821,221,977,826,831
864,673,480,852,977,587,357,521,482,740,323,791,14,410,468,708,744,208,823
889,970,873,503,969,937,548,983,892,739,534,645,653,469,155,850,62,588,68
233,853,323,170,977,124,875,366,91,62,684,326,100,356,482,185,810,756,889
900,668,598,103,326,62,491,269,706,783,109,816,809,335,503,323,110,11,52
323,445,852,209,326,222,354,385,703,16,108,792,872,142,173,728,938,629,762
68,326,596,588,383,342,120,142,260,165,669,490,173,689,56,105,477,837,445
896,230,269,900,222,506,618,569,447,326,38,974,482,588,56,846,746,492,62
977,142,700,375,588,435,269,504,118,99,79,90,16,548,217,797,332,126,445
813,10,649,294,982,386,889,892,146,949,807,142,966,709,53,533,384,269,127
544,621,765,0,892,643,929,470,142,475,746,889,480,539,588,415,482,222,581
883,447,585,118,194,648,16,895,969,269,155,232,550,202,10,89,878,323,326
376,581,779,569,977,467,472,641,269,952,309,846,65,61,96,756,806,38,795
814,19,142,728,335,889,376,801,218,374,392,689,957,165,516,135,569,273,445
83,668,539,142,323,146,733,62,875,91,166,81,269,116,231,57,303,16,70
636,967,746,323,433,300,190,889,550,271,645,810,796,552,929,506,16,326,380
117,473,634,142,695,177,802,16,173,482,330,434,954,315,269,969,668,740,445
269,691,64,326,312,475,266,728,928,62,141,982,684,14,810,949,254,866,783
62,432,142,92,134,16,684,255,643,91,400,810,353,861,90,437,854,399,909
402,222,324,16,269,323,255,497,457,165,62,146,906,865,881,142,643,289,326
612,874,330,441,518,970,29,480,644,315,323,535,68,0,279,142,548,3,871
62,535,53,445,955,142,20,898,338,482,659,132,925,643,915,323,93,950,601
695,151,297,943,475,552,422,49,862,645,910,918,785,947,746,728,809,782,526
