306,885,140,359,957,142,960,165,62,695,144,291,395,634,440,265,269,323
407,810,445,140,269,119,668,146,326,56,833,79,55,523,839,159,285,696
62,703,323,190,797,269,684,16,982,920,482,142,445,97,700,448,519,890
581,142,424,450,300,268,323,644,367,855,567,340,273,95,329,480,672,889
62,554,912,93,16,374,52,954,703,924,515,451,482,447,752,821,348,814
245,142,616,782,218,62,979,756,602,624,297,41,323,890,24,18,505,269
980,93,501,703,764,269,114,218,142,495,170,333,719,929,835,433,16,308
684,326,669,688,702,109,16,555,963,185,142,558,765,207,323,670,348,92
813,810,182,682,864,477,509,963,87,645,834,331,756,108,781,445,565,285
467,859,142,746,88,954,62,482,14,549,16,748,326,478,166,618,287,569
941,142,926,58,190,169,845,702,332,813,61,445,279,666,203,931,628,62
561,142,430,665,445,165,4,257,949,56,248,429,326,979,62,833,130,874
11,194,409,955,779,695,91,918,248,21,746,514,892,911,957,39,62,405
937,62,447,843,345,643,222,487,440,132,245,56,548,10,775,889,756,567
480,443,326,756,790,867,62,810,515,892,97,155,709,260,813,354,875,494
797,482,231,813,62,230,222,161,300,142,555,499,776,46,952,121,226,684
550,62,892,183,230,346,738,514,222,161,326,871,345,773,457,889,146,105
620,482,445,12,155,62,957,865,780,392,960,85,892,724,144,779,142,680
338,269,842,766,551,142,161,809,392,871,248,53,280,474,76,797,209,29
864,640,323,798,118,792,358,486,779,62,638,492,433,53,548,326,222,109
303,237,91,915,300,480,269,791,705,819,821,796,271,163,447,515,559,484
492,467,475,809,568,482,559,87,330,872,775,662,332,297,889,56,269,326
275,366,779,142,874,58,68,978,203,283,740,590,62,16,346,482,947,796
457,681,482,222,638,844,759,441,326,142,279,389,895,62,184,758,695,79
45,142,409,38,928,668,340,790,50,929,374,269,446,598,11,480,703,777
480,385,875,142,756,482,427,790,60,629,501,62,605,13,80,269,588,523
892,326,544,333,821,899,340,241,576,486,632,668,362,963,346,79,142,582
251,323,935,889,405,317,533,897,561,983,62,222,409,645,50,267,332,671
142,668,62,324,228,482,541,522,445,689,375,728,593,295,713,193,256,909
180,58,746,789,865,593,859,266,142,106,447,636,166,821,765,952,165,548
889,273,800,324,875,410,643,87,232,78,952,118,756,209,648,263,38,16
106,926,786,718,674,748,16,33,632,388,681,365,514,688,889,253,319,280
810,62,81,233,209,143,643,692,142,57,16,468,943,314,191,492,605,173
787,8,29,112,602,269,223,222,326,288,618,87,668,821,410,155,753,983
810,557,62,813,142,687,875,123,936,482,931,889,16,762,909,534,269,242
505,291,62,924,277,482,746,93,297,142,947,929,712,790,345,529,222,339
245,810,528,79,684,382,482,405,233,62,154,841,40,256,228,979,16,378
56,892,494,202,261,482,62,748,596,155,752,576,146,917,142,889,83,132
810,937,499,79,795,447,748,118,345,634,269,977,895,142,523,628,224,847
871,533,452,165,931,548,142,197,269,79,739,87,118,915,777,837,54,62
62,168,254,165,1,966,300,292,405,738,260,616,110,618,840,983,824,645
326,889,62,947,710,478,864,634,269,173,165,703,886,16,516,652,142,31
934,779,89,531,467,789,837,482,241,332,26,269,342,46,279,832,703,99
674,440,581,405,810,588,358,721,333,480,62,413,797,17,892,495,309,708
154,317,892,537,179,142,294,295,828,526,615,618,62,760,532,875,16,643
895,62,3,142,157,779,101,721,409,792,305,983,304,781,299,775,865,482
62,326,142,712,240,514,218,125,390,269,262,885,287,480,101,565,641,295
16,880,87,533,751,226,120,792,931,155,89,865,585,183,240,797,95,345
271,824,182,812,87,410,929,459,404,332,62,236,889,457,142,756,695,951
927,538,194,76,58,269,958,62,889,787,89,16,813,222,977,862,402,237
617,62,174,344,475,146,934,307,287,529,217,445,809,910,440,142,602,695
385,445,279,597,927,165,810,562,62,645,813,139,568,171,492,482,668,412
180,81,645,638,841,311,315,480,222,684,947,581,709,348,548,714,832,247
492,876,295,646,837,139,779,634,307,62,142,728,457,66,211,302,533,784
419,479,16,695,87,756,383,799,392,62,270,821,827,142,269,287,155,295
173,165,89,859,492,84,944,357,728,142,62,596,797,969,925,684,70,810
233,940,16,118,91,526,785,633,807,152,631,27,814,269,428,323,282,294
62,336,744,645,576,387,875,142,457,81,881,324,108,846,170,269,643,975
756,62,668,144,482,684,279,222,365,92,291,329,761,326,305,810,324,681
810,773,362,828,208,326,464,322,410,323,194,779,778,903,590,62,172,814
84,970,377,953,142,127,956,822,171,195,684,406,514,409,950,62,521,765
569,142,684,762,9,560,807,256,639,165,744,440,585,151,578,459,522,628
889,406,482,718,142,943,379,16,825,821,62,288,612,174,756,378,786,323
756,329,838,323,757,810,670,303,445,370,636,447,405,516,472,346,492,814
62,821,445,375,809,295,326,370,16,487,77,89,142,810,668,728,573,157
323,633,269,794,813,573,568,165,442,142,53,837,886,409,144,797,983,620
183,80,925,448,52,278,62,892,482,61,142,569,703,628,269,585,168,756
943,622,451,347,62,89,142,390,756,165,16,285,143,458,205,324,813,759
752,184,91,323,889,482,524,96,785,724,870,569,472,204,287,790,56,797
268,681,326,62,926,561,32,69,409,383,614,889,101,231,866,608,414,787
854,371,142,175,682,613,65,649,797,338,779,970,447,971,47,332,165,62
789,134,705,155,350,960,56,552,217,76,702,142,885,475,813,645,684,144
888,77,475,173,792,472,340,352,335,728,193,142,91,857,222,875,684,681
463,712,649,498,785,820,332,323,144,16,595,875,142,326,561,762,440,845
21,810,40,133,889,295,345,326,447,892,237,130,875,81,164,131,407,792
62,152,918,875,669,553,931,857,451,165,636,779,724,808,14,854,142,108
414,682,977,81,222,701,711,849,62,123,142,629,952,595,135,756,447,507
146,62,67,44,418,813,821,176,142,378,472,606,161,395,387,401,497,334
881,62,218,892,142,394,977,889,779,490,367,696,16,821,293,622,722,695
695,142,89,771,628,387,426,137,471,631,405,98,180,356,813,977,16,428
178,810,808,831,681,668,83,579,62,621,654,146,622,0,825,865,144,192
62,326,898,873,61,68,165,338,695,813,552,207,323,472,85,480,409,661
197,342,119,62,746,447,106,142,939,302,242,317,834,165,865,703,475,410
867,62,87,810,374,784,269,860,682,222,963,886,581,142,357,956,959,323
202,269,244,332,810,218,845,445,890,468,779,350,16,813,62,323,415,81
421,384,151,466,16,826,142,92,645,77,889,338,62,341,245,194,973,791
495,533,581,746,628,142,809,781,775,499,452,548,269,300,709,467,70,240
806,373,901,447,482,750,566,120,816,950,234,797,62,560,384,523,106,620
357,716,880,142,482,662,548,276,219,188,345,797,775,829,260,305,795,369
62,91,430,269,738,410,14,903,266,646,457,326,778,810,165,652,818,83
756,281,447,407,445,62,812,165,142,356,223,589,791,155,287,317,372,269
142,748,223,568,938,885,862,21,864,149,915,323,375,977,222,428,410,690
943,312,403,802,269,81,810,653,650,475,815,164,495,801,294,323,157,642
468,310,629,430,514,513,323,62,236,864,43,606,639,938,345,187,56,482
87,62,689,493,645,223,482,709,682,789,947,85,814,165,694,723,751,425
142,146,296,779,326,83,62,482,324,695,96,514,467,667,627,790,864,983
62,269,53,230,79,728,16,250,668,514,204,142,879,925,318,977,445,862
657,240,338,821,650,174,765,959,375,445,300,930,376,196,810,567,442,540
142,16,537,937,643,943,323,67,649,27,411,810,114,62,269,300,508,110
56,326,269,105,165,756,222,142,760,864,635,369,81,616,443,416,695,548
405,16,300,779,943,260,222,879,62,615,928,165,829,881,195,702,926,341
555,540,269,544,288,577,786,300,326,268,634,731,756,547,346,142,808,62
62,79,54,592,819,188,447,482,198,689,315,148,305,251,5,566,85,354
254,269,645,103,889,447,728,62,864,10,892,337,719,165,445,459,376,761
87,154,142,482,390,165,574,20,921,144,275,513,821,792,246,323,300,52
672,550,142,241,928,216,756,245,539,643,10,44,222,797,109,92,323,285
871,480,473,165,255,130,251,606,279,294,188,586,163,791,565,222,62,379
822,482,447,326,70,194,756,778,337,405,739,362,491,738,448,889,62,842
89,952,829,872,326,48,457,707,418,551,527,338,369,218,87,662,165,91
287,722,269,409,804,62,478,412,100,813,753,851,335,326,508,889,222,657
612,81,909,972,226,886,120,756,492,266,418,921,260,983,630,163,820,455
697,963,414,378,838,658,247,737,377,813,797,142,56,868,695,953,26,337
370,948,184,422,302,447,875,142,482,862,71,222,232,38,680,326,800,58
810,889,12,868,467,87,733,142,27,57,146,159,757,64,544,322,234,62
633,98,167,959,615,626,649,944,810,285,249,900,552,673,257,282,351,58
409,270,294,482,0,269,571,514,146,370,864,91,824,582,165,87,617,219
967,586,905,598,166,956,318,810,142,177,289,269,794,756,857,62,813,8
813,326,323,282,927,779,585,95,639,592,746,133,684,291,247,834,785,649
150,806,164,137,409,789,892,295,482,59,323,342,583,938,790,167,850,377
644,501,703,458,87,16,810,323,653,367,56,142,62,533,581,366,660,796
62,816,909,628,270,695,693,848,814,791,296,144,779,88,482,142,782,588
813,591,92,668,326,764,127,440,47,388,854,222,85,447,907,559,142,60
62,695,813,475,75,260,467,700,914,748,304,294,326,552,480,943,410,884
955,91,952,790,684,475,378,514,813,354,56,295,62,829,87,931,173,346
478,445,596,447,62,548,733,578,661,886,287,228,14,338,182,385,234,501
269,480,554,56,688,62,585,535,853,508,133,809,20,813,576,824,926,542
648,16,270,670,509,142,947,573,831,907,87,256,62,959,508,756,728,957
217,770,756,213,755,261,977,322,282,413,323,967,142,295,1,268,277,269
650,625,872,756,23,296,628,618,63,638,672,406,297,724,731,878,797,222
84,266,323,766,650,585,724,62,451,809,564,790,163,151,142,330,857,926
921,174,423,533,731,140,10,24,515,586,216,294,336,142,831,947,159,243
979,52,526,241,142,810,278,133,266,728,354,165,99,850,415,900,409,496
256,369,647,0,215,326,892,405,373,873,521,62,266,16,829,540,728,588
656,148,681,62,480,969,723,756,699,659,282,267,894,825,813,354,748,824
963,810,737,668,684,133,890,142,56,813,480,889,799,934,892,475,221,448
928,252,947,445,466,533,848,40,60,142,269,820,633,320,136,889,909,429
204,373,87,461,10,868,142,146,269,875,596,645,637,62,755,301,484,91
668,886,29,222,84,241,132,478,86,62,170,216,323,438,792,690,106,445
326,810,416,144,328,142,947,441,340,756,384,760,212,222,905,296,466,472
496,453,480,142,634,820,441,954,447,898,62,212,323,908,1,326,144,853
222,949,268,979,813,457,26,10,887,401,672,630,223,695,326,348,91,109
835,144,393,409,152,447,293,98,969,977,695,565,389,751,503,55,449,222
21,898,823,62,179,632,486,654,756,889,633,943,165,957,445,892,691,392
323,936,14,910,756,142,6,609,966,326,154,242,813,859,674,745,492,728
751,737,860,16,269,248,34,703,718,305,492,33,417,218,487,62,175,302
688,70,482,341,266,269,779,647,480,445,613,821,144,335,733,323,561,315
62,121,333,291,155,16,182,863,648,53,234,228,167,569,345,788,19,566
281,606,95,744,142,401,776,709,68,760,410,473,411,784,332,338,632,892
425,155,979,411,757,62,581,465,590,196,440,70,790,307,16,810,977,733
874,323,548,188,490,860,378,581,281,144,748,637,875,405,197,708,889,205
44,287,785,971,151,62,142,941,492,445,530,505,453,117,695,49,480,329
498,892,62,924,870,417,142,716,240,146,977,248,196,662,681,134,392,748
338,212,142,463,62,499,881,261,538,548,323,222,192,718,433,929,916,854
16,892,627,638,732,595,260,726,909,414,62,241,911,56,482,983,702,333
927,795,928,892,14,760,875,446,480,924,523,324,657,902,56,269,23,447
300,142,610,977,350,760,613,338,496,813,17,517,960,386,480,302,385,732
144,300,907,569,681,52,370,949,956,792,983,392,50,860,810,431,267,977
639,142,889,209,16,421,256,567,91,482,891,414,662,235,60,409,68,445
909,171,269,6,142,114,445,486,16,674,94,760,596,76,62,765,396,492
810,699,142,842,620,748,817,602,39,895,282,294,445,315,975,484,165,938
49,79,144,88,62,445,569,20,56,750,928,480,191,233,296,746,813,351
699,0,668,452,62,269,588,367,323,142,421,820,203,92,445,748,892,340
587,341,142,662,492,969,533,123,668,62,889,797,756,647,714,165,810,318
390,597,935,146,781,294,477,367,819,467,480,533,813,816,386,373,32,455
807,146,294,482,142,417,235,222,293,562,750,53,173,533,386,519,106,695
677,963,626,53,756,700,378,399,872,142,222,457,695,273,409,523,98,482
62,56,161,298,323,810,133,953,269,977,797,725,291,194,480,627,87,121
176,326,410,260,385,733,924,927,538,161,867,27,930,937,40,482,390,492
282,406,746,564,16,482,62,648,785,952,335,448,172,759,377,456,552,165
23,649,62,159,732,261,675,889,421,323,445,871,142,947,320,369,287,748
443,105,333,247,117,154,889,689,672,955,557,650,813,142,99,447,721,222
191,808,142,472,842,892,62,222,482,0,810,421,878,811,659,199,18,490
317,241,792,790,142,245,482,821,886,609,657,65,174,538,585,931,196,544
626,733,326,533,87,466,765,588,295,132,330,56,110,719,16,959,294,269
143,792,756,142,492,600,760,583,752,445,648,465,517,864,523,326,269,297
643,684,947,62,765,300,984,445,161,51,165,838,595,969,142,972,680,151
26,155,114,333,74,466,769,440,480,62,907,222,269,838,268,368,342,408
529,475,756,215,810,921,734,62,913,16,646,26,977,450,949,142,747,273
556,287,282,326,165,251,467,183,438,813,797,810,141,514,409,233,523,668
142,445,756,45,810,973,853,405,586,784,422,269,588,232,81,218,16,0
983,122,294,634,854,300,16,62,918,606,533,323,725,209,21,717,100,786
165,967,551,969,270,875,577,627,621,681,10,890,240,900,535,372,721,269
949,751,983,331,62,335,78,326,250,615,568,850,842,607,581,981,196,659
323,162,62,966,482,781,702,52,304,44,478,107,756,947,326,371,511,194
852,979,534,739,287,809,62,10,150,476,779,899,207,5,793,447,889,190
374,748,194,689,23,142,317,533,333,889,405,514,904,39,240,79,33,55
388,775,918,16,533,370,523,186,566,831,871,222,645,381,791,315,960,756
165,282,287,32,648,810,880,795,475,62,668,142,509,756,80,20,864,684
890,482,326,807,813,618,323,475,889,87,62,632,165,929,481,983,645,552
447,785,689,792,482,415,948,405,240,810,659,335,144,269,142,746,343,695
636,668,480,889,105,16,585,703,15,477,256,681,533,142,179,332,638,502
142,950,588,482,554,533,733,386,194,526,458,813,565,67,62,144,720,601
16,74,297,533,475,392,10,222,0,62,490,685,764,142,969,602,324,528
445,756,738,225,668,703,889,971,238,87,423,813,440,865,128,335,204,977
142,789,412,696,895,383,313,272,56,378,881,760,752,123,250,16,704,411
648,62,323,360,269,332,841,78,492,16,813,920,668,142,645,810,199,326
170,326,44,133,60,612,813,963,790,681,142,222,474,378,573,144,648,889
54,237,14,99,559,871,779,642,836,933,354,651,142,62,810,468,571,216
965,323,58,678,523,62,514,472,808,772,208,245,582,56,147,795,522,579
898,789,165,514,535,956,16,203,960,889,874,642,779,772,151,243,291,20
62,546,222,170,744,60,756,874,64,161,523,931,786,127,79,759,302,142
756,144,445,342,482,753,165,302,938,910,11,62,374,269,477,23,949,907
588,350,212,969,865,119,739,222,628,346,480,165,892,636,514,779,62,581
748,419,760,492,517,631,668,445,447,907,875,61,269,108,977,613,275,480
62,142,58,44,364,193,443,875,781,11,942,295,926,340,656,821,70,536
304,62,14,615,467,875,16,328,628,222,339,938,942,482,733,142,829,21
482,114,301,269,486,165,19,416,457,191,52,549,682,781,826,142,983,100
588,323,581,582,269,142,565,525,10,447,433,475,681,982,346,468,62,80
792,633,765,668,909,605,891,681,250,455,552,810,54,43,651,222,808,305
308,699,482,752,62,146,295,16,695,241,681,40,456,841,739,203,129,414
16,480,345,552,323,375,932,11,863,569,627,142,872,445,970,152,557,300
821,157,930,378,326,899,323,447,10,222,445,695,810,799,241,746,272,681
482,726,739,142,445,91,326,294,250,0,813,627,473,695,480,377,892,130
151,535,824,376,411,628,445,432,639,222,881,644,957,115,695,921,435,217
480,323,947,222,142,475,977,154,596,744,752,813,120,165,732,123,901,345
245,16,790,634,937,345,662,908,681,620,475,938,955,30,470,189,445,530
480,165,808,567,921,916,118,897,369,62,91,14,585,889,882,142,627,482
860,892,707,269,792,936,88,62,16,78,647,979,756,503,396,297,571,387
323,716,143,576,695,970,457,178,295,588,832,142,691,141,480,345,62,800
867,825,790,826,326,16,466,482,345,142,779,178,118,166,457,81,854,858
810,573,44,335,62,217,428,447,526,918,317,389,957,254,417,499,699,272
274,439,643,918,330,410,16,173,261,326,486,416,142,969,668,810,447,188
558,812,222,132,87,14,390,598,392,814,315,640,719,62,398,341,514,651
370,299,482,146,62,586,301,792,588,810,142,51,145,396,877,960,937,287
326,710,813,38,779,577,140,977,396,43,345,772,573,62,92,646,56,142
822,447,62,14,79,146,32,240,494,0,392,16,134,142,31,337,523,410
323,919,924,222,144,645,535,557,943,451,977,389,957,642,700,114,52,648
147,445,151,648,300,777,158,86,413,810,326,10,807,345,475,62,142,335
889,436,533,971,472,147,908,482,846,615,911,323,551,700,785,480,23,282
326,43,57,195,315,166,865,142,332,821,62,779,144,533,374,568,323,785
323,23,695,370,309,634,184,201,151,875,374,294,335,546,105,810,963,44
587,174,142,422,892,557,810,908,620,775,62,485,16,281,209,159,648,457
217,790,817,915,636,222,867,62,665,68,191,618,797,587,480,934,324,313
38,326,648,590,16,587,165,387,0,698,669,374,87,155,13,396,62,508
248,979,62,667,615,695,198,445,848,199,969,79,165,514,458,307,983,834
729,81,864,646,58,783,142,76,139,405,840,724,323,340,532,797,752,480
813,106,326,152,713,782,62,16,165,780,507,821,604,756,742,895,142,801
79,768,710,515,326,165,482,409,339,774,813,581,868,644,949,441,81,142
154,467,105,25,646,302,146,805,10,433,281,323,0,62,20,17,21,765
733,952,870,384,482,588,52,903,240,411,548,324,853,142,447,744,558,269
358,282,889,492,572,756,83,61,810,55,261,340,890,329,142,482,96,879
222,240,768,172,323,120,668,641,326,137,142,949,76,623,875,207,792,341
854,142,16,68,420,87,748,421,144,56,412,14,982,618,62,480,374,305
409,252,900,222,363,174,592,113,819,964,62,581,53,480,977,326,810,106
142,514,291,287,222,448,28,255,472,627,756,184,326,295,16,91,806,409
326,344,300,81,684,79,62,142,285,934,480,740,695,617,197,430,810,406
141,706,445,813,247,331,943,711,56,299,652,319,606,144,634,142,62,154
613,908,962,10,567,151,269,51,672,775,926,756,482,199,105,617,503,264
269,432,646,85,62,108,470,729,681,118,445,29,695,586,165,838,99,317
326,559,466,755,445,562,819,62,874,883,56,762,34,482,875,765,142,538
695,332,142,854,132,16,359,133,959,269,248,929,55,696,103,889,120,62
695,627,730,983,684,570,445,615,62,574,340,91,333,323,142,653,649,245
672,892,142,15,491,970,882,952,695,581,615,710,332,703,165,472,514,813
684,475,227,52,62,66,514,896,947,808,756,744,294,407,16,813,142,375
390,300,333,514,7,909,62,480,565,326,492,297,410,170,685,630,523,240
0,106,636,546,780,591,863,75,256,892,131,770,142,418,675,889,298,151
581,527,288,557,668,850,62,40,16,428,60,665,834,480,871,45,326,142
287,941,326,832,770,62,421,269,699,77,581,87,26,144,170,41,963,445
318,87,859,583,260,294,845,512,142,16,209,283,430,875,480,62,234,482
813,648,647,57,623,403,983,16,981,821,295,291,299,846,467,482,269,222
142,23,643,323,813,62,695,682,198,133,165,726,151,416,45,379,28,83
570,479,492,533,560,835,632,639,451,326,79,889,779,279,526,581,482,257
326,445,142,174,97,442,821,444,765,16,779,338,668,190,746,914,350,789
642,668,731,62,462,241,324,143,816,779,16,323,142,697,620,174,440,297
48,889,479,142,62,371,93,955,146,326,411,294,340,495,60,859,44,886
738,57,144,142,955,920,899,323,214,445,472,756,32,952,777,480,220,62
78,638,338,580,587,756,434,619,8,821,950,211,224,436,492,692,957,523
142,93,932,678,406,541,889,410,842,501,936,62,816,629,558,234,26,290
792,889,548,16,911,732,15,165,142,756,851,193,667,923,813,240,3,203
529,457,739,482,73,483,514,142,461,213,14,480,127,949,162,323,903,744
269,512,165,947,859,142,849,5,48,438,402,62,58,1,695,643,579,480
829,106,152,323,283,929,697,875,16,934,165,475,222,511,65,438,38,699
480,907,957,533,443,333,572,62,155,776,684,151,16,132,645,695,859,142
326,649,840,391,889,222,821,269,914,165,410,473,457,446,405,174,93,341
982,981,700,482,892,10,566,695,983,592,590,613,785,323,142,385,242,62
101,170,324,180,892,756,280,977,680,73,943,151,253,62,434,588,296,466
103,222,602,246,947,918,163,636,708,16,84,44,529,165,276,446,92,144
711,447,979,790,62,952,326,170,144,457,10,889,482,87,668,937,378,762
120,823,514,269,62,142,845,147,440,426,67,56,473,467,846,165,468,840
927,748,16,815,610,376,19,624,134,301,203,142,884,551,133,40,810,62
20,810,457,838,779,222,651,62,297,369,10,375,740,329,695,896,18,568
482,16,457,186,552,142,632,559,301,491,368,892,115,626,546,62,732,79
810,62,405,291,952,222,419,779,165,721,718,726,756,775,269,899,755,0
770,828,602,487,142,649,18,925,144,891,118,295,832,337,62,492,269,700
409,813,345,62,87,943,589,746,99,369,209,370,634,637,180,198,756,689
142,889,62,699,16,270,756,269,908,378,502,475,165,577,881,921,323,231
70,385,977,128,324,165,513,634,588,326,430,275,61,749,695,62,353,891
523,606,142,14,901,16,120,10,982,313,222,620,62,480,892,521,300,645
875,165,142,760,788,959,977,954,863,230,159,779,699,926,839,756,638,224
105,771,16,90,889,61,883,477,557,407,382,142,864,326,805,824,634,710
641,56,80,19,142,95,405,557,235,845,931,55,834,892,571,467,430,345
813,569,911,789,620,414,159,29,261,269,142,396,52,326,375,46,473,331
269,482,809,696,8,302,827,332,324,567,326,148,62,681,677,268,899,756
324,494,756,441,913,410,157,726,523,17,645,977,297,146,196,889,921,101
81,445,21,197,875,748,681,142,300,94,612,332,58,638,146,578,56,482
235,207,850,860,922,482,274,438,62,16,429,441,292,478,743,77,378,142
492,451,109,947,62,55,181,910,588,533,808,142,756,779,864,892,548,237
289,313,785,701,681,34,935,50,431,261,615,967,207,781,333,324,354,777
269,142,224,709,493,79,165,256,214,188,335,736,441,792,710,943,797,216
405,654,148,703,118,668,581,575,346,723,892,921,77,918,7,56,854,871
207,854,478,507,679,27,945,144,387,68,358,808,482,756,187,316,441,120
625,99,294,78,860,585,907,744,165,514,588,810,783,761,149,135,142,795
392,421,445,299,482,514,581,346,48,353,557,142,62,52,626,56,4,536
164,689,16,768,414,29,56,345,155,139,326,62,387,142,445,760,329,944
165,184,142,269,218,756,779,121,41,865,907,295,62,250,133,532,16,222
99,16,756,326,695,62,118,77,810,371,173,257,106,386,708,716,482,952
62,556,248,142,668,173,475,441,480,573,810,533,863,503,281,23,756,340
585,557,960,664,313,33,892,322,926,414,166,0,323,170,918,16,613,10
453,500,318,257,929,853,952,918,21,62,708,442,269,323,142,666,1,91
651,62,967,790,756,187,480,892,928,681,87,541,567,972,754,875,810,217
913,889,283,319,810,102,16,144,170,62,482,404,142,20,943,190,979,624
645,222,62,816,409,480,445,535,503,486,756,896,433,26,912,142,298,786
792,795,321,62,194,142,688,633,495,618,809,638,287,748,854,222,636,38
142,871,568,728,780,234,179,514,165,475,62,889,872,908,932,634,581,533
340,671,517,182,173,636,482,53,602,877,165,699,10,642,645,62,648,567
795,198,146,136,124,889,929,548,15,445,668,142,401,53,355,409,557,276
21,2,89,528,62,482,900,142,281,979,756,886,241,581,684,615,68,147
62,792,177,223,165,634,497,928,236,269,639,142,414,133,319,482,495,393
326,482,443,680,419,79,392,269,821,682,728,634,810,16,813,638,684,513
81,16,898,830,954,91,62,860,440,863,853,672,323,794,303,269,346,61
266,440,919,782,62,4,939,881,810,751,323,165,16,278,695,924,937,646
16,812,323,589,892,618,808,165,173,312,5,428,199,142,518,305,445,492
546,781,970,568,643,983,282,118,615,341,935,718,3,299,960,754,429,480
413,704,445,79,78,880,779,480,326,387,224,462,329,142,161,14,977,651
165,326,501,861,445,482,526,792,883,142,772,143,571,927,218,269,813,932
480,374,390,447,810,19,641,56,482,633,142,533,217,601,808,62,191,440
523,142,45,778,482,311,779,148,269,240,20,918,319,266,756,326,445,16
269,984,762,142,584,372,813,682,514,447,309,151,559,907,845,524,406,323
457,977,756,912,23,405,660,808,269,853,445,766,39,87,323,879,890,222
380,889,577,269,627,112,756,835,533,550,816,317,728,56,874,395,793,62
352,76,134,949,983,281,16,889,277,132,305,62,756,319,298,411,165,810
955,705,142,538,699,482,56,16,62,82,416,146,746,183,645,269,257,165
681,498,409,47,785,142,708,809,323,973,593,558,146,843,937,629,277,767
6,480,834,942,62,569,218,230,813,745,16,977,853,348,790,464,810,438
726,716,864,871,142,821,392,103,779,889,810,207,782,16,915,165,81,608
222,892,820,17,703,821,269,329,174,810,142,62,550,56,666,870,475,731
62,515,552,450,652,457,831,458,785,912,746,810,471,224,525,880,833,464
108,708,482,444,225,277,222,447,468,441,765,790,737,791,333,142,239,485
681,17,142,358,62,323,245,616,409,144,864,695,764,21,428,3,977,261
272,617,165,222,810,251,903,779,142,533,144,445,385,28,789,482,287,514
21,790,953,323,960,491,79,567,91,345,269,120,86,681,659,295,76,696
326,285,972,853,14,81,142,889,378,375,921,681,650,174,662,783,158,62
55,273,170,269,445,599,62,344,720,335,142,597,779,222,16,790,87,630
825,790,813,949,907,532,291,782,889,410,514,746,142,886,786,492,116,7
142,841,635,453,438,387,99,53,269,284,297,62,326,686,383,336,376,801
480,970,445,634,139,269,222,854,759,808,637,699,668,571,695,295,813,190
958,892,495,443,475,634,92,59,554,300,316,445,648,267,658,333,894,813
983,269,55,618,780,813,300,595,281,905,581,684,636,525,139,142,189,495
87,543,969,973,878,248,153,39,962,61,681,62,79,816,323,326,442,264
772,466,746,348,165,296,934,97,648,829,918,618,20,622,323,813,641,260
39,83,445,133,269,638,468,560,728,222,667,889,16,142,430,233,581,682
482,907,697,707,62,340,305,276,15,233,569,116,165,134,923,142,695,792
16,81,329,947,10,142,495,416,514,62,794,405,165,326,552,315,889,31
756,276,81,16,142,723,326,523,778,440,438,133,294,724,371,480,125,569
509,295,620,62,548,701,508,87,492,375,752,661,44,949,475,712,30,373
268,62,922,892,980,938,775,923,576,577,586,413,335,45,977,222,864,142
184,523,132,108,571,705,976,921,323,889,943,81,442,505,478,756,226,170
588,156,407,464,142,29,189,37,779,854,957,757,703,581,151,301,225,924
813,62,142,845,429,616,155,480,513,67,681,374,889,526,564,886,165,466
835,501,615,810,704,164,88,378,981,323,882,476,562,809,10,279,222,402
185,848,1,905,523,440,144,838,62,810,779,889,107,543,269,56,70,215
889,779,618,277,79,204,338,675,744,648,492,740,133,323,332,816,62,733
62,977,342,414,10,142,208,260,486,430,874,480,774,269,0,983,409,197
479,287,433,483,167,5,634,323,16,440,952,946,969,62,756,918,629,955
548,326,868,488,76,715,797,142,624,508,599,412,587,5,56,269,81,315
502,338,862,726,579,468,581,20,889,482,761,269,909,187,970,326,44,451
918,602,947,445,889,241,106,11,144,142,478,860,326,581,62,76,941,697
21,151,338,930,354,864,618,810,438,479,165,146,142,845,514,801,269,323
89,738,648,374,813,482,842,37,732,748,240,926,142,16,323,746,295,871
480,983,261,142,385,395,62,222,326,821,447,929,445,684,762,514,165,813
419,829,7,922,791,892,605,533,353,457,681,482,768,79,311,255,739,328
467,668,938,181,287,62,331,58,213,479,289,532,76,337,482,445,48,721
16,751,62,56,727,142,948,577,907,438,118,523,909,333,483,765,218,450
876,326,142,973,934,813,187,879,651,475,525,706,668,568,976,482,760,53
135,887,909,979,638,14,488,959,541,130,823,375,222,245,384,854,668,63
684,319,979,6,668,756,412,823,26,56,269,335,681,943,178,38,142,482
905,482,889,865,10,273,790,975,375,16,454,835,354,62,37,907,323,142
610,326,984,62,142,370,43,218,332,289,73,269,286,16,912,482,779,973
807,933,695,669,142,333,813,984,968,269,370,458,224,606,873,810,602,326
777,142,146,338,634,810,482,645,222,768,62,783,307,461,889,938,643,836
445,323,91,772,287,581,605,89,62,834,222,279,567,952,840,79,961,142
445,184,222,959,507,289,246,151,410,266,622,790,475,695,567,728,615,482
342,853,800,83,813,576,863,810,514,62,668,142,785,56,145,821,286,269
385,475,507,728,160,142,100,364,434,785,445,129,705,291,482,273,220,53
339,142,355,8,340,96,146,326,853,617,480,188,524,315,533,281,329,848
70,269,363,774,889,559,439,295,450,447,103,151,62,821,533,703,917,218
780,790,854,79,695,269,391,414,360,223,756,0,99,697,62,46,256,716
411,107,250,435,165,204,146,269,287,142,345,780,62,323,10,32,955,492
475,777,100,482,538,323,16,514,613,337,62,728,821,420,385,326,269,331
14,270,533,62,918,142,898,810,323,646,445,482,728,981,684,703,226,567
269,142,408,62,323,280,445,292,56,478,634,155,967,871,15,10,760,889
929,413,875,269,142,222,109,429,62,529,237,821,831,703,903,28,375,144
445,269,709,142,157,120,689,68,764,634,889,52,514,173,298,635,459,853
889,812,269,739,809,62,539,76,161,222,291,142,55,693,930,871,26,326
628,411,736,203,146,62,235,405,728,571,142,188,646,662,748,918,810,406
142,828,410,326,585,875,568,783,951,282,335,62,56,548,961,751,285,186
728,756,478,747,813,16,118,222,921,441,907,792,248,421,175,268,77,482
756,900,672,238,620,301,813,369,478,573,453,798,669,924,16,728,62,151
672,269,588,482,434,376,468,142,405,889,810,977,214,455,404,235,332,960
294,372,581,62,426,593,810,155,73,480,457,142,453,809,549,79,592,113
405,165,62,581,323,241,295,809,186,56,654,146,142,269,813,61,445,326
742,695,120,165,732,616,295,661,292,142,247,308,586,897,907,99,669,144
746,355,62,279,821,582,289,854,546,632,779,105,597,311,499,16,466,813
154,558,475,201,76,684,620,447,362,662,406,343,380,16,326,593,655,142
239,746,571,427,861,16,62,15,142,970,957,457,952,514,432,765,630,715
473,142,62,914,326,340,139,790,931,533,983,329,765,949,810,816,440,889
366,810,442,270,956,781,1,929,324,497,142,323,173,882,16,445,188,20
62,592,196,783,756,757,810,142,681,482,333,265,244,637,699,445,222,487
269,775,16,909,816,456,447,475,62,840,142,247,385,167,478,835,146,791
217,326,147,538,62,779,146,552,445,813,323,756,440,354,16,142,215,960
724,684,87,291,899,295,208,482,816,596,95,701,523,639,979,378,773,681
585,853,323,142,62,837,445,280,202,937,8,854,144,889,860,581,626,565
709,165,142,193,269,810,695,690,375,809,152,326,587,693,480,813,1,889
867,374,291,267,182,629,481,930,832,164,294,441,142,138,283,517,91,668
339,790,216,222,447,270,865,144,781,245,475,383,445,482,269,256,853,959
47,170,569,62,55,222,889,329,527,431,86,21,647,947,959,756,580,127
45,566,62,0,222,777,217,269,343,261,300,541,871,939,598,756,227,974
658,480,481,121,62,786,810,974,630,56,970,866,332,92,295,241,269,790
70,715,440,58,452,142,62,468,476,889,16,585,333,581,466,116,896,472
180,916,56,656,62,70,513,910,515,142,366,626,915,468,269,638,761,963
612,876,81,752,62,222,760,779,813,647,889,660,535,480,326,133,375,639
15,508,564,261,52,74,293,97,144,854,976,482,695,445,892,101,581,759
748,588,354,339,668,302,931,870,690,323,695,638,627,657,165,142,43,386
645,6,450,142,447,174,837,612,180,326,555,784,909,375,114,216,88,341
786,281,955,976,46,703,135,585,390,756,323,142,557,792,97,534,445,892
151,503,48,91,166,668,291,662,646,797,982,241,983,99,533,810,587,155
269,438,615,410,62,813,920,756,516,333,662,889,433,529,142,581,203,881
165,922,0,142,546,430,445,756,734,466,728,410,591,810,414,479,295,198
81,221,576,638,970,68,146,287,367,142,653,700,369,762,393,977,610,728
93,56,305,907,29,938,758,482,885,813,88,550,819,730,638,21,928,703
668,401,595,142,695,482,354,28,559,415,736,912,897,39,129,209,300,810
32,71,349,578,871,102,427,779,825,269,921,207,791,412,45,567,853,689
467,56,837,269,319,28,475,306,813,790,889,810,899,55,209,62,233,689
165,87,297,756,62,133,969,240,149,779,581,634,526,16,438,56,142,963
154,165,38,813,643,424,615,689,593,865,62,756,179,668,447,900,295,757
666,127,79,635,326,173,62,593,585,484,898,842,790,142,339,749,111,140
875,409,323,695,605,983,245,890,523,18,295,607,27,583,473,834,466,684
707,384,326,529,587,245,222,323,385,55,457,841,16,374,62,446,165,943
142,345,889,54,550,333,482,552,521,269,161,479,926,834,81,401,231,892
646,970,174,947,810,74,0,813,703,142,454,62,845,324,201,445,326,315
78,287,62,634,269,326,144,955,649,280,79,816,142,99,179,848,779,979
813,367,326,142,591,34,336,250,779,457,938,668,141,797,642,87,62,260
723,756,569,681,691,871,971,341,638,779,269,480,816,769,32,943,482,740
142,870,222,269,548,777,285,79,838,428,27,240,911,406,889,568,581,391
107,375,447,56,80,467,326,330,929,113,269,760,62,329,0,636,645,180
810,570,813,472,603,602,62,727,405,703,905,767,517,819,909,854,222,248
795,634,379,256,10,864,142,418,385,146,62,771,340,952,943,482,924,475
142,404,232,783,146,470,62,955,779,746,73,540,526,810,785,632,548,954
494,202,269,354,565,142,165,909,792,977,585,428,62,810,475,326,391,323
820,62,482,763,756,142,25,306,0,205,355,238,288,635,922,810,889,317
16,146,447,466,142,231,97,20,326,28,354,538,697,615,0,746,618,983
269,492,806,106,142,91,61,81,409,728,235,267,294,680,367,628,821,256
323,87,62,269,620,64,646,92,484,79,445,142,165,14,96,571,885,588
575,335,173,864,808,56,377,638,241,146,889,813,305,62,603,121,606,519
646,323,124,756,62,269,514,457,626,797,443,387,783,810,842,971,889,245
62,975,157,746,542,813,854,960,793,830,180,348,889,429,931,533,865,184
20,62,215,448,161,972,118,617,323,102,779,171,480,207,873,269,797,434
144,241,977,782,62,514,881,87,883,295,926,960,323,16,482,10,142,480
33,746,175,287,62,87,984,118,275,77,756,326,81,155,724,466,779,889
142,323,165,451,770,222,269,870,775,889,196,144,73,909,980,15,751,260
24,889,142,643,277,445,0,565,259,514,166,792,970,675,85,323,269,62
179,62,201,142,578,659,608,810,588,921,730,783,87,335,348,937,70,147
983,79,52,412,526,775,647,40,16,466,905,404,62,581,619,447,730,746
62,886,756,56,166,938,884,881,514,104,194,955,146,326,323,810,72,324
854,278,138,764,746,142,581,810,111,813,699,303,660,684,204,16,269,252
752,99,291,769,451,821,681,323,651,193,53,467,294,191,480,890,142,222
62,813,681,14,670,416,712,16,492,182,313,69,407,159,645,571,935,780
553,480,983,790,62,447,106,57,838,204,292,458,269,756,294,783,954,118
482,427,632,345,222,472,533,871,837,800,664,61,142,504,668,902,726,409
810,144,457,133,421,482,533,885,966,281,938,26,695,671,876,790,566,556
871,59,491,165,81,142,700,982,497,742,480,354,889,50,695,185,14,743
62,209,942,43,963,534,692,142,760,445,68,865,756,663,982,109,704,357
29,409,327,445,499,413,62,16,76,323,326,158,533,348,384,570,763,467
950,62,743,440,155,438,571,569,840,216,796,67,969,26,620,482,905,261
142,177,689,79,792,889,116,91,860,223,835,831,326,646,300,281,52,819
950,785,810,876,197,399,16,526,323,165,546,838,482,492,897,79,983,620
269,98,17,557,918,56,55,46,480,441,222,323,556,281,16,682,790,44
5,10,323,142,382,977,256,959,954,786,203,864,84,62,693,475,479,32
61,767,332,142,810,340,240,405,114,79,919,245,354,371,182,62,797,974
459,142,807,706,399,291,444,367,838,752,62,299,480,680,146,714,503,918
634,360,98,541,507,781,979,821,142,519,480,16,405,357,482,119,375,145
385,889,684,606,46,146,240,514,354,84,142,891,728,426,89,231,375,222
646,977,323,634,889,479,475,0,813,692,105,142,605,10,269,279,695,535
534,548,689,92,222,693,664,447,142,625,302,62,977,719,0,482,16,517
605,875,703,92,146,480,457,602,868,340,563,323,790,889,172,541,445,19
776,516,751,115,142,62,330,952,569,789,247,648,323,332,514,564,15,602
142,470,401,881,620,133,194,143,425,0,521,20,440,573,891,889,452,414
333,285,146,257,142,356,447,16,889,657,62,782,108,256,165,752,323,217
952,413,79,889,892,529,87,794,166,695,348,810,746,52,111,643,555,144
879,523,479,482,421,892,533,681,62,208,921,711,602,441,16,89,689,119
165,647,142,494,535,529,323,118,187,443,16,62,940,610,782,409,805,88
166,820,452,62,552,948,792,79,756,326,569,37,56,482,378,87,779,656
326,240,680,468,955,714,879,97,821,35,32,581,983,947,215,499,323,324
204,475,482,604,26,903,499,684,450,231,62,374,127,296,222,501,523,287
323,3,756,82,174,853,142,375,573,62,118,81,468,969,348,723,151,21
631,199,294,512,782,445,269,350,864,645,781,12,648,647,62,548,142,8
488,119,29,785,906,209,756,62,907,680,78,384,672,935,814,275,947,492
669,291,38,702,146,222,29,305,790,120,639,620,930,144,62,638,300,689
642,220,24,49,760,904,561,62,482,133,813,795,859,245,187,384,865,11
14,142,422,565,165,256,62,864,47,433,324,326,374,672,756,327,926,892
548,340,26,533,752,56,677,245,251,812,107,904,142,62,656,754,160,163
727,445,889,681,544,746,231,66,408,618,62,166,748,326,546,557,482,810
892,124,208,297,369,970,142,838,62,840,311,628,222,875,9,59,63,91
722,885,497,324,326,165,32,713,184,3,142,501,977,621,256,955,799,943
43,341,750,981,445,339,969,638,165,414,144,889,853,326,792,954,668,97
166,950,245,492,270,197,125,798,445,875,61,446,315,323,947,482,783,515
142,335,559,479,537,645,375,152,165,324,20,756,813,482,62,0,282,620
165,689,268,222,142,68,65,300,452,429,621,70,645,73,466,16,810,189
39,889,165,592,756,810,618,62,892,256,260,599,261,791,542,233,222,142
919,447,889,955,62,170,673,103,762,482,821,782,289,92,692,754,269,728
660,62,889,645,969,688,822,809,16,142,695,117,399,277,326,165,155,745
62,493,16,480,91,838,414,56,728,135,33,97,630,124,338,492,4,291
695,62,577,19,813,142,756,218,762,854,892,815,257,311,354,615,208,472
142,551,552,813,323,912,166,789,269,898,222,138,565,212,478,654,409,925
410,142,722,76,475,889,54,62,16,237,392,83,165,279,536,810,135,338
359,746,913,62,260,620,23,323,910,838,239,142,817,559,596,308,16,161
91,62,157,882,813,544,469,79,823,58,142,615,956,915,118,799,98,291
62,55,509,648,142,194,864,813,410,99,202,326,315,467,548,291,977,16
269,460,746,797,969,976,695,62,954,403,704,475,151,129,930,959,79,406
81,142,889,207,187,179,434,629,645,5,62,893,509,64,307,16,326,197
779,447,86,482,813,533,48,351,602,326,303,449,903,765,45,142,384,445
823,947,142,283,598,180,269,756,463,62,710,896,88,165,727,646,931,875
277,326,467,146,588,754,514,566,415,457,480,151,644,681,248,61,168,356
684,91,92,42,628,809,326,431,864,703,45,889,149,831,287,467,501,62
323,838,813,695,874,618,218,650,578,707,447,281,165,598,269,573,305,142
91,321,977,121,222,142,480,56,326,53,466,752,414,76,741,445,854,596
359,441,10,9,480,854,875,798,142,680,62,341,478,146,457,194,722,956
874,405,596,791,623,261,142,645,603,921,775,670,62,884,410,116,87,682
892,901,62,786,165,323,501,756,351,319,744,909,943,957,801,546,792,789
175,142,222,451,968,853,597,79,62,295,581,155,445,174,755,173,969,620
842,248,142,445,62,480,695,559,915,600,495,409,930,425,917,323,960,259
354,492,0,31,62,135,917,295,946,931,448,963,16,323,889,192,256,863
550,428,453,840,46,790,783,801,142,62,130,16,276,286,585,853,961,87
301,882,482,611,142,569,87,409,183,473,396,446,452,475,486,477,99,596
879,240,300,222,81,16,445,568,514,659,269,166,291,633,142,813,115,133
548,482,928,408,269,87,288,142,171,16,265,975,748,487,62,324,977,689
979,795,404,56,821,756,33,924,414,410,569,409,269,859,516,142,495,521
142,144,576,62,87,222,381,983,323,892,46,445,550,68,889,219,237,345
960,709,269,245,889,70,820,406,142,467,322,482,14,566,648,174,53,54
950,62,177,508,677,230,341,495,843,662,476,482,478,295,245,585,402,266
51,61,92,550,810,381,892,646,375,572,482,475,929,756,294,176,221,406
20,2,889,269,142,779,482,358,695,93,409,807,65,756,222,413,354,121
821,495,813,508,142,669,954,468,305,137,326,480,62,835,465,56,112,881
932,776,889,628,697,581,648,638,216,269,65,143,147,516,16,625,261,324
778,142,703,528,957,62,921,10,482,269,756,492,837,836,972,251,406,357
533,892,509,384,142,91,913,508,445,331,767,872,780,479,910,522,222,165
326,585,10,165,269,482,317,728,877,892,552,3,746,64,889,730,35,248
577,429,20,749,960,146,938,142,514,767,161,250,797,706,581,480,447,62
28,62,269,840,329,940,421,146,935,392,598,133,779,559,982,248,151,727
775,16,414,165,779,949,733,326,340,824,279,526,269,331,62,914,143,146
552,351,523,612,581,52,485,568,43,16,668,323,237,142,657,790,482,922
79,62,810,321,876,559,8,165,926,534,245,376,81,412,87,179,142,859
550,668,323,165,669,222,549,491,472,93,972,875,889,684,151,551,119,627
151,649,881,396,867,560,892,322,403,969,18,62,885,783,110,889,870,291
579,445,865,596,909,851,62,198,269,49,681,182,406,170,240,733,817,854
491,62,46,142,822,323,963,96,330,165,120,765,515,260,17,813,772,234
50,62,142,351,609,533,417,330,15,295,357,676,695,482,860,405,323,604
62,514,445,599,606,191,853,659,756,592,628,184,482,51,146,875,590,569
106,173,763,369,983,62,291,310,703,714,165,364,966,689,374,273,270,245
634,142,144,16,810,62,535,779,596,952,660,197,605,597,133,946,194,480
374,195,323,174,549,759,874,163,810,578,146,142,357,294,560,809,582,482
178,0,471,813,457,62,447,323,726,331,43,602,385,850,405,783,533,499
142,569,146,16,188,497,26,480,641,434,62,83,919,59,31,910,703,861
167,44,445,354,184,222,62,695,813,213,65,797,864,889,275,92,979,25
329,962,79,585,369,813,197,638,51,142,843,838,269,652,266,533,323,360
756,90,89,809,695,311,165,926,515,845,161,162,233,87,918,577,326,16
142,898,174,662,35,874,354,557,738,846,918,57,983,551,434,957,445,62
84,72,376,89,810,83,835,296,759,955,40,668,480,142,269,738,323,33
870,637,310,269,668,810,202,248,977,85,56,909,16,170,493,62,221,855
790,526,142,697,445,928,73,909,118,139,813,480,255,475,440,326,324,918
326,142,480,440,62,748,81,565,769,165,254,781,188,571,645,595,60,129
854,165,295,396,106,445,718,7,892,763,770,810,89,329,492,332,323,976
340,142,779,421,519,358,79,943,447,703,174,167,369,57,193,889,441,144
323,56,797,269,300,475,728,291,176,681,441,620,606,146,283,829,952,718
765,955,447,151,87,576,733,26,957,142,326,864,70,194,695,323,445,15
813,222,756,438,695,91,142,863,135,60,977,165,637,269,85,668,74,588
656,325,730,115,850,806,460,887,739,341,289,172,475,16,480,733,409,708
756,142,786,77,62,544,241,746,384,581,846,269,79,445,421,388,392,492
875,889,196,457,901,142,52,566,480,924,983,194,493,17,494,32,628,482
879,144,332,142,727,765,269,62,405,667,595,263,983,32,358,375,482,943
445,62,341,775,875,924,82,118,699,215,165,963,326,269,890,357,260,682
135,335,800,668,700,324,963,62,401,480,53,148,537,675,173,881,348,626
462,480,270,217,810,62,232,756,806,97,785,638,240,644,155,977,509,146
706,0,106,889,535,366,737,326,943,641,193,434,295,480,585,445,533,482
738,49,928,428,963,16,179,445,548,165,142,750,875,813,889,68,581,71
142,857,648,756,619,810,695,531,62,323,133,864,440,792,740,669,329,678
63,666,612,596,62,645,843,299,529,952,14,507,79,142,70,324,330,813
45,813,295,142,797,404,492,585,763,938,0,924,62,87,165,286,637,447
62,580,931,756,849,969,560,326,302,41,818,546,409,142,603,56,535,868
570,113,174,886,142,306,770,310,231,215,868,340,539,588,91,289,809,375
326,465,514,757,436,151,62,153,499,84,929,269,61,509,690,872,602,912
323,261,16,8,96,0,756,212,813,62,913,977,326,142,149,445,218,938
824,222,196,577,115,681,0,694,414,402,323,733,863,142,62,108,548,612
62,491,305,864,756,964,733,483,273,979,154,438,810,142,475,16,645,326
832,652,345,838,964,756,209,947,269,62,634,135,797,918,228,48,691,148
143,16,719,515,343,853,142,253,294,62,669,445,91,1,889,482,317,109
621,550,142,937,955,452,740,91,335,146,641,221,60,151,222,165,982,909
779,139,581,326,62,790,482,472,405,409,91,781,142,429,412,748,533,295
64,718,62,48,16,852,972,895,447,579,269,323,581,78,326,691,165,587
873,377,202,91,499,509,637,62,472,634,504,729,209,142,771,457,164,291
398,445,440,810,777,184,521,653,175,708,207,46,892,62,756,627,323,832
166,168,377,62,638,142,447,311,809,106,110,756,902,728,144,889,501,98
135,648,109,655,924,151,167,222,853,52,142,505,734,482,323,754,727,868
300,874,16,858,927,62,240,160,58,881,326,694,324,707,925,582,345,816
323,684,889,324,142,756,732,33,813,16,209,722,779,977,629,31,742,62
712,136,918,440,147,889,142,588,390,853,10,424,546,476,782,449,811,191
282,261,16,963,826,458,62,835,889,184,326,45,142,681,24,482,332,378
663,424,104,889,469,977,177,297,467,269,62,142,340,682,533,903,528,935
756,91,951,16,819,269,640,681,533,153,326,844,285,288,99,827,329,775
864,504,323,772,285,634,983,62,514,829,703,412,466,813,269,447,875,810
853,475,300,336,695,775,548,265,480,618,797,921,762,241,345,232,335,748
448,970,62,681,144,447,308,142,64,482,756,93,113,859,472,821,56,533
97,295,606,188,482,704,446,222,615,836,756,958,837,165,613,81,821,363
756,865,634,875,659,806,142,952,480,55,165,507,447,231,495,445,478,940
790,705,35,809,592,62,326,979,241,886,749,509,406,142,618,276,758,300
753,62,482,81,955,158,165,546,634,294,702,287,220,297,323,523,56,558
305,142,881,492,779,810,756,814,409,323,738,868,581,926,482,728,710,605
279,66,56,142,300,797,218,62,875,287,615,886,571,271,567,533,820,573
323,935,119,68,559,762,482,646,222,142,848,269,62,315,0,56,639,189
871,142,634,378,648,24,323,287,597,276,104,480,62,756,135,338,606,16
581,824,447,587,813,338,142,482,146,977,404,669,797,585,480,429,165,756
769,695,703,141,689,757,144,169,733,875,451,501,16,759,738,201,473,653
355,16,446,810,51,332,821,165,323,142,62,946,522,859,684,672,325,326
818,301,781,700,977,326,586,956,1,142,61,265,62,823,783,133,695,656
840,370,703,613,643,798,62,142,68,620,799,797,16,269,58,845,154,1
722,930,557,521,484,323,778,16,166,779,52,765,256,88,770,892,142,21
269,952,926,652,62,142,615,591,821,977,899,647,366,11,880,21,691,809
323,247,384,703,81,943,62,475,923,142,821,222,892,282,287,524,770,864
889,243,518,287,17,165,558,260,323,465,576,52,385,538,924,16,142,953
323,144,269,482,909,772,496,445,62,596,668,376,775,116,157,326,728,52
689,142,786,648,326,87,748,438,56,62,241,106,256,514,576,728,699,165
70,89,790,635,165,326,641,376,746,287,960,38,748,627,31,880,977,154
332,512,62,903,480,142,451,558,689,103,295,447,682,886,16,628,643,810
222,375,782,62,142,452,16,34,695,635,409,289,88,4,144,165,111,146
164,62,143,10,142,718,545,779,297,56,3,35,141,326,374,746,308,673
955,16,467,300,482,808,457,756,445,446,142,222,657,248,123,62,861,297
62,587,16,526,326,19,649,455,222,238,178,756,67,369,885,173,714,203
209,754,756,645,89,853,142,792,905,785,802,810,475,620,159,795,513,695
165,467,983,514,922,326,218,636,87,659,62,324,779,597,977,330,166,931
441,146,852,122,142,651,62,43,675,26,299,813,889,780,135,770,16,446
142,10,120,79,704,772,62,972,652,482,813,738,680,92,794,424,174,548
465,281,637,782,16,333,338,323,445,259,695,142,59,127,440,533,62,977
392,356,444,62,38,550,907,79,0,106,632,653,12,834,792,343,587,790
475,222,157,668,889,447,70,233,842,558,460,457,269,821,728,790,16,813
588,62,781,969,283,480,43,77,796,514,779,296,16,627,982,890,903,844
565,348,253,2,687,691,379,406,165,227,188,559,659,637,239,480,282,514
615,62,681,133,294,512,560,909,482,52,87,94,772,364,406,390,97,579
281,146,467,62,646,909,290,326,821,323,620,934,482,638,311,816,210,671
68,269,56,761,559,863,850,752,142,779,62,245,792,648,216,186,576,889
109,947,641,261,53,12,267,269,977,16,58,681,482,722,668,550,165,598
169,14,548,125,498,99,482,142,582,410,323,929,492,666,651,330,813,558
29,864,569,139,92,56,91,836,480,62,142,37,953,267,16,440,875,195
842,685,901,618,222,447,537,898,979,159,134,315,146,106,703,167,179,943
475,297,803,656,673,921,142,747,950,62,834,760,917,157,482,533,474,324
507,326,46,662,16,155,875,692,186,639,931,62,118,165,70,703,790,861
269,164,257,821,506,165,354,23,235,668,62,482,900,548,514,142,480,110
947,329,62,860,143,445,87,508,585,142,740,92,756,526,326,390,273,668
571,643,409,653,874,29,73,62,371,245,631,801,892,142,593,50,850,326
330,432,813,142,599,445,410,101,748,562,165,779,905,338,571,480,802,87
659,716,78,729,277,161,260,142,217,370,963,312,16,943,556,769,708,491
135,645,269,277,475,480,62,545,810,142,323,642,189,668,783,821,50,971
905,142,742,889,633,165,180,291,664,903,703,585,714,865,853,140,21,610
160,748,297,106,770,445,362,226,142,222,91,62,191,482,909,165,405,929
445,861,274,98,546,447,62,547,810,768,372,163,484,808,142,236,43,87
142,16,482,556,96,269,155,905,627,935,136,97,853,76,19,174,566,396
329,634,144,482,618,681,872,62,478,126,752,691,146,250,862,142,480,821
332,864,62,217,269,627,780,301,779,810,732,91,578,151,728,809,21,821
62,845,53,87,646,690,645,297,143,340,831,149,223,669,222,115,23,231
133,728,522,606,870,191,58,174,127,16,756,889,375,851,631,270,732,969
969,533,943,482,624,296,786,84,670,918,480,780,146,142,414,14,447,905
142,282,222,663,260,810,296,597,381,852,83,561,146,165,645,970,720,789
803,695,20,33,110,142,495,144,627,706,318,173,11,246,674,472,412,56
269,54,451,810,569,472,813,218,155,184,821,245,7,744,342,142,62,711
16,326,890,207,92,952,829,87,151,969,323,341,751,144,367,62,34,248
142,783,813,62,255,922,844,689,969,927,480,695,845,144,16,207,130,595
118,155,53,236,790,789,820,98,482,521,518,628,323,852,0,41,247,401
385,951,326,756,130,482,354,713,909,165,323,62,880,837,568,786,629,828
62,697,7,872,681,274,570,221,165,323,16,230,5,488,813,387,984,613
326,219,668,644,269,241,142,681,542,151,16,229,445,779,204,472,605,144
695,547,62,193,79,924,814,197,142,479,897,772,32,756,783,16,77,703
7,142,889,445,810,840,585,629,559,864,983,932,151,605,522,354,81,0
817,618,909,645,1,127,756,154,62,794,452,807,441,821,205,405,142,269
633,323,416,797,146,718,475,909,62,887,142,877,251,675,786,523,165,384
643,304,810,326,695,323,106,640,155,190,142,588,166,468,950,702,969,353
16,482,821,416,383,409,889,142,831,900,952,240,875,323,643,465,62,475
756,514,255,821,4,405,864,917,585,733,979,668,315,615,889,746,952,598
628,726,16,326,785,330,595,565,87,521,422,269,329,62,222,56,479,890
918,725,87,484,291,323,781,889,556,756,832,142,482,569,166,178,326,892
379,151,754,342,11,786,772,802,373,178,62,444,482,402,809,859,927,330
142,921,245,448,62,666,326,133,900,275,95,258,950,269,222,441,445,966
854,690,818,192,410,700,799,837,326,588,533,681,165,952,209,425,638,62
170,167,843,264,90,907,979,482,269,918,260,473,668,772,909,695,142,732
323,958,823,132,871,864,49,62,380,681,54,412,324,853,513,93,484,182
354,338,664,16,194,565,681,421,889,509,605,62,813,142,854,320,687,502
762,482,1,648,335,79,269,375,552,326,492,789,184,411,80,235,581,291
23,539,645,142,696,440,144,119,79,577,445,475,323,103,62,864,533,810
425,62,482,628,281,236,982,323,765,172,58,716,746,142,287,215,445,269
638,889,864,62,150,492,515,260,444,551,732,736,216,874,131,27,639,579
465,508,969,312,895,344,323,142,953,783,893,559,10,422,618,587,700,0
355,929,634,813,196,16,378,367,142,62,160,937,938,706,23,663,565,768
706,480,560,445,269,222,631,62,727,100,308,949,859,581,813,0,202,593
977,738,955,184,790,733,678,142,326,358,340,638,875,909,62,323,261,697
16,142,368,62,748,84,248,508,728,264,828,944,514,885,144,889,323,326
222,70,142,711,33,821,326,723,492,25,16,682,810,304,62,315,573,687
115,344,776,497,666,23,73,62,983,495,269,195,288,139,142,695,215,682
166,810,62,684,482,248,326,142,144,687,814,622,414,404,733,706,245,72
668,194,16,766,51,952,881,142,756,696,828,781,56,447,681,482,595,73
832,445,222,406,629,810,62,695,482,852,792,762,821,790,475,756,785,923
295,238,341,56,482,16,197,157,142,959,956,433,696,9,813,386,871,678
956,260,424,657,449,812,671,492,810,269,200,951,756,13,827,142,813,871
142,323,155,813,324,636,78,56,593,507,445,699,338,391,754,186,173,73
587,165,750,813,175,695,482,333,142,0,581,757,889,477,567,723,895,324
718,295,203,695,152,482,790,492,927,234,456,533,480,892,762,341,645,390
16,79,952,832,629,62,109,908,864,447,222,260,475,69,269,27,548,267
949,445,480,323,875,203,482,326,217,977,585,955,133,790,210,16,5,647
324,269,326,636,144,318,691,693,68,142,523,892,396,284,261,788,648,779
222,142,294,323,889,62,209,442,73,821,843,269,828,634,590,638,609,810
409,620,231,165,427,16,452,56,756,743,405,703,364,889,875,269,230,374
603,144,958,151,442,178,142,245,383,62,810,514,324,16,858,638,337,748
62,569,56,100,243,751,142,746,603,552,668,315,367,47,89,73,151,813
870,209,62,381,475,26,269,695,142,582,611,702,299,0,199,765,255,305
8,62,16,146,68,501,291,287,514,648,157,325,217,929,348,294,771,487
947,326,889,983,2,881,363,785,447,122,631,732,948,538,613,62,230,979
111,142,499,889,740,779,236,929,62,934,289,0,204,585,706,35,447,406
79,785,370,142,245,819,681,62,728,955,916,738,533,983,889,943,25,482
810,634,248,766,779,179,904,323,480,62,645,151,338,142,482,70,245,374
16,641,695,636,260,438,756,267,566,977,223,142,273,392,615,840,570,480
865,837,146,442,547,196,733,445,60,61,569,332,523,78,324,137,46,222
447,858,243,902,165,546,889,765,142,370,58,619,977,62,304,146,756,541
347,634,508,963,268,482,492,868,160,889,653,768,457,475,62,319,142,777
791,864,112,30,835,514,909,62,376,810,428,952,324,982,672,269,929,668
480,81,323,445,131,324,269,62,371,233,142,449,165,450,790,225,245,106
102,588,537,881,785,810,142,241,277,703,319,779,977,874,851,144,862,935
44,358,137,690,938,730,165,326,142,582,194,813,368,118,722,924,977,743
493,890,62,938,506,814,728,960,590,889,152,979,365,64,790,598,765,142
62,445,387,893,298,361,228,909,889,66,523,142,532,323,703,943,371,927
165,603,586,451,335,950,258,39,155,910,265,144,581,21,756,695,932,378
142,656,62,779,508,501,634,642,580,165,60,49,889,16,79,58,955,827
724,810,756,977,947,142,569,23,350,581,890,62,323,326,506,779,625,420
514,577,790,868,634,813,810,728,918,440,649,326,672,323,699,173,791,199
643,533,144,892,232,385,613,853,405,56,44,482,813,628,943,886,222,652
480,16,142,369,790,245,62,700,635,800,297,881,19,810,596,323,875,177
809,90,222,50,351,592,131,816,533,335,656,269,756,864,152,495,150,900
142,155,952,846,445,222,127,272,150,514,813,810,915,323,833,62,195,147
947,585,744,358,892,62,27,273,727,603,695,971,889,269,533,144,118,104
809,620,50,151,410,409,353,304,829,756,602,319,514,497,109,287,277,142
453,142,889,845,445,164,83,749,814,295,49,559,794,720,813,222,323,457
224,222,446,601,677,712,353,793,934,324,87,756,269,548,445,281,165,814
62,142,323,689,779,61,747,445,789,137,340,270,223,910,628,559,14,728
269,782,482,33,440,170,102,50,477,142,295,96,236,14,62,100,165,515
135,56,339,42,142,627,35,174,14,668,419,269,57,401,471,633,909,21
326,979,842,62,333,933,816,779,16,10,838,486,850,634,323,376,568,482
644,830,929,53,84,475,676,142,645,445,312,797,406,87,157,597,779,947
684,794,343,513,142,326,533,792,790,331,16,72,261,345,323,62,689,478
129,299,751,78,323,28,977,440,165,379,23,256,452,234,316,492,141,330
905,613,806,810,191,353,375,142,16,28,33,440,73,62,918,548,898,549
668,240,740,938,146,587,447,892,977,841,730,414,773,756,875,889,648,406
480,326,921,882,841,323,581,468,222,821,381,20,947,872,295,779,977,214
632,297,151,273,790,133,911,885,283,445,326,845,552,977,618,714,472,323
480,186,155,330,32,662,687,700,323,62,142,634,850,21,684,782,889,864
351,747,296,146,115,762,551,706,445,751,826,247,536,62,16,475,583,918
166,165,313,818,142,758,260,176,963,409,274,480,777,346,428,43,439,62
469,89,16,718,218,588,142,681,975,184,62,92,392,446,974,374,648,79
447,658,146,615,290,36,0,142,684,329,728,424,902,779,269,680,234,689
142,756,695,523,338,868,62,282,243,824,379,526,581,182,780,440,34,889
681,561,472,850,557,934,756,764,889,514,58,492,62,102,952,222,118,813
445,610,558,898,602,781,305,303,197,810,460,62,130,61,326,983,172,417
916,62,179,55,482,256,142,846,546,165,968,167,41,844,714,378,781,379
338,466,62,468,704,585,501,9,948,123,68,448,889,278,457,437,881,644
452,530,742,165,955,62,779,937,499,810,962,187,303,983,746,482,695,299
56,522,889,680,821,870,133,761,875,810,16,295,338,110,857,245,350,323
924,558,152,809,323,265,78,880,409,269,767,889,681,392,596,585,847,287
99,559,983,574,54,889,269,521,437,115,621,790,390,688,142,326,62,843
492,875,62,42,828,871,645,265,684,571,813,165,480,889,142,790,903,885
526,983,791,695,652,889,818,979,142,615,482,672,756,828,977,972,550,269
867,820,977,881,16,950,691,235,68,697,956,690,174,91,648,334,203,957
16,62,133,813,621,766,533,245,890,344,977,151,712,91,142,369,837,346
687,732,109,222,300,958,618,79,189,182,145,151,165,894,792,670,784,756
889,222,81,962,522,165,323,82,426,695,62,894,795,120,58,565,864,730
269,447,173,230,100,832,103,62,593,16,756,223,184,45,821,892,843,537
345,834,98,295,62,142,406,732,323,172,865,346,781,5,480,278,514,702
269,915,222,813,492,163,797,550,751,693,445,860,760,457,558,585,681,296
451,430,521,480,846,810,792,482,619,419,581,467,671,323,976,490,515,92
305,165,475,161,82,143,45,881,515,273,173,211,269,222,457,668,979,578
222,142,747,62,163,533,581,797,553,254,756,482,333,546,810,811,269,931
556,440,62,970,289,196,809,207,712,14,875,514,907,50,698,376,789,321
784,756,341,871,323,645,447,636,525,875,213,16,108,846,695,142,495,344
810,362,83,445,734,62,958,447,142,165,335,684,730,533,668,325,695,637
146,405,209,681,279,133,159,792,813,756,497,114,142,269,62,385,926,482
142,703,495,56,323,294,33,290,440,646,668,526,311,302,826,357,62,765
256,339,142,564,222,62,809,533,188,14,348,231,790,440,390,681,209,958
384,209,470,779,38,524,62,445,638,879,323,515,142,732,691,302,700,482
494,503,62,142,326,832,16,699,854,726,629,423,774,278,613,405,738,887
788,323,438,977,796,969,669,455,62,942,326,955,161,538,881,174,468,482
909,269,446,813,615,92,541,295,782,82,434,942,762,71,480,16,33,533
695,17,142,87,480,808,741,853,261,604,593,324,514,345,363,344,431,62
163,81,853,889,492,801,14,810,43,941,161,142,222,480,977,445,542,723
16,743,663,326,142,482,284,691,192,545,89,222,821,357,416,299,864,889
480,142,809,498,384,324,909,91,492,813,87,514,932,915,70,412,587,924
873,808,949,226,323,728,643,739,958,829,348,62,144,840,319,142,16,480
934,793,889,16,684,326,590,323,482,931,142,451,947,832,805,372,269,770
813,150,892,226,950,228,398,391,762,323,955,303,795,142,581,565,482,906
114,558,743,648,445,813,508,613,300,142,733,227,332,94,447,457,938,165
889,783,345,62,93,908,213,566,501,405,743,780,729,631,269,323,70,756
360,142,154,250,133,315,62,653,618,345,482,222,546,445,875,291,955,550
146,62,752,810,954,245,794,678,462,326,119,149,579,142,971,853,947,132
142,326,87,810,269,765,288,245,804,950,61,1,634,157,645,367,514,533
711,222,631,809,44,742,775,957,62,305,480,810,982,146,703,583,217,144
889,79,222,144,300,680,165,16,669,668,853,62,162,789,864,588,207,198
701,68,628,748,335,209,820,184,90,691,194,105,546,457,581,329,620,195
106,166,941,62,495,573,597,275,889,324,688,703,1,643,251,168,447,886
447,62,732,523,142,269,907,705,913,151,786,291,285,626,977,578,826,617
417,222,405,302,0,165,712,876,813,409,392,62,142,21,25,87,668,533
480,929,269,696,263,62,16,15,802,300,91,428,342,392,977,967,142,876
326,201,62,330,204,89,428,400,805,142,914,92,618,514,892,16,248,681
881,155,302,62,91,460,354,177,165,269,672,667,558,606,61,80,89,197
26,44,482,900,142,875,480,788,32,297,324,529,290,379,409,691,693,938
703,142,76,374,62,98,144,367,509,770,542,209,884,447,102,575,264,466
733,821,240,62,146,326,875,212,68,864,428,791,151,323,419,26,485,118
323,501,482,712,877,850,20,275,639,5,634,269,935,982,142,966,214,949
16,146,442,321,269,587,854,889,144,875,297,476,142,11,62,762,571,445
593,786,421,142,892,862,165,756,108,323,977,146,871,326,475,928,60,875
142,56,323,16,326,106,261,728,783,218,878,213,889,468,165,409,62,756
48,796,396,237,784,76,323,91,947,445,566,514,26,881,634,326,955,62
324,422,615,482,62,620,323,142,779,17,681,91,645,586,809,79,15,299
333,440,765,854,963,235,892,600,779,813,62,16,89,326,944,756,146,56
354,134,62,329,115,16,606,464,323,795,569,447,790,326,241,693,119,207
508,16,401,822,227,291,973,615,613,133,703,492,95,881,952,27,821,177
16,533,889,174,83,645,718,245,751,811,87,324,860,457,62,396,3,142
482,348,123,326,142,410,101,645,479,78,297,55,161,966,644,515,440,821
300,929,16,269,341,779,23,476,763,937,447,668,606,617,248,756,315,52
724,240,16,79,473,480,727,775,947,813,786,447,445,62,617,334,644,650
921,952,930,578,837,245,675,326,378,49,320,813,305,21,569,480,62,118
649,337,585,300,142,10,404,781,222,326,480,804,890,410,961,186,362,821
668,1,315,338,113,523,142,783,324,813,279,282,269,354,62,341,492,810
834,222,908,142,16,422,797,823,451,614,62,428,959,482,556,220,89,931
146,450,165,106,808,430,823,144,931,18,155,357,307,696,340,695,142,494
756,375,934,222,142,875,775,484,308,783,401,779,889,482,872,326,62,179
222,703,191,87,300,151,527,404,264,62,533,323,229,165,765,681,289,903
732,323,559,832,260,773,873,62,295,600,344,632,874,142,315,890,495,91
324,728,354,440,142,695,832,16,113,529,568,88,676,943,245,418,759,62
421,146,287,445,573,419,585,100,16,808,295,963,326,309,260,142,658,606
898,627,695,118,62,451,410,558,218,142,598,548,91,87,323,412,889,10
438,261,792,566,581,132,277,230,428,502,165,80,848,892,20,219,862,5
142,62,14,84,480,875,494,813,323,903,899,445,473,615,95,949,668,837
142,558,572,914,62,482,695,707,495,546,27,222,422,581,918,636,660,671
351,628,794,960,323,62,241,294,116,482,662,139,565,326,559,174,659,582
526,732,710,62,693,889,793,20,240,144,466,733,319,816,854,438,809,632
20,14,97,732,445,821,268,296,475,89,551,323,315,144,634,676,557,294
164,792,641,724,646,267,297,326,142,669,0,659,276,447,983,821,222,114
756,269,484,367,646,513,405,652,482,943,809,32,285,615,633,56,318,984
142,573,357,269,824,106,323,713,335,457,423,193,703,413,25,16,405,970
533,726,323,62,453,183,636,47,269,344,29,163,480,175,142,287,850,26
275,669,62,269,794,756,862,889,142,533,761,871,332,632,546,482,181,938
856,879,728,56,406,977,295,329,62,297,439,750,222,507,969,943,323,393
142,144,377,952,166,813,934,892,453,756,681,10,977,567,269,762,648,300
970,627,144,142,910,695,909,967,26,154,889,445,854,269,207,292,496,533
131,487,227,300,180,142,689,983,875,269,790,351,346,396,380,56,560,62
579,102,62,222,316,315,269,290,210,926,151,797,282,813,438,89,475,87
144,842,559,326,62,354,813,451,292,33,798,764,789,235,734,881,392,719
922,60,581,316,326,514,732,761,142,952,10,523,222,727,14,457,335,269
681,147,44,142,165,857,866,475,615,621,482,319,952,869,875,326,756,374
644,445,516,854,360,533,17,16,977,150,617,813,905,702,248,581,430,514
585,781,324,480,169,893,166,182,515,142,526,273,765,165,43,517,133,668
969,235,795,379,157,55,977,187,909,250,142,756,588,761,62,75,702,627
151,222,433,161,798,457,179,810,895,17,142,643,597,948,62,405,55,316
719,326,142,816,330,379,56,722,780,204,575,790,503,900,242,405,739,451
516,16,142,295,781,367,699,703,289,821,853,14,733,457,918,87,675,924
849,831,385,12,752,74,648,552,29,526,451,979,926,838,810,562,501,168
16,695,843,62,645,142,708,283,781,222,219,56,322,411,892,323,225,106
99,53,740,323,628,142,813,682,269,70,270,165,144,699,62,586,892,341
62,963,947,931,767,315,780,889,222,448,323,261,695,588,926,64,260,813
142,375,474,266,889,958,33,326,947,369,291,645,533,287,643,157,440,245
596,829,62,881,140,146,405,886,414,279,445,326,16,5,447,142,889,814
695,668,858,173,62,499,374,802,323,892,222,369,790,651,845,445,26,487
32,668,810,695,267,645,375,421,482,438,245,326,949,433,16,889,719,881
142,56,897,832,33,62,748,449,552,813,838,261,8,5,889,905,245,523
864,318,634,618,241,422,963,962,466,87,62,765,146,205,977,900,421,81
516,223,165,16,282,26,297,875,696,52,305,279,56,910,231,892,790,62
118,62,326,718,323,821,875,908,324,628,198,789,533,468,912,550,727,782
188,775,814,852,652,445,470,335,106,935,62,541,779,142,929,323,724,16
69,142,295,62,576,619,764,519,91,164,445,889,478,562,652,441,571,354
724,726,853,813,709,748,695,492,414,62,973,133,560,296,666,143,291,700
144,295,764,813,514,872,892,731,715,62,326,482,836,587,809,142,765,768
134,374,768,327,777,536,354,422,483,627,198,535,174,106,410,570,326,269
824,588,885,62,571,61,703,813,5,515,269,459,196,294,106,947,447,659
174,126,984,33,588,269,222,119,981,824,533,813,281,142,661,62,969,559
854,16,834,650,406,248,583,956,166,533,165,979,323,340,480,222,903,926
277,615,963,760,16,638,641,343,554,723,538,376,727,95,285,62,765,283
314,439,530,384,344,445,488,636,703,49,83,151,247,438,645,889,585,142
779,277,260,222,354,571,269,17,541,383,538,748,467,810,408,536,98,323
559,269,634,142,16,767,445,278,453,315,409,62,977,44,795,56,889,697
892,89,16,670,829,480,146,930,269,649,556,290,142,805,445,344,165,374
62,845,791,324,509,606,329,207,452,581,210,663,430,622,273,701,142,957
795,515,506,977,956,665,585,527,323,419,857,732,551,546,532,509,730,911
407,234,892,81,748,821,316,363,457,16,551,59,36,323,445,38,56,267
666,468,924,906,269,889,712,142,515,526,62,691,475,813,72,514,779,818
387,182,523,921,142,495,172,167,32,261,651,293,895,550,889,179,91,16
62,737,505,777,248,269,475,317,409,79,910,485,457,681,950,241,124,788
703,88,482,60,141,311,668,146,277,684,514,627,62,142,16,758,103,414
588,16,791,846,492,563,634,892,326,821,275,668,146,187,751,935,142,871
492,543,326,48,62,445,810,548,296,142,16,323,34,610,955,294,700,813
480,345,142,559,323,79,963,787,813,620,819,10,553,889,97,746,62,269
320,495,81,89,222,289,146,142,603,300,783,62,668,810,198,409,531,415
62,646,875,409,84,548,905,726,165,372,142,597,445,792,289,16,299,532
335,591,421,405,237,265,792,809,295,983,695,686,434,783,829,790,889,74
473,806,963,892,61,223,977,643,472,142,289,810,63,375,433,191,256,872
482,467,34,767,709,810,453,142,982,55,899,38,637,632,731,759,769,921
142,281,296,482,618,79,392,744,682,161,983,797,889,504,115,938,308,447
326,656,323,340,621,711,921,344,357,142,740,634,969,272,909,15,669,445
0,468,445,62,143,385,564,106,756,634,889,559,682,882,482,871,150,269
462,375,270,452,146,62,351,849,450,588,296,142,245,507,287,269,330,643
813,776,151,15,882,701,62,401,617,941,697,681,911,496,209,542,977,166
16,391,680,445,634,756,907,503,376,495,62,514,75,693,482,964,829,77
326,482,417,829,294,977,813,475,751,166,114,142,922,16,708,23,165,711
14,702,678,204,133,144,482,695,436,348,287,269,909,907,921,95,571,165
191,73,269,546,929,603,23,62,44,289,283,789,261,495,167,854,797,120
445,62,28,533,269,977,482,326,79,648,42,396,591,146,918,717,294,142
173,142,839,120,385,648,176,480,277,627,297,908,427,162,114,931,326,968
18,62,222,506,161,789,780,810,647,245,952,468,173,142,955,762,719,872
947,142,765,612,146,16,955,155,251,323,551,849,516,909,634,414,633,957
445,142,16,222,626,668,62,196,269,482,684,270,883,786,190,357,446,850
765,142,838,433,358,864,706,219,756,716,588,311,62,351,78,529,889,196
755,447,681,269,264,638,0,955,87,813,660,267,445,323,814,634,245,507
161,561,676,204,62,719,16,42,287,182,285,124,78,52,859,813,821,304
62,480,792,679,375,590,672,810,644,969,326,586,695,219,509,142,636,473
143,626,872,935,62,84,812,406,402,134,728,810,482,435,16,864,118,562
538,171,118,943,850,165,843,809,695,627,155,409,183,937,482,261,580,142
142,695,32,733,479,60,332,236,573,85,955,53,790,682,592,746,146,323
816,724,966,445,813,337,52,853,68,378,142,21,406,864,440,955,467,44
606,344,634,785,810,911,5,482,333,405,142,797,58,698,691,832,692,466
558,892,267,222,99,406,56,143,16,323,203,893,581,306,813,142,482,528
816,889,480,116,479,581,890,390,16,142,40,695,120,23,409,977,864,345
905,142,514,668,715,183,62,323,889,824,161,773,709,46,416,326,277,16
790,727,400,62,756,638,95,457,222,142,326,810,0,404,538,146,56,726
87,463,602,569,144,833,782,113,2,405,62,19,142,91,354,865,781,299
864,62,790,523,889,694,323,546,142,70,240,10,480,16,146,703,89,602
844,325,959,326,62,892,348,927,375,748,691,482,879,54,467,338,810,569
142,983,943,50,62,516,56,210,269,696,838,732,977,14,421,671,102,155
135,931,70,585,348,571,62,952,785,323,695,620,53,475,408,222,19,548
326,745,813,269,957,62,675,142,323,407,550,977,222,578,892,106,216,117
445,671,279,468,594,976,142,198,383,862,217,575,62,981,81,338,701,761
602,855,163,445,293,326,849,409,929,721,744,916,144,142,269,832,133,201
440,889,526,222,82,310,467,142,681,947,939,756,798,196,146,269,363,305
142,241,482,411,925,269,524,846,127,581,62,284,338,146,655,89,872,962
853,799,577,928,445,269,52,140,482,165,808,23,879,457,535,620,820,323
62,559,142,91,533,849,864,295,813,348,790,10,687,516,926,484,322,831
56,975,445,269,837,423,699,810,62,684,447,530,889,853,651,335,152,578
599,700,146,516,461,62,668,482,633,202,346,781,326,546,758,378,952,269
62,619,194,16,599,326,471,792,142,864,93,52,852,182,559,488,942,165
672,142,445,969,146,150,716,632,585,866,29,253,326,62,241,591,746,947
329,881,267,813,952,223,62,533,596,790,326,457,639,142,445,196,323,619
146,52,315,639,323,118,482,790,475,418,402,351,460,552,944,62,596,142
810,853,480,142,81,732,143,516,62,592,809,109,645,746,482,87,274,473
142,977,144,53,269,0,813,222,91,154,966,947,125,587,326,756,877,895
286,864,813,31,699,161,269,62,345,703,936,139,91,663,756,742,684,16
561,703,32,810,765,392,68,165,743,508,963,538,790,16,489,896,596,157
94,269,52,567,53,62,632,384,960,492,549,761,522,57,472,238,648,370
385,447,963,292,801,779,579,480,222,16,294,198,482,529,390,540,62,20
142,410,82,695,651,56,332,447,588,326,269,62,184,14,270,935,638,780
99,342,783,405,756,138,468,588,62,323,594,28,21,781,245,622,454,526
695,340,80,784,142,885,62,541,797,955,533,606,700,0,703,907,478,666
445,889,332,296,94,297,695,809,812,584,756,146,68,441,764,165,73,611
323,58,66,269,62,588,152,445,406,971,250,296,282,335,892,659,326,889
405,143,62,410,748,634,834,648,326,26,451,475,142,90,133,406,608,632
432,685,695,346,165,222,70,523,773,533,54,142,813,522,323,726,319,662
714,142,983,794,581,867,882,480,533,372,466,691,881,767,76,786,779,165
875,151,792,745,813,62,323,429,194,548,16,653,409,652,328,14,44,634
681,21,378,144,62,40,43,612,881,478,171,261,569,813,873,255,958,810
407,142,68,345,845,14,889,281,16,533,165,289,684,455,62,386,136,447
926,826,420,410,695,20,390,94,62,618,889,921,731,907,165,345,407,269
835,438,375,695,751,62,202,908,73,733,16,39,739,487,142,668,287,952
16,447,779,211,752,142,84,864,577,79,222,324,121,605,345,56,845,859
16,482,329,821,977,514,889,364,907,136,680,445,909,326,938,204,409,194
645,144,634,837,615,499,151,666,480,16,269,362,668,889,184,482,628,222
336,62,779,196,813,883,16,142,746,354,267,79,171,668,712,752,760,558
390,756,480,733,222,118,617,62,977,16,142,684,914,634,258,704,744,781
27,746,260,477,501,955,62,447,851,571,810,142,951,889,233,841,465,132
648,963,62,447,681,694,569,756,355,959,241,523,291,222,230,106,283,142
133,49,931,907,305,478,109,345,970,54,335,62,265,756,638,480,187,445
16,354,959,650,588,142,889,746,326,389,938,704,537,821,10,222,700,526
832,142,345,16,409,931,977,326,445,602,907,418,630,889,613,521,499,222
348,133,269,32,764,185,681,142,756,401,16,921,779,445,25,813,638,616
375,142,791,224,137,657,338,160,348,969,38,703,16,294,674,409,790,803
447,785,864,779,746,705,91,452,837,79,445,587,222,326,913,269,974,142
62,626,585,728,979,482,707,56,144,968,480,741,889,165,702,422,269,977
832,409,790,868,475,836,521,875,638,813,16,88,592,445,346,151,775,482
62,791,696,565,269,680,881,918,889,523,756,890,533,55,799,813,704,415
810,142,482,969,282,291,905,929,198,773,889,756,617,80,869,764,62,935
899,77,918,79,553,586,982,468,660,736,939,516,165,809,135,130,52,480
837,452,761,221,62,527,330,165,279,813,23,567,405,703,819,844,582,323
957,218,790,649,62,58,637,480,924,142,911,445,255,666,21,424,810,691
853,708,91,800,722,287,15,480,155,611,983,56,38,756,269,591,602,813
621,568,62,146,389,142,509,751,73,119,323,123,756,652,492,828,546,825
837,62,482,16,248,480,142,659,323,351,626,472,657,215,674,728,363,821
269,926,475,142,646,326,62,871,854,364,746,864,165,889,675,492,838,16
300,273,515,523,62,157,913,907,649,837,681,229,379,974,207,813,746,790
5,296,269,469,482,324,94,329,301,411,240,645,56,590,142,536,360,222
512,592,870,222,379,838,323,142,62,218,810,762,581,751,599,215,637,216
578,742,756,897,269,680,503,169,791,134,400,480,765,848,142,236,375,56
