241,961,679,898,760,638,821,581,756,269,260,535,9,62,971,491,746
340,484,581,142,166,297,482,416,56,515,335,790,255,9,215,690,435
62,260,792,170,821,668,517,335,99,275,248,263,810,142,83,661,825
813,294,324,445,56,492,810,849,906,177,41,142,795,269,678,588,482
810,332,844,482,201,796,387,300,40,155,226,326,977,848,761,963,929
821,269,270,503,816,977,838,748,38,586,650,188,569,889,355,707,562
16,222,0,672,937,810,62,165,1,813,558,955,800,898,329,821,737
850,627,10,260,81,56,142,269,77,492,480,765,728,62,218,970,343
929,142,684,907,269,105,817,340,872,839,829,492,690,977,681,682,666
750,821,844,803,241,188,142,254,280,62,556,626,482,835,748,458,816
269,87,482,899,50,29,742,928,62,645,468,378,142,662,335,325,832
653,282,864,814,305,147,62,410,445,432,142,439,106,188,31,931,783
812,618,907,746,149,820,797,28,779,165,482,911,222,326,645,821,445
208,699,684,874,354,142,695,935,808,588,286,87,31,39,52,668,491
99,834,794,982,482,436,179,165,743,495,445,475,810,62,392,770,247
375,581,253,202,316,62,451,100,523,16,79,101,662,453,0,480,300
657,230,14,728,242,142,756,81,691,754,907,489,813,924,209,243,345
638,445,23,62,889,824,237,480,588,269,442,76,326,421,233,86,615
482,445,756,142,62,746,863,17,643,775,556,323,811,175,83,144,819
512,605,165,521,326,528,62,915,485,737,604,808,376,797,499,345,492
491,845,756,650,766,668,581,892,613,445,684,872,961,514,895,165,657
969,689,207,480,783,297,142,445,843,62,155,385,428,323,979,637,482
62,235,384,813,937,836,837,144,676,146,85,87,142,695,494,170,0
186,665,175,267,609,142,445,62,760,296,447,889,756,589,950,183,157
857,281,14,2,108,486,889,634,854,886,326,480,377,167,151,884,548
322,93,266,260,546,533,300,541,142,983,926,81,325,351,368,388,949
53,536,756,62,943,833,52,445,56,983,695,668,959,783,23,628,319
142,775,92,286,282,963,93,612,783,408,460,315,918,14,636,947,924
809,311,728,291,864,269,424,662,62,849,960,16,482,959,876,142,337
746,255,458,666,917,146,170,163,837,977,617,636,378,62,0,165,514
824,445,250,142,537,273,16,638,53,551,295,378,56,956,559,478,977
142,668,58,158,834,305,62,727,853,892,83,482,115,391,480,889,890
943,552,797,333,70,414,146,875,977,269,176,929,55,636,411,649,142
889,779,0,572,911,862,912,87,626,558,718,702,159,636,142,829,748
279,822,947,803,131,921,79,269,445,186,142,324,223,62,825,431,587
975,52,142,447,248,792,278,229,354,678,983,691,240,375,261,695,763
961,412,570,845,955,810,142,326,947,56,269,44,946,300,501,643,827
482,62,718,854,317,581,935,163,56,339,824,732,152,638,765,748,548
353,636,533,587,628,552,61,229,585,303,300,50,516,550,934,634,792
269,430,924,878,947,583,523,188,52,26,326,557,62,981,174,218,323
792,399,776,174,445,595,2,59,283,326,87,741,450,817,575,330,79
333,634,785,637,81,786,746,729,769,808,62,324,419,376,326,269,290
853,142,584,834,409,326,467,934,544,696,161,300,482,756,287,931,751
81,875,61,771,680,62,354,791,447,685,454,975,766,637,212,137,323
62,810,898,44,222,482,756,272,154,600,333,342,16,844,837,634,142
514,20,14,62,738,142,269,552,305,664,766,577,151,16,613,807,518
966,937,643,142,269,299,116,68,828,62,482,295,283,806,790,695,759
330,944,726,329,260,323,62,142,641,630,172,821,668,211,772,301,445
56,62,615,323,409,604,756,326,79,354,907,748,142,921,738,813,747
807,785,482,872,165,132,10,533,558,59,942,628,845,889,114,692,881
472,309,16,372,839,860,142,779,476,850,286,693,0,80,146,14,777
16,699,931,409,345,892,173,95,390,492,323,142,10,62,404,458,952
396,892,146,746,692,975,142,480,323,91,647,681,340,491,326,62,32
795,62,16,835,977,326,165,84,252,961,905,222,447,142,646,445,619
10,677,810,850,118,482,165,62,634,326,681,615,20,295,287,516,466
472,81,443,656,643,95,229,142,533,836,31,144,864,253,782,771,165
756,235,209,573,802,559,281,323,950,245,859,142,801,797,49,507,16
323,765,907,138,512,421,780,174,127,889,261,643,14,639,405,567,937
47,85,16,440,295,138,222,96,837,142,43,165,568,681,62,269,603
891,269,281,17,790,432,445,593,106,703,62,204,326,955,668,709,351
33,269,326,165,340,142,79,62,926,803,633,260,821,245,331,439,795
824,973,280,339,326,162,618,917,165,533,291,256,323,984,757,16,52
165,565,19,16,222,142,744,324,952,409,273,810,378,649,889,756,514
124,323,142,93,918,720,468,702,977,56,41,628,62,650,405,854,291
209,287,962,326,889,813,769,222,241,8,60,645,790,156,62,657,782
198,52,241,740,142,495,688,588,315,756,269,929,256,961,326,262,62
62,410,523,174,94,581,445,269,645,335,480,300,552,207,267,222,248
585,889,813,756,806,550,792,854,790,329,546,139,319,706,62,503,612
950,600,62,837,889,84,451,447,223,164,50,706,338,776,533,161,256
482,881,62,273,306,445,56,142,38,16,613,777,430,295,892,618,810
406,889,203,438,779,947,550,457,10,340,269,32,681,62,299,939,21
702,294,695,428,808,62,279,326,81,779,581,444,33,781,107,740,934
762,222,952,619,323,5,142,379,85,62,594,411,761,326,93,504,947
62,142,376,742,52,287,909,246,368,40,813,888,899,10,33,649,413
142,74,203,67,939,931,578,781,62,269,642,706,975,0,184,445,638
142,41,26,445,338,222,299,621,783,924,276,51,62,5,901,682,38
197,440,142,837,56,645,703,326,456,865,682,603,62,952,329,757,668
62,627,231,486,909,756,60,810,457,848,585,142,33,168,269,61,132
521,900,813,323,790,781,486,62,269,180,944,142,878,233,406,517,909
117,814,834,92,668,889,669,173,765,44,857,261,810,248,467,797,99
269,62,881,240,606,813,734,355,889,430,970,440,977,762,118,756,792
480,62,892,889,16,468,325,482,323,796,918,432,44,81,776,385,326
62,480,695,294,835,149,803,742,665,338,203,56,385,189,663,593,323
482,521,797,732,648,801,222,477,728,16,467,351,668,910,746,575,62
829,896,681,33,621,443,756,117,109,907,889,883,165,377,728,695,268
31,509,326,144,810,452,480,475,477,62,779,681,174,975,756,87,282
432,494,248,700,663,875,52,445,809,695,889,733,843,911,868,585,62
785,222,84,375,612,390,256,551,682,323,733,947,88,33,984,142,92
404,323,405,950,579,699,832,14,439,65,889,959,977,62,628,578,313
644,889,411,68,576,449,197,142,269,799,733,736,445,62,810,505,581
447,615,291,667,281,482,745,326,332,813,321,269,977,627,14,142,56
62,810,241,357,792,326,718,268,323,184,694,482,324,16,816,765,656
810,164,628,323,732,8,62,480,137,653,826,909,445,133,218,142,185
257,579,154,445,217,294,67,681,522,621,165,537,261,482,196,197,269
300,385,872,565,62,452,533,165,581,865,480,326,639,273,240,199,779
165,811,703,16,628,701,445,142,810,671,151,146,44,0,875,623,773
732,746,282,864,695,821,161,487,779,703,527,691,188,785,56,222,301
662,695,898,10,401,241,812,493,260,700,222,380,957,269,809,445,657
34,62,56,142,228,949,388,171,728,674,182,931,810,16,955,85,323
62,597,389,295,118,826,748,710,151,703,16,475,108,222,982,646,380
445,16,411,269,684,890,323,535,62,392,779,439,188,889,672,405,849
879,297,730,632,394,821,222,668,204,724,889,142,151,133,480,165,425
675,133,634,101,62,845,807,956,638,222,269,281,695,445,287,447,203
535,983,681,915,248,307,494,492,81,142,752,291,426,756,672,475,556
326,410,824,167,781,58,645,222,323,585,324,813,553,44,787,680,810
892,27,810,950,445,537,142,983,756,668,309,144,765,32,92,943,194
388,959,116,495,18,470,533,810,813,336,881,142,408,112,742,62,957
759,819,598,712,31,316,920,345,354,443,648,62,445,626,157,669,526
690,538,947,956,62,401,739,79,145,305,295,409,323,25,216,889,144
531,864,514,482,142,746,222,14,967,252,457,326,247,695,958,16,881
844,752,445,838,482,82,269,950,378,733,16,308,447,821,365,87,294
103,142,62,410,824,558,681,810,241,477,969,151,332,983,929,341,790
142,967,466,52,635,257,269,889,71,871,695,619,979,438,157,793,557
653,809,356,733,445,627,878,346,523,787,142,650,0,842,703,515,597
84,62,482,324,199,537,16,790,248,955,155,142,780,294,129,620,445
321,562,569,684,315,165,557,207,832,909,875,681,109,940,349,142,81
461,810,789,921,825,889,847,146,936,913,960,324,204,142,816,338,339
315,98,835,326,492,295,908,142,813,330,280,521,62,38,595,797,889
979,860,270,331,103,739,142,862,447,969,106,16,977,810,797,165,703
196,849,16,447,697,62,803,142,165,269,222,357,569,684,769,668,533
777,73,21,463,756,853,62,140,775,889,285,445,598,240,224,245,864
55,975,813,142,883,581,535,234,17,310,153,800,455,178,354,972,62
538,482,323,813,744,133,276,892,215,910,330,576,304,638,131,405,457
405,357,645,559,779,158,508,552,425,23,291,99,514,515,230,815,16
521,222,943,261,323,142,257,165,269,668,756,285,513,947,79,942,821
810,864,958,819,792,38,143,482,296,357,414,794,378,165,19,445,514
746,618,142,765,598,152,317,797,21,62,151,889,56,256,443,15,71
10,197,892,596,83,248,669,144,40,938,789,344,578,529,183,813,778
62,260,374,754,714,897,813,738,559,583,424,445,614,83,624,889,955
963,591,618,780,333,810,326,142,723,62,889,425,16,323,165,482,480
326,142,409,840,809,441,4,656,392,426,16,727,802,890,276,560,410
885,142,843,447,445,77,795,165,881,618,324,456,32,326,492,700,578
909,323,207,952,315,62,16,482,810,405,640,695,161,963,544,445,240
695,63,16,810,311,943,151,662,480,813,859,983,85,402,431,409,766
326,810,118,402,668,0,577,626,961,2,575,155,329,20,89,61,216
323,950,402,854,62,151,142,773,397,980,260,480,864,567,573,959,638
62,593,576,480,142,52,806,165,400,264,323,918,97,272,620,755,618
185,240,37,392,738,215,18,44,864,499,466,467,311,924,410,155,192
329,142,756,779,889,186,833,295,808,588,327,165,326,746,0,558,492
142,174,405,106,756,785,709,791,593,390,810,16,370,947,983,728,447
921,297,684,62,142,617,728,222,123,627,339,405,56,146,665,514,634
33,142,751,404,222,546,542,14,445,475,311,34,492,62,302,260,308
749,295,699,142,533,874,645,664,62,155,791,591,323,269,445,909,326
502,634,559,680,326,87,142,414,240,892,372,440,235,889,480,52,291
41,62,375,577,409,91,154,756,979,938,83,146,482,745,573,278,332
217,445,499,142,860,702,351,557,781,668,723,248,911,409,348,412,64
789,222,354,56,779,480,142,16,184,326,691,613,668,645,813,618,567
928,791,676,889,574,932,290,645,27,0,703,947,142,790,648,492,309
155,56,326,702,142,732,970,409,628,68,385,779,783,931,341,721,240
142,175,528,224,578,889,269,666,538,581,150,228,603,204,92,62,317
392,799,142,728,144,668,385,813,756,20,551,570,62,822,285,98,101
142,700,889,129,71,14,797,813,764,734,144,445,73,495,62,180,339
733,695,348,326,79,905,785,111,790,899,52,62,169,889,627,232,440
87,943,270,777,514,142,239,170,728,346,484,292,465,296,108,144,709
813,115,483,550,164,475,537,83,340,376,889,163,87,492,659,118,62
118,946,405,222,84,380,514,165,784,810,873,269,432,925,83,323,409
16,646,686,653,860,688,205,62,907,788,474,142,99,581,58,627,327
810,480,833,342,16,575,929,568,569,178,390,256,737,892,738,146,813
813,612,676,142,748,62,445,634,890,695,323,848,810,87,656,41,845
910,127,864,46,943,701,937,568,797,643,11,142,418,292,269,953,332
705,140,39,779,56,891,898,440,445,218,62,813,85,297,472,16,537
356,114,648,653,642,225,302,204,411,117,90,142,21,389,32,256,621
151,714,762,480,821,533,142,459,375,435,323,16,956,632,682,634,445
486,151,596,273,5,748,521,370,92,890,142,832,946,100,408,466,62
269,760,489,118,62,209,28,326,488,705,680,142,790,438,160,409,323
955,142,699,879,928,302,407,449,548,834,480,471,484,87,631,970,816
301,938,62,388,648,426,326,26,620,546,475,246,617,746,243,335,914
892,307,382,564,516,62,200,340,14,287,585,323,482,271,165,814,472
56,142,326,118,31,634,81,979,410,216,700,445,804,409,222,62,194
716,746,144,931,843,452,240,781,889,301,790,141,519,459,404,751,409
294,151,405,579,810,326,142,94,533,606,704,942,165,558,447,445,432
142,616,904,979,160,639,222,62,790,445,751,289,690,266,466,779,471
964,55,649,33,323,240,382,950,142,957,243,445,585,822,133,424,781
445,294,889,821,881,864,84,765,878,462,756,62,854,810,290,134,118
335,38,62,702,324,380,167,475,142,907,236,703,323,738,482,810,875
269,773,120,533,142,62,523,547,789,396,792,254,747,546,87,412,249
646,445,653,889,634,53,43,165,102,266,333,326,728,881,620,679,142
222,509,443,93,62,822,269,297,142,191,711,15,621,278,565,765,482
889,287,282,29,14,142,62,546,375,854,756,612,53,146,329,447,222
570,277,16,545,103,737,648,201,241,323,100,889,475,615,142,414,914
374,323,641,889,165,345,1,457,142,324,918,129,466,453,475,612,821
79,211,329,142,269,20,886,326,781,54,875,668,16,447,353,748,409
321,300,889,928,42,354,92,16,445,440,784,326,957,281,975,302,571
559,668,440,909,810,62,583,445,615,756,332,269,571,702,366,142,977
755,790,324,533,955,983,565,269,813,325,74,559,326,0,142,70,445
983,370,168,46,907,969,698,514,535,504,283,899,889,772,62,813,35
764,296,797,146,122,843,13,142,248,445,673,889,154,326,595,269,789
740,142,62,201,357,970,363,834,756,810,384,386,598,746,668,928,165
445,283,835,195,628,62,363,929,970,482,662,269,684,326,324,165,291
952,169,326,829,142,414,835,941,406,100,925,245,62,165,756,934,649
764,142,196,889,261,746,649,76,947,358,585,231,726,523,684,775,295
142,552,296,731,872,411,813,299,29,120,767,363,903,256,808,695,323
447,757,260,323,377,294,199,889,807,666,345,850,697,870,445,542,142
643,294,355,62,20,744,687,16,716,142,33,480,875,482,401,222,851
143,332,62,810,946,364,864,323,588,81,923,638,924,666,921,681,662
723,457,315,269,344,443,919,565,62,211,142,537,558,778,16,871,73
230,582,142,806,81,756,501,179,546,68,445,482,457,182,45,77,560
943,203,977,881,298,269,813,781,16,222,302,53,579,79,332,923,151
522,293,976,154,864,326,16,142,421,62,317,369,659,963,771,465,10
854,492,568,728,979,715,170,231,983,269,482,154,222,523,197,875,599
756,16,142,323,7,326,315,537,287,684,918,615,429,116,581,416,62
384,695,790,142,56,16,285,294,862,132,191,323,867,828,379,62,810
963,924,522,475,876,613,222,62,482,813,326,972,297,529,446,585,416
659,255,846,142,412,837,305,79,144,16,222,323,889,165,295,668,482
282,929,482,775,392,760,926,421,514,62,813,106,812,125,728,330,19
757,505,302,629,428,556,816,15,834,558,144,16,859,378,299,871,813
748,142,62,756,16,838,810,450,979,548,332,957,684,295,422,803,808
68,62,977,324,865,142,151,587,482,438,648,159,810,764,78,790,374
127,99,142,514,248,810,695,326,135,445,447,728,89,907,416,539,52
792,43,638,62,439,245,154,843,142,482,820,441,319,480,963,582,155
295,282,895,60,689,357,286,783,702,775,576,62,658,354,30,405,889
810,684,415,667,62,727,68,960,467,838,790,274,409,576,889,145,748
115,142,524,570,889,591,695,641,500,492,230,323,375,699,326,612,222
103,567,790,810,62,492,218,585,44,943,275,155,964,194,900,146,797
572,643,926,144,97,495,59,269,682,559,133,287,482,846,194,892,963
514,748,52,218,79,864,151,241,632,529,695,62,33,929,323,146,486
62,307,930,197,781,545,703,957,335,838,216,142,927,53,379,324,693
326,821,457,463,480,662,319,323,504,756,100,246,979,230,62,354,889
416,889,480,896,715,448,64,764,326,541,482,832,650,48,533,62,165
62,323,661,44,668,529,335,457,719,445,634,947,970,241,184,180,69
957,62,862,593,514,885,695,541,748,144,68,930,295,810,44,118,942
62,765,155,907,100,142,915,849,813,561,188,457,194,559,699,34,218
142,756,132,569,339,480,164,482,211,146,466,907,821,912,728,970,166
677,142,729,810,73,68,339,62,695,627,120,297,243,165,645,599,81
854,752,739,424,207,142,797,864,280,62,52,982,558,928,676,770,905
832,40,682,261,16,837,25,507,272,60,765,409,142,269,301,746,618
579,348,587,596,468,813,385,897,814,32,723,526,447,832,647,834,975
492,550,165,173,56,62,613,816,202,664,955,514,513,135,183,827,577
581,813,62,788,797,194,410,101,326,780,837,548,583,956,297,38,946
628,821,668,485,323,864,955,514,161,482,30,581,634,170,625,291,550
218,250,146,851,326,142,64,785,450,824,938,975,820,62,747,482,440
608,482,984,952,16,118,311,87,120,918,960,677,142,694,577,91,631
447,579,217,308,892,269,569,297,590,142,651,412,93,684,305,475,816
291,573,131,16,495,536,298,896,142,595,941,231,889,587,775,436,214
270,872,756,142,159,840,589,0,358,813,287,392,819,863,445,947,14
763,250,323,816,911,638,530,717,565,155,724,326,703,286,792,534,827
375,402,448,142,889,646,0,969,927,816,269,857,91,918,533,41,831
315,351,184,323,361,550,222,16,47,637,142,546,875,475,928,568,20
165,482,443,813,16,650,480,728,912,629,514,76,508,756,810,790,875
300,810,445,668,739,16,588,79,889,748,291,248,62,732,737,142,165
491,821,871,91,409,70,391,703,62,161,561,323,488,917,571,446,919
18,269,756,909,23,678,835,133,142,89,875,326,447,62,834,91,177
440,161,269,451,165,853,323,646,20,581,550,142,62,143,756,173,645
231,740,151,744,790,878,756,165,142,775,546,410,287,813,445,62,494
480,733,171,730,503,810,269,645,977,62,529,240,20,165,245,65,937
120,379,142,37,66,760,939,891,86,721,947,746,813,301,639,701,62
813,211,909,146,40,76,523,770,645,445,154,477,728,559,273,185,588
530,568,482,62,40,178,613,406,763,269,983,652,492,598,784,762,64
241,142,354,146,52,297,810,198,56,387,312,194,892,731,294,318,203
269,62,756,797,326,146,480,222,7,21,495,559,60,165,627,838,821
142,756,87,10,926,292,241,261,889,326,779,546,475,482,374,181,838
142,74,741,348,466,482,269,443,309,769,467,480,731,666,32,940,385
55,110,323,234,779,983,912,466,109,445,324,899,142,756,546,695,738
269,889,409,109,618,968,76,514,275,300,329,222,756,62,323,930,291
45,341,296,482,828,62,533,406,16,340,746,452,563,244,701,559,634
480,142,438,440,780,324,963,621,475,377,23,158,109,685,466,374,36
326,762,940,684,889,142,728,480,106,335,785,483,668,790,16,447,222
307,960,4,468,875,376,142,963,973,62,943,820,790,892,706,447,682
142,889,16,407,970,914,626,650,62,916,78,447,77,779,603,410,326
62,5,460,797,86,269,142,565,889,143,65,619,728,756,157,430,319
374,62,323,263,218,628,133,524,226,533,977,67,76,269,626,927,330
634,402,142,955,480,558,824,954,346,13,583,62,600,682,475,957,414
467,354,475,302,756,376,62,854,666,445,26,673,668,295,55,43,705
330,62,889,467,185,242,209,490,810,36,917,68,142,801,605,626,439
62,467,645,445,826,195,903,127,52,153,955,177,482,392,827,531,142
62,111,606,69,142,900,218,636,918,291,609,367,78,297,746,983,324
478,878,142,482,151,684,411,636,984,16,821,603,928,429,823,405,144
142,748,892,240,734,550,296,10,324,222,776,743,304,482,405,62,116
719,300,646,421,16,746,447,737,106,142,811,882,14,618,458,406,17
269,963,226,475,68,892,931,62,329,340,158,56,52,326,841,979,889
903,183,62,854,764,646,16,447,96,144,332,550,875,59,245,573,10
703,323,411,889,840,144,577,156,977,375,744,357,142,733,480,765,143
702,881,480,165,517,559,62,482,608,738,90,810,838,424,705,445,447
695,142,151,765,636,732,848,824,16,58,165,489,585,62,953,326,926
949,146,124,62,779,274,859,598,389,482,950,770,689,565,127,142,695
982,378,619,523,922,263,62,269,291,889,144,277,858,447,648,16,963
10,732,944,295,546,504,871,482,142,952,633,16,269,5,929,329,354
319,699,775,559,526,62,269,324,649,446,406,875,648,779,668,810,89
247,73,439,302,351,176,142,246,331,642,629,972,52,621,231,326,91
482,323,889,969,294,892,875,218,284,837,354,728,484,62,281,326,619
87,10,409,269,931,756,443,222,142,790,684,349,951,797,715,62,872
428,710,142,492,533,62,226,326,892,111,648,628,858,396,790,810,775
431,57,16,567,620,702,54,862,593,297,740,222,881,480,269,207,378
853,889,326,62,245,269,426,323,293,57,135,387,656,983,874,16,0
142,323,56,338,912,482,385,776,233,326,785,889,62,875,10,16,222
323,269,62,943,571,864,905,875,332,756,728,750,558,432,533,16,808
508,326,144,155,652,889,514,797,142,14,300,622,611,714,779,143,776
578,115,76,772,904,684,190,60,492,872,151,917,956,813,627,415,550
523,87,16,307,142,881,889,91,492,396,670,478,76,785,51,493,910
66,467,939,514,881,596,385,410,728,853,937,889,336,871,56,269,756
329,342,746,588,889,739,912,895,667,599,873,378,810,52,703,482,77
977,165,533,508,331,305,299,260,142,552,222,323,445,823,480,684,541
62,482,284,393,58,892,143,91,764,813,795,700,472,287,142,218,559
695,392,890,762,323,222,62,983,885,315,473,142,592,602,710,808,260
581,950,748,728,381,703,643,960,412,838,534,38,480,928,62,142,970
155,142,409,690,767,703,10,974,733,65,323,598,636,245,743,7,740
832,864,809,833,763,588,31,324,467,756,881,726,323,142,322,827,491
756,551,158,441,748,808,21,488,800,384,445,813,527,142,643,447,732
813,380,482,611,889,797,62,960,193,17,79,602,514,864,133,32,680
142,405,582,509,632,514,320,492,791,211,488,779,630,627,926,324,762
142,314,79,432,447,458,41,620,609,889,791,294,248,62,185,724,406
81,326,142,458,20,409,416,222,338,277,381,185,872,445,898,269,821
862,944,732,836,105,251,690,171,62,134,142,440,269,669,445,475,925
859,813,454,43,760,142,695,673,929,443,983,567,873,835,423,581,323
14,973,746,326,269,646,628,795,142,62,970,779,44,16,222,718,507
142,656,669,492,390,219,266,248,300,335,165,19,87,918,269,970,421
142,62,681,56,638,574,291,797,542,714,26,943,94,756,947,409,813
68,181,810,62,56,142,618,756,296,222,779,340,269,785,412,909,179
360,165,947,879,279,88,326,865,480,459,656,810,892,347,924,983,508
62,161,533,700,160,261,81,146,323,53,819,89,695,773,565,837,938
668,326,96,935,48,62,441,688,949,95,183,854,259,165,610,144,103
284,440,445,287,648,10,976,801,645,809,269,142,62,480,241,668,947
62,326,967,603,835,16,472,295,859,732,440,855,279,441,756,983,378
578,864,923,323,58,348,727,242,222,478,480,689,56,608,142,62,845
257,267,62,351,810,475,482,668,146,297,618,451,291,480,593,627,533
929,263,573,62,37,401,142,636,576,136,291,810,751,425,19,470,295
62,480,146,892,407,641,515,534,323,977,16,350,492,821,562,295,618
722,679,27,84,491,468,354,766,186,922,746,101,23,551,756,486,908
548,566,369,541,92,95,638,75,362,174,892,62,185,654,668,341,222
146,693,142,725,736,16,520,62,744,323,648,431,482,957,760,407,79
0,249,864,909,16,786,475,691,62,943,885,649,20,109,106,411,746
0,261,525,142,886,1,842,810,144,814,119,659,480,295,914,475,25
825,75,786,516,596,326,62,886,375,223,881,636,497,233,273,165,918
133,142,165,826,323,810,244,779,790,792,819,213,16,295,976,289,716
939,0,552,560,269,534,55,528,173,146,319,142,130,879,187,62,438
748,439,445,792,626,406,21,766,889,765,188,222,684,269,565,417,797
501,615,62,810,83,552,813,34,367,943,682,539,823,889,949,681,395
16,378,495,646,813,9,320,777,340,130,970,0,269,341,229,197,406
142,269,287,756,977,445,482,62,762,233,851,695,810,749,371,372,338
70,370,702,810,62,819,142,762,392,738,241,960,457,406,765,269,151
628,16,969,478,38,886,824,197,679,726,330,294,644,681,142,853,146
783,646,440,222,191,165,111,133,721,62,142,571,597,979,589,504,24
926,755,240,81,332,313,402,62,95,165,375,577,913,337,58,977,269
668,120,142,62,927,832,482,422,636,719,269,248,499,559,959,875,775
759,937,943,87,262,179,323,482,269,918,648,957,620,526,474,142,390
873,379,390,428,695,723,482,606,166,795,790,62,159,269,142,381,293
118,344,752,329,390,56,142,822,119,261,62,204,16,211,565,955,156
889,326,142,333,84,16,194,336,466,482,581,223,652,414,821,196,323
960,737,695,294,127,862,725,406,26,492,810,767,480,909,779,279,881
155,516,165,482,879,432,62,571,548,300,319,798,323,299,684,853,475
829,56,323,142,859,19,821,410,872,73,941,813,143,669,695,273,326
885,121,839,478,480,326,889,732,627,726,634,16,974,269,756,421,38
326,451,429,681,41,335,62,390,17,963,142,414,546,881,278,222,445
874,54,16,810,378,324,639,847,142,778,876,189,482,44,62,81,438
226,814,810,287,797,286,282,790,445,648,62,727,516,746,323,217,100
186,728,522,813,16,173,445,642,839,95,482,62,816,583,803,732,548
375,0,860,445,346,730,613,482,376,479,624,452,45,62,907,345,408
87,50,353,581,157,62,323,142,345,60,889,475,642,447,222,963,98
475,847,479,708,142,889,585,866,14,62,91,779,323,720,979,291,746
269,62,764,909,421,142,809,340,20,222,296,480,474,194,671,889,257
613,545,91,142,550,16,868,517,705,813,62,898,712,92,482,889,166
142,482,797,684,445,3,606,295,483,907,23,16,914,347,622,695,53
62,960,81,414,70,146,285,698,142,645,438,445,431,552,865,19,588
630,370,889,521,315,222,285,615,983,977,351,161,2,323,826,58,62
977,142,180,144,492,759,57,311,209,24,480,632,795,353,170,445,612
467,254,287,748,378,80,142,240,151,716,645,311,16,943,357,837,396
959,369,222,628,388,892,629,269,645,142,813,221,447,550,838,80,908
62,412,142,757,91,907,842,269,756,867,137,480,0,187,53,266,528
889,745,891,983,21,16,318,142,962,918,581,875,178,62,295,84,956
175,165,62,904,810,905,614,885,362,819,641,840,222,954,695,326,480
186,943,142,747,62,668,739,116,919,958,132,927,428,173,60,87,673
16,558,548,821,895,89,523,269,62,692,165,259,797,286,87,445,581
168,686,622,952,296,313,533,744,16,142,195,585,889,62,409,14,290
72,956,546,146,926,300,893,241,537,269,62,756,164,20,142,467,681
16,533,294,581,457,134,291,482,615,269,926,506,636,686,428,401,165
338,16,161,439,323,445,955,119,579,898,191,231,329,569,142,365,477
15,162,326,241,565,147,779,586,875,548,64,62,269,190,702,516,142
277,62,165,514,326,245,668,447,260,695,127,810,100,734,406,875,813
773,270,634,842,748,948,16,680,142,269,265,809,241,918,318,480,62
68,743,132,857,294,909,142,296,385,691,926,837,612,733,269,62,268
814,378,558,650,638,452,813,160,639,92,816,653,52,323,96,912,235
810,165,142,581,655,209,702,62,822,791,574,889,703,170,151,773,597
802,142,445,21,480,977,269,864,706,62,16,68,785,835,414,929,354
668,582,146,269,326,429,695,374,907,222,142,223,453,277,489,914,596
801,472,924,889,751,142,297,700,595,887,480,222,466,979,316,813,62
142,62,912,923,689,977,81,269,688,240,810,10,447,516,620,889,146
157,160,445,889,238,480,790,675,649,323,475,523,289,222,144,700,123
639,792,781,203,864,591,447,507,219,62,970,585,480,482,336,91,668
62,810,606,309,642,45,633,142,212,480,0,767,892,351,759,16,14
81,424,872,786,514,894,220,410,875,480,800,326,142,738,151,533,143
508,16,786,254,983,56,378,912,135,756,172,909,482,326,165,835,752
482,545,544,330,504,62,142,859,983,889,977,756,607,810,146,864,100
142,132,853,332,821,485,641,369,56,323,62,653,731,419,831,445,281
943,326,810,142,892,62,91,145,514,199,542,755,632,335,375,706,165
875,466,849,752,828,87,821,889,492,23,34,291,650,142,508,76,330
87,466,612,62,907,331,862,810,974,269,475,179,53,756,630,695,452
332,801,45,732,983,853,222,636,326,155,16,514,256,300,55,34,733
838,703,329,635,79,142,909,492,480,961,44,688,648,81,485,270,345
559,323,445,302,765,889,60,26,291,569,447,341,452,913,115,757,367
546,151,412,779,480,979,148,50,799,62,792,142,323,909,260,643,288
837,457,783,812,283,779,388,681,267,971,354,222,448,165,881,667,703
970,136,645,142,482,269,239,62,532,45,509,340,323,319,441,56,681
681,300,61,892,700,795,254,810,62,975,756,322,405,445,674,786,924
797,638,92,16,529,91,684,813,360,700,323,142,668,550,330,430,300
889,269,62,142,26,217,571,299,756,323,442,541,706,903,645,440,294
466,421,766,79,58,445,636,447,537,138,482,983,746,495,16,56,142
691,514,78,296,938,323,713,889,681,647,280,950,56,605,95,114,46
62,853,678,797,16,935,23,409,700,740,924,222,322,438,636,387,957
62,142,879,282,395,445,269,231,765,480,5,209,697,824,937,56,26
957,661,804,388,300,269,885,756,947,634,146,108,636,369,162,480,641
326,45,230,592,58,695,937,649,269,282,679,323,62,157,550,357,142
259,269,165,779,447,898,79,907,142,16,184,875,438,156,62,952,354
204,142,165,57,269,141,668,915,779,482,559,139,751,762,240,55,889
858,834,508,790,919,23,326,484,447,612,396,810,864,355,162,222,101
756,378,810,16,929,62,632,790,651,142,546,419,889,187,326,816,480
813,118,203,62,580,234,947,695,253,165,634,144,931,775,142,903,738
282,981,819,323,881,929,142,127,703,354,198,315,269,482,920,390,983
269,291,625,322,666,142,600,299,656,73,669,406,255,943,871,223,428
21,339,667,552,81,662,213,894,724,790,62,810,541,784,60,329,544
375,668,983,533,62,255,699,938,142,695,445,905,482,645,87,949,783
62,442,533,889,482,825,289,438,367,597,440,142,287,484,133,265,805
99,195,776,79,269,467,569,953,587,151,928,628,482,700,436,651,979
535,340,482,87,59,889,133,969,621,445,16,56,390,756,948,302,700
621,142,62,357,455,691,544,406,981,615,173,643,813,783,690,166,943
684,821,871,788,468,269,261,142,415,62,482,345,79,813,354,146,294
466,483,81,900,695,480,492,318,392,859,245,362,56,84,269,142,157
810,668,326,196,165,853,146,142,939,881,406,430,559,15,626,466,83
294,598,535,248,864,870,834,684,142,914,105,23,187,823,392,389,10
648,480,16,241,779,222,444,892,142,288,695,261,983,482,552,326,886
548,810,889,28,881,794,186,335,142,108,756,523,711,98,645,207,269
581,979,323,728,142,889,416,482,480,78,364,300,326,908,484,867,62
62,273,662,142,970,55,637,492,794,811,853,716,534,189,931,222,240
668,165,521,790,451,345,810,323,554,695,362,875,15,970,142,679,703
756,724,494,716,840,231,676,146,802,813,889,943,926,191,222,485,176
267,141,301,449,737,480,523,421,13,62,157,797,702,577,142,45,539
550,975,526,326,638,58,447,142,5,792,165,936,681,891,668,635,239
480,537,297,533,269,646,911,133,141,139,59,129,98,5,653,445,810
889,695,216,813,865,62,960,647,424,725,654,909,875,482,257,447,792
142,62,645,813,59,491,323,188,131,159,16,821,691,44,726,571,441
142,40,319,445,95,45,984,949,354,779,87,973,446,548,375,165,813
326,64,142,790,892,911,889,416,241,62,222,300,155,571,409,708,538
548,605,885,326,191,135,892,790,142,155,486,642,593,620,654,146,446
79,482,56,269,637,204,694,634,931,447,728,587,895,572,323,791,696
146,273,165,242,168,531,651,641,318,480,79,142,821,727,16,82,809
629,559,217,287,837,823,728,834,918,898,422,892,443,949,960,142,627
673,445,765,458,726,958,790,103,475,268,628,224,972,387,372,58,62
457,142,569,499,543,275,299,606,609,813,144,217,127,56,151,695,870
656,68,91,915,144,970,79,326,526,142,375,724,931,764,0,440,681
177,845,877,779,159,87,645,197,615,16,756,556,142,875,52,529,240
480,678,446,294,875,445,144,165,940,429,852,424,792,56,514,357,142
142,330,751,764,385,853,727,445,724,260,577,780,881,81,703,779,864
517,756,300,139,491,581,369,791,142,810,26,466,728,618,354,492,111
482,108,440,170,475,581,724,142,295,875,889,84,972,254,516,330,960
475,16,260,295,533,824,579,512,91,79,577,960,0,269,937,323,890
445,91,81,564,633,16,62,932,184,733,847,270,934,142,128,645,300
142,390,588,660,645,780,129,881,378,478,273,482,571,813,612,436,790
692,756,326,306,91,535,323,831,731,780,529,302,405,786,51,345,142
142,56,719,581,196,813,99,578,929,238,62,93,436,445,300,765,642
475,144,756,61,478,552,762,585,269,489,979,558,447,482,142,835,668
641,329,445,239,245,477,56,482,779,922,939,101,559,269,16,142,695
235,742,294,256,16,157,62,323,748,827,482,445,73,155,165,447,317
915,645,375,668,118,329,62,706,420,16,765,143,269,87,81,142,406
593,174,929,87,726,142,581,814,326,952,252,151,783,202,71,117,739
929,38,517,62,270,159,175,299,983,816,970,93,87,618,681,95,136
222,591,142,504,256,445,812,424,144,16,634,810,790,62,269,187,641
525,709,121,132,785,775,756,668,165,581,53,810,77,599,792,128,948
514,374,62,118,228,173,491,883,257,490,165,845,142,68,87,530,192
170,209,222,643,620,358,343,668,880,962,661,55,16,38,56,533,412
401,648,99,983,16,248,482,838,963,212,323,257,756,402,299,345,419
889,326,405,629,86,269,157,783,447,335,514,332,33,62,854,492,333
23,638,908,269,938,533,860,0,440,585,737,16,756,802,10,480,165
91,244,16,916,278,889,967,970,387,62,645,142,88,323,943,577,731
821,597,99,955,733,406,241,20,56,809,672,269,144,354,142,745,441
628,708,56,88,957,294,286,165,341,657,904,618,291,565,91,748,144
45,632,142,813,267,238,756,821,282,794,955,892,5,326,702,261,79
921,91,411,612,979,875,571,135,781,398,261,689,53,323,16,650,295
494,514,480,581,196,407,165,333,218,412,300,222,588,546,62,269,452
16,748,194,142,165,949,184,62,269,324,14,222,781,282,578,472,440
533,17,315,871,788,326,892,931,955,400,934,87,929,482,70,756,331
323,405,222,165,62,332,571,737,142,326,889,294,668,163,561,643,948
127,790,179,269,813,294,892,133,482,816,385,335,581,643,354,756,779
548,170,814,38,326,727,524,603,62,860,142,637,385,691,482,368,196
559,931,467,947,269,533,142,628,949,819,482,56,765,289,64,282,756
452,538,385,59,906,142,270,326,410,62,557,708,16,488,636,514,375
0,718,813,977,619,889,146,926,269,152,700,62,294,16,118,49,625
967,538,375,818,447,56,16,436,445,62,526,859,776,241,142,151,347
875,533,294,62,783,881,142,668,155,384,975,445,810,14,977,106,291
438,142,533,326,977,23,287,171,155,854,349,745,415,779,62,137,412
195,852,124,544,142,638,533,752,56,786,16,791,799,46,813,222,294
174,935,62,434,241,764,526,442,656,446,142,16,732,475,153,648,723
142,177,890,585,785,947,341,875,151,756,144,328,218,603,56,155,581
54,738,923,620,854,142,983,939,628,544,445,62,937,905,650,963,810
648,62,977,652,881,16,448,194,952,290,165,44,821,422,295,938,909
62,33,969,354,947,473,581,674,28,118,384,97,533,746,144,142,294
32,523,959,814,37,445,478,144,14,326,822,892,290,208,864,875,225
62,769,466,389,889,709,432,785,782,746,892,458,142,588,610,654,243
16,779,482,353,269,62,562,453,813,48,77,864,1,354,728,875,612
733,62,259,313,323,324,881,467,579,311,322,792,144,382,326,468,466
581,726,142,566,16,494,748,376,528,810,681,218,323,538,374,180,269
62,718,792,541,667,790,903,813,482,353,217,113,235,478,568,486,52
142,809,62,492,146,653,577,855,240,493,56,222,424,151,16,78,983
821,83,695,634,31,748,960,62,142,113,873,760,21,672,858,767,754
62,546,495,180,707,0,881,142,335,326,441,269,535,204,682,634,482
79,424,269,824,62,44,983,728,218,408,538,405,532,970,923,551,281
330,142,79,688,165,222,559,62,779,227,56,803,625,533,875,561,865
468,14,727,62,32,390,323,350,779,450,581,795,764,467,686,947,12
207,45,142,412,269,19,33,703,198,983,62,947,151,100,738,289,73
889,695,323,689,62,875,66,543,672,269,142,678,781,602,764,846,585
263,149,705,234,529,172,475,445,451,645,296,588,776,151,590,335,482
599,441,552,548,984,645,423,654,445,91,615,374,142,482,362,323,692
552,645,581,691,821,480,723,695,904,964,766,62,485,797,154,385,144
62,950,147,340,856,333,773,151,695,465,145,385,738,482,514,955,52
142,122,98,326,0,445,377,375,165,203,668,16,739,638,756,70,62
142,813,480,256,332,62,932,37,138,166,468,101,326,944,702,96,482
824,499,618,62,664,796,409,947,100,548,345,508,191,765,612,440,146
174,546,473,478,561,161,86,783,354,142,745,218,864,445,542,889,16
779,969,424,291,326,782,895,323,155,331,585,142,144,595,269,977,960
780,83,810,478,618,155,703,899,287,340,871,62,739,144,668,16,816
326,523,482,302,407,790,62,625,409,823,475,454,172,514,821,92,696
142,889,756,155,62,905,165,208,10,291,223,567,748,482,384,593,977
797,61,142,695,694,983,326,89,323,445,62,474,397,218,16,427,421
530,332,706,142,809,813,926,864,646,733,254,544,641,16,811,889,892
324,222,273,213,142,515,400,929,593,638,9,62,288,54,34,516,51
199,669,939,838,142,62,602,962,375,557,892,197,146,445,779,323,720
632,884,62,889,551,977,648,87,99,643,347,264,165,492,174,445,396
775,62,222,445,16,333,294,585,969,810,694,792,329,35,575,269,326
62,10,144,373,864,688,142,207,792,810,519,338,594,663,222,287,326
475,261,165,459,141,79,62,732,291,246,748,319,733,977,472,892,885
482,438,203,165,737,424,643,956,315,76,797,16,816,142,20,646,723
790,641,171,645,15,297,363,756,480,374,816,498,366,301,269,785,772
963,26,688,933,146,687,788,326,165,813,108,475,872,62,56,786,170
709,407,10,737,466,658,977,921,414,269,695,703,142,843,370,307,95
329,947,250,340,62,606,492,837,983,512,116,889,981,87,83,825,480
184,873,302,785,269,409,142,548,864,73,16,1,637,487,871,466,453
892,447,539,756,81,219,810,733,202,850,144,785,311,16,909,615,889
733,345,813,756,62,142,755,892,478,765,476,45,353,760,332,870,460
43,342,327,297,4,257,87,73,146,62,477,695,710,429,294,261,23
140,118,130,761,756,588,81,269,326,514,945,810,87,285,911,62,789
142,901,916,813,559,332,245,889,130,881,436,157,16,82,60,875,668
759,143,957,813,269,498,810,935,307,28,5,918,743,514,142,684,260
627,868,289,113,482,62,385,479,411,56,573,269,314,756,447,276,621
568,983,809,969,898,636,955,882,648,315,56,323,480,762,260,358,122
309,39,746,62,960,737,521,404,269,415,940,914,791,287,324,323,952
814,567,89,447,810,522,457,809,255,275,475,700,270,62,496,602,107
514,657,222,103,650,10,256,421,52,733,56,174,326,846,813,231,732
33,56,183,62,801,910,52,269,23,467,892,142,644,59,375,323,46
62,374,220,845,172,187,174,897,690,700,785,79,142,505,95,445,273
230,668,142,30,261,79,520,270,295,810,62,961,748,740,219,327,595
142,16,718,865,430,165,980,97,62,918,970,934,402,264,89,80,879
142,485,402,680,409,618,727,512,34,902,16,536,162,756,335,589,492
691,899,289,918,322,35,439,480,889,326,788,648,204,757,406,142,440
269,690,23,638,471,367,529,779,865,860,480,701,142,781,62,970,792
976,482,55,514,142,785,1,795,16,281,628,126,66,269,32,10,330
895,872,142,776,294,839,245,874,892,779,269,746,703,585,886,329,138
889,62,23,485,98,975,142,34,282,756,269,307,982,813,738,468,243
136,643,952,326,165,285,79,907,410,930,62,480,87,598,634,853,311
62,457,738,166,295,344,824,875,158,482,385,948,892,79,908,142,348
680,810,949,119,193,144,385,165,16,947,790,56,779,928,163,663,412
479,733,651,16,294,615,445,340,142,144,318,813,955,128,269,43,326
947,377,451,142,269,515,62,203,845,16,821,348,329,638,218,604,565
62,144,32,641,445,834,646,983,165,944,550,821,78,645,287,307,87
744,802,943,812,372,566,423,238,458,927,281,16,62,416,562,375,970
494,316,29,201,668,194,889,38,247,975,30,722,548,70,89,541,45
234,16,966,571,480,323,260,62,813,550,241,482,955,668,142,756,588
261,756,390,62,638,330,691,142,126,7,548,37,146,333,889,93,445
323,269,828,142,740,144,977,625,409,949,926,88,728,634,405,335,445
8,17,169,123,209,567,441,900,946,16,0,578,457,62,982,9,668
772,366,889,625,161,295,142,245,526,269,207,329,578,62,467,202,354
550,697,222,297,844,680,157,915,810,689,289,509,646,142,323,666,569
74,460,553,165,194,133,119,267,620,182,62,845,64,447,646,91,792
950,578,775,835,0,20,256,482,702,140,56,287,62,648,857,746,31
20,269,51,23,228,326,905,16,666,554,470,8,132,700,363,512,929
790,606,142,364,87,890,79,445,941,270,62,746,957,892,743,543,676
810,480,165,977,684,943,581,482,207,813,517,402,142,86,131,584,31
269,62,222,966,323,702,886,261,889,120,581,268,52,705,756,202,428
62,48,711,430,508,691,586,680,977,113,910,305,142,133,634,955,323
541,226,970,279,931,16,791,468,396,451,548,482,762,218,714,419,810
813,144,348,895,142,838,301,519,892,194,977,623,323,374,151,578,270
598,379,838,23,487,359,703,475,438,729,222,44,144,533,950,508,62
854,62,533,59,256,634,58,275,165,536,269,323,351,668,21,889,870
979,348,345,731,269,142,62,588,16,165,864,218,813,514,889,480,606
709,790,144,756,245,62,142,565,11,445,688,695,533,252,475,791,323
24,860,295,889,482,377,376,788,269,62,357,157,16,813,584,335,646
360,221,127,578,864,142,208,669,549,822,336,774,369,977,222,335,668
864,490,165,875,14,507,62,142,813,268,392,533,222,326,933,133,77
405,520,581,204,756,161,76,972,297,550,282,62,165,445,142,695,810
812,26,621,802,596,459,338,6,163,205,428,142,165,724,983,62,728
62,261,142,681,682,838,358,918,10,300,445,404,246,536,676,144,805
192,16,967,909,649,62,958,595,832,732,482,142,930,222,970,326,299
174,834,260,278,296,326,774,830,921,413,979,237,650,585,445,605,222
522,674,222,515,329,473,445,410,895,655,255,45,406,582,370,680,343
230,165,668,323,46,409,956,262,548,401,545,228,516,581,699,142,62
627,222,414,706,62,691,780,142,505,438,631,1,521,440,339,767,810
445,62,921,9,222,800,279,810,480,785,674,668,402,929,813,756,829
943,23,119,643,477,662,875,889,62,60,618,159,480,668,892,854,416
62,541,385,96,956,765,881,323,379,522,653,106,943,689,28,43,810
96,142,542,16,203,875,596,302,889,876,657,648,91,432,281,947,445
621,850,411,339,333,41,578,645,62,323,109,16,779,188,581,700,52
635,142,482,630,605,544,814,13,222,44,109,889,924,105,685,592,240
959,71,824,62,751,166,514,797,977,810,676,956,727,756,103,635,165
756,503,209,876,175,226,509,541,245,16,461,83,326,62,674,323,982
634,13,662,447,445,209,473,843,929,674,853,326,198,695,813,146,482
344,332,755,908,810,155,395,467,209,62,460,165,285,844,979,824,286
784,52,323,866,882,727,146,235,160,483,495,860,56,779,810,21,633
949,979,557,27,718,445,756,858,368,913,142,810,247,808,87,269,826
765,326,429,269,850,810,900,323,551,556,508,54,142,738,165,41,16
142,162,445,959,295,91,480,792,504,417,288,494,59,697,955,466,392
392,445,748,457,62,256,769,943,434,681,753,3,779,596,920,791,323
748,445,483,142,323,457,329,78,83,265,552,718,668,780,9,571,155
955,144,581,781,669,142,745,763,752,813,40,248,618,315,816,684,682
62,439,782,166,756,246,138,447,81,66,161,850,334,668,294,142,306
372,967,703,858,577,144,142,809,326,409,370,378,19,480,386,955,810
783,892,16,509,480,983,569,889,482,323,695,508,627,142,86,821,137
163,409,967,785,157,782,144,482,439,789,699,659,421,330,235,62,480
109,548,53,62,142,326,573,889,403,245,860,485,40,323,144,881,390
93,458,804,889,756,861,809,165,928,787,554,21,810,91,585,142,324
62,405,16,771,860,294,733,151,516,142,943,581,445,643,326,871,820
423,656,405,834,190,416,786,142,62,854,779,711,926,695,915,892,588
447,305,386,648,889,626,516,405,329,978,692,638,701,533,679,348,969
821,142,839,889,414,326,533,730,764,62,830,485,676,872,81,843,557
378,323,763,676,957,533,234,480,558,270,146,155,758,62,821,892,789
135,875,654,241,953,643,269,475,482,62,440,779,834,571,392,410,651
533,447,222,775,475,142,813,109,269,795,62,285,812,663,816,314,10
330,682,368,323,251,261,165,430,666,243,756,546,70,357,889,627,142
142,470,791,970,165,810,240,482,315,127,325,389,326,195,877,889,922
166,142,848,935,569,323,602,638,62,269,472,815,150,756,652,2,409
983,406,222,844,537,142,174,794,91,56,748,181,955,602,502,326,264
62,424,612,800,873,326,946,222,142,56,859,173,793,269,482,808,77
62,134,920,326,119,406,503,755,118,783,886,142,873,48,457,645,523
875,550,929,738,142,105,447,56,33,271,406,533,64,535,813,863,601
16,209,677,2,662,341,646,248,921,142,81,324,267,62,52,326,457
515,853,164,278,316,360,269,480,810,91,668,620,338,572,323,142,53
868,328,810,765,837,279,348,272,142,62,9,777,889,546,54,186,91
813,447,483,62,856,202,142,91,306,480,587,716,789,326,106,52,875
492,566,571,703,62,64,523,300,766,338,348,447,797,16,606,478,955
585,62,269,16,464,204,978,435,142,783,344,955,445,38,243,837,889
79,83,955,756,62,753,281,65,596,969,966,165,613,889,378,120,813
172,838,551,970,62,144,955,374,165,854,761,261,222,745,810,296,270
188,591,782,806,480,142,226,779,905,17,482,174,415,703,646,705,653
326,155,25,62,874,73,92,338,142,300,118,16,810,240,442,323,756
99,175,878,435,343,813,62,649,810,142,248,56,548,948,962,947,326
889,721,157,591,142,220,62,14,695,329,626,492,756,44,676,983,792
135,142,56,415,308,344,451,669,514,445,132,695,956,326,798,482,106
445,76,62,649,16,821,797,142,668,684,261,889,731,970,610,452,307
453,447,855,479,894,838,55,194,86,577,142,100,14,445,409,699,181
681,331,405,875,598,559,557,269,526,286,918,587,231,123,516,796,854
898,92,572,911,835,329,287,695,892,977,331,966,447,568,445,269,550
256,326,389,875,891,779,865,51,859,541,518,62,691,209,269,476,56
3,271,792,245,447,497,323,751,62,918,482,142,606,779,8,315,354
867,269,62,533,466,438,76,44,954,10,983,684,537,16,579,810,799
691,446,210,979,851,120,767,977,0,537,689,645,62,434,345,507,581
864,588,831,222,252,618,156,482,534,578,779,141,268,608,747,323,171
390,98,947,326,539,142,660,62,756,140,462,12,540,222,16,975,960
929,209,452,779,936,144,445,839,287,646,72,238,142,568,326,261,38
779,300,165,88,222,659,142,619,269,268,541,616,396,144,480,287,453
414,445,241,406,62,871,114,142,541,873,150,684,756,655,548,514,810
142,785,447,323,357,681,222,493,466,969,3,134,834,706,62,900,369
776,142,410,54,504,229,790,87,772,514,576,949,445,389,816,935,70
71,24,20,675,346,174,756,56,412,269,99,222,338,440,643,533,79
295,291,269,467,839,516,732,119,91,888,309,155,756,644,23,246,480
611,62,741,468,440,588,142,743,92,300,445,585,441,570,160,846,321
776,142,405,651,134,89,809,62,16,963,408,146,628,831,756,970,779
62,174,584,279,142,596,392,947,270,533,546,668,813,294,905,338,155
324,323,560,889,62,911,184,142,588,594,317,598,948,779,585,222,482
821,323,573,222,482,75,91,142,287,447,321,127,269,889,283,492,809
487,810,606,789,773,445,269,447,668,87,482,196,880,288,427,142,141
56,875,680,552,789,333,524,410,900,23,155,829,323,816,324,394,977
756,409,774,269,440,790,323,638,771,64,652,56,537,87,299,533,848
142,62,796,809,21,513,416,480,977,222,287,790,329,161,19,151,776
176,492,8,898,1,62,447,592,695,732,374,744,51,165,338,127,234
245,650,813,711,153,296,249,295,509,943,480,769,942,882,473,144,426
294,62,733,569,48,930,142,695,969,745,957,222,16,165,204,680,284
285,756,684,203,269,289,411,783,165,614,331,809,405,142,598,62,977
937,748,493,16,269,157,488,854,721,533,810,79,571,568,537,285,782
221,89,460,710,142,918,79,453,222,837,56,323,474,892,26,62,778
412,816,669,631,482,33,568,98,526,56,326,695,106,291,406,157,858
297,315,779,445,842,222,56,118,732,142,575,646,492,653,738,323,790
58,19,338,68,474,799,79,929,142,323,403,62,492,56,421,695,668
596,521,482,691,664,392,670,428,62,116,782,636,921,480,142,548,302
406,810,887,28,15,875,42,23,62,631,779,5,91,38,142,291,332
188,171,144,514,618,821,702,341,837,636,23,688,445,330,269,377,95
419,142,785,456,411,712,588,551,977,62,49,526,332,482,911,334,278
621,302,323,211,91,62,514,551,254,16,14,269,332,612,482,304,144
792,87,813,521,323,956,546,142,569,587,738,983,150,51,376,668,864
699,581,514,21,142,44,151,776,711,907,113,338,452,813,62,166,926
257,827,73,142,541,774,323,62,670,207,16,751,216,269,826,480,314
901,196,746,114,550,326,141,662,874,16,824,559,331,315,142,813,977
696,146,142,526,943,820,326,597,796,834,661,779,62,585,405,269,16
324,862,792,147,323,889,799,581,810,739,470,756,144,527,316,194,595
748,354,480,732,56,645,929,132,684,326,926,978,284,628,142,311,323
327,938,779,834,458,810,923,588,326,552,611,581,62,811,96,643,269
399,875,165,756,304,519,977,882,633,981,738,445,813,582,641,565,164
706,605,79,977,56,321,262,213,889,295,308,324,892,482,719,751,810
163,638,789,44,813,775,326,58,323,270,209,478,62,345,605,875,646
323,533,56,938,790,453,820,447,448,588,889,550,133,297,839,467,746
462,581,294,889,326,482,146,222,208,142,883,956,445,957,895,174,736
850,515,860,668,146,794,378,672,642,62,16,142,294,834,55,445,790
306,892,681,689,756,889,269,397,133,340,875,395,833,726,514,94,761
146,943,514,825,703,28,645,701,810,501,62,290,79,914,983,256,960
272,295,130,375,913,864,146,829,428,62,291,857,813,91,445,668,188
142,307,548,695,756,789,485,954,490,810,515,81,3,205,602,222,592
821,470,353,68,6,577,142,270,87,230,775,269,631,44,967,300,42
662,645,975,168,38,448,756,907,853,963,559,569,402,615,326,480,205
795,62,977,482,614,284,756,56,412,354,151,167,550,585,668,392,165
410,326,53,478,837,648,892,480,165,142,294,526,686,47,812,858,973
495,813,421,62,676,323,358,939,875,28,269,72,335,241,781,516,533
926,32,838,62,739,165,629,29,645,161,610,593,612,138,405,482,548
225,553,492,889,821,120,433,875,329,695,62,142,409,323,480,421,810
250,217,197,703,260,109,33,62,699,445,981,667,926,355,687,142,668
326,889,62,144,445,14,814,909,142,864,118,480,952,269,482,645,895
615,810,197,340,780,142,585,581,979,60,16,703,357,56,905,628,165
5,99,889,142,440,329,837,648,601,62,949,797,482,476,752,154,16
947,570,638,269,21,606,114,468,20,850,146,744,860,62,732,645,792
977,326,573,329,142,812,324,44,926,943,876,177,52,389,340,269,222
25,406,38,96,941,557,142,810,948,121,378,261,983,245,605,487,56
228,445,349,207,394,889,581,296,753,41,142,452,587,687,956,875,409
295,62,402,91,235,318,231,269,48,492,557,889,810,431,68,838,155
142,440,666,62,368,432,889,447,821,166,326,89,294,102,269,737,550
823,774,650,690,142,58,326,654,631,257,131,797,329,81,983,669,628
170,892,889,300,943,306,348,797,326,521,557,148,646,62,928,895,445
44,501,354,344,326,886,523,808,754,409,710,137,110,165,856,677,955
142,952,165,876,247,354,648,484,618,875,243,128,513,862,217,749,16
241,688,376,51,684,851,813,62,870,142,853,157,323,162,568,245,447
375,565,939,62,653,457,928,806,514,875,977,293,354,645,585,315,468
418,850,536,791,323,414,748,434,751,725,165,62,892,598,689,294,813
983,977,699,62,142,177,827,108,149,26,410,980,579,636,697,837,657
889,587,737,326,99,142,929,296,324,256,14,789,675,282,951,447,441
62,879,480,748,744,81,142,409,140,952,445,514,255,326,733,89,871
756,326,78,16,299,31,650,62,889,489,142,551,482,950,291,810,269
912,62,179,546,744,65,775,427,676,982,146,545,87,235,43,96,649
326,905,114,142,50,874,783,116,691,13,393,323,813,668,24,315,97
62,652,146,458,482,877,56,184,335,20,448,838,315,637,833,326,358
924,142,733,457,180,482,960,977,486,326,278,785,62,746,837,240,694
19,533,970,142,62,323,932,409,294,15,526,548,695,968,151,306,13
389,142,685,874,62,165,889,921,550,379,833,779,230,797,780,802,558
977,353,142,947,409,404,475,528,467,62,61,16,938,533,756,430,895
668,838,514,552,751,475,779,363,62,165,269,57,59,142,479,851,854
79,890,726,648,703,402,62,581,10,447,593,346,142,521,740,277,603
974,16,528,342,619,531,508,695,62,607,641,323,106,762,459,142,775
269,596,203,475,51,864,142,16,810,62,651,416,482,923,211,966,179
491,596,672,405,889,142,222,56,218,547,187,482,377,34,864,651,702
858,678,783,445,323,913,482,728,876,226,857,506,889,324,964,713,346
15,329,847,330,746,62,31,222,294,832,142,768,235,911,794,407,845
76,222,300,73,142,558,240,378,79,326,166,62,522,56,324,821,171
387,400,56,668,452,813,475,529,78,283,806,62,304,678,208,909,487
222,447,470,338,627,91,837,724,480,10,264,295,955,325,860,611,207
109,738,692,212,324,762,62,177,514,457,445,215,295,482,875,704,699
68,247,365,612,738,129,16,222,155,512,524,781,748,241,174,142,659
323,62,269,222,533,695,235,56,447,790,541,618,821,791,379,374,689
6,27,62,385,24,373,478,681,323,903,142,926,646,790,691,79,301
889,69,913,88,864,48,19,142,756,657,322,814,146,62,943,905,807
269,453,445,695,638,119,142,668,250,447,873,954,165,696,628,810,597
133,174,581,16,165,149,142,486,779,592,689,947,577,280,889,269,440
960,817,244,681,746,62,411,273,533,935,0,245,390,461,648,756,142
151,445,858,478,480,331,142,719,491,810,771,470,225,326,753,70,237
544,306,16,134,116,345,238,207,588,542,34,83,772,115,813,240,222
668,19,142,875,137,867,326,62,83,643,180,833,269,789,390,934,151
296,142,218,492,567,353,229,809,448,240,695,660,62,663,807,813,885
27,567,482,291,892,505,581,423,323,666,78,799,654,620,938,142,645
142,813,129,454,165,733,786,297,910,62,222,419,161,779,245,587,970
311,850,950,452,451,161,615,810,142,276,968,326,889,56,16,453,267
410,62,142,760,530,407,668,390,278,326,331,779,77,889,240,581,864
643,424,957,326,889,899,632,142,16,880,62,653,703,834,892,859,582
641,310,144,298,681,16,326,480,142,952,62,504,586,557,912,343,118
723,144,404,62,323,892,70,482,744,581,475,253,528,909,218,695,142
324,130,208,62,81,781,777,864,87,648,921,389,354,822,146,612,509
187,746,142,571,695,734,781,16,943,52,701,62,223,127,41,875,559
821,62,144,402,786,752,558,870,790,649,260,743,906,84,720,705,726
62,892,323,277,744,465,353,769,330,409,16,891,675,668,108,756,958
222,524,415,853,966,165,445,288,885,509,698,548,691,142,111,653,56
222,795,62,447,524,695,876,908,445,173,786,245,332,192,804,756,474
146,44,810,864,367,739,523,681,482,335,790,291,903,513,726,881,445
666,581,76,829,809,514,235,276,142,56,323,528,668,42,166,16,277
579,838,410,181,962,62,730,243,142,864,465,756,881,23,562,81,166
114,533,703,241,409,142,416,455,951,949,31,16,695,935,889,277,25
482,168,92,329,323,813,587,101,261,270,973,54,333,909,612,934,332
324,152,494,387,562,816,142,480,909,644,797,695,65,58,813,760,172
87,445,194,957,155,934,731,914,326,482,62,442,146,695,581,125,14
706,251,241,445,960,864,461,653,767,865,534,43,821,681,62,831,810
222,533,323,682,133,88,261,300,282,561,974,889,56,823,164,326,142
443,108,779,15,142,269,63,968,182,165,596,493,613,662,752,892,333
864,875,108,414,840,593,810,62,969,142,175,686,952,223,668,790,628
62,979,166,695,880,244,437,983,875,222,413,605,27,265,291,766,142
345,767,603,146,267,224,133,3,458,892,507,414,821,467,195,636,810
62,447,740,580,152,601,10,142,405,889,698,631,752,36,428,952,269
165,142,217,733,124,553,445,813,446,300,851,645,865,140,80,144,684
62,326,779,136,649,813,921,241,112,957,142,175,457,767,222,0,323
79,983,765,732,300,645,238,62,684,87,622,894,482,436,13,269,310
292,871,808,924,569,142,564,62,440,676,222,810,784,925,248,445,969
363,912,478,475,152,56,966,676,466,470,721,62,684,323,616,724,295
859,99,969,813,612,50,744,222,355,142,426,32,269,203,291,165,671
193,76,323,756,581,662,429,838,499,224,56,91,101,782,766,386,969
804,892,601,865,668,929,326,390,969,259,447,273,55,848,703,146,492
174,49,834,891,389,748,154,929,518,909,15,79,813,445,273,326,62
834,372,142,644,889,979,792,482,17,260,463,971,248,962,150,838,937
809,432,142,666,335,269,522,602,44,756,118,668,265,892,742,323,16
323,706,159,261,447,969,409,756,360,885,727,889,892,702,833,749,499
695,16,821,235,748,813,767,334,240,581,789,942,827,142,269,289,983
79,57,62,792,324,194,890,598,208,261,215,692,779,437,907,17,551
480,889,445,323,142,28,331,102,756,16,976,534,280,953,724,405,301
539,633,116,603,977,559,323,810,142,854,813,892,15,516,286,144,88
326,898,710,279,142,340,453,269,922,748,618,250,172,288,392,756,567
645,560,326,892,952,399,343,810,231,8,738,62,263,440,533,682,306
16,357,100,636,216,395,877,862,62,445,106,889,222,756,326,813,734
480,142,16,598,889,546,132,756,790,766,651,535,692,731,87,571,648
480,776,706,969,62,165,234,136,587,142,382,779,56,775,813,326,565
795,581,732,889,779,52,340,294,367,165,87,810,159,295,742,875,756
162,323,867,146,675,222,73,409,142,267,62,533,55,269,690,779,918
45,514,495,476,567,375,142,626,848,931,728,62,56,790,73,628,983
604,889,62,335,142,234,638,956,416,456,648,578,165,365,512,813,240
684,222,248,871,155,582,326,389,313,27,269,68,11,709,794,813,480
406,191,983,596,635,349,323,810,62,305,946,351,881,960,44,865,197
326,581,585,559,810,704,538,938,163,952,514,62,688,193,728,662,478
118,142,494,482,721,514,528,636,384,62,511,437,77,810,84,585,407
821,949,269,445,881,844,618,566,326,977,190,146,484,481,963,529,62
445,699,324,813,684,567,269,874,369,618,828,984,301,415,783,87,529
577,89,785,293,955,718,482,208,810,907,135,618,970,269,681,783,326
142,84,487,2,587,62,353,222,226,120,422,20,922,88,173,746,682
706,634,384,62,222,323,142,531,490,810,63,16,133,144,478,445,165
704,62,221,236,676,641,480,634,668,91,74,618,323,523,813,560,370
464,480,499,268,197,142,684,587,62,108,725,784,615,813,409,245,348
926,331,931,593,79,143,738,105,10,638,142,779,209,144,756,501,196
822,892,668,256,93,142,457,845,875,345,144,850,16,596,718,779,389
795,859,952,533,975,813,0,789,89,142,127,746,226,34,732,389,230
333,240,324,142,151,38,586,889,145,756,909,100,480,389,79,652,269
517,708,79,231,495,581,703,269,56,14,411,514,557,326,142,724,909
475,605,152,448,889,468,447,142,74,16,235,886,896,11,219,465,378
983,62,146,776,81,56,939,944,838,515,193,625,639,932,142,151,558
495,62,482,792,860,323,480,330,484,269,880,533,467,825,681,37,56
684,323,378,62,495,807,3,151,711,628,487,792,217,0,108,196,142
850,142,360,326,665,395,810,756,572,779,373,16,813,775,846,935,405
62,457,479,767,844,92,809,142,647,144,704,581,241,323,14,113,283
779,142,457,973,617,385,133,475,445,56,439,345,429,25,28,216,326
406,710,300,326,62,0,348,508,688,216,222,850,982,5,691,103,142
16,144,619,810,526,62,165,173,835,222,515,684,671,142,77,732,528
91,62,23,142,87,788,695,235,165,314,325,245,709,681,193,299,839
977,765,889,740,762,838,828,52,684,9,355,142,854,288,895,926,91
387,269,594,445,492,295,56,501,231,624,192,983,889,730,113,355,5
722,810,168,588,287,776,924,779,220,215,445,390,421,146,303,142,406
810,144,375,62,790,172,201,957,756,332,905,222,552,789,338,648,979
447,142,853,913,585,82,56,638,582,680,850,472,672,326,62,0,893
447,681,628,648,56,354,514,700,718,865,822,86,483,587,62,748,559
417,660,889,665,155,810,95,269,972,447,62,410,133,16,142,296,926
550,810,209,889,296,297,326,277,651,294,434,864,952,922,332,269,718
142,62,343,892,241,615,144,634,247,295,810,287,120,54,764,282,465
165,983,905,31,954,419,889,142,445,287,10,124,472,501,226,351,756
728,222,627,445,7,294,495,756,553,412,142,228,746,426,276,895,407
326,615,943,142,955,269,728,977,62,681,482,590,357,569,810,120,793
521,983,62,889,810,265,615,870,851,864,457,548,323,418,317,916,187
62,296,60,529,728,265,99,16,482,269,949,852,295,81,245,49,448
474,243,779,538,406,92,221,68,142,892,226,294,323,823,473,296,452
133,482,626,291,389,628,636,165,614,68,325,245,58,62,375,552,55
952,480,62,858,463,864,415,482,579,882,142,746,745,889,118,442,55
673,756,124,801,581,445,571,977,116,934,269,370,909,142,279,62,199
270,810,634,323,682,161,162,62,135,482,809,521,52,931,291,832,14
269,835,326,404,679,702,16,646,141,142,155,617,14,227,588,482,834
373,52,672,62,578,779,618,114,579,482,197,533,142,16,99,605,640
142,615,49,553,947,106,733,62,958,508,515,17,452,628,287,429,983
62,330,440,738,385,779,813,977,141,892,174,301,820,251,76,165,43
87,596,142,668,440,784,62,791,441,51,234,182,91,6,186,324,812
172,62,73,238,883,16,513,292,447,527,914,475,176,731,757,140,693
706,217,142,269,323,568,559,492,814,445,909,7,643,360,331,480,16
8,333,81,768,979,899,326,756,62,924,893,142,710,323,432,848,421
752,141,421,695,668,56,564,142,16,509,119,648,47,669,954,485,579
897,526,256,222,326,204,447,71,869,419,495,170,338,411,889,62,323
810,885,952,797,142,414,296,221,918,223,628,7,457,297,889,984,345
348,265,492,445,256,499,293,304,765,762,62,826,733,430,68,96,165
662,97,814,45,410,62,8,499,593,83,983,853,765,384,871,142,480
751,676,16,588,746,482,445,68,835,273,878,535,480,268,0,62,790
983,269,445,61,354,20,102,889,110,558,280,14,142,615,248,62,295
354,13,548,649,62,290,438,772,142,909,482,324,668,813,606,645,533
16,146,231,291,581,596,695,103,756,269,30,868,137,161,142,889,166
952,889,297,407,682,716,814,746,429,113,142,482,223,779,236,414,222
0,732,165,62,5,955,470,142,864,27,23,790,646,867,482,222,792
323,269,142,150,100,480,951,703,73,777,174,838,87,457,165,10,81
323,269,187,165,297,979,326,494,142,475,146,197,556,427,704,242,144
599,370,70,326,618,0,759,56,166,480,142,578,447,975,44,88,222
695,269,785,977,852,926,428,746,653,703,21,538,585,556,445,144,756
123,565,646,451,813,294,662,409,345,898,191,466,33,739,120,62,838
808,91,375,324,305,626,294,482,236,62,68,644,576,87,326,11,142
733,445,832,409,673,963,53,260,775,324,949,674,729,59,471,127,62
628,587,120,695,475,195,294,440,402,270,869,345,668,872,507,57,261
295,680,50,324,871,81,565,326,14,764,772,857,241,38,746,166,864
142,979,889,668,144,280,947,79,756,62,1,508,240,49,602,222,482
79,56,911,276,770,357,858,62,445,857,155,765,799,97,886,165,943
142,666,579,191,670,323,48,569,269,486,474,222,889,57,16,873,915
435,255,217,472,88,668,598,810,142,467,410,62,654,81,480,952,756
223,780,269,173,955,606,581,950,216,285,746,330,102,508,5,482,797
389,480,453,329,62,87,310,16,746,222,56,623,220,55,116,550,929
703,808,674,889,681,813,733,87,142,335,405,756,918,943,839,550,581
326,166,118,440,640,142,792,645,421,977,613,588,779,731,756,119,753
813,876,144,378,633,983,56,405,62,165,738,40,486,222,438,142,509
16,142,135,80,482,56,62,287,445,245,120,767,705,165,102,634,212
969,885,907,146,155,443,410,440,269,620,740,557,329,785,808,791,571
227,670,134,665,326,682,269,756,813,958,218,892,116,977,155,400,783
348,668,630,142,727,915,732,445,783,695,803,16,299,58,810,780,271
835,837,765,390,66,165,375,808,85,83,523,961,955,935,695,114,269
638,62,424,721,653,17,897,329,415,529,9,392,351,144,767,142,644
0,142,464,269,787,903,851,756,11,499,414,979,790,10,300,207,144
875,480,87,333,813,947,326,95,445,389,345,62,33,591,142,332,233
153,260,821,438,142,859,6,634,165,598,777,480,952,494,785,81,87
742,198,338,62,144,142,853,326,612,889,977,813,620,165,864,475,809
756,820,142,348,984,641,692,437,733,649,20,634,216,695,165,779,977
65,420,77,33,222,4,666,535,348,142,593,482,444,810,234,827,892
482,825,222,142,870,503,16,599,62,779,759,752,553,404,790,165,56
62,955,551,813,165,627,730,185,552,108,323,142,212,784,40,84,916
726,480,285,235,369,786,581,921,95,62,165,585,33,533,835,23,971
326,559,587,142,269,153,451,62,376,287,445,533,294,300,447,409,529
430,813,445,326,323,325,824,165,335,233,653,159,542,142,56,983,98
430,68,183,761,762,515,543,460,799,890,307,889,858,538,581,938,375
438,300,482,625,165,772,256,695,192,269,62,409,21,142,345,810,241
733,589,56,16,892,62,405,655,695,864,447,269,480,354,963,529,482
707,412,142,675,934,573,305,643,646,881,747,81,24,952,697,491,853
482,222,273,165,760,247,142,684,311,943,610,268,719,45,889,347,62
142,813,106,16,488,323,340,909,779,445,268,294,326,897,430,686,330
797,242,144,780,337,62,142,406,893,98,307,409,52,23,841,779,189
766,744,447,892,62,326,722,165,196,797,155,602,87,56,235,160,611
296,207,634,340,441,537,619,5,746,523,868,618,142,569,165,53,62
121,409,684,16,337,929,390,445,731,265,194,165,889,639,898,618,142
55,233,269,62,708,847,810,36,209,645,770,791,837,533,165,571,61
287,62,581,772,180,466,482,814,440,450,820,49,144,915,375,204,445
457,191,648,358,585,16,418,847,813,390,76,323,492,24,326,636,790
581,681,636,379,728,326,445,407,295,144,62,529,810,920,31,205,16
854,405,681,329,62,889,89,142,362,523,539,32,589,591,943,535,472
485,342,526,338,699,285,903,773,797,442,559,142,323,865,813,297,245
834,142,713,603,938,569,240,278,686,480,62,445,648,269,756,300,15
851,553,128,458,326,482,32,935,925,332,790,813,660,948,585,78,909
142,282,955,480,165,64,793,559,814,233,269,62,567,68,499,908,33
832,907,62,814,824,363,728,460,492,146,326,144,142,782,466,324,10
70,269,58,631,413,241,544,155,646,385,323,379,222,174,16,979,257
934,854,376,21,340,222,695,681,295,62,814,42,269,559,845,551,378
938,217,983,898,300,14,122,553,165,422,323,895,222,106,142,859,146
628,548,810,151,17,248,977,529,142,889,979,639,781,808,754,848,81
679,269,744,632,165,600,56,821,62,96,514,142,923,23,585,950,16
16,559,480,952,79,666,871,813,20,165,508,695,62,83,56,889,222
568,341,62,326,581,73,108,445,57,482,813,103,447,16,744,983,743
146,620,783,692,442,16,954,482,794,695,802,44,542,326,676,245,573
505,929,142,383,820,691,615,822,430,814,892,943,779,138,62,173,940
790,917,375,799,188,646,810,497,269,480,371,695,960,813,16,62,314
378,795,533,62,141,972,358,218,56,142,259,47,504,959,446,14,765
479,580,222,16,950,695,872,244,329,772,405,61,445,28,802,142,34
756,834,16,173,78,396,813,761,810,291,322,822,135,326,0,696,127
445,155,400,354,142,21,79,756,62,120,299,435,535,434,695,955,507
853,48,62,644,638,755,466,559,450,938,838,81,757,142,591,792,772
771,938,756,692,546,31,204,81,703,165,892,428,375,79,911,446,62
445,295,977,943,630,326,810,278,788,354,142,802,54,288,979,534,786
533,410,144,756,954,87,142,792,810,56,62,297,812,522,541,482,228
323,688,142,644,792,155,62,54,474,326,825,835,928,445,809,269,226
23,204,79,447,61,62,785,10,977,395,87,363,178,970,827,66,207
345,118,874,256,323,752,931,475,45,724,144,236,245,943,142,482,52
16,810,889,0,191,756,442,620,62,154,323,681,929,790,269,813,628
550,62,142,5,287,703,889,440,480,765,718,482,746,378,40,326,840
790,221,915,404,222,541,142,732,533,645,118,269,475,87,947,870,342
921,142,480,410,526,701,918,336,961,369,889,813,791,619,360,395,62
647,675,442,794,99,144,769,222,180,62,660,432,767,166,568,703,808
495,885,62,514,147,844,58,295,678,144,70,326,533,690,671,279,983
533,968,68,182,307,626,291,748,667,332,445,142,62,892,881,753,482
964,62,748,785,269,970,759,445,350,813,795,832,597,820,503,56,746
902,294,445,416,508,973,76,326,861,155,16,447,348,533,654,975,699
260,606,230,297,416,231,326,470,610,323,620,375,62,874,876,288,41
627,899,467,142,300,816,445,808,732,62,222,326,712,357,265,546,118
355,381,269,338,480,44,58,299,909,957,142,780,636,943,375,261,295
480,691,636,627,663,822,345,50,813,62,846,507,960,864,804,353,178
163,429,62,813,182,379,269,482,465,638,769,841,326,133,907,666,76
918,412,810,15,237,777,142,193,797,165,155,785,323,141,7,816,385
482,100,333,680,348,68,581,296,615,445,668,62,918,44,917,133,789
78,62,762,323,822,585,115,124,222,363,119,79,809,752,813,492,900
813,756,16,194,810,797,565,779,136,624,44,269,250,475,482,324,955
918,809,323,62,409,860,6,895,278,514,8,250,233,142,371,16,865
333,295,545,837,62,237,617,881,802,495,52,445,142,269,777,59,302
62,270,515,696,892,896,813,529,567,955,151,61,845,103,459,773,447
142,280,744,62,931,860,765,983,695,493,326,369,339,451,537,808,482
918,723,72,62,684,93,76,222,142,581,101,0,323,910,807,540,218
340,842,810,650,881,889,119,480,151,820,306,56,646,628,241,106,424
339,142,803,62,593,69,558,596,207,23,889,638,323,269,16,952,252
342,927,565,118,445,142,952,106,269,255,828,151,222,62,333,482,99
979,482,538,196,294,790,681,142,415,668,689,105,848,79,864,537,618
649,721,691,820,323,361,62,472,447,668,943,442,269,482,16,874,889
134,739,943,142,981,370,445,928,879,399,62,302,390,864,977,871,267
16,492,139,472,269,379,478,875,356,447,538,0,296,326,21,588,45
16,142,977,120,560,666,302,26,218,559,892,634,222,879,56,528,514
836,405,756,748,62,445,447,480,326,612,451,430,482,695,404,378,901
728,889,865,668,62,581,875,142,332,270,218,335,30,955,746,222,165
810,326,524,892,1,527,889,408,445,444,938,588,748,486,83,363,552
480,62,756,46,576,559,810,81,222,645,269,296,924,477,775,918,475
832,615,600,851,173,142,16,72,791,405,681,688,634,904,79,969,50
142,551,969,660,918,30,323,300,445,207,16,326,672,317,62,58,533
733,963,514,79,73,21,948,194,89,108,756,643,161,62,947,323,539
62,414,237,494,225,648,290,165,287,142,286,823,146,269,813,323,897
475,188,445,374,326,281,756,668,141,470,44,673,430,135,142,62,779
840,552,333,700,445,912,62,214,88,571,684,5,414,142,887,791,544
810,423,875,144,813,445,252,776,906,165,781,333,524,142,792,354,404
445,142,790,70,326,0,908,551,707,702,848,266,245,323,973,949,844
260,62,269,886,102,779,814,142,369,513,83,764,146,74,261,645,879
950,486,893,16,776,442,62,20,220,864,569,643,588,174,142,695,26
62,269,16,875,414,889,405,146,850,442,142,959,305,890,719,296,326
650,146,171,269,14,376,884,142,977,782,813,909,681,294,482,161,702
120,756,821,62,813,222,245,680,142,440,326,582,459,668,881,314,777
165,470,178,509,588,326,211,813,682,597,638,445,438,455,551,559,135
269,326,514,188,934,581,142,684,977,538,340,480,62,18,638,732,338
151,889,142,375,883,744,275,26,624,950,756,159,460,737,921,605,222
220,173,145,625,297,142,17,146,813,977,405,583,444,332,62,144,545
597,763,297,482,977,269,142,345,582,93,335,935,466,615,62,451,20
929,634,790,516,864,926,323,889,626,479,639,644,457,482,515,142,62
16,732,118,648,331,122,269,436,796,416,406,760,748,790,695,585,323
475,49,324,906,230,552,934,163,81,79,62,142,477,335,973,853,756
759,398,265,393,383,549,144,141,865,466,263,409,87,892,690,15,935
421,619,146,938,326,332,645,682,901,142,165,62,511,50,832,689,145
781,662,16,62,427,810,485,24,300,864,348,897,560,88,410,627,142
816,2,482,326,62,142,960,419,311,240,955,551,943,977,245,294,541
