981,301,615,587,323,900,56,810,813,142,81,930,728,155,628,860,807,179,347,634
699,142,458,284,837,573,323,81,154,480,80,146,909,764,77,482,892,445,109,467
664,865,142,871,323,338,643,480,62,222,728,832,321,906,307,16,585,11,924,580
472,581,620,142,246,772,865,16,323,0,144,789,445,914,797,894,480,838,405,733
16,105,25,130,395,889,949,695,635,667,696,87,871,194,589,892,690,354,146,668
652,688,864,323,748,472,485,326,142,596,783,724,810,889,144,23,466,133,409,859
62,422,777,746,45,914,142,648,522,103,326,792,906,52,56,680,257,453,317,157
166,638,822,16,89,294,785,233,62,447,984,482,445,979,357,588,909,287,10,592
748,809,16,326,45,795,51,910,162,19,23,126,351,684,634,76,390,62,146,433
226,424,305,854,7,769,408,892,62,977,238,979,108,618,142,744,323,296,3,523
929,165,821,62,76,142,326,104,813,445,21,330,552,482,419,548,559,323,222,303
892,142,62,783,307,323,81,392,739,19,70,977,753,504,326,256,332,943,762,561
422,142,151,16,918,276,810,89,376,435,873,634,909,269,56,326,285,403,457,345
286,410,144,367,315,81,78,165,875,177,767,269,528,691,118,222,45,62,339,695
82,297,569,820,605,821,128,947,323,23,399,315,277,615,329,889,326,340,142,418
46,892,899,492,16,62,909,370,144,323,142,889,696,622,56,273,343,409,585,311
222,62,952,809,977,945,10,139,89,282,561,153,882,701,919,533,218,514,810,509
889,443,11,853,478,442,79,672,295,668,733,648,759,804,56,369,568,514,810,334
809,552,918,267,269,845,430,204,478,384,901,378,323,559,612,482,185,723,796,229
394,326,955,695,244,909,889,533,210,374,14,165,712,809,290,538,636,142,79,926
142,810,62,952,756,326,118,87,354,668,822,682,652,0,931,132,68,854,165,246
323,816,452,613,825,415,62,641,824,142,274,56,864,791,234,332,639,390,929,810
851,802,142,596,957,870,119,587,509,62,606,959,245,915,695,215,222,378,854,207
331,289,157,159,742,931,56,482,340,142,10,810,850,947,889,570,878,979,62,58
357,603,267,871,375,152,256,142,808,334,903,269,294,956,492,90,62,329,973,596
404,881,326,921,432,895,929,222,645,634,428,482,16,960,889,165,874,369,323,320
624,377,821,223,409,909,142,757,779,533,738,323,678,346,240,389,676,503,905,970
56,761,54,160,396,903,821,142,269,875,326,165,414,376,10,16,646,482,813,107
241,813,881,154,55,142,294,550,737,269,109,756,16,795,740,761,791,526,597,5
142,677,73,595,0,62,300,468,571,31,358,451,340,441,376,404,851,945,653,446
445,649,977,466,216,88,261,62,810,115,889,316,539,142,428,500,91,21,38,155
375,222,432,828,971,606,142,810,147,947,457,16,248,238,634,930,516,189,120,257
442,491,868,628,524,323,756,291,2,29,222,900,797,20,800,539,405,345,846,43
354,172,62,667,692,889,351,142,675,56,480,812,698,783,339,640,250,119,237,943
53,568,892,269,542,261,482,748,825,491,166,646,62,648,843,837,295,596,756,668
230,323,546,329,317,165,409,480,824,62,144,173,16,340,912,462,146,712,445,142
963,482,155,44,412,343,681,937,924,152,142,473,665,533,269,217,644,242,514,619
457,62,889,792,323,744,523,28,269,251,482,384,142,186,24,893,326,612,712,514
142,832,281,151,76,645,68,756,548,889,269,91,326,809,918,781,300,469,175,576
689,445,791,197,538,458,638,937,634,507,659,165,478,526,560,0,142,34,82,907
681,529,209,943,384,55,160,568,447,250,445,110,326,231,7,144,332,964,977,442
142,61,332,340,659,16,287,23,326,453,240,889,514,294,314,837,267,813,51,704
469,357,240,195,651,358,323,756,76,839,289,142,838,784,56,729,93,106,285,813
44,334,269,854,821,482,713,326,16,25,791,275,375,568,142,339,225,952,542,970
62,260,547,551,348,323,544,295,581,149,624,269,406,144,695,350,903,326,588,786
234,874,45,182,326,708,41,480,889,222,645,699,807,405,756,187,875,269,748,106
897,832,142,477,779,252,329,62,99,838,107,401,146,445,287,903,943,70,898,165
928,437,23,282,955,297,323,308,62,524,410,821,546,940,661,287,331,164,165,406
146,56,853,559,52,62,447,147,326,944,608,934,392,810,108,837,705,212,354,445
144,889,537,799,813,16,476,62,591,538,470,136,604,620,903,629,142,983,775,86
142,405,21,748,222,323,668,232,146,788,521,167,315,16,839,482,577,727,447,77
88,142,814,491,533,16,100,482,326,581,524,445,970,177,947,810,585,389,888,641
16,353,7,956,294,269,813,935,520,714,258,892,0,291,142,568,445,165,492,187
567,142,833,10,7,216,354,16,323,645,948,499,218,810,166,756,727,482,635,413
227,318,262,960,669,62,890,533,269,339,409,326,323,268,753,295,80,970,440,378
142,893,979,695,329,14,479,62,222,795,804,810,947,16,83,121,685,502,819,52
142,670,736,813,332,685,445,338,363,62,56,983,756,323,870,851,79,524,409,943
410,37,269,375,62,297,585,445,416,58,756,87,517,747,695,165,56,779,430,480
142,7,813,808,848,949,790,62,585,780,681,926,444,375,87,591,326,776,810,771
395,105,480,611,628,695,900,662,892,142,430,567,253,672,571,482,645,43,756,62
746,333,707,929,142,62,269,394,552,202,140,918,222,146,799,615,892,392,798,16
379,81,326,546,953,799,957,656,409,15,793,636,634,949,266,909,62,858,16,838
294,142,261,323,743,889,948,596,781,157,38,695,633,879,571,62,188,147,606,779
269,938,830,838,847,842,472,727,482,480,34,368,323,165,261,374,741,376,62,979
684,81,699,324,300,821,323,444,165,62,606,482,445,790,79,484,44,357,142,167
637,585,230,447,674,892,921,324,209,141,142,218,875,620,781,732,66,409,59,821
118,133,56,340,792,621,88,949,62,825,571,553,892,295,44,813,953,441,810,889
813,185,701,441,457,849,809,438,674,779,587,677,654,142,207,864,345,523,756,931
567,712,428,176,392,763,180,585,5,957,947,222,142,370,813,269,756,62,938,859
566,235,445,62,297,905,91,706,151,892,300,323,338,7,765,238,575,482,142,934
33,315,142,485,222,409,311,145,643,711,62,971,77,324,966,977,610,889,785,810
628,643,842,142,58,331,79,326,151,134,623,756,832,144,881,533,916,871,482,165
103,297,243,233,165,179,222,75,554,186,142,790,326,294,77,174,254,889,810,83
841,297,929,62,376,616,52,970,269,977,16,326,350,14,480,797,375,142,447,106
142,821,146,626,79,926,83,323,748,895,760,62,144,305,747,591,711,880,699,162
220,708,598,786,79,757,533,155,835,62,482,69,637,16,813,146,405,881,768,889
480,750,414,142,889,16,482,645,191,146,756,533,390,326,788,62,376,597,578,816
892,977,405,599,612,142,38,981,345,967,504,143,375,299,577,886,453,441,457,480
649,801,735,708,241,270,579,167,840,903,943,783,504,294,972,83,821,920,466,88
43,165,405,185,93,326,190,338,142,323,224,813,979,722,840,634,375,297,593,62
881,820,620,208,165,550,142,464,970,438,586,977,267,433,375,68,682,619,224,304
646,793,0,638,165,392,269,728,737,429,324,732,44,38,62,456,648,91,502,142
166,814,445,333,781,256,943,109,709,24,226,291,892,617,555,62,917,439,462,525
62,14,405,457,133,135,459,278,825,626,533,621,142,786,248,659,38,333,195,480
832,269,445,710,222,170,61,326,588,524,323,890,810,161,0,785,324,917,569,970
14,53,101,641,165,810,983,244,119,979,271,645,62,593,291,151,0,326,939,944
176,440,148,905,452,142,790,695,824,559,777,445,738,323,929,387,269,550,83,448
245,746,163,88,646,977,376,501,966,204,146,118,835,813,779,111,735,365,491,142
889,630,142,222,16,333,728,979,882,956,196,84,151,144,568,438,694,673,88,751
441,142,62,326,312,16,222,499,146,289,808,239,492,563,44,81,66,620,612,98
62,53,15,21,445,688,761,266,728,350,854,173,16,929,174,552,141,340,668,79
746,794,348,410,569,330,977,789,165,62,240,983,250,97,695,142,810,16,636,215
376,448,155,294,969,630,644,703,123,638,480,639,615,238,142,699,559,44,900,375
16,323,746,825,92,165,466,345,679,222,513,813,878,76,55,649,68,634,269,135
947,593,445,62,924,102,613,856,375,91,77,289,813,56,792,691,810,627,247,269
428,957,326,33,142,653,885,222,878,695,255,235,308,626,792,487,576,672,333,705
31,668,875,968,405,632,480,294,322,859,142,165,26,406,92,581,533,323,447,197
269,756,25,783,482,684,445,746,142,160,228,62,533,581,10,943,810,781,31,326
300,903,779,16,437,748,142,647,443,792,222,146,681,569,60,918,531,892,311,62
634,406,389,326,422,482,62,854,834,14,142,222,908,269,203,679,871,790,440,889
269,810,196,217,585,2,62,526,105,482,654,668,90,451,170,744,343,357,638,723
326,839,516,142,52,10,269,915,79,16,324,445,348,154,868,62,91,924,514,450
62,198,76,87,335,605,38,659,482,142,144,777,152,952,445,585,620,571,165,889
939,889,406,157,142,144,552,441,323,62,571,16,419,440,318,329,51,396,779,882
326,62,909,420,517,253,445,142,620,55,591,699,728,613,84,752,754,813,173,332
585,621,615,705,751,970,382,509,114,973,323,623,889,648,142,62,596,91,927,646
445,803,219,81,157,821,810,710,142,433,813,62,528,613,326,588,466,979,129,748
142,62,279,447,87,354,889,668,966,656,482,81,276,789,273,824,78,170,643,183
719,359,142,108,768,354,326,315,482,62,837,889,895,696,960,781,907,323,949,378
324,979,810,974,457,222,62,142,323,284,533,864,656,668,730,756,748,140,315,194
62,756,142,495,813,184,475,522,10,680,728,541,482,860,889,337,446,673,747,551
521,287,761,873,0,891,695,181,569,428,300,921,975,889,432,974,91,973,482,326
269,482,476,62,889,44,142,241,702,821,742,305,88,688,656,756,881,16,166,752
234,475,909,149,62,876,222,966,221,105,155,559,927,482,223,142,16,979,54,797
862,14,62,739,10,579,326,550,354,868,467,505,331,889,294,215,392,779,323,269
668,155,615,947,689,865,618,890,779,335,533,443,697,171,684,854,484,760,62,695
269,274,867,889,480,931,943,466,903,445,559,55,514,68,287,692,142,790,281,62
323,907,582,482,854,375,81,779,480,62,183,770,142,133,828,947,146,732,324,740
979,960,55,62,548,457,34,899,858,151,447,165,514,305,445,692,149,823,357,892
716,414,652,546,478,368,634,457,78,948,378,142,58,879,134,744,523,821,394,62
480,772,983,326,681,668,615,756,144,977,649,118,835,89,109,41,665,345,707,125
482,388,748,676,507,851,16,509,700,264,581,310,943,142,487,695,193,260,706,51
668,480,445,142,91,231,585,756,757,209,87,166,963,918,654,477,358,492,299,0
62,204,174,875,389,294,853,245,445,451,572,282,409,165,533,908,957,874,447,52
943,295,756,514,881,297,323,144,147,325,911,835,895,17,451,256,616,565,651,335
144,672,813,605,694,905,445,250,165,155,517,854,531,294,523,886,810,764,495,474
566,673,165,870,921,142,825,416,16,657,813,477,958,514,87,782,943,389,765,15
221,333,638,716,142,801,810,782,889,813,460,793,959,409,445,482,892,326,785,89
959,699,864,142,619,797,139,569,725,876,513,46,332,790,792,345,908,211,810,269
62,162,142,21,53,728,447,642,889,548,306,79,983,588,135,460,514,606,949,417
748,92,163,889,821,702,712,254,297,445,21,411,165,952,387,161,943,95,747,756
323,179,676,245,106,420,24,533,435,528,850,142,369,62,881,593,342,480,391,547
255,810,596,889,746,875,100,776,134,622,799,661,87,268,79,457,142,62,748,235
844,16,36,332,270,691,896,269,375,445,62,326,497,295,282,66,182,144,711,315
184,736,142,911,34,62,746,526,789,977,279,889,28,445,790,269,106,146,585,587
615,142,837,16,943,702,838,864,877,716,487,914,198,79,872,269,170,782,323,756
142,775,864,810,492,279,56,892,81,943,296,638,907,756,983,668,64,424,378,91
470,636,378,222,142,480,330,144,544,16,165,571,62,79,295,702,875,323,482,792
223,91,339,278,618,779,10,417,703,447,515,445,685,165,151,438,142,428,150,756
338,62,514,428,501,581,379,318,679,604,662,823,410,248,756,929,323,445,16,813
341,275,447,693,16,586,62,91,756,915,627,620,776,273,326,938,131,699,889,222
722,142,689,62,854,41,472,836,959,592,495,765,396,778,600,315,174,323,260,585
748,56,492,963,756,876,482,142,744,468,241,367,718,55,295,10,274,886,87,222
318,50,921,615,952,222,152,854,703,62,23,809,269,354,983,297,620,165,332,3
142,56,467,17,305,274,33,283,568,302,16,326,880,810,46,613,323,62,282,155
876,637,885,486,203,16,52,821,482,56,354,950,698,738,967,790,889,212,11,62
62,748,323,533,241,341,326,142,475,790,187,938,184,91,732,662,777,957,566,939
326,0,535,830,360,738,977,892,889,375,379,703,515,222,53,337,87,230,62,914
324,567,475,142,742,62,5,330,864,779,889,596,482,507,81,786,332,32,576,968
648,56,165,447,152,651,693,42,682,207,810,569,49,405,445,552,286,269,456,748
983,791,146,326,854,57,583,62,482,338,963,645,269,144,324,142,674,588,889,962
714,245,155,127,453,480,467,306,62,445,276,417,732,142,318,269,429,16,345,300
571,326,372,505,329,871,81,236,673,409,868,157,428,139,523,245,875,106,216,9
165,478,345,326,427,68,5,324,474,799,515,142,810,72,672,779,323,441,569,752
810,567,661,474,269,579,552,62,583,915,323,88,979,874,0,405,294,514,165,406
751,615,79,294,453,854,830,457,16,803,545,335,323,345,203,754,232,829,813,970
482,62,340,546,214,812,436,615,762,150,810,668,377,323,51,968,197,495,569,233
68,62,93,144,142,810,625,441,494,108,480,253,828,78,783,222,756,44,548,521
182,335,952,340,581,475,756,172,779,19,974,149,889,983,854,963,329,349,845,813
165,311,261,416,813,810,326,345,267,705,457,62,689,483,130,61,939,177,296,763
785,410,170,765,95,703,142,548,927,756,269,687,611,328,788,652,281,578,853,921
289,222,119,610,62,482,16,323,440,78,790,335,964,300,280,45,905,125,139,819
55,508,155,445,782,16,534,684,118,889,260,21,905,647,813,756,628,142,341,96
56,83,810,935,689,294,269,329,465,264,847,813,596,775,62,445,812,421,864,883
142,585,282,770,889,16,555,645,62,414,499,957,61,324,772,327,323,364,118,824
269,917,762,792,62,461,99,523,345,158,482,918,23,329,474,756,464,728,222,78
165,467,445,785,418,261,424,444,963,470,457,704,142,482,810,533,89,147,55,977
803,62,684,222,163,482,378,27,889,581,686,777,141,918,46,165,569,756,214,414
269,62,379,748,813,445,492,585,329,375,889,684,222,161,142,679,682,98,695,766
70,269,377,628,147,810,852,81,62,721,514,813,92,38,326,615,338,142,480,791
222,323,960,963,810,218,844,49,62,579,215,435,779,223,142,813,216,453,783,559
409,764,486,234,955,410,813,850,62,250,142,294,323,571,171,909,115,775,326,785
62,235,921,86,89,680,142,306,772,56,686,281,247,480,654,810,405,756,144,127
379,889,157,792,142,943,930,924,241,810,634,480,979,66,627,875,430,62,980,335
294,748,790,482,977,92,846,473,368,170,87,813,672,445,158,302,142,62,821,16
241,979,142,16,636,245,146,756,269,296,533,464,220,695,23,953,222,881,804,441
960,783,952,506,8,585,805,983,142,380,198,529,94,957,366,738,12,62,678,887
792,62,87,459,641,943,306,70,684,415,430,743,482,261,836,16,947,970,810,209
913,165,581,790,323,146,639,326,756,56,142,728,224,938,615,808,87,772,950,813
930,142,198,682,62,401,668,977,138,778,789,482,653,508,864,695,495,420,511,591
477,26,56,429,821,759,217,587,332,552,84,889,21,16,117,241,261,792,106,409
300,954,357,23,907,72,810,326,62,885,79,83,165,70,769,308,596,889,91,737
62,903,222,265,405,783,652,664,326,905,889,598,782,81,182,634,142,593,568,641
501,482,269,684,697,468,927,300,783,186,62,881,142,326,615,18,550,194,938,475
430,2,222,62,579,695,728,269,912,950,733,55,326,323,514,756,526,226,567,348
142,939,269,143,821,484,62,297,351,56,447,173,375,165,105,659,497,746,318,770
875,539,62,646,666,132,645,146,348,40,378,581,261,668,810,955,696,56,769,269
941,62,16,977,194,91,533,316,632,141,871,326,144,606,358,23,531,142,323,416
56,695,323,797,689,892,480,533,110,494,62,66,9,142,863,938,269,537,68,746
277,0,956,813,875,827,409,964,480,142,62,436,301,296,171,745,675,21,616,24
718,38,775,588,83,896,142,983,503,62,910,615,977,821,315,376,482,43,695,810
269,494,836,783,194,889,705,571,929,118,385,475,323,738,142,68,445,570,636,297
142,690,810,618,723,561,62,480,189,744,341,756,402,923,290,864,16,323,165,482
872,248,947,790,0,461,275,513,942,142,499,781,541,514,533,354,552,398,326,231
738,824,904,746,330,142,910,790,307,503,889,744,881,58,450,976,16,329,732,637
151,486,547,142,56,134,300,949,783,943,951,475,135,410,105,62,222,662,438,981
353,696,74,146,68,516,142,54,467,813,533,854,590,834,215,889,88,0,56,497
393,142,389,732,84,567,472,869,440,243,515,226,762,918,891,265,0,514,269,925
62,10,889,697,854,935,142,294,446,445,30,323,82,864,623,16,425,858,492,118
575,752,482,323,892,533,279,62,728,702,329,875,445,775,197,93,947,792,269,375
153,445,691,482,321,97,684,405,16,55,319,889,970,973,282,269,791,151,963,810
56,804,618,254,155,611,62,354,146,161,274,294,253,977,588,306,859,142,667,509
245,260,62,78,41,668,161,37,680,354,571,909,581,377,813,765,587,810,218,906
91,81,62,155,834,79,198,889,507,485,300,475,16,533,406,530,733,421,756,837
308,627,142,78,681,447,548,943,458,824,326,462,250,529,865,628,197,699,674,261
645,643,7,195,142,606,378,482,0,527,648,767,664,949,587,323,762,810,638,779
269,779,406,326,482,62,756,846,448,56,342,142,810,87,165,430,234,1,163,881
62,85,409,445,28,26,538,943,326,810,105,552,568,295,935,30,783,248,351,821
165,413,756,142,588,144,779,781,943,346,5,699,445,582,676,482,270,560,834,326
649,551,414,294,756,182,924,889,298,326,62,250,442,523,115,300,947,161,406,374
405,480,570,903,590,215,87,62,142,552,340,924,476,708,690,550,465,819,825,549
56,977,142,28,146,648,816,899,889,938,790,353,327,813,302,783,333,294,402,482
468,143,783,323,684,581,641,333,633,289,673,269,73,234,363,89,983,57,62,564
955,804,652,142,571,886,62,144,765,943,449,266,634,480,66,324,548,979,287,269
445,581,759,467,556,170,93,16,62,580,643,651,482,747,137,389,352,733,638,559
728,57,779,92,300,695,952,482,813,79,142,348,673,915,445,751,701,302,219,165
906,581,165,445,668,857,222,482,549,854,810,837,495,142,958,514,733,546,62,78
114,379,291,909,889,52,23,575,674,323,533,668,431,407,146,165,810,583,937,269
62,810,642,861,734,533,581,849,83,768,889,302,680,977,438,323,926,222,116,765
596,248,66,489,779,733,703,934,175,813,895,89,165,955,473,305,531,269,295,62
269,189,217,146,779,889,62,260,824,295,231,752,813,703,548,809,810,523,71,615
534,144,478,542,618,388,62,180,809,340,271,739,142,555,598,108,93,0,808,392
889,4,659,62,733,142,241,209,269,648,756,582,99,374,892,803,282,414,585,81
369,889,269,648,96,186,299,445,712,645,520,56,891,62,325,591,154,451,838,684
138,326,91,756,142,534,62,151,79,440,889,158,155,576,514,533,429,445,892,294
546,949,40,516,142,274,99,282,699,858,390,593,141,269,403,564,62,149,86,646
701,414,875,73,45,636,311,712,354,785,943,889,911,50,326,934,379,142,62,136
159,409,540,744,30,323,970,335,764,434,320,435,175,470,889,702,142,370,552,145
818,154,445,695,892,260,756,338,16,644,492,810,300,134,409,581,174,482,10,886
256,226,62,853,99,974,602,445,35,740,684,772,864,269,317,813,326,779,142,255
377,142,222,269,92,62,161,881,68,346,81,409,733,146,929,447,111,392,343,879
142,480,615,16,231,537,472,261,639,585,14,19,62,522,467,365,255,617,622,689
323,419,785,131,574,353,95,87,392,853,16,809,144,7,356,173,142,81,807,257
0,14,533,269,858,722,142,692,305,475,668,62,642,537,542,568,480,406,175,881
702,548,16,222,55,648,144,970,810,79,237,412,0,801,83,626,418,733,394,693
62,437,907,821,947,580,428,19,651,323,179,566,342,569,21,142,875,447,252,676
142,531,873,44,62,434,457,79,247,641,144,931,177,445,562,810,139,70,341,98
421,909,414,952,56,547,269,615,142,692,222,79,535,596,412,828,62,769,607,16
675,98,851,500,165,779,821,62,87,479,726,803,636,813,69,482,695,889,808,910
495,269,61,118,16,62,326,501,684,696,191,864,323,18,860,480,703,546,482,405
151,12,845,148,969,142,288,323,115,779,827,482,222,889,445,209,645,409,810,357
165,62,546,334,695,16,280,955,365,810,821,485,668,146,895,65,214,267,968,222
447,514,517,142,326,261,810,977,323,938,222,16,479,324,862,784,44,231,165,756
62,921,38,779,596,142,16,207,261,769,116,17,753,401,924,171,315,146,810,316
24,355,983,415,659,428,16,62,142,88,889,783,194,585,445,568,95,346,348,533
740,150,829,484,585,730,821,142,23,146,580,839,222,813,20,155,116,354,864,426
83,813,775,324,748,283,146,712,606,326,209,74,475,156,89,340,190,16,197,203
87,56,854,897,970,269,406,615,821,738,648,535,680,16,92,759,365,98,898,261
779,483,404,813,919,248,221,502,16,183,445,695,792,241,756,477,977,832,615,64
603,541,378,16,144,180,181,709,908,518,740,494,523,358,326,375,792,142,689,628
733,222,588,421,142,410,125,114,269,305,929,151,963,451,634,16,889,488,62,279
62,684,634,458,409,931,391,464,213,480,369,930,826,913,286,222,779,142,405,662
810,970,445,813,466,684,533,104,146,132,155,295,26,165,889,62,267,782,950,925
862,790,129,323,269,87,326,649,29,744,810,343,890,537,187,62,146,85,779,703
269,445,422,62,738,473,892,410,255,161,146,963,98,675,392,267,84,779,320,323
760,810,241,269,287,142,974,548,62,895,338,52,779,773,115,957,38,222,979,929
677,620,56,269,756,441,968,795,467,977,142,560,910,222,716,445,165,765,4,348
581,222,79,810,772,681,62,639,865,952,701,756,312,848,568,287,269,155,302,638
470,62,269,797,480,889,98,73,7,79,732,439,196,0,514,521,152,392,762,908
730,294,889,949,50,152,172,326,772,979,681,269,358,850,78,779,346,378,53,546
708,673,281,599,569,19,62,87,340,672,375,813,854,918,398,142,975,45,16,809
62,569,979,790,548,740,146,612,340,197,477,810,151,414,472,278,142,636,552,424
810,491,750,81,692,378,969,62,308,699,889,482,705,622,637,43,780,260,398,950
689,204,466,568,960,788,514,422,677,142,222,482,323,315,667,499,335,813,165,55
929,679,514,643,533,326,255,146,673,918,354,875,445,838,767,222,320,947,16,728
506,173,540,232,92,974,142,231,497,545,959,369,410,212,189,308,222,326,62,691
230,151,333,930,524,127,62,744,810,287,207,949,971,692,247,466,646,159,142,224
529,267,62,482,646,552,87,809,860,654,875,288,591,943,730,693,326,641,548,99
498,326,169,984,214,62,983,738,296,115,448,797,323,142,34,165,116,730,211,54
142,746,72,810,698,377,113,452,823,62,744,647,326,712,889,23,405,61,638,482
523,947,345,191,390,186,62,900,414,109,415,491,1,165,0,515,648,38,776,924
142,144,445,243,62,255,238,551,10,16,263,385,649,921,592,756,533,813,695,892
786,62,570,634,165,643,865,174,56,323,76,142,934,649,270,472,33,673,852,347
979,165,908,228,593,743,533,56,314,378,808,231,111,102,203,575,733,447,23,453
595,342,62,892,287,893,821,596,943,560,889,866,146,681,475,32,354,142,718,586
756,838,482,504,32,62,730,492,790,340,791,58,71,46,487,837,515,557,351,810
935,332,297,62,954,269,830,222,955,482,871,144,166,959,534,146,889,345,424,597
697,424,158,481,852,960,152,514,972,797,144,95,489,62,233,585,458,180,480,644
900,907,91,756,480,674,340,142,541,269,782,472,324,514,384,837,885,790,626,776
924,542,310,16,295,287,955,495,245,142,566,299,810,695,172,668,809,469,297,152
438,118,233,803,329,353,730,144,165,567,746,62,218,223,671,360,142,790,103,287
142,963,875,533,38,222,475,266,482,274,810,390,777,871,720,326,977,761,684,87
577,218,240,548,269,324,579,648,445,770,767,613,898,512,341,528,669,142,357,889
708,142,116,814,72,473,62,174,457,977,202,90,593,982,56,915,335,742,581,326
939,767,289,399,890,779,142,411,299,756,564,537,984,121,81,445,799,133,140,307
909,662,681,797,475,686,218,323,69,142,216,699,451,487,414,345,779,588,295,984
287,87,62,353,730,232,300,618,643,834,465,329,165,890,142,127,860,222,452,467
756,1,244,87,62,695,783,56,983,475,165,88,888,191,341,142,482,868,483,775
277,390,53,956,315,14,323,625,44,87,950,378,100,907,482,204,518,254,684,392
442,504,222,102,747,245,756,87,482,480,141,851,526,207,146,152,271,461,62,42
703,552,645,590,142,718,943,62,148,83,581,614,220,779,445,326,746,166,809,499
222,918,756,240,159,62,187,155,689,588,746,323,151,695,294,345,165,617,834,338
815,943,324,883,445,62,207,323,155,16,358,681,142,773,345,792,480,745,91,865
932,475,62,38,57,809,142,643,756,595,638,668,813,674,48,339,790,460,892,60
389,165,299,447,792,678,832,269,668,115,482,142,110,698,433,695,159,930,323,548
900,142,969,97,338,119,412,241,632,445,62,326,813,485,214,257,269,212,548,797
810,310,695,565,160,142,10,341,350,838,708,889,18,480,220,326,585,751,78,571
445,294,65,323,779,16,9,260,62,881,569,821,273,288,142,312,756,234,245,765
660,445,495,864,269,251,16,326,656,142,163,457,726,813,892,62,616,893,447,99
240,44,82,706,676,405,646,892,943,297,67,947,492,58,445,62,241,890,744,28
62,19,967,952,445,765,478,331,581,618,821,854,326,482,769,918,313,222,809,165
423,821,326,62,492,127,146,756,508,323,541,853,142,713,10,856,780,970,645,58
779,952,144,87,229,525,142,445,1,627,504,857,222,930,766,756,746,410,639,174
97,645,146,953,222,57,16,813,409,221,868,709,62,155,17,297,666,606,480,170
91,222,214,439,523,62,499,970,557,378,108,889,323,495,372,326,295,911,159,115
740,728,222,56,65,176,887,820,269,581,279,142,960,824,692,587,473,165,920,608
154,838,142,16,62,777,305,526,942,959,875,146,447,476,296,475,929,2,613,359
269,390,478,630,896,467,142,548,533,62,495,278,970,106,565,813,921,834,514,23
150,301,142,668,588,326,854,364,918,220,928,315,430,345,228,62,964,943,977,732
864,621,142,79,482,357,149,407,161,16,838,261,70,602,256,222,323,385,746,523
440,445,648,739,359,340,915,829,552,222,546,127,762,756,326,962,333,801,133,282
592,222,533,118,837,38,62,475,538,326,457,170,788,983,146,174,267,132,333,492
641,499,864,442,592,175,719,480,62,482,710,514,587,338,142,495,960,553,780,802
479,194,322,747,358,928,502,548,889,969,475,222,931,62,473,555,245,521,326,0
445,240,142,144,808,409,356,553,447,943,61,157,931,334,756,792,269,469,406,634
150,405,975,323,565,943,481,46,557,10,330,211,756,645,821,222,304,367,785,688
245,0,598,142,271,171,315,864,895,574,748,354,850,218,813,889,830,810,617,816
58,56,675,526,142,713,62,216,810,748,847,838,421,747,19,379,634,312,889,306
879,45,875,410,467,16,245,157,142,146,618,113,588,282,892,557,223,165,533,679
89,120,740,808,695,646,892,613,527,756,641,33,357,370,659,62,232,813,142,406
175,421,864,114,821,797,504,533,319,447,62,482,142,146,56,16,690,445,889,931
323,21,648,889,659,451,738,305,924,62,843,156,447,106,269,813,560,620,165,810
142,482,222,541,602,177,813,889,643,144,814,81,759,323,765,88,62,165,971,691
703,142,91,826,714,441,326,570,975,983,615,392,502,117,837,269,52,482,17,62
942,650,960,776,907,799,326,655,906,715,142,810,482,269,83,46,445,821,947,155
483,16,247,864,511,142,801,558,920,809,813,144,855,375,143,281,165,300,592,714
165,559,76,615,109,845,947,775,64,142,669,357,261,832,248,260,825,292,245,222
324,268,62,142,756,88,853,589,530,970,95,269,51,326,533,477,106,514,345,165
155,643,269,889,592,785,235,62,428,377,142,174,261,283,131,501,222,955,273,756
62,269,380,293,949,759,457,10,588,957,157,768,16,424,31,43,756,142,928,375
56,602,813,16,482,533,142,423,977,564,62,442,653,795,626,323,381,146,756,155
632,159,470,814,468,166,699,478,326,216,332,314,414,776,320,756,190,853,892,20
267,585,977,971,92,332,409,837,892,0,142,969,234,598,871,287,62,445,949,571
669,860,440,452,120,240,871,101,810,23,914,165,903,838,290,445,62,38,446,676
188,652,616,406,434,821,389,378,813,269,892,783,23,164,516,970,448,326,705,62
451,492,73,132,173,924,374,480,681,482,732,307,756,752,155,765,907,645,753,379
45,643,405,445,268,913,923,18,287,495,960,781,379,450,597,326,354,83,375,580
62,838,790,634,238,482,323,269,19,641,348,142,273,414,133,335,982,532,718,638
889,62,338,746,631,501,447,714,482,106,179,269,606,16,142,756,779,14,479,966
921,884,274,629,297,261,323,57,681,492,16,972,495,295,440,62,483,165,273,955
269,256,81,142,889,438,16,934,481,194,62,482,246,139,625,412,222,410,276,55
418,72,20,394,429,682,828,482,582,62,941,294,963,746,595,695,571,530,5,119
142,580,326,369,410,363,845,37,479,154,473,585,445,26,354,305,62,222,535,317
337,208,479,16,371,62,34,480,589,294,91,119,666,613,345,889,326,838,681,523
445,194,714,0,909,885,16,267,768,62,39,414,733,289,323,482,794,30,457,53
62,975,921,760,870,892,402,89,88,300,165,960,910,294,259,900,834,326,827,98
87,142,2,221,3,392,402,99,652,615,456,340,134,465,190,533,942,436,457,868
924,635,187,507,345,317,196,16,326,634,624,466,20,853,367,62,348,410,221,344
672,84,105,964,324,141,323,384,372,216,537,16,375,6,975,883,223,565,142,645
821,899,554,445,881,142,303,151,514,326,569,480,504,726,297,889,62,202,592,667
797,28,977,142,653,62,854,921,981,818,702,621,427,689,672,392,453,269,334,983
410,979,125,155,560,492,142,848,62,588,245,482,740,165,926,983,457,925,870,422
812,56,466,767,581,165,859,929,334,142,821,631,135,482,457,662,329,96,806,695
809,779,62,821,452,142,810,278,144,174,930,453,116,626,479,366,300,294,180,56
79,889,636,362,756,457,938,174,142,427,323,550,409,762,269,218,538,695,623,699
62,223,164,602,434,756,830,389,703,983,56,740,0,847,31,142,250,593,340,70
626,565,837,889,269,546,779,493,28,796,621,977,351,529,142,69,832,135,38,631
736,944,209,963,329,618,533,699,552,395,81,809,55,879,91,295,151,695,571,947
1,115,326,592,748,99,421,184,825,62,269,765,908,77,144,137,167,323,844,548
323,810,142,147,591,732,165,16,785,784,966,269,62,576,963,923,157,13,324,756
200,465,345,16,741,157,672,329,646,733,824,163,588,681,222,948,943,968,806,627
929,137,114,326,952,218,584,323,39,829,0,14,810,62,949,451,100,681,969,628
157,416,681,217,557,796,653,406,180,1,62,480,445,738,829,385,756,165,709,77
646,385,286,890,480,947,103,430,62,744,142,892,791,638,908,495,394,50,21,709
142,16,935,875,728,669,147,357,748,676,62,795,467,310,918,324,482,326,638,889
91,142,62,118,709,478,756,326,548,323,68,813,254,160,913,903,649,56,178,780
541,405,16,895,68,757,821,562,194,142,753,52,834,585,62,708,756,690,790,548
676,260,144,116,691,142,615,627,538,853,672,332,247,155,81,831,785,62,543,307
958,585,569,409,58,260,709,62,19,475,207,970,267,702,52,467,983,280,99,87
445,146,62,14,142,248,326,287,222,405,550,549,813,54,363,744,323,457,488,924
821,245,131,323,668,960,87,183,384,142,909,480,853,16,947,573,791,309,260,931
450,509,903,892,326,626,618,146,142,103,16,591,855,282,810,382,405,222,433,381
979,308,142,751,145,519,492,875,269,16,732,813,64,929,144,799,445,45,546,596
16,655,921,70,140,297,305,142,62,440,340,71,81,232,676,906,889,638,269,812
983,854,235,231,765,853,97,748,62,269,557,28,690,955,142,144,295,814,389,873
480,812,256,466,165,268,898,822,117,338,808,157,678,38,26,222,53,840,706,872
680,453,857,889,79,62,827,789,142,323,482,737,17,326,809,47,576,821,892,222
326,41,5,16,977,628,269,856,142,21,166,62,520,249,23,590,231,440,134,146
269,62,515,323,957,854,792,0,368,146,282,440,494,142,87,56,658,141,287,341
277,146,44,323,157,499,62,494,523,493,35,345,439,470,472,158,16,142,95,445
695,260,445,879,142,305,324,421,480,646,297,838,580,648,390,476,62,809,426,892
779,508,142,62,778,268,950,194,165,61,889,516,668,78,788,483,458,531,56,381
44,424,116,62,103,247,899,957,28,326,345,548,552,885,813,638,833,765,87,498
269,0,64,662,775,767,5,142,228,16,813,781,835,62,551,445,369,644,645,163
499,770,129,559,142,592,797,515,553,62,892,74,790,10,801,755,16,146,332,445
682,166,907,767,813,581,681,600,770,668,226,30,405,634,440,218,296,889,129,612
231,23,16,983,752,757,467,832,964,390,911,668,892,445,796,191,272,701,269,971
447,79,269,794,864,645,163,889,70,5,903,910,977,587,248,445,62,478,907,552
569,45,238,52,740,68,921,452,403,809,637,639,445,838,790,970,966,79,165,857
492,116,62,875,756,142,810,44,818,790,261,324,451,49,856,813,43,752,482,446
29,803,142,790,254,158,409,548,606,878,957,875,10,103,781,838,447,728,709,62
790,311,127,895,494,559,302,592,151,634,491,813,469,733,146,983,341,62,142,948
655,581,810,248,283,955,898,23,952,559,947,62,57,241,620,781,821,733,222,326
780,699,617,114,480,366,62,497,530,495,323,234,957,581,907,331,438,810,337,819
813,165,366,269,359,569,667,639,834,326,837,543,603,338,218,415,427,875,222,705
875,358,62,335,46,687,851,138,792,432,447,164,794,981,775,482,38,269,889,16
40,340,83,142,94,790,218,445,173,889,222,844,638,62,615,329,457,706,392,269
620,60,495,267,287,323,116,602,445,878,744,827,315,146,142,62,409,494,326,480
542,142,515,602,81,613,756,659,854,689,317,88,276,480,889,804,16,732,118,178
480,905,447,373,666,62,375,366,517,820,714,142,946,79,569,436,598,682,421,301
710,142,243,878,376,499,732,422,767,889,409,756,473,336,450,445,738,38,931,44
695,447,165,728,779,269,241,668,378,682,381,810,929,862,306,326,187,737,918,216
442,443,142,732,115,810,884,492,161,410,938,787,950,475,16,773,411,873,61,592
871,22,326,287,374,779,692,894,62,983,144,339,146,828,142,252,357,576,700,370
482,406,235,323,203,682,79,621,271,266,751,146,492,241,165,740,793,174,62,261
142,146,346,889,389,797,20,260,853,183,952,898,109,684,779,326,14,875,756,3
645,824,480,533,348,240,595,523,62,668,756,871,230,938,233,653,926,315,323,682
864,579,684,256,165,390,331,362,654,581,810,889,813,275,471,146,881,405,977,929
566,62,142,421,968,875,118,531,16,797,323,375,222,188,305,445,76,577,846,579
405,142,222,146,499,503,740,819,883,149,947,928,81,929,662,266,814,480,391,43
81,62,730,632,548,869,737,165,790,475,409,38,814,281,61,358,152,482,695,711
447,340,550,142,3,217,960,751,59,497,384,89,616,929,146,706,983,875,126,269
687,450,733,269,73,914,799,165,463,10,58,632,142,490,184,228,62,689,779,475
56,159,889,89,53,12,207,142,585,94,458,977,834,592,445,528,864,236,217,496
146,813,242,269,764,186,655,142,333,790,227,241,480,217,728,300,756,492,245,406
411,269,810,746,326,892,645,323,142,514,662,384,30,98,62,836,378,116,259,730
323,681,91,53,480,297,148,577,281,165,569,899,695,487,235,501,821,62,533,445
569,467,392,357,514,142,222,810,516,834,14,19,975,696,473,636,910,977,62,885
19,538,681,450,142,429,804,62,188,16,399,324,70,240,521,634,495,501,889,892
62,889,217,676,824,142,340,240,890,236,583,16,980,323,957,131,315,618,88,202
62,756,396,56,142,146,15,121,260,865,326,78,845,288,581,165,831,267,810,861
338,668,498,921,521,825,613,185,143,645,16,977,447,354,300,851,21,865,176,499
165,146,728,224,142,656,649,445,721,615,564,222,657,60,874,407,55,465,281,218
928,588,17,457,533,431,62,695,146,529,645,781,723,469,97,142,294,744,73,739
533,361,106,311,532,810,814,799,295,167,581,269,874,956,942,482,62,142,813,118
354,142,929,770,222,273,404,375,87,700,472,695,957,718,383,588,114,554,977,666
756,62,238,772,482,142,538,546,326,695,977,451,124,38,947,404,319,348,323,829
154,146,707,898,885,56,165,445,795,461,105,101,957,739,889,480,572,127,326,747
588,301,222,142,642,932,592,160,853,785,955,531,886,16,297,475,295,306,38,151
88,645,392,639,142,346,892,715,350,952,889,273,874,661,207,813,10,812,146,783
756,762,842,917,684,944,412,792,571,533,35,165,858,646,323,512,20,668,261,19
29,269,875,983,222,598,97,286,82,142,369,630,976,585,726,165,214,161,962,977
390,554,330,447,165,62,977,684,862,288,323,402,349,432,865,195,492,441,120,389
16,828,480,634,648,392,695,889,165,667,765,62,234,468,445,940,952,365,526,409
918,439,142,921,432,610,638,269,716,62,779,411,938,155,622,592,56,325,287,482
108,81,931,151,837,222,960,109,91,165,476,889,332,289,716,680,810,421,146,445
703,239,345,269,0,326,79,756,932,438,235,56,977,144,634,804,943,875,892,680
165,851,16,269,680,261,19,142,161,120,375,792,790,538,977,280,52,866,779,31
142,410,779,756,875,269,323,826,477,781,312,671,695,1,916,144,513,62,521,409
222,165,829,864,537,719,62,329,375,16,492,588,879,845,747,921,762,142,732,415
649,589,323,142,316,581,44,657,438,695,62,843,756,407,445,719,269,979,16,699
74,553,873,326,245,165,392,889,56,40,311,613,645,963,173,527,881,259,34,698
323,198,890,62,324,828,906,142,370,144,813,571,445,808,674,943,248,267,188,131
142,156,577,875,906,889,862,885,354,730,326,70,756,23,277,323,387,118,676,108
174,632,149,581,668,53,533,482,703,537,222,959,0,688,468,429,783,779,786,684
116,728,821,62,480,977,99,820,566,789,851,332,173,287,638,165,340,219,913,323
371,270,146,175,918,62,64,305,708,649,813,142,58,732,405,724,585,871,25,44
333,786,428,51,326,621,732,17,694,485,105,791,470,409,909,524,628,982,323,142
62,548,960,222,889,332,16,184,838,980,326,482,468,50,146,142,396,625,467,96
142,129,702,165,494,76,534,889,768,191,515,77,707,482,873,680,445,756,730,78
779,26,260,134,62,457,557,889,485,938,385,142,475,278,482,911,409,913,4,81
62,142,535,618,756,14,955,346,153,196,295,173,31,813,280,889,859,56,482,279
142,332,62,708,944,529,879,662,513,323,979,151,703,624,738,710,326,440,23,567
16,746,174,414,300,646,326,772,548,813,222,568,553,142,536,681,39,645,62,606
631,133,889,804,142,756,457,281,338,722,797,622,323,482,301,720,53,907,165,62
74,154,115,862,221,139,142,762,591,165,174,87,475,929,528,767,41,260,638,927
256,245,146,86,791,351,892,467,416,695,482,581,889,142,487,16,447,222,795,835
983,550,363,142,889,736,637,62,756,287,440,786,14,788,881,783,523,326,810,779
329,551,786,142,975,581,133,323,18,756,165,668,241,466,701,269,62,892,16,229
634,72,273,62,603,488,955,875,142,816,360,146,445,227,947,16,494,949,254,414
181,106,770,470,11,668,514,232,914,345,585,222,198,609,695,434,813,326,161,479
142,165,412,853,334,330,369,62,628,323,826,144,907,447,737,321,917,953,528,33
348,648,323,142,118,396,569,146,714,405,144,56,969,684,726,803,250,345,889,235
374,889,385,392,900,424,319,443,62,521,440,142,787,627,921,756,724,245,465,430
904,323,315,708,400,52,927,774,645,269,795,468,816,142,394,139,445,482,732,746
559,27,142,326,947,523,522,778,260,797,616,979,618,890,329,323,0,689,165,719
16,333,533,155,809,699,523,142,943,186,889,754,1,928,269,709,579,45,300,145
326,492,142,71,810,634,756,981,521,475,915,657,916,92,531,584,897,478,226,585
648,209,681,142,246,222,889,323,893,480,705,112,770,16,165,513,172,438,62,724
174,889,810,68,982,613,972,487,146,375,269,62,144,165,638,142,305,16,26,405
165,480,16,133,662,859,374,740,417,120,924,378,672,369,171,8,29,142,858,730
326,235,323,132,187,984,142,588,278,875,445,95,16,514,57,43,332,533,779,499
261,864,62,949,115,323,842,513,772,695,465,734,447,908,40,612,569,222,269,657
581,62,409,260,81,492,889,142,482,841,442,89,817,98,70,323,925,453,458,649
482,56,269,475,143,603,142,728,795,800,299,62,762,466,680,853,810,5,165,57
248,142,457,38,601,770,79,323,445,269,161,772,919,492,856,660,548,326,21,777
706,929,375,52,336,819,144,16,476,503,875,970,853,634,892,135,606,326,548,581
146,62,831,881,977,558,43,702,645,821,524,195,739,813,440,960,951,269,16,947
952,810,269,492,142,482,79,338,927,235,120,268,862,174,62,275,698,222,71,524
66,62,416,124,16,482,333,892,142,89,983,700,57,233,480,509,731,756,695,790
326,409,813,636,294,926,705,936,222,837,241,445,884,668,81,269,898,422,482,756
142,430,552,222,860,517,371,422,71,336,326,681,902,970,335,959,648,969,419,710
546,943,279,190,146,521,240,43,983,889,302,142,859,634,151,79,157,654,749,826
445,521,144,810,606,309,726,648,156,480,209,245,367,737,62,269,913,889,918,222
142,167,836,422,900,889,615,875,952,809,600,955,161,233,918,678,56,972,871,810
20,788,809,16,326,70,151,864,44,975,786,165,256,193,889,785,833,761,168,337
578,898,155,315,326,895,421,615,457,411,921,215,332,473,977,23,282,482,142,558
330,256,16,105,166,593,905,829,465,491,142,323,87,970,430,120,79,746,804,585
566,187,452,198,579,835,62,142,53,626,889,392,819,390,557,916,780,695,224,326
151,341,750,96,62,345,142,323,166,909,769,133,668,218,623,629,889,877,681,848
475,269,102,810,576,21,98,983,423,176,822,779,79,56,81,548,45,213,142,969
638,0,300,618,572,62,879,860,118,821,789,571,440,728,326,926,871,142,120,45
977,949,333,279,507,864,781,935,0,404,703,581,709,267,193,756,646,766,335,948
197,260,378,892,52,958,165,70,890,889,157,281,194,482,574,240,142,708,311,973
62,258,142,323,779,441,623,795,269,636,106,516,99,20,574,909,514,881,239,326
100,269,795,828,627,779,746,732,540,216,548,0,97,636,419,121,482,62,446,581
482,779,172,58,256,53,409,884,974,142,179,695,703,218,323,552,405,346,533,230
889,480,557,947,142,612,56,466,445,514,0,324,82,5,144,813,323,652,630,91
142,79,779,189,259,389,55,326,333,957,761,354,892,323,684,918,557,880,785,425
191,173,944,161,648,375,46,587,233,269,501,941,326,167,367,840,29,174,204,261
235,458,21,406,810,341,892,142,480,613,875,25,68,389,446,809,881,579,756,816
406,733,60,826,892,674,593,493,195,62,14,825,222,666,291,0,165,820,396,568
155,780,269,142,222,133,595,252,908,218,758,62,751,704,111,445,87,363,921,447
380,825,484,660,585,600,222,454,142,471,445,810,821,269,797,931,139,205,323,801
62,326,478,196,810,876,979,421,144,643,661,369,892,695,318,480,615,777,524,16
684,936,615,822,457,165,330,87,529,142,348,345,886,907,296,695,889,480,958,241
142,982,218,802,756,269,62,634,916,625,837,929,875,14,89,537,858,335,503,222
856,146,294,18,142,165,691,323,581,956,480,96,523,50,390,796,62,668,144,269
326,153,852,775,546,62,772,468,142,31,0,79,194,783,837,517,410,756,605,898
165,702,133,410,62,371,299,781,26,294,273,492,488,943,90,783,333,457,728,690
445,977,668,480,269,222,963,16,421,889,628,594,161,135,875,669,603,797,118,911
756,655,62,10,810,585,430,34,746,889,562,539,769,295,84,280,144,571,668,903
582,438,165,892,261,92,652,482,757,4,43,358,378,239,588,186,230,222,813,323
326,222,804,541,142,447,567,943,452,17,186,143,803,682,62,680,305,273,824,969
970,475,755,779,45,142,809,295,326,338,213,746,732,668,756,586,461,49,222,585
142,765,447,453,267,323,482,618,779,324,895,137,950,829,127,909,46,821,889,907
280,645,142,810,103,592,33,285,222,197,638,62,503,703,881,655,813,681,323,768
971,703,257,56,476,982,669,409,366,62,970,191,16,91,620,446,237,87,326,97
480,340,421,297,568,789,196,783,447,142,982,222,269,62,764,0,285,81,16,874
944,62,452,881,745,668,161,479,805,943,762,8,889,142,482,385,977,338,626,80
892,323,142,54,779,326,269,756,790,668,19,581,165,287,482,598,695,118,45,543
447,191,70,48,222,234,699,480,791,875,979,161,16,57,860,638,62,140,948,634
217,324,602,737,679,820,16,329,280,32,233,495,405,384,446,62,533,813,240,160
789,62,958,142,66,375,585,864,245,323,733,514,808,983,955,460,973,882,643,146
892,969,222,659,977,234,785,78,581,762,62,853,135,323,319,142,591,854,32,914
892,963,871,795,779,756,482,269,285,323,670,882,689,338,16,357,514,809,62,970
325,975,179,700,323,358,49,959,273,5,467,269,70,972,81,88,756,889,610,142
810,142,81,792,295,323,0,756,874,165,889,970,678,765,1,693,901,625,431,62
323,666,794,392,300,447,159,541,142,634,403,62,222,125,875,559,690,756,871,912
284,122,457,782,62,97,476,533,13,689,665,172,299,556,466,100,553,737,582,44
447,893,291,680,222,779,459,445,631,142,360,756,151,493,299,116,341,810,602,514
616,947,323,427,269,700,649,791,142,451,173,977,445,273,651,476,863,290,390,905
632,960,53,142,765,292,875,445,695,781,569,16,845,668,492,480,780,902,218,194
329,16,170,62,561,694,785,326,810,636,532,142,10,891,724,801,548,864,948,918
629,326,62,834,953,213,173,684,955,660,142,625,197,269,942,407,504,278,445,697
294,300,480,813,790,351,875,975,79,652,821,142,405,792,17,523,16,850,62,625
684,154,79,431,515,695,174,131,142,240,62,333,132,584,846,414,16,895,20,235
285,799,142,338,672,403,62,517,533,120,371,222,695,903,328,302,0,482,889,585
379,238,453,982,445,574,250,710,427,479,130,790,79,378,499,448,16,24,144,810
832,127,205,142,233,282,190,62,761,407,542,756,353,245,656,165,428,810,747,948
142,144,785,392,37,806,681,692,23,34,165,892,728,821,16,487,810,52,305,62
813,471,737,194,668,410,695,703,440,142,588,680,718,890,184,721,853,571,10,592
323,142,91,291,756,931,845,295,62,482,16,278,889,516,474,786,500,959,154,676
492,287,280,482,889,241,142,405,326,323,779,34,665,466,16,27,352,165,979,269
970,16,384,703,101,829,889,56,491,952,158,756,628,323,800,476,478,358,716,871
323,482,571,517,142,548,408,269,886,70,62,891,533,79,338,726,702,588,367,783
369,871,810,475,889,222,799,956,628,657,508,813,163,405,16,537,42,700,92,951
675,810,165,527,269,925,447,875,142,519,790,956,470,493,728,146,135,254,779,480
445,636,300,223,896,157,772,956,482,938,16,889,597,222,62,240,87,760,269,44
792,952,709,428,222,142,340,225,326,165,846,62,294,820,810,357,287,459,56,438
578,810,746,91,821,439,840,142,16,963,669,787,756,375,916,98,95,44,326,441
323,445,478,269,366,275,752,786,240,376,142,762,765,332,62,305,16,656,50,756
577,813,445,222,353,172,56,533,571,508,410,707,447,169,568,142,133,335,730,102
662,340,597,943,695,135,174,142,480,833,856,264,792,482,269,704,102,853,16,573
684,971,514,287,409,792,975,300,26,492,881,790,16,142,445,58,475,645,62,813
146,145,507,269,949,62,155,555,431,707,889,638,482,10,684,176,279,605,724,875
785,165,385,844,808,304,445,326,278,881,931,875,960,311,646,690,406,16,745,390
120,662,21,62,558,571,409,697,410,810,447,661,889,494,790,643,748,61,756,414
321,62,222,345,142,243,451,120,330,810,326,533,261,754,401,72,943,425,300,132
756,269,772,820,793,791,21,869,457,645,152,929,431,62,852,479,682,911,118,155
197,523,174,237,118,669,234,889,558,383,186,332,217,445,119,405,692,731,779,193
74,302,680,596,269,323,81,775,615,142,289,62,92,76,38,434,482,643,56,719
482,791,972,421,142,165,880,781,949,837,628,269,756,118,144,581,385,15,62,323
291,870,739,889,218,755,0,32,790,24,142,374,326,103,284,947,445,376,294,342
46,445,950,409,793,927,813,632,289,144,609,118,209,16,766,14,475,668,245,280
83,979,326,142,571,653,92,323,785,889,59,918,390,514,14,817,346,297,61,97
889,779,955,615,529,16,740,82,523,97,692,78,943,374,696,875,520,23,217,845
178,7,593,16,222,892,921,680,433,483,949,235,269,295,615,756,401,142,249,727
983,695,519,974,326,299,475,307,378,269,546,222,332,480,349,142,121,56,486,913
16,419,269,915,345,390,810,461,316,23,522,571,151,752,324,62,56,533,222,696
954,929,501,752,810,845,480,703,240,744,62,581,904,804,245,874,142,668,775,100
546,151,975,843,62,155,451,142,183,165,86,849,688,84,125,432,768,409,884,170
445,142,772,326,410,256,684,214,546,157,572,222,215,323,318,272,404,165,813,516
482,810,450,503,447,533,16,443,480,62,146,142,783,440,889,103,697,258,538,323
44,929,875,197,634,919,790,138,33,88,416,889,619,959,606,837,748,379,588,12
615,62,552,142,326,695,842,933,472,155,688,268,324,340,197,19,466,323,384,16
16,756,492,453,414,719,62,323,909,918,440,523,291,437,548,269,455,240,277,540
16,165,269,155,62,215,79,450,65,627,865,312,116,892,191,248,827,241,428,515
296,250,62,668,10,54,290,222,27,725,779,68,4,473,333,689,656,480,740,55
892,23,533,828,56,269,439,250,745,638,122,870,708,21,260,287,654,865,62,240
978,943,142,338,149,569,79,874,107,789,533,684,791,977,98,447,255,560,566,62
260,744,482,733,13,62,552,269,865,44,142,184,493,603,950,629,838,277,81,385
164,682,533,209,146,874,115,174,326,0,21,765,284,68,79,892,789,643,165,142
469,139,62,931,642,480,329,270,909,926,592,854,269,142,482,12,546,674,168,921
405,245,62,670,804,737,190,533,956,381,294,79,551,413,172,756,563,21,218,929
492,728,641,922,730,62,482,632,338,81,508,976,781,105,296,864,209,451,166,733
63,87,163,435,197,526,222,142,695,524,938,62,269,514,921,165,446,728,280,889
889,512,60,62,950,142,133,748,719,166,920,475,779,209,430,165,844,140,326,409
654,62,112,240,813,640,906,68,87,52,643,612,142,174,370,538,921,48,577,369
222,62,764,98,79,142,482,269,332,453,698,146,300,607,821,52,795,375,688,810
695,142,639,983,821,345,238,38,577,62,728,634,241,222,790,559,643,155,756,29
222,889,595,91,267,634,142,16,374,482,649,323,348,239,872,912,452,495,3,828
668,894,122,907,42,836,979,62,600,756,813,142,666,424,465,533,656,16,624,186
601,97,294,389,921,762,326,977,785,559,375,248,297,756,596,154,87,83,159,216
0,518,16,463,810,666,341,222,142,889,124,824,62,323,779,241,269,89,354,74
405,580,375,733,752,821,183,142,62,151,586,97,14,218,730,503,533,451,174,526
482,647,390,62,443,323,740,581,962,733,301,384,927,277,434,285,746,0,273,142
287,16,323,269,208,163,43,266,465,480,962,779,142,587,146,345,79,451,649,839
533,929,142,299,81,165,429,628,817,56,269,829,332,16,20,270,323,307,234,581
323,889,636,326,546,645,392,38,713,368,278,885,142,627,1,507,610,711,480,305
646,268,212,16,202,756,141,648,10,149,142,587,944,634,614,577,424,889,863,155
975,381,515,56,480,323,956,676,677,226,447,627,689,881,92,372,983,768,379,756
326,41,323,222,295,797,35,558,375,810,300,165,52,379,269,62,485,791,636,627
960,634,58,974,872,649,269,457,493,837,889,323,780,357,173,142,69,810,238,51
642,312,323,445,883,896,447,428,514,841,626,696,813,241,984,368,16,326,142,440
585,806,323,81,280,335,797,26,875,146,977,16,885,367,848,35,482,681,724,602
859,438,218,568,73,761,76,466,894,969,142,810,982,785,16,222,62,696,269,434
972,174,733,864,391,447,586,821,133,409,20,269,507,838,142,375,650,756,563,62
695,405,56,23,532,636,928,804,419,900,801,949,813,142,410,929,282,797,582,3
789,514,134,941,975,447,204,354,715,732,141,861,143,649,657,142,84,392,636,494
630,447,326,818,492,144,168,668,294,673,133,979,222,127,801,445,62,267,854,36
376,695,875,680,961,370,0,144,16,50,813,46,390,142,821,491,810,364,121,783
578,378,245,858,146,261,66,458,925,142,977,119,482,870,240,786,62,982,816,844
480,326,142,14,324,447,222,832,467,853,640,87,808,790,871,446,354,732,501,881
668,269,0,910,273,261,142,146,628,723,392,62,689,120,16,827,901,838,144,581
97,281,625,260,89,102,746,434,786,426,728,174,87,323,668,295,245,412,142,969
581,445,247,770,977,217,323,561,907,810,721,62,0,760,155,482,710,929,142,222
494,56,482,756,81,323,794,243,778,875,300,377,781,620,571,829,305,598,91,16
941,977,789,142,810,62,984,708,357,860,16,368,447,147,514,89,445,290,323,756
315,684,62,813,731,634,689,142,265,516,494,810,390,300,314,514,596,576,468,910
533,440,871,240,548,142,703,681,38,801,900,492,771,155,62,643,960,552,442,550
662,747,838,315,602,700,142,344,326,217,279,689,568,425,779,164,41,690,546,357
597,16,482,926,506,240,62,785,142,282,27,772,746,581,305,813,892,639,78,977
294,438,161,9,941,414,142,841,705,71,16,905,62,269,323,52,91,146,153,46
326,700,119,680,16,115,34,867,816,738,756,27,287,62,53,447,229,335,44,524
585,727,746,133,709,958,790,409,480,769,231,756,943,695,648,581,245,558,213,165
457,165,743,482,56,16,813,23,919,515,323,222,702,932,599,445,889,390,792,441
223,269,0,268,142,822,235,798,813,345,733,62,276,790,756,878,416,53,332,300
579,16,335,852,385,62,982,142,514,245,587,332,446,321,14,440,20,326,931,834
72,16,585,477,62,645,144,552,635,392,656,491,968,114,445,165,789,886,142,189
960,947,324,56,770,144,970,979,120,568,428,295,810,983,287,447,405,451,881,697
236,797,862,146,327,62,654,900,409,142,444,748,64,956,764,752,790,469,10,889
62,268,771,281,55,109,475,462,905,790,344,967,44,499,142,155,844,295,758,892
428,278,875,62,348,16,493,192,854,813,5,681,144,939,916,764,409,397,295,142
881,858,482,617,703,609,892,577,480,295,783,14,161,78,460,653,618,975,668,832
958,142,359,552,196,779,62,774,967,222,603,31,783,790,952,81,473,733,889,813
482,668,347,429,938,247,605,612,791,16,475,337,332,889,19,533,240,87,790,31
165,16,970,689,99,581,425,404,832,815,142,967,723,155,498,62,151,860,222,577
827,287,889,222,68,0,146,533,538,856,84,344,938,256,905,151,62,409,783,445
118,775,684,581,960,838,62,746,628,326,14,133,779,767,323,202,73,146,59,482
188,570,340,16,289,68,810,226,142,445,348,62,154,963,850,390,300,903,324,809
531,142,279,533,271,332,479,666,364,445,43,489,335,955,602,405,447,871,756,529
690,358,142,708,711,834,896,222,809,664,81,326,155,151,16,375,53,475,165,445
756,724,62,323,269,492,552,118,618,388,325,813,21,544,458,509,710,847,326,56
822,790,142,165,269,202,62,151,128,24,406,378,538,387,548,514,799,909,263,276
62,378,810,944,15,332,957,269,86,482,821,643,515,864,29,99,562,892,495,445
562,157,668,142,405,913,37,661,371,756,615,829,139,478,748,797,432,836,785,288
78,46,65,700,326,594,554,34,833,905,2,447,871,489,16,631,432,142,344,409
813,792,779,668,357,269,887,326,746,16,151,267,762,301,529,889,323,931,548,480
650,62,142,447,0,15,759,23,606,514,438,794,34,792,199,90,718,241,480,28
142,914,318,84,482,17,747,62,235,269,514,589,442,44,880,173,581,644,127,797
222,447,821,673,957,20,293,588,329,937,668,142,267,87,695,355,62,495,552,734
490,588,385,209,875,593,782,892,142,505,482,478,163,823,199,963,82,243,542,222
269,62,142,791,895,297,464,204,215,780,821,585,323,879,643,333,641,957,450,413
810,823,467,598,699,779,445,0,529,406,142,418,180,267,151,296,634,790,829,268
144,142,924,291,245,482,668,146,480,270,909,161,222,445,398,440,766,488,238,261
810,548,323,86,615,756,83,872,37,155,873,56,222,142,168,646,268,924,370,41
697,323,636,326,482,889,62,485,142,385,883,423,135,975,857,514,16,644,627,813
84,889,56,779,821,142,215,634,409,581,445,276,230,16,62,323,706,467,378,796
144,748,78,618,269,755,703,865,728,767,62,875,695,810,482,192,402,390,445,133
62,390,593,797,703,756,889,157,657,775,337,864,142,222,975,859,326,53,969,155
412,665,81,430,509,240,62,374,729,810,409,615,146,583,222,323,41,390,482,580
804,300,864,853,947,762,482,422,860,357,362,881,28,889,329,475,736,629,378,323
480,89,746,772,457,710,148,477,627,475,514,634,326,87,3,62,633,383,523,875
269,59,251,56,142,223,445,211,377,89,797,234,451,340,517,668,323,810,37,602
0,810,256,596,62,900,561,432,177,508,868,114,52,470,323,585,492,977,142,889
287,666,728,602,598,813,482,585,407,445,142,846,684,627,648,441,956,620,56,369
326,669,1,81,354,482,903,291,144,769,486,142,16,227,269,566,853,445,378,218
882,56,411,421,62,331,445,591,890,493,703,118,926,68,482,955,539,467,33,23
975,378,648,911,845,655,315,16,222,977,591,889,646,668,287,733,269,88,346,767
10,377,645,333,482,909,853,444,323,464,223,879,626,921,579,908,618,142,173,62
79,864,813,222,898,756,887,447,871,287,792,0,634,378,715,302,810,220,114,727
667,810,142,749,62,323,935,245,140,725,889,790,8,146,756,349,983,616,283,411
81,16,445,62,909,947,968,703,984,783,15,144,864,961,83,487,222,224,79,606
269,446,977,451,56,142,323,680,62,552,161,287,143,10,304,639,16,577,338,336
947,828,364,445,790,808,260,769,523,241,615,802,480,16,370,146,541,249,514,634
222,89,32,918,234,15,445,446,142,731,151,455,921,34,526,871,722,930,466,62
769,62,58,976,913,668,832,363,684,533,447,470,335,813,773,839,822,632,649,550
712,466,399,106,78,836,142,643,91,146,795,480,482,66,122,895,323,287,877,977
960,58,461,182,141,482,963,568,91,660,810,365,975,691,792,961,14,797,269,354
779,294,337,860,24,222,892,114,746,16,142,392,480,146,950,48,716,248,269,324
204,142,814,615,889,841,603,952,685,955,165,166,682,83,441,323,608,453,305,926
142,461,692,93,864,92,323,297,482,634,16,810,409,445,480,627,635,889,166,326
446,569,958,170,19,79,204,733,142,943,330,938,702,345,750,187,118,135,814,323
330,300,56,457,889,5,625,38,62,566,319,57,892,305,281,423,982,222,285,110
514,847,809,62,628,875,144,345,747,898,260,323,326,838,142,56,695,632,230,517
645,323,578,889,668,465,345,453,295,690,695,171,550,943,62,817,581,885,269,230
638,554,62,269,142,375,287,134,268,690,326,10,748,756,861,808,295,629,790,447
37,977,340,353,142,569,472,708,81,326,118,746,329,144,514,89,44,587,269,163
146,963,334,952,898,909,794,62,899,142,242,533,656,245,492,422,323,724,16,326
167,634,695,615,649,763,756,480,287,911,348,639,168,68,165,23,468,174,429,56
654,821,207,756,704,305,323,300,142,79,369,813,16,533,638,738,971,882,165,714
970,606,516,16,557,559,794,142,845,790,81,499,466,576,323,825,269,64,568,62
283,326,897,142,121,681,632,786,66,654,644,778,744,409,638,894,248,918,979,480
955,142,716,53,16,294,938,744,969,695,911,934,636,442,960,234,118,617,109,681
24,64,188,323,810,685,779,533,814,16,255,447,752,710,931,670,480,905,530,864
609,813,51,142,756,62,222,330,695,323,959,56,16,79,138,979,390,516,140,471
885,411,67,457,806,918,736,706,142,797,432,332,541,375,68,342,762,603,388,115
36,65,872,142,821,445,714,733,942,20,19,632,346,552,372,326,229,971,983,60
473,105,752,83,245,297,267,492,142,950,808,480,599,733,703,161,62,560,883,92
404,514,866,268,643,141,133,81,33,925,943,336,889,868,480,286,503,79,501,329
565,391,962,646,588,528,222,327,142,943,181,472,207,451,892,139,571,14,295,81
269,294,738,798,160,62,142,810,973,514,423,756,780,943,247,326,944,323,26,902
943,165,648,125,557,207,587,697,34,261,245,118,50,149,716,16,613,338,781,477
73,501,142,544,410,62,794,105,838,364,153,420,479,482,144,741,834,925,45,983
62,248,809,482,165,810,961,862,151,408,202,279,142,86,759,167,889,682,668,269
338,643,326,91,810,497,245,344,62,204,323,273,797,118,128,23,733,779,195,369
890,142,792,62,458,292,568,779,146,877,95,742,931,283,475,76,977,198,671,46
810,867,6,133,58,411,953,695,514,62,71,950,756,938,705,979,674,642,326,23
133,323,756,699,409,868,646,151,796,809,954,269,351,848,938,142,97,277,531,937
320,548,573,142,785,161,881,338,305,430,105,326,643,480,44,19,746,62,171,207
895,770,552,533,308,972,740,333,813,142,905,910,864,850,146,165,472,627,443,835
125,982,630,151,581,964,142,693,797,323,892,831,819,266,737,146,575,495,378,567
142,464,533,165,26,926,18,176,240,247,910,204,960,91,433,40,326,616,947,564
889,87,504,223,892,676,952,363,222,929,45,100,440,56,482,10,62,819,848,514
581,142,99,182,918,83,568,338,79,441,681,969,171,676,728,152,256,466,323,333
357,668,142,165,943,657,507,477,401,475,174,221,373,349,973,81,684,705,639,889
684,376,445,62,76,810,344,958,5,949,326,668,276,829,892,480,802,340,146,875
963,740,13,498,920,779,203,125,146,101,790,892,142,297,960,643,695,340,889,895
769,482,91,756,118,943,146,955,338,634,79,38,323,559,142,514,625,203,330,822
115,889,319,634,781,939,441,819,84,146,323,821,875,801,62,170,422,671,390,620
596,326,16,146,307,571,909,62,566,445,222,943,810,821,211,386,583,79,688,10
25,231,164,526,635,62,813,588,142,768,10,863,401,120,734,824,695,889,445,46
344,482,634,234,837,761,915,142,317,889,45,648,360,256,983,935,875,322,756,348
323,492,23,53,62,144,558,765,142,406,383,960,665,222,979,889,18,790,460,641
498,892,142,241,686,62,781,233,348,163,718,784,182,795,746,792,402,134,618,445
329,261,756,931,50,62,12,142,797,375,662,183,630,949,300,315,567,892,16,333
179,62,99,959,565,98,508,143,445,166,864,379,779,16,602,482,142,846,457,319
142,440,646,634,150,516,80,269,496,887,612,146,85,733,482,52,100,390,668,87
930,263,89,832,746,859,142,62,248,393,494,821,69,501,889,256,186,269,16,492
260,375,116,788,423,539,525,860,761,925,824,482,522,716,323,165,366,527,832,871
765,62,930,326,632,236,810,222,645,66,331,760,445,142,748,167,100,681,746,409
251,347,284,323,533,62,700,645,485,637,116,61,142,596,790,492,881,625,828,787
598,975,165,142,738,354,934,910,180,256,493,704,533,62,790,663,787,550,680,283
739,0,45,269,738,503,410,119,494,16,133,62,779,142,476,28,975,358,877,695
813,173,529,754,943,492,756,894,467,780,810,296,315,703,175,124,464,821,620,222
793,702,165,482,480,137,718,892,812,62,932,79,889,983,920,695,759,326,523,641
813,323,671,977,226,62,842,732,88,151,591,512,73,236,16,142,269,279,29,324
618,748,62,898,348,45,852,326,716,267,452,480,296,792,70,817,785,643,109,871
942,497,165,247,62,889,480,52,326,445,116,700,790,593,345,29,482,142,645,95
319,938,949,700,62,795,396,482,689,880,480,486,511,794,815,269,930,7,142,23
638,929,892,133,837,645,676,618,977,326,938,48,641,858,445,767,498,813,23,323
201,78,687,860,581,627,139,792,133,222,50,416,829,596,47,16,459,598,333,943
790,681,705,319,559,242,926,813,62,864,142,70,596,581,311,602,875,326,920,59
585,134,599,875,464,649,301,269,62,853,295,947,709,480,142,813,87,38,409,12
636,81,948,445,544,16,62,30,482,217,701,323,269,766,139,668,676,54,699,492
571,100,809,668,287,120,587,53,392,223,332,659,409,264,162,218,512,482,291,755
173,854,628,270,661,600,142,61,74,290,480,56,26,680,269,482,533,892,613,9
639,329,853,255,457,533,482,243,92,635,581,375,924,445,62,535,579,588,910,266
127,115,245,926,938,217,191,813,882,142,17,269,859,240,610,230,681,695,62,445
174,310,703,480,285,162,889,16,197,142,59,674,357,953,155,87,391,602,900,140
574,878,62,943,918,326,20,588,270,970,282,194,439,889,963,550,864,165,797,935
581,323,461,106,299,744,135,661,533,550,821,784,62,146,907,345,164,775,772,416
629,864,79,295,733,492,892,249,173,485,928,889,668,612,162,706,326,270,441,165
269,804,70,881,165,160,62,526,99,756,588,56,68,16,890,119,955,674,610,246
696,559,813,313,441,912,480,973,424,548,475,392,142,908,143,362,62,448,726,810
813,142,591,790,62,709,780,643,445,213,482,753,514,810,18,133,638,167,326,646
452,688,142,305,813,91,567,502,492,168,286,62,302,39,757,552,323,237,572,330
151,88,142,567,733,21,62,979,269,176,598,591,526,326,756,345,728,779,633,813
198,409,16,301,47,929,889,1,491,777,396,533,666,326,581,142,681,765,317,83
142,643,62,409,700,323,959,976,676,943,836,618,166,725,16,606,935,726,578,864
338,703,551,376,482,501,978,668,533,889,731,62,973,514,681,617,605,326,333,587
691,142,692,696,424,617,16,438,329,146,494,123,966,668,89,641,483,752,56,756
452,323,887,585,215,279,930,177,638,673,81,592,451,62,789,91,889,385,516,79
357,138,88,624,652,781,375,687,237,62,16,424,142,458,447,618,129,653,792,895
151,142,411,16,810,478,21,91,646,781,845,106,813,52,326,551,447,633,78,62
62,587,480,977,218,378,142,784,810,955,482,445,779,813,680,918,703,177,269,145
777,839,934,271,959,438,416,142,861,62,603,756,762,479,463,305,892,103,931,325
834,16,453,692,492,445,588,62,637,743,935,283,626,955,323,187,137,700,533,209
16,330,626,290,231,684,323,907,808,62,813,269,142,859,497,0,240,616,651,911
416,383,87,269,982,814,165,261,834,56,333,797,16,568,14,222,378,781,406,975
33,864,889,142,263,180,537,479,269,16,62,691,731,59,335,835,86,600,692,779
872,632,233,142,128,411,240,482,62,834,813,269,816,445,222,756,978,635,161,464
486,299,946,648,709,447,875,645,523,612,732,748,142,721,728,636,842,133,821,445
5,207,790,326,702,684,680,626,881,681,813,132,728,536,16,638,217,166,816,732
484,691,323,16,808,540,249,235,889,559,165,329,632,98,440,288,142,921,499,144
302,0,533,687,323,684,925,120,966,467,326,133,16,889,584,234,897,482,886,70
492,326,892,554,147,871,809,977,482,62,269,515,278,443,606,752,690,668,276,215
249,170,779,62,165,892,592,790,809,335,119,706,695,378,326,388,124,918,845,971
83,756,144,975,837,243,142,338,222,392,405,802,62,775,557,411,167,151,19,838
142,809,482,531,943,47,256,323,222,98,465,627,442,791,124,479,553,703,695,790
909,982,695,326,0,118,823,329,806,684,98,378,623,697,892,482,960,641,975,813
718,480,339,445,482,571,0,509,332,403,908,409,516,514,837,770,492,596,834,814
940,45,791,747,299,756,269,294,477,414,838,938,505,227,62,566,460,810,779,889
478,120,692,782,62,414,92,287,907,194,561,638,864,630,752,862,142,810,497,98
875,197,100,938,23,581,764,437,889,142,16,871,409,315,222,62,783,186,568,648
142,480,440,951,731,354,845,834,62,24,728,820,222,672,790,103,981,72,366,950
889,813,56,310,954,559,142,748,620,319,359,379,615,91,821,286,445,909,785,265
514,378,467,615,285,529,42,146,848,501,222,790,142,323,392,438,821,165,874,56
684,52,35,703,511,89,819,354,810,634,779,62,950,417,944,165,465,482,569,357
379,715,723,84,323,142,724,911,615,335,810,765,297,743,977,523,973,857,165,472
668,889,676,482,202,853,449,618,790,84,458,697,142,279,62,513,240,538,612,571
69,222,552,910,785,509,797,881,142,144,880,295,681,821,875,597,39,503,62,323
691,598,142,146,813,53,62,480,79,87,66,58,832,809,492,396,875,888,108,960
405,154,909,40,889,447,176,966,130,16,412,697,791,903,295,52,332,845,414,140
618,779,370,559,78,963,68,166,514,294,62,668,890,492,949,892,142,29,808,33
548,632,588,326,833,480,561,675,752,116,431,960,257,864,142,487,907,813,165,56
62,248,335,875,142,728,495,323,767,87,245,133,886,698,90,709,446,453,269,240
245,810,634,960,952,198,62,109,253,142,970,235,764,88,750,633,835,295,577,407
812,817,643,62,16,892,606,810,447,239,51,756,142,708,647,786,428,222,765,834
462,62,747,371,146,354,269,738,535,548,938,375,838,394,419,81,142,680,46,323
552,205,668,645,672,497,728,68,378,287,326,359,142,294,62,184,445,20,695,116
875,142,922,952,889,668,732,622,348,56,16,748,157,92,509,326,643,701,207,252
955,701,898,250,143,721,175,151,542,952,282,680,582,145,467,144,702,92,351,85
16,420,501,118,251,440,202,889,392,142,222,0,810,795,480,62,903,86,447,326
649,165,142,127,863,973,907,323,529,32,791,618,943,442,115,289,79,878,864,935
305,938,357,466,934,772,785,977,829,960,918,107,295,70,450,87,889,754,810,445
702,627,58,403,132,142,269,801,76,222,144,332,618,820,54,151,323,482,960,813
668,684,324,62,733,332,842,981,241,269,20,240,16,596,142,482,367,983,409,765
781,641,628,861,760,474,62,79,905,809,338,815,446,81,144,903,613,248,889,324
703,295,775,452,52,203,99,326,287,437,756,305,514,222,763,480,329,142,291,786
295,969,306,122,326,970,79,632,691,329,733,269,296,0,631,620,142,315,810,14
877,323,151,62,0,105,695,475,142,324,557,447,127,567,368,442,605,796,52,684
29,386,775,838,109,788,128,21,198,813,790,581,165,484,23,927,892,354,87,10
681,644,756,62,270,542,404,797,142,336,165,596,405,728,379,204,792,569,441,56
970,62,520,439,889,222,142,684,10,979,482,108,591,514,354,326,553,282,526,39
270,142,15,872,517,34,533,703,468,918,62,480,952,813,633,231,144,955,16,26
353,93,81,909,506,209,208,652,62,117,261,858,16,688,14,892,219,165,712,501
579,972,0,98,323,146,447,180,110,692,269,142,668,475,445,689,326,62,594,47
222,581,421,289,165,142,52,62,478,924,832,29,756,842,196,721,757,447,514,523
142,668,492,501,819,44,810,222,270,323,16,779,889,567,760,936,62,522,720,728
875,56,475,326,821,596,248,301,103,548,523,62,622,38,329,286,602,492,139,335
533,348,161,478,910,787,155,388,245,269,277,17,357,681,47,142,62,518,786,16
165,576,837,889,62,671,612,864,405,977,572,16,161,618,79,81,719,475,942,834
346,322,207,943,324,898,294,428,810,480,732,762,620,245,326,559,681,385,615,440
636,269,668,944,476,797,19,634,433,921,323,733,541,326,913,221,743,648,792,708
323,492,142,10,468,42,801,255,421,676,755,34,248,0,729,326,16,102,144,62
948,446,142,332,333,29,918,920,805,577,62,654,165,738,16,813,892,71,955,810
19,14,779,326,245,739,330,142,62,295,248,721,918,803,693,378,354,58,151,180
577,794,326,673,133,333,271,568,410,20,106,921,440,809,163,821,799,889,634,785
646,937,756,177,16,116,181,889,38,323,287,651,480,492,917,631,501,62,919,376
444,179,782,581,16,62,889,790,480,801,668,666,118,702,166,467,929,323,952,695
831,445,875,821,640,533,684,62,248,801,269,320,390,853,165,648,519,634,478,862
645,639,495,332,864,269,323,646,643,859,747,809,142,445,392,375,155,325,681,478
970,237,472,919,549,706,952,109,222,665,889,634,142,165,844,323,849,746,513,62
560,344,91,295,639,424,640,822,465,273,440,864,83,142,335,455,615,459,269,938
533,975,539,341,517,38,977,881,326,657,813,479,178,16,697,943,728,62,116,890
905,310,977,333,300,570,917,351,323,577,535,947,645,62,68,53,552,638,89,326
305,273,16,294,581,165,892,571,666,813,546,565,496,771,889,827,204,222,19,640
668,392,433,482,797,864,441,756,967,480,165,142,686,321,570,62,326,323,775,875
158,176,818,78,16,732,813,889,632,196,447,440,144,324,519,305,10,234,681,297
916,523,928,445,62,0,375,668,338,409,191,515,326,165,571,155,120,787,686,362
196,646,102,445,889,628,281,362,318,194,100,699,389,552,81,756,813,528,516,269
10,55,230,668,821,875,467,977,533,367,457,33,172,409,142,430,613,23,929,325
326,0,522,391,62,144,853,98,779,907,636,209,212,43,769,306,165,781,514,294
68,232,533,142,144,404,194,319,612,272,705,155,667,834,695,911,296,963,17,374
300,889,466,144,875,766,68,133,315,224,17,197,32,697,938,522,222,638,907,297
740,829,142,297,532,188,785,779,76,430,291,270,62,445,480,226,81,969,526,637
780,648,668,62,480,639,390,621,728,669,952,146,394,478,133,571,83,746,581,492
261,792,79,492,881,955,76,21,497,46,501,875,481,88,897,62,375,142,300,279
797,445,87,142,447,648,269,555,611,903,73,364,119,979,681,287,814,838,180,165
691,559,307,279,445,881,236,597,929,918,447,351,565,10,385,217,573,977,457,982
70,55,438,821,326,10,606,434,165,900,779,62,95,23,99,934,297,323,375,970
181,514,903,284,902,812,409,772,695,370,318,62,165,142,591,620,825,797,29,612
737,929,55,686,326,428,864,82,732,439,16,977,420,207,194,440,764,785,23,751
681,326,56,492,87,653,529,619,142,333,627,591,943,537,480,81,16,824,106,509
62,621,445,68,299,457,924,943,619,142,732,157,87,810,699,603,806,832,287,809
421,443,482,581,853,523,949,618,323,668,62,943,374,514,792,332,979,142,146,56
979,335,468,875,142,409,467,155,786,265,49,326,597,698,222,621,572,528,827,68
632,532,645,335,111,218,261,970,514,635,118,79,813,16,144,68,20,983,643,183
485,695,789,763,142,323,241,665,37,674,514,260,41,295,689,62,523,429,335,960
645,142,62,970,323,269,218,21,903,618,222,967,300,698,969,468,479,296,213,940
68,113,186,105,375,854,330,46,833,420,837,222,779,494,853,161,426,142,287,947
95,804,332,326,835,198,638,50,947,744,898,809,783,230,369,269,472,384,838,261
10,615,20,335,809,751,649,786,679,89,859,19,73,422,302,38,798,492,915,813
628,813,142,445,165,56,178,874,837,657,977,62,436,375,144,348,269,155,937,442
171,442,615,482,956,892,142,441,93,756,919,445,120,278,62,875,952,668,447,326
0,269,668,977,79,652,470,576,273,955,445,146,324,241,398,835,385,323,414,856
357,645,287,326,142,321,18,821,146,794,93,57,62,323,892,619,339,127,269,10
751,323,840,919,567,374,982,889,797,568,482,89,921,559,83,404,62,970,142,294
56,756,492,503,60,903,947,142,768,728,241,781,746,447,710,620,467,461,676,135
371,219,404,145,291,62,482,703,944,926,416,11,135,406,100,21,779,738,16,445
695,748,269,43,56,165,783,889,154,10,918,442,487,813,54,62,806,795,797,638
810,217,165,13,765,790,588,445,809,62,133,756,451,482,91,728,775,409,16,472
62,29,146,681,956,222,533,432,797,720,926,305,621,178,447,764,144,10,695,876
175,983,569,62,482,810,648,144,904,207,142,643,87,323,726,326,574,378,826,807
856,180,224,219,62,689,491,803,142,783,310,792,492,31,261,889,73,326,287,255
62,146,222,923,832,81,914,324,305,209,244,326,636,362,813,482,76,563,617,514
489,83,818,947,687,170,62,222,779,482,340,703,161,251,131,497,142,748,432,810
326,174,821,889,467,482,695,78,142,23,269,905,983,56,706,833,756,62,451,445
218,930,698,42,91,480,653,585,865,142,338,943,323,632,87,43,814,326,62,445
68,785,666,703,796,452,62,546,827,889,648,260,742,814,663,616,864,649,142,482
889,810,316,819,16,293,742,445,223,970,695,357,222,790,244,269,977,142,600,812
931,233,62,695,558,920,441,620,291,897,756,779,860,540,164,857,414,142,245,323
335,756,873,889,325,16,0,712,142,386,615,977,292,165,952,467,779,73,813,369
955,15,214,455,16,947,226,222,23,83,323,182,638,593,801,245,724,756,54,950
234,152,291,92,845,445,955,207,172,279,810,659,849,827,378,62,638,881,133,744
889,519,482,837,628,331,862,329,62,443,899,898,16,813,222,634,113,410,480,919
890,396,323,654,142,900,667,269,19,864,889,409,970,44,392,445,16,480,813,665
209,142,323,766,600,45,775,813,790,384,129,16,680,943,445,638,482,282,526,585
52,813,269,413,315,643,142,756,323,956,919,10,938,668,16,647,407,943,786,326
16,269,50,813,295,445,753,790,982,323,165,73,821,342,142,756,595,62,146,593
480,628,338,813,638,62,797,267,544,332,867,142,767,89,424,820,892,91,592,207
46,222,120,269,793,587,268,813,14,302,580,374,929,581,60,645,744,146,142,45
374,445,62,662,176,142,121,326,924,695,976,754,913,270,323,252,165,58,384,638
810,16,943,846,269,142,578,690,598,267,890,62,558,191,480,148,756,333,445,323
207,809,465,756,931,70,142,673,166,300,174,222,956,845,942,483,808,445,183,165
30,286,62,881,324,142,375,445,79,484,677,552,249,516,733,231,10,193,649,20
890,626,703,269,767,340,21,846,445,165,414,326,547,142,751,146,68,480,588,291
294,375,291,547,62,562,204,682,773,231,790,501,841,184,216,165,142,326,317,641
96,354,55,16,467,275,490,15,387,816,62,744,428,437,488,821,268,35,542,405
155,366,354,323,604,142,78,744,618,184,652,170,536,579,460,348,626,638,10,889
438,269,165,615,691,172,668,468,146,363,538,240,151,570,222,702,16,937,634,977
378,240,567,16,62,792,514,588,326,443,612,142,233,457,390,634,881,144,323,740
962,643,406,801,326,9,91,256,142,62,779,53,428,719,56,641,569,850,752,645
569,28,756,452,892,207,440,694,254,142,579,889,450,453,291,289,860,648,176,639
212,235,636,87,174,269,62,359,345,96,295,51,821,58,447,849,357,16,618,482
175,864,821,142,569,691,832,15,828,581,728,813,792,440,810,876,457,8,203,61
268,269,62,480,369,482,295,142,87,222,983,332,893,55,690,390,326,322,514,911
475,326,538,222,514,142,375,165,851,634,919,62,323,863,708,756,931,981,665,571
401,389,954,854,428,548,955,764,222,20,452,924,154,80,295,514,653,78,544,648
295,606,843,616,892,318,120,817,815,142,691,756,345,64,930,482,218,876,760,239
221,62,279,864,344,480,193,681,251,170,779,94,931,889,821,223,182,222,810,120
835,723,482,250,142,808,977,282,475,241,651,449,407,60,885,83,533,813,416,957
492,445,18,756,62,96,634,480,889,23,915,668,142,332,921,231,324,943,317,657
898,375,533,108,193,528,792,81,482,821,323,245,879,76,87,863,58,326,955,983
794,222,475,9,17,115,628,959,154,563,142,56,354,442,636,810,248,447,73,144
984,568,142,768,837,165,62,440,87,645,315,151,197,954,947,697,384,898,792,537
694,782,165,38,436,194,648,76,812,46,16,378,62,788,146,650,568,155,142,27
538,218,93,345,909,281,144,681,129,203,62,875,966,810,930,78,142,86,523,16
533,194,424,573,727,638,142,867,243,56,810,438,955,581,676,853,422,345,165,943
813,142,323,179,174,943,16,636,482,850,628,581,120,326,947,371,811,779,752,201
33,330,269,889,338,748,926,212,165,684,378,142,730,323,231,79,783,155,353,887
949,323,597,62,694,401,378,977,521,16,19,947,618,571,892,565,32,667,649,366
232,790,448,370,32,504,190,62,142,233,222,821,498,892,368,595,724,497,332,970
79,142,118,413,269,780,410,741,546,406,596,150,165,52,568,370,892,62,956,834
482,767,313,934,338,269,227,732,323,176,127,928,326,62,91,218,823,699,142,291
947,776,240,142,269,58,949,144,700,581,480,217,451,62,416,311,81,797,979,457
338,573,691,142,62,832,761,240,357,165,628,0,151,326,959,276,41,602,445,323
323,222,813,568,139,58,230,497,143,83,797,889,142,913,470,576,533,909,958,588
958,646,382,550,73,332,412,351,142,217,605,0,873,111,813,23,577,810,903,92
943,954,485,92,480,731,62,56,74,960,265,514,21,142,330,69,409,373,9,31
142,889,430,120,613,269,527,146,79,813,879,853,864,300,1,326,362,190,876,721
332,846,62,50,747,222,889,411,636,20,709,931,948,516,696,523,326,404,142,605
323,596,238,62,167,810,968,777,792,15,559,516,142,306,292,270,16,482,61,0
11,668,875,16,909,480,821,2,699,473,889,323,837,221,335,354,810,173,271,56
142,269,332,801,485,821,296,102,41,889,410,830,938,222,144,16,573,643,300,747
445,891,142,62,838,817,37,226,797,348,323,406,523,27,485,832,662,710,36,320
940,103,559,740,17,645,889,16,853,99,428,300,668,222,391,332,371,327,290,437
20,954,336,746,406,732,141,762,444,340,764,0,234,482,422,653,581,134,559,162
881,142,977,62,424,570,772,269,106,720,222,951,714,668,578,146,634,929,94,546
305,907,40,269,973,792,969,889,797,596,142,945,433,192,16,155,876,607,619,801
615,790,105,747,606,495,800,907,410,142,323,291,0,681,470,831,197,695,511,412
979,56,889,654,968,218,479,222,405,482,769,16,421,533,446,62,787,357,209,124
293,947,809,62,889,214,824,422,968,768,810,566,662,684,482,772,405,456,348,241
979,133,222,242,445,326,568,565,728,699,889,62,252,165,931,712,801,482,581,225
891,809,241,979,223,412,821,951,26,10,682,353,346,410,32,447,150,521,363,770
445,790,865,10,16,765,398,568,392,202,62,552,142,963,489,949,921,636,864,324
142,475,757,341,854,970,554,741,515,480,92,340,409,865,445,840,62,631,16,533
62,142,375,218,248,134,520,475,143,189,645,926,165,779,730,893,146,881,668,822
929,962,326,146,409,301,116,779,445,363,374,756,967,668,62,40,165,442,631,142
604,47,639,10,783,62,628,648,912,5,142,695,479,222,326,875,369,159,706,165
376,142,326,813,62,810,141,222,944,1,943,782,573,516,116,706,261,99,864,739
165,889,144,84,682,641,440,792,70,294,297,918,642,142,263,523,332,533,55,710
856,695,482,247,649,969,534,141,907,392,895,151,174,572,265,904,0,739,93,775
695,747,817,445,88,875,482,390,794,810,69,466,908,632,195,502,348,248,838,151
146,445,28,87,440,447,142,468,937,764,326,781,769,511,514,405,550,652,256,848
933,62,239,942,53,269,558,447,514,874,146,660,142,191,161,480,155,845,14,918
96,345,947,466,301,62,142,324,765,695,636,56,5,879,639,632,457,31,282,16
21,535,889,165,269,430,668,144,33,860,41,421,645,384,845,142,290,533,243,271
323,250,61,173,799,926,233,357,292,367,588,192,689,944,84,613,626,326,534,893
480,721,807,142,674,463,690,268,877,700,76,813,16,324,810,501,62,68,975,681
691,575,205,810,86,345,790,875,487,55,165,529,142,458,335,207,782,826,410,186
588,615,533,646,889,142,109,863,737,579,93,55,979,171,248,695,966,581,765,45
16,871,534,627,297,679,790,886,651,496,875,944,567,254,889,156,816,705,452,142
468,161,810,445,16,1,447,756,890,430,544,533,197,674,850,53,426,189,62,327
438,319,433,412,937,144,792,585,654,16,515,146,204,475,548,507,392,967,789,341
695,677,95,779,742,977,480,613,385,144,475,568,585,571,482,567,533,942,724,227
443,91,16,405,409,708,142,52,452,707,687,810,326,63,875,155,775,838,216,656
761,326,638,875,345,245,492,304,445,392,757,155,375,615,222,142,853,444,533,943
604,76,638,142,326,889,533,746,969,445,584,99,810,188,59,196,32,668,259,213
655,445,68,62,142,199,700,881,16,739,245,57,854,533,222,588,875,164,56,165
785,921,756,830,645,180,0,282,420,813,533,926,974,267,166,222,467,898,445,324
668,836,445,91,137,651,947,343,920,99,779,102,62,269,228,790,557,533,305,146
978,142,269,947,513,220,875,457,141,460,295,726,16,794,492,451,756,453,248,62
33,62,827,305,146,573,250,405,11,326,828,142,492,790,686,79,86,643,189,881
744,487,756,142,864,712,890,222,668,596,296,323,613,829,813,755,23,924,943,977
62,82,851,47,482,813,157,983,50,53,356,634,748,684,756,222,872,819,326,16
294,62,50,222,70,326,788,806,100,813,323,279,889,577,146,142,315,330,118,392
952,87,62,581,144,728,979,480,806,445,837,222,129,900,216,99,705,756,47,332
62,142,927,16,728,797,458,269,227,294,761,484,128,107,732,378,222,273,836,799
305,897,62,716,207,282,165,821,587,482,983,247,445,840,56,557,204,577,73,699
535,851,326,480,269,955,810,87,719,972,593,514,261,441,268,142,62,769,137,189
196,68,746,602,889,4,240,553,552,314,248,184,16,789,517,549,892,613,290,480
962,514,639,695,269,105,144,446,581,19,424,409,457,854,938,605,165,377,142,512
142,369,326,297,970,695,480,587,983,892,834,269,652,521,242,407,191,257,461,821
142,898,144,191,33,632,931,703,475,183,664,674,173,357,892,10,222,62,889,86
440,337,452,892,979,16,549,533,15,872,970,943,62,797,523,326,2,344,581,785
269,366,710,703,308,895,404,684,348,62,514,89,583,329,445,889,105,746,232,142
688,751,889,728,960,348,782,826,222,727,256,507,339,703,95,702,406,615,269,142
62,438,983,165,582,638,889,118,294,882,480,782,119,794,323,209,645,28,13,628
695,659,133,62,682,813,229,684,165,977,647,142,482,220,16,58,281,139,94,834
52,823,62,87,341,444,612,269,142,892,650,779,560,16,695,810,849,756,324,77
16,62,269,300,155,445,440,255,752,507,959,447,142,668,876,259,482,162,329,68
83,323,457,7,533,479,62,309,256,638,267,170,552,445,144,325,820,756,588,318
62,222,700,327,957,108,323,693,783,714,261,152,246,514,756,646,300,20,581,16
142,302,282,410,879,440,214,45,144,977,23,602,470,62,899,591,184,637,294,149
789,16,144,367,25,340,966,326,348,689,718,234,150,620,218,323,767,943,332,280
146,615,668,363,346,28,790,286,323,222,482,10,977,444,354,424,58,611,62,786
16,62,475,508,297,691,302,921,514,661,222,618,165,404,287,797,587,480,88,457
