44,429,295,821,813,756,509,695,220,900,222,521,482,373,792,62,689,142,240,797,977,810,804
405,789,165,142,231,323,79,810,645,501,627,912,779,468,241,854,55,486,480,16,850,537,56
845,790,269,204,929,695,142,467,447,756,62,789,485,335,821,445,305,202,302,715,369,813,9
291,294,104,948,27,10,378,355,362,430,62,489,161,16,409,779,142,165,899,85,810,516,385
684,963,770,16,854,516,328,705,886,270,713,624,779,281,142,405,218,292,832,445,778,62,810
142,889,482,756,485,146,559,40,480,548,161,494,10,16,521,829,746,523,466,508,716,62,39
485,943,393,634,384,887,426,142,53,273,503,821,889,445,480,810,643,269,868,950,681,323,408
142,301,68,889,728,629,906,668,755,715,653,155,521,483,645,323,884,92,472,62,445,538,0
977,871,652,596,142,728,744,769,569,480,269,975,62,327,810,959,955,983,146,34,358,551,627
441,756,324,142,26,762,812,853,931,10,32,424,636,62,889,666,486,360,882,422,682,526,58
329,16,467,142,295,779,261,892,699,165,480,482,438,55,478,889,490,756,115,327,333,376,49
358,921,9,695,977,409,445,341,62,794,81,756,222,787,948,514,983,142,919,70,838,680,396
222,634,260,70,523,565,795,44,290,684,445,142,153,409,854,779,247,548,626,679,816,653,813
445,801,724,753,273,142,357,188,838,889,848,932,501,533,526,728,981,751,832,89,983,882,331
445,792,176,880,533,422,892,908,889,62,55,482,728,886,142,311,656,516,292,702,857,875,409
438,165,889,957,549,779,689,142,323,875,585,278,326,634,448,552,482,412,947,512,146,958,557
16,450,779,10,970,155,748,104,819,323,154,374,445,875,329,142,64,887,285,2,78,895,853
340,882,468,0,62,701,497,348,269,133,892,889,245,377,16,567,781,445,14,144,756,514,810
813,977,645,581,101,552,432,482,665,859,889,142,457,180,635,62,150,910,348,480,99,194,465
269,266,746,821,445,714,358,336,729,925,62,270,315,181,810,695,779,21,283,606,55,16,480
700,747,797,727,142,100,756,16,628,586,533,326,428,406,62,91,728,810,913,813,23,323,81
810,186,409,569,943,710,283,632,241,102,699,889,73,384,142,977,16,949,245,892,62,193,6
10,270,269,752,681,56,289,142,222,165,378,99,724,326,375,477,89,87,218,738,473,325,711
62,912,222,404,756,948,43,769,761,816,146,445,287,94,480,790,466,695,703,269,691,204,122
692,348,596,480,323,142,375,533,672,970,9,291,534,66,16,730,514,601,813,315,979,256,756
144,568,298,681,142,165,83,668,405,16,790,89,127,14,186,157,582,821,205,560,554,357,810
165,840,892,832,269,588,64,20,38,435,235,409,195,265,561,810,482,791,142,16,414,461,953
949,14,7,142,83,329,546,323,646,929,99,222,542,166,81,573,448,62,269,187,889,155,809
227,797,882,977,441,813,699,691,503,569,790,756,333,52,221,898,209,885,296,952,773,326,323
792,62,121,267,269,956,396,23,850,142,860,317,744,256,323,697,533,521,52,447,438,831,875
542,891,83,284,892,62,240,297,108,409,135,162,146,695,809,501,634,552,428,522,142,810,482
103,756,120,703,955,821,172,663,62,960,360,828,766,810,808,983,142,537,333,482,812,146,680
924,142,433,739,113,728,453,396,482,659,489,52,266,889,732,323,48,354,332,810,783,62,720
323,782,839,533,471,579,810,862,62,267,0,392,581,144,142,514,482,481,251,417,89,889,935
124,963,16,62,241,677,222,323,56,187,788,864,821,596,269,756,695,38,634,118,291,730,941
756,260,323,165,142,681,79,144,290,923,450,58,526,222,89,503,207,524,462,16,424,445,593
958,756,619,979,142,62,291,440,312,657,389,872,765,877,566,892,445,482,183,405,114,326,648
282,613,287,142,689,970,197,222,174,810,151,326,0,165,706,860,756,87,407,619,445,558,808
380,821,645,813,433,889,295,438,567,62,272,968,482,684,382,511,416,326,839,492,300,142,472
142,875,733,62,525,812,651,146,299,761,772,976,728,340,899,52,21,447,482,105,850,958,222
631,682,345,142,326,119,618,84,56,451,482,354,480,797,186,582,889,808,934,779,710,784,165
83,763,585,440,523,281,945,135,269,378,743,797,688,603,279,16,339,827,918,134,343,660,581
269,552,0,260,640,636,163,526,370,921,684,977,813,911,482,889,62,646,261,841,800,345,783
789,326,975,209,335,810,482,62,142,634,77,864,876,373,668,354,969,465,21,565,174,845,320
326,979,779,115,762,45,703,668,675,702,447,970,889,909,875,482,173,421,495,647,62,546,620
673,767,853,166,146,781,682,136,328,977,257,790,226,810,142,81,16,548,947,323,165,674,782
745,453,533,81,779,753,89,797,297,323,359,0,918,504,142,881,875,743,495,733,260,605,244
362,222,864,19,949,546,99,892,943,681,612,650,482,325,201,638,689,56,871,257,62,16,142
136,323,591,526,142,807,62,810,330,657,282,970,677,290,16,813,806,99,248,165,160,300,540
62,226,445,142,591,569,127,813,635,662,335,975,537,176,710,38,881,146,155,216,323,282,240
62,16,755,494,515,853,410,222,641,813,865,585,466,475,50,482,25,121,142,686,718,892,597
703,269,224,813,144,56,977,340,712,718,860,326,323,197,938,810,581,142,821,651,189,947,889
486,871,817,179,942,480,221,21,0,142,766,204,859,466,723,602,816,146,295,977,86,959,603
507,65,590,142,302,16,487,533,889,742,56,601,578,356,909,809,639,235,756,617,144,966,87
540,424,21,98,618,676,756,0,16,792,523,310,881,889,451,726,32,73,328,142,354,648,810
146,615,789,701,482,756,682,180,62,142,874,909,695,344,340,697,931,16,915,279,813,923,222
694,905,874,889,892,587,165,390,291,85,241,62,544,151,695,792,13,957,222,764,245,585,931
751,881,482,546,269,126,146,78,281,326,508,135,165,240,507,562,305,142,23,883,188,287,0
267,204,269,142,186,62,445,165,222,619,813,413,477,323,893,281,268,482,779,324,773,732,889
875,810,520,804,73,641,882,62,482,892,865,890,118,649,915,145,486,10,207,301,825,405,821
142,636,624,765,106,929,810,638,533,645,387,931,669,300,21,350,407,121,947,756,222,785,762
142,217,62,311,895,810,70,158,431,332,854,218,323,294,414,326,523,657,56,969,627,977,606
762,222,938,17,593,142,102,648,269,638,494,326,405,548,451,960,856,480,947,499,323,300,171
269,969,821,596,16,332,225,977,234,881,323,91,447,756,489,263,401,62,237,668,428,146,296
146,741,668,626,442,696,617,392,569,889,416,550,296,326,520,266,958,62,16,501,905,165,144
62,89,335,606,593,92,813,142,83,838,533,977,740,445,602,231,0,222,914,984,203,226,337
416,68,245,470,704,700,606,480,144,397,69,764,600,478,351,864,460,643,569,898,142,926,415
790,142,756,955,73,492,326,875,293,892,533,209,217,765,771,405,559,936,146,165,16,630,665
730,983,45,326,581,62,587,859,414,144,53,294,787,268,433,632,475,810,748,440,857,458,335
634,389,445,591,700,447,142,305,648,508,165,977,71,828,212,728,963,514,214,480,889,668,552
56,142,323,269,667,482,358,34,769,217,301,571,889,62,143,375,115,209,681,105,854,410,373
16,836,707,273,410,533,315,269,795,445,440,797,62,739,151,224,790,144,900,323,961,867,813
813,809,142,482,706,575,110,165,144,344,302,333,16,687,550,983,190,785,744,0,889,389,56
724,658,447,87,519,453,165,813,672,144,482,296,142,466,853,242,475,627,174,682,708,889,696
411,286,569,385,32,31,848,107,810,646,462,406,189,612,792,165,813,142,779,375,802,445,638
693,695,445,302,452,62,756,56,87,295,784,821,142,925,875,226,661,426,91,848,197,265,835
472,62,16,610,408,875,648,889,865,269,87,38,470,242,445,714,154,33,92,571,250,142,340
837,326,399,23,260,222,628,451,171,816,50,963,62,165,810,838,52,533,646,439,93,142,786
977,949,300,914,81,142,889,886,62,61,689,93,376,357,247,837,231,829,447,817,185,186,955
142,782,146,708,915,813,41,332,840,810,143,344,730,291,533,242,692,76,62,34,756,645,636
947,88,146,756,141,810,418,241,297,323,840,478,28,664,62,236,194,40,188,910,621,875,472
142,845,146,791,779,659,64,138,889,222,480,810,62,858,648,135,96,955,668,45,269,16,375
442,445,810,558,294,970,409,62,142,571,370,495,56,821,756,514,163,108,19,714,332,23,699
684,395,180,79,512,280,756,142,165,62,26,375,958,482,630,319,704,295,732,350,581,673,332
746,79,142,440,814,218,837,870,326,754,395,642,165,291,472,92,790,138,882,190,491,144,62
480,19,9,93,889,142,943,165,411,641,668,353,465,810,255,407,404,269,82,553,447,710,377
62,413,16,269,68,598,489,926,440,533,470,588,559,645,217,631,142,656,174,221,604,919,504
533,190,252,59,875,66,172,959,634,326,868,889,427,142,628,588,5,695,269,62,708,810,0
496,62,466,688,772,632,962,551,56,639,445,143,697,646,643,429,40,482,332,513,889,45,627
150,564,889,207,285,495,440,756,686,684,171,62,515,712,640,689,845,782,2,320,776,792,16
84,533,295,748,862,142,62,482,76,954,123,188,926,256,323,939,409,356,929,280,158,797,351
46,338,174,222,146,695,62,762,326,830,0,336,10,19,769,144,16,900,709,323,791,38,889
480,71,642,142,35,62,874,92,291,321,950,979,167,135,533,923,238,537,791,597,960,821,323
597,523,142,983,838,68,326,797,526,269,748,62,214,756,295,155,854,252,161,559,844,892,795
167,154,871,858,634,581,833,62,909,410,848,643,256,938,326,837,605,406,710,5,535,485,881
668,68,62,8,142,482,327,323,299,230,234,419,363,797,466,809,326,442,269,588,33,447,154
548,813,269,786,657,359,499,901,142,0,581,445,958,87,952,696,750,550,287,689,882,10,648
256,142,748,339,272,504,144,38,696,624,851,733,537,668,480,627,508,296,174,813,311,323,861
180,323,809,287,142,779,559,169,984,83,62,384,482,269,724,790,284,810,710,599,728,533,222
790,795,323,889,482,406,366,165,548,378,627,142,304,779,62,23,785,892,348,220,642,255,938
669,871,650,810,850,222,645,544,659,55,813,422,706,142,846,938,409,479,322,889,269,323,326
0,62,810,329,406,890,756,142,16,113,873,146,747,438,375,969,515,240,882,724,790,773,796
502,297,747,62,612,409,767,684,813,614,197,440,428,512,634,947,856,192,670,233,627,340,605
103,167,304,445,730,222,269,977,700,52,76,406,798,62,491,26,889,165,523,681,482,480,665
16,281,695,694,397,606,895,270,656,634,825,125,222,445,870,240,796,940,97,792,570,279,648
974,56,136,310,214,142,229,645,433,222,62,756,925,84,482,931,813,145,279,523,165,16,929
813,643,142,821,176,857,62,385,810,269,180,889,668,231,796,53,16,756,67,618,795,323,935
20,326,492,480,297,62,482,177,806,977,579,120,162,323,983,332,222,934,926,294,789,875,289
408,779,391,287,285,738,204,924,889,90,62,829,49,71,568,410,497,452,269,445,834,326,323
466,142,629,348,165,482,953,42,873,768,829,173,465,445,223,892,699,955,161,552,140,83,10
533,783,95,222,142,332,405,909,287,559,789,517,695,409,307,62,122,912,836,614,103,821,977
695,565,953,970,180,384,191,582,165,628,129,445,339,923,0,269,323,142,668,240,637,219,404
682,737,756,79,116,835,617,52,56,815,838,548,552,445,482,142,321,323,615,91,332,3,695
142,979,569,749,810,548,854,114,306,341,323,930,53,677,404,757,400,240,701,16,786,81,146
61,33,514,442,702,143,955,889,53,142,728,952,710,492,415,663,361,244,17,146,688,62,387
480,291,550,472,779,842,881,762,538,269,533,810,861,621,62,959,392,610,16,937,889,684,159
78,46,294,142,541,511,658,538,499,756,410,378,16,810,619,385,137,875,813,918,384,335,485
62,445,81,339,559,603,537,8,32,357,16,385,931,465,405,557,650,835,581,596,222,875,428
62,813,16,129,468,919,738,374,878,164,829,269,222,270,634,886,482,975,834,157,142,838,643
779,495,756,890,62,569,197,401,627,882,870,130,248,297,229,323,868,687,375,556,209,548,218
523,240,235,268,482,445,345,222,329,62,501,378,174,269,983,326,151,517,155,4,797,324,626
390,315,801,142,62,791,963,236,585,949,231,480,489,682,895,23,114,924,873,931,54,769,269
808,146,53,30,794,260,61,955,235,702,142,588,62,812,445,379,892,46,952,326,546,231,407
681,300,919,127,907,307,81,961,819,579,523,223,892,89,433,774,850,781,62,389,792,443,730
889,977,508,323,142,165,222,854,648,62,589,260,216,281,540,514,790,194,16,813,801,74,880
241,344,775,14,863,601,778,969,165,269,392,552,892,870,955,859,512,927,480,732,222,153,373
595,299,411,381,810,813,144,165,689,703,453,16,115,167,297,62,142,222,495,812,730,480,716
472,803,73,445,954,287,466,659,612,16,298,727,645,480,665,470,144,982,697,533,978,810,10
348,149,480,269,641,983,62,550,810,326,321,44,916,928,756,952,87,929,260,279,602,54,245
142,285,23,666,182,615,222,480,653,44,237,338,295,144,673,339,463,211,730,392,138,241,10
787,558,269,858,390,16,56,632,765,668,979,313,874,647,173,341,142,928,775,824,780,62,134
326,839,533,913,155,783,840,748,271,522,222,924,798,646,41,801,756,705,790,718,62,695,864
868,695,447,789,783,834,141,480,342,79,503,387,254,762,515,269,893,62,957,372,233,315,142
46,222,194,482,326,492,142,113,643,581,198,392,181,889,657,168,324,2,105,563,55,514,777
315,409,792,656,947,288,53,480,691,344,829,528,222,859,756,404,323,628,32,810,56,378,62
83,375,810,151,909,142,566,441,536,664,756,838,955,58,748,947,669,445,46,821,165,482,705
16,30,291,478,791,627,333,62,699,746,53,703,438,695,649,480,977,612,385,636,142,839,546
445,435,969,384,727,336,482,89,943,585,20,335,889,628,785,768,245,239,315,73,756,10,167
482,447,626,581,960,668,316,212,142,910,375,323,703,645,729,924,62,533,670,367,892,461,147
947,197,445,758,639,499,62,53,142,323,184,467,645,437,810,928,98,325,728,144,813,799,339
648,460,133,448,810,172,301,81,14,158,813,411,935,492,33,479,628,430,56,622,321,87,580
797,728,703,495,772,261,881,16,268,241,692,596,58,814,586,337,279,326,233,610,837,790,62
790,73,422,165,56,142,775,564,482,821,616,889,475,480,317,353,829,134,666,438,291,526,297
591,335,809,864,569,16,375,142,819,549,326,231,378,0,681,62,646,756,952,738,165,847,4
71,142,52,958,638,310,541,606,756,475,979,325,550,529,886,791,578,730,657,3,828,62,269
629,339,85,326,524,844,409,31,62,433,764,37,287,324,345,99,689,142,738,515,25,969,548
489,858,255,786,445,695,143,225,62,702,892,881,876,984,682,354,142,597,621,46,907,615,53
142,627,166,813,335,151,494,87,480,830,323,190,557,16,643,181,62,881,726,782,504,615,863
848,564,751,378,889,944,358,813,326,467,177,142,50,497,581,61,62,282,165,810,856,720,500
524,767,809,260,16,634,707,863,83,829,199,141,218,269,482,615,779,838,144,353,445,892,138
970,538,445,889,756,805,251,165,892,25,335,517,142,16,240,326,881,248,144,813,224,428,45
593,267,714,732,929,515,532,482,756,801,810,79,514,98,792,636,326,41,975,323,892,142,215
681,634,445,791,581,333,299,209,836,354,695,142,386,165,724,326,785,684,323,792,864,58,492
517,345,414,535,652,245,142,330,947,827,800,165,295,470,592,700,92,824,516,344,273,881,151
451,643,775,233,62,703,234,222,142,326,482,46,10,551,480,445,790,458,961,337,628,55,269
535,947,718,159,244,838,889,810,740,10,222,466,565,295,330,348,490,881,56,182,16,270,445
155,445,926,756,482,721,889,270,369,645,16,951,142,61,881,187,335,668,174,409,269,875,62
725,142,931,480,636,261,165,686,797,695,62,59,627,464,913,35,740,3,16,581,966,881,943
370,801,482,954,134,142,418,131,10,327,445,46,634,305,889,384,760,807,629,633,165,682,755
56,792,796,913,689,62,278,482,835,21,956,323,172,269,695,298,612,634,562,163,633,779,165
875,445,198,142,756,305,457,810,62,740,680,514,33,979,450,107,58,482,746,598,894,916,447
209,580,445,245,439,399,501,482,810,883,955,977,571,272,248,813,99,62,938,323,638,429,752
16,859,938,833,246,142,326,296,44,645,970,540,689,955,11,251,810,222,378,767,374,330,36
477,711,962,868,845,446,194,183,326,144,100,791,864,742,457,728,900,271,68,970,695,108,301
322,81,975,628,983,439,62,892,695,154,433,637,807,829,475,896,552,480,27,248,447,645,813
416,453,970,709,810,31,549,447,813,515,257,62,552,731,177,796,445,593,16,81,558,482,427
756,673,369,62,143,326,810,881,752,16,790,480,87,142,567,703,428,537,950,921,54,344,792
52,56,533,142,719,195,492,445,16,837,87,323,81,482,38,68,125,691,834,88,515,614,180
822,294,332,86,323,430,428,62,114,317,742,634,269,52,339,279,309,688,56,300,16,480,889
87,862,742,533,605,482,236,142,480,703,566,984,345,853,15,310,402,668,241,650,14,923,335
314,269,87,273,62,695,45,59,5,332,966,703,895,133,765,323,542,824,305,142,163,480,892
480,16,165,903,466,656,875,555,720,566,326,129,23,916,684,52,108,213,801,174,316,863,142
595,203,174,587,810,16,74,196,809,438,88,300,608,779,43,919,302,790,791,718,142,56,813
831,445,142,790,482,154,362,581,0,121,68,222,289,119,929,779,762,144,25,680,918,475,392
182,445,983,62,687,338,629,302,16,158,542,821,133,409,537,726,269,363,335,256,880,845,345
797,628,326,646,909,756,695,926,77,744,338,17,790,16,122,636,135,970,892,538,445,933,32
710,189,20,886,738,853,326,410,586,482,720,370,523,269,62,23,145,60,222,680,152,142,533
301,482,272,762,783,17,269,284,576,295,144,62,849,489,700,830,555,793,45,907,91,813,952
728,875,269,56,889,607,119,156,333,62,315,881,87,797,548,109,514,240,43,16,445,563,745
385,360,719,977,357,467,482,781,566,280,756,309,359,189,326,889,538,390,405,146,850,133,142
756,323,109,143,646,295,61,183,217,180,387,807,430,587,429,146,616,16,0,445,516,638,970
813,808,637,779,673,273,142,702,386,809,699,977,514,447,264,870,684,62,738,412,137,548,16
602,142,969,323,821,29,326,620,103,52,776,929,971,482,437,378,706,544,278,513,907,645,443
691,138,53,791,377,747,810,639,16,10,724,943,807,21,142,728,632,179,446,289,894,731,440
495,433,142,62,572,125,43,464,479,33,892,44,733,245,168,133,573,172,768,516,323,165,5
892,345,979,447,300,52,62,33,480,810,142,871,141,649,248,668,44,14,25,16,695,445,260
960,646,480,954,386,596,569,369,684,360,46,323,62,952,405,813,786,533,44,151,576,918,20
326,345,62,384,480,392,142,305,499,651,79,445,579,921,585,695,565,222,662,16,477,649,782
552,62,231,954,911,326,836,929,979,87,933,977,475,497,482,176,810,695,821,464,653,536,666
482,299,323,651,740,327,324,922,949,779,977,533,194,645,694,695,157,326,125,32,682,909,581
235,142,34,908,284,875,794,87,627,977,62,354,222,323,311,641,980,639,466,348,461,152,808
295,970,145,739,62,142,977,329,756,850,43,592,871,269,16,165,892,605,778,663,482,643,420
62,907,960,915,165,790,668,293,966,73,442,438,638,60,889,46,447,641,911,37,648,226,886
442,202,194,825,572,810,329,62,87,917,627,654,475,581,323,972,317,142,58,165,889,85,726
62,92,269,405,817,142,649,267,634,250,482,668,480,447,222,173,675,273,776,533,530,323,526
482,565,975,217,957,326,875,323,668,269,240,297,672,165,16,927,142,964,983,62,613,756,222
165,561,810,645,267,634,523,222,627,244,513,549,56,91,207,25,223,448,585,16,720,198,931
762,405,875,821,144,480,106,702,147,979,597,324,810,16,142,92,954,23,74,94,745,233,556
889,9,779,62,269,641,174,170,378,959,348,813,323,809,944,47,222,341,943,618,492,137,16
340,92,50,110,424,412,148,908,581,783,87,269,527,786,259,707,164,904,864,460,332,452,964
62,740,386,548,756,45,326,445,634,875,121,632,165,173,726,838,79,813,222,653,522,323,597
863,810,411,626,142,339,79,699,748,326,338,482,447,194,62,533,294,216,77,634,432,592,10
691,810,445,326,376,269,287,474,217,165,756,480,908,744,727,257,559,447,697,970,816,62,162
25,468,779,177,323,559,492,354,245,42,165,422,451,21,62,733,972,142,139,26,892,153,533
62,662,323,443,142,645,480,821,581,790,602,939,211,482,466,569,681,804,820,292,16,824,892
524,405,879,16,559,979,437,957,429,947,319,358,163,790,194,291,203,981,44,62,348,162,142
447,728,979,790,482,142,480,44,245,374,269,284,62,33,591,68,541,240,103,537,410,668,14
315,326,357,142,213,828,553,23,613,975,262,254,29,73,134,756,25,378,699,655,155,533,62
333,956,16,353,467,58,475,524,875,703,216,165,303,347,739,102,689,107,484,323,695,354,808
324,409,537,445,65,889,144,421,429,728,62,791,881,816,669,74,585,55,628,470,892,664,127
142,957,808,248,180,256,165,106,62,44,745,638,144,120,747,652,116,960,68,541,269,552,568
87,0,62,270,457,9,813,494,269,107,748,473,892,323,669,695,20,596,50,56,415,756,190
13,867,117,578,706,294,620,283,378,740,91,323,120,413,856,155,62,681,422,83,208,418,745
3,323,699,834,475,142,89,482,821,935,473,134,56,668,295,745,648,332,790,756,291,343,785
323,761,384,14,813,375,514,445,0,58,304,433,190,871,62,859,222,973,16,216,142,245,275
62,147,296,492,96,559,0,384,260,692,828,409,926,499,844,207,269,465,378,941,339,375,326
568,413,55,0,16,428,333,255,269,28,929,649,907,817,133,256,892,62,223,459,509,915,569
326,875,56,452,142,889,448,346,146,482,695,421,323,926,103,508,943,729,232,645,681,457,806
269,33,925,843,588,323,142,440,695,16,308,533,326,585,480,335,790,315,245,54,62,453,513
146,60,269,401,790,92,738,62,961,501,977,16,810,772,142,951,533,756,657,51,783,875,495
146,795,326,273,323,267,342,445,875,16,21,899,296,247,142,120,11,569,762,27,606,715,809
246,970,174,323,222,677,878,814,241,269,340,326,62,165,482,87,142,879,78,516,133,892,797
482,892,335,541,853,782,709,142,567,956,378,984,781,864,638,222,260,118,710,295,45,16,748
269,778,783,634,492,648,865,672,165,324,810,142,62,744,129,116,189,889,559,619,615,429,316
142,387,303,819,716,144,438,269,821,813,143,54,703,625,305,445,909,786,668,3,930,571,354
120,62,100,921,837,673,477,795,269,744,785,514,910,102,142,618,375,752,751,222,326,406,660
499,341,779,892,966,142,475,885,459,837,404,746,326,620,478,701,815,177,273,638,447,120,689
296,430,118,103,739,297,62,615,684,107,620,931,686,265,16,346,892,142,228,345,875,779,435
668,732,100,142,191,98,447,892,62,91,165,405,566,418,323,963,358,362,779,65,845,144,475
482,744,889,572,142,170,409,62,636,323,957,911,782,363,898,783,890,983,838,222,40,54,638
532,703,695,892,864,779,668,223,377,704,664,74,447,979,92,326,932,261,445,16,889,124,566
926,695,295,699,779,810,405,684,929,755,645,475,142,612,637,621,912,837,384,183,824,842,445
445,62,668,81,952,695,889,746,142,854,516,248,301,409,261,681,959,271,269,533,235,173,447
533,62,457,142,482,256,864,728,33,567,56,541,560,752,466,875,651,813,643,970,918,285,300
83,391,341,142,222,813,970,760,487,133,910,819,892,950,659,581,673,62,668,282,441,398,492
222,317,414,969,602,983,170,590,503,634,324,165,829,475,521,16,354,480,501,300,583,345,142
626,316,133,468,453,445,881,62,452,726,957,142,755,672,68,797,636,529,385,810,825,405,657
482,438,967,287,810,76,258,428,816,326,376,706,62,106,47,875,52,475,219,621,354,167,808
943,180,451,62,889,144,0,215,396,146,938,14,154,588,501,779,326,704,323,748,142,924,786
941,326,779,755,392,517,354,453,414,573,977,568,161,684,813,864,269,182,943,117,865,797,756
896,558,791,548,62,805,45,909,854,10,142,813,261,211,269,803,684,109,0,925,294,281,905
38,762,728,142,225,828,696,772,795,816,797,62,445,40,865,983,838,269,960,621,819,14,227
144,44,785,257,605,141,16,676,250,369,902,478,748,297,480,914,56,606,528,509,281,786,746
523,87,16,180,662,324,445,482,478,970,142,492,129,240,346,496,918,931,269,162,410,765,840
875,326,269,813,756,62,533,959,323,329,666,854,37,441,348,266,134,938,16,299,779,346,313
802,702,326,938,144,257,300,844,810,146,662,676,786,126,323,269,192,728,62,704,789,645,165
977,746,970,588,132,16,924,326,56,841,294,813,213,709,142,57,790,480,750,193,118,251,667
567,62,779,144,260,173,783,480,10,274,881,636,892,56,791,674,181,475,638,323,605,116,142
499,81,445,826,142,326,801,323,588,836,766,222,345,943,666,651,315,810,526,310,100,62,804
829,142,260,323,328,222,889,307,533,743,756,144,646,723,52,634,62,79,769,140,138,977,817
16,475,323,79,57,142,116,187,62,269,565,28,340,673,370,826,746,189,875,889,32,977,866
482,79,62,919,508,926,783,839,269,142,684,96,533,222,723,85,795,881,207,892,295,471,790
467,118,977,678,463,209,460,157,416,813,760,375,643,823,89,404,907,247,269,533,28,646,25
809,925,810,908,136,761,605,62,142,155,731,889,779,288,168,784,790,918,756,875,91,618,214
959,943,791,324,236,229,892,827,731,222,882,576,436,400,779,142,482,842,92,16,375,323,637
62,187,313,973,222,76,875,460,726,165,99,889,952,950,16,865,512,261,91,142,770,848,746
702,180,968,475,864,445,947,331,960,514,586,816,435,695,977,367,84,764,447,913,99,918,480
654,329,375,99,970,908,248,62,975,142,501,521,19,854,915,508,667,251,155,865,157,581,15
918,188,783,338,429,2,142,165,473,409,681,930,892,746,844,984,45,963,347,295,979,169,638
447,546,95,161,813,348,368,756,873,44,752,842,566,592,457,62,445,480,668,144,698,326,646
492,409,183,826,243,501,323,62,56,576,300,106,680,151,759,835,155,40,297,141,142,943,741
241,350,5,78,165,323,884,445,760,733,62,657,142,829,429,580,813,296,960,705,924,669,959
875,732,283,291,756,142,903,714,128,41,158,468,285,447,703,495,44,396,269,892,480,326,375
495,502,828,938,810,844,182,445,478,746,505,37,62,896,957,142,889,492,909,605,813,544,118
142,323,922,404,406,879,954,738,180,241,756,163,634,222,858,62,733,813,815,16,695,492,576
872,798,734,724,62,323,146,326,300,338,533,297,796,155,222,885,588,364,390,443,830,482,140
957,767,813,142,561,611,482,792,3,668,889,269,756,526,326,10,240,222,456,858,832,795,407
222,820,756,482,622,536,969,768,240,736,639,822,260,16,142,597,858,636,194,324,165,929,155
226,910,779,410,575,309,245,480,388,33,558,911,622,494,142,62,668,726,767,926,756,409,565
75,557,492,776,249,864,482,907,222,889,587,695,142,703,821,752,269,792,706,838,16,628,79
779,323,526,79,632,92,813,142,14,585,946,590,222,375,62,615,70,404,480,703,144,518,889
466,969,83,62,924,526,61,261,56,646,728,662,855,193,115,670,874,787,177,786,17,95,833
142,319,10,297,819,67,553,937,482,808,326,703,276,836,48,40,466,62,45,454,790,781,269
301,918,0,550,295,99,142,373,813,769,526,64,255,14,452,269,482,695,709,567,955,409,748
821,569,88,269,390,445,523,578,62,956,809,142,476,68,931,799,197,482,703,585,114,590,756
588,232,875,257,83,87,613,385,99,326,16,523,733,165,810,561,673,331,475,502,938,44,448
756,414,656,114,810,746,428,779,62,657,728,409,345,38,142,389,165,340,699,585,151,836,821
618,896,740,332,871,142,114,648,909,765,62,287,918,433,60,217,31,482,247,326,146,269,51
797,480,83,68,56,215,128,279,405,929,99,482,781,142,602,598,571,385,19,162,889,222,612
646,89,491,311,323,943,219,955,269,148,610,113,605,733,538,556,142,889,568,514,977,892,144
278,236,144,142,445,523,695,769,289,297,326,896,462,542,892,885,482,250,637,889,215,428,756
89,323,523,56,62,466,16,726,449,17,668,881,142,954,222,136,689,634,576,889,854,133,620
269,16,327,14,222,810,684,217,722,62,241,240,45,519,534,773,281,788,830,973,323,756,790
864,845,842,144,485,265,812,889,695,428,571,561,175,62,0,50,430,161,844,689,79,927,609
480,165,270,746,62,624,146,952,552,953,682,53,865,222,79,700,503,369,0,929,406,328,482
401,323,513,465,844,351,500,552,916,295,62,550,245,663,142,801,509,207,695,789,565,638,645
16,812,533,813,414,602,977,558,548,293,668,269,193,482,791,142,789,62,603,309,645,135,755
885,940,384,428,872,142,53,756,445,326,813,634,710,62,535,381,557,797,306,495,295,323,880
269,56,323,679,142,303,234,810,927,110,165,977,174,963,38,892,494,498,756,79,77,774,222
401,821,354,788,302,756,700,482,617,243,581,827,514,97,142,695,43,51,518,165,559,173,59
752,648,384,109,676,323,926,779,142,963,287,746,326,53,962,89,62,1,257,149,144,509,668
765,482,279,16,291,519,62,645,323,245,287,146,609,409,952,812,364,356,492,648,918,91,166
142,684,315,326,938,342,307,146,495,630,447,879,532,45,966,14,149,943,269,598,62,889,274
695,821,44,810,142,340,838,495,507,969,445,79,928,428,480,149,907,269,261,889,662,62,74
192,457,918,236,926,643,240,409,864,169,142,655,535,274,825,485,929,624,323,955,14,837,62
146,357,970,245,813,142,1,749,615,467,865,892,558,621,345,20,292,326,140,766,147,131,124
662,718,875,81,970,284,16,142,571,125,281,915,163,522,475,192,467,250,409,695,586,879,935
299,618,478,174,756,336,958,639,269,142,744,810,375,165,552,453,319,781,62,695,653,845,16
889,35,780,142,311,524,16,668,661,390,183,261,756,630,358,260,875,385,365,518,598,326,165
26,958,810,447,142,748,559,405,938,522,144,233,273,411,326,189,269,645,375,297,62,295,165
142,62,895,904,269,224,291,323,588,121,662,68,482,695,64,442,326,261,46,874,684,702,445
385,533,795,760,896,695,427,886,828,952,326,889,423,197,137,756,839,568,323,295,62,625,514
770,146,918,624,287,78,32,790,165,142,558,695,157,360,668,62,445,141,612,908,892,773,838
977,909,738,509,142,533,807,136,920,62,53,431,948,654,326,889,357,16,785,552,695,463,828
684,332,20,2,62,445,284,862,76,534,324,881,93,514,318,447,0,269,792,886,889,695,633
142,727,157,269,62,756,451,809,852,58,970,69,326,892,106,472,207,656,324,297,938,224,978
494,79,17,447,175,643,652,947,273,593,222,261,595,797,38,970,480,269,615,816,445,25,165
565,46,533,482,142,266,606,953,735,390,124,287,62,385,732,14,21,269,445,323,618,81,16
98,406,152,860,269,779,340,144,407,810,700,291,914,918,756,237,484,345,587,23,759,977,569
62,16,142,625,499,634,613,746,909,829,889,703,447,269,287,341,711,943,332,357,560,813,52
323,245,367,79,733,467,186,42,165,243,540,142,481,679,58,839,973,913,118,294,103,567,38
536,889,863,374,596,404,291,323,548,550,636,634,529,91,409,507,845,136,792,2,467,142,570
68,684,341,294,779,142,663,165,62,906,16,851,854,374,441,222,448,20,401,299,703,440,295
326,832,782,610,587,17,209,409,323,58,282,586,889,16,29,106,180,450,146,182,275,200,765
748,342,629,348,142,658,728,828,287,590,222,267,240,16,241,235,792,723,756,62,445,810,322
557,620,669,62,142,58,240,485,983,324,269,668,482,20,323,385,357,445,947,638,396,695,981
297,142,445,326,410,443,151,907,786,282,65,973,588,323,87,492,19,810,775,746,352,468,52
188,142,358,445,16,146,857,684,865,966,898,831,324,329,269,636,775,533,797,222,889,854,550
87,853,196,326,120,577,860,436,552,635,983,905,212,516,466,194,810,447,653,514,100,299,165
603,311,668,423,756,62,846,748,889,25,593,853,887,850,454,776,91,222,165,438,740,977,758
142,736,638,977,62,326,979,357,445,724,889,273,813,616,56,594,82,222,457,645,891,756,742
810,756,44,405,440,751,269,324,918,16,637,889,482,760,79,142,222,621,668,732,119,294,464
62,56,572,891,385,441,889,539,634,16,981,261,684,482,775,752,445,142,71,480,222,518,375
466,315,931,552,783,756,285,295,673,682,99,910,368,62,437,17,331,762,48,52,16,283,577
237,32,639,412,558,165,646,889,715,781,142,569,81,269,16,720,335,418,846,62,421,864,323
16,764,33,260,44,267,892,589,486,99,728,261,813,889,646,62,375,858,81,323,961,294,483
871,16,23,957,721,222,976,568,212,745,56,165,977,645,50,508,982,137,97,571,194,105,384
405,146,548,142,121,222,764,418,62,634,737,3,881,445,753,165,667,87,792,648,0,91,279
239,466,332,451,54,792,819,795,142,167,552,99,899,209,391,326,323,515,738,862,650,492,165
586,912,326,34,430,99,354,819,155,143,129,268,857,943,142,689,410,457,619,323,634,827,444
135,174,58,19,62,935,746,699,248,611,662,482,151,420,87,912,140,638,813,409,302,558,385
756,405,62,155,323,307,142,821,480,64,482,867,273,492,546,188,447,165,668,885,283,846,291
62,782,363,889,84,728,641,638,814,17,824,120,947,165,661,615,975,710,142,384,266,872,552
329,397,269,142,947,44,345,756,453,886,743,424,17,326,769,813,811,482,810,60,333,801,728
142,271,288,968,300,197,442,23,916,24,789,889,323,691,62,383,813,977,511,251,4,909,468
418,260,326,979,269,270,940,876,171,114,133,197,482,91,106,585,756,241,792,967,907,146,222
142,668,864,244,0,165,257,367,345,99,333,124,446,910,639,810,16,447,790,977,813,103,326
84,147,668,62,480,447,307,977,78,211,536,118,827,486,91,700,655,870,882,681,949,289,138
487,198,44,199,696,118,903,142,585,442,0,62,68,697,645,73,177,146,184,779,144,913,852
522,467,854,338,269,771,952,62,496,413,56,482,503,315,668,53,892,555,816,692,552,718,585
947,240,16,323,790,379,567,32,642,382,528,756,35,146,794,480,388,84,703,595,955,910,821
938,218,255,480,813,649,534,326,679,20,814,971,142,915,963,294,106,224,681,627,634,87,782
728,398,552,407,577,62,166,907,526,757,431,142,748,832,733,875,804,350,634,684,492,289,824
62,514,358,294,924,154,56,142,810,889,157,296,269,222,881,482,445,932,268,181,267,828,329
708,722,480,931,911,913,324,62,449,142,479,747,126,375,61,565,961,638,406,845,796,207,16
482,142,302,834,797,342,14,15,468,326,159,428,959,668,323,45,639,388,756,645,695,412,514
875,693,658,482,804,10,410,326,309,62,918,492,245,737,323,695,689,654,551,269,278,820,103
400,785,142,648,346,479,445,68,16,689,297,269,50,261,273,835,70,284,56,968,165,643,875
291,764,142,979,983,838,864,378,785,341,445,185,0,62,513,195,638,430,81,222,482,233,880
700,569,445,480,804,813,810,756,668,672,636,797,983,754,692,411,299,575,144,829,331,387,821
326,0,858,756,482,340,779,116,57,495,142,621,180,230,821,691,91,33,797,218,390,118,134
62,338,44,372,180,323,98,684,641,756,101,405,144,838,300,480,960,317,315,295,445,550,441
522,165,78,55,756,875,645,4,852,581,142,406,16,977,702,351,482,497,698,846,295,146,174
269,240,797,569,605,371,548,445,44,165,703,613,791,790,963,155,142,146,62,795,748,0,370
142,374,245,323,62,809,708,478,790,438,329,482,451,695,447,287,640,829,295,364,785,892,56
385,503,406,323,142,457,875,441,412,533,628,810,166,62,781,521,834,81,16,838,56,475,653
480,161,627,16,62,703,486,142,790,269,32,668,890,248,733,366,881,875,970,445,681,580,720
682,871,727,445,639,911,435,62,326,297,158,367,832,790,588,773,329,684,207,804,323,709,482
296,45,684,422,323,16,310,142,173,165,792,81,557,326,952,791,317,482,60,435,910,821,813
535,780,146,157,548,695,186,142,79,922,377,482,446,929,269,155,56,800,697,73,460,33,700
875,466,405,142,222,785,960,595,587,514,668,293,761,832,482,892,700,541,844,648,377,709,269
935,482,62,478,731,487,850,521,154,932,889,465,142,0,960,83,785,377,87,329,910,695,881
269,526,326,752,56,813,222,294,390,324,889,732,483,287,615,329,109,62,482,638,684,821,16
209,756,775,587,116,809,142,405,62,618,889,128,790,552,249,146,207,581,245,491,813,691,955
142,64,409,269,69,433,62,969,702,654,378,480,900,576,87,396,116,323,813,580,16,582,977
445,362,810,684,409,326,146,834,590,72,60,44,235,919,651,955,923,62,649,220,297,269,514
947,513,781,62,142,596,242,430,337,579,909,682,889,248,961,26,651,602,516,813,769,14,91
445,62,557,889,269,119,142,586,10,668,146,810,157,551,173,523,170,938,930,444,301,580,854
581,62,165,415,16,480,367,177,296,969,684,537,17,100,447,0,142,492,111,363,409,578,565
76,551,324,905,166,62,886,938,445,668,421,706,748,92,144,949,323,589,302,768,689,296,87
700,250,109,251,445,975,389,422,797,273,323,215,142,62,409,766,889,723,881,197,921,947,16
831,33,10,165,889,62,142,921,29,956,514,846,542,53,322,790,16,845,20,595,668,323,315
821,335,781,286,482,415,269,756,673,144,302,316,700,178,203,357,877,17,404,733,810,513,813
269,300,756,514,809,581,926,688,14,827,62,859,375,161,788,822,142,791,732,78,16,445,282
275,751,756,375,35,874,142,643,639,56,116,333,913,68,790,143,214,523,610,160,428,921,326
269,8,190,643,234,690,848,906,912,533,56,585,475,173,602,326,323,813,158,499,810,222,885
142,165,949,378,60,892,447,791,366,918,913,381,409,457,413,263,323,62,300,269,16,596,552
16,87,583,954,198,836,306,56,970,949,648,144,368,323,142,441,960,400,324,838,412,354,445
453,269,323,868,966,892,655,163,218,165,142,62,144,643,907,153,43,49,260,954,245,27,917
142,111,943,957,302,419,636,146,876,348,696,300,575,396,23,910,740,155,614,62,983,0,810
889,569,512,813,58,453,442,340,269,421,402,482,962,387,144,480,638,62,445,105,844,416,132
225,943,300,515,311,193,415,482,466,963,367,308,682,287,791,782,389,459,634,165,579,209,269
142,955,516,731,482,375,919,62,274,943,33,91,533,596,678,16,728,921,19,300,935,323,249
429,441,240,714,142,761,135,87,323,326,55,756,451,645,207,838,141,348,927,269,109,231,938
16,810,29,728,885,604,142,482,127,155,690,976,618,56,684,931,593,792,632,668,638,559,62
760,269,164,807,492,81,952,779,975,781,581,243,475,682,62,349,197,668,209,821,340,685,165
335,296,56,863,38,16,62,853,569,369,142,151,78,174,214,898,681,323,433,428,648,733,582
142,882,475,975,979,438,16,173,558,116,950,231,326,269,536,482,89,186,432,257,809,957,515
146,779,482,16,165,451,583,323,810,806,140,62,222,338,300,875,517,406,142,20,144,472,814
515,493,779,949,781,559,61,142,645,222,339,267,602,617,333,440,405,913,94,414,672,191,585
583,340,963,533,0,788,845,326,480,445,87,559,508,142,166,16,56,542,62,369,144,809,198
356,517,615,501,151,228,979,269,62,116,889,89,447,306,700,718,123,880,217,969,749,627,404
182,23,159,596,142,889,703,333,353,460,329,854,260,668,323,810,79,648,144,833,643,62,960
62,142,14,947,33,761,872,813,17,165,16,889,136,786,447,583,396,78,250,185,979,55,581
681,16,926,726,294,146,335,585,62,387,159,87,157,142,816,748,497,973,499,959,445,292,239
142,62,269,291,475,715,103,391,505,523,482,756,535,660,378,889,458,216,870,176,323,174,79
612,55,240,864,596,909,442,341,281,486,748,269,911,757,196,710,445,571,976,821,16,144,410
764,287,746,696,702,62,52,142,950,643,385,87,573,645,921,16,326,494,20,939,89,620,19
905,23,628,453,791,930,62,218,289,482,142,474,144,501,291,890,269,118,58,91,878,26,326
10,21,933,892,449,937,452,332,93,62,111,710,447,681,864,142,143,335,281,557,240,245,615
241,977,854,773,440,62,323,61,756,132,197,973,162,875,526,406,269,23,703,16,537,609,348
188,324,860,279,482,62,142,326,569,445,695,884,16,792,384,942,587,269,845,56,782,788,296
283,909,927,665,326,468,480,513,166,375,821,276,705,162,581,165,489,142,295,428,58,807,174
542,480,142,456,155,636,404,650,772,97,255,747,381,294,627,323,798,703,62,760,286,889,954
157,291,557,779,634,56,165,837,752,929,875,375,423,62,274,378,33,130,189,892,61,1,838
270,326,273,406,16,977,854,142,711,62,227,702,158,220,668,482,649,984,909,405,285,445,795
833,810,765,668,19,960,266,345,445,0,480,875,62,813,516,326,148,95,746,812,973,959,756
390,142,222,346,16,62,657,766,710,564,231,756,217,472,681,748,159,698,436,452,844,363,50
346,445,779,323,312,646,62,964,703,541,468,473,300,485,864,834,977,142,645,434,10,79,746
296,76,375,926,628,564,142,928,960,478,781,952,693,158,67,440,779,704,286,728,627,459,786
788,118,478,416,142,511,269,187,845,336,133,884,165,955,234,538,482,62,961,960,91,706,181
890,733,870,142,23,326,194,779,0,807,983,135,11,62,790,681,655,641,756,636,565,553,269
28,480,597,482,163,142,62,730,165,598,872,958,81,467,810,173,881,499,453,169,615,610,768
332,588,521,605,194,756,485,875,62,410,182,790,482,581,851,397,445,443,559,79,805,326,920
369,261,889,924,62,577,695,472,765,129,553,566,645,565,240,209,413,977,288,780,445,431,779
290,911,755,332,445,820,45,62,905,16,850,641,486,695,756,238,923,142,157,959,790,307,666
604,813,62,853,728,99,5,142,165,890,269,16,801,622,202,886,482,581,155,909,323,112,942
11,482,98,875,62,853,139,480,838,106,952,398,348,634,91,684,593,703,889,779,142,517,609
864,892,653,142,165,829,346,871,973,646,779,810,118,596,821,133,323,760,879,447,555,135,357
142,150,671,144,7,550,62,848,326,385,257,803,632,52,899,778,889,269,593,835,662,16,323
613,685,404,496,581,507,326,109,585,475,51,409,705,792,176,217,335,15,889,405,240,725,231
62,333,872,892,977,323,142,174,178,222,149,790,118,56,447,929,765,194,144,695,847,16,585
97,91,475,756,465,38,813,618,621,447,37,93,731,779,864,309,29,335,118,76,142,477,146
276,953,392,837,744,87,628,482,790,62,537,854,515,0,142,438,475,480,414,268,302,907,219
643,20,323,307,339,330,612,91,829,790,62,830,438,420,637,613,445,921,949,489,721,436,142
324,979,432,409,821,533,797,703,842,0,835,492,197,826,158,756,90,387,845,252,873,62,98
217,142,406,643,492,375,879,779,938,795,32,424,335,92,810,184,798,222,695,910,475,127,6
440,219,326,106,2,56,529,445,167,259,62,684,171,875,142,187,810,689,16,180,782,514,977
864,142,977,533,144,480,695,606,682,341,87,703,639,578,909,326,56,62,295,492,947,208,556
142,792,222,587,659,141,88,340,269,779,480,440,91,563,773,358,821,0,287,50,567,668,165
952,385,245,905,45,43,142,296,60,943,647,889,813,679,133,332,92,103,797,779,62,166,326
482,62,422,628,146,154,96,680,384,269,910,816,453,779,324,656,297,632,875,539,98,598,166
186,137,695,240,269,691,492,648,651,572,486,875,754,46,726,323,588,482,305,874,606,268,535
144,877,323,218,724,116,492,796,285,62,326,813,161,783,691,863,751,441,899,610,183,435,269
252,571,297,480,194,639,733,813,142,586,447,409,417,215,55,689,821,99,79,74,62,476,840
142,376,87,248,24,269,165,406,97,92,606,739,38,732,579,23,571,546,338,756,441,761,62
445,291,480,885,931,56,287,323,160,576,653,376,142,133,892,875,682,62,345,810,247,47,918
889,445,17,24,898,177,961,645,345,870,756,16,875,821,977,385,482,269,674,91,142,559,323
142,949,369,372,340,854,325,665,860,821,146,482,808,16,237,480,4,734,62,746,285,730,892
106,345,268,273,152,638,814,222,514,756,144,982,575,274,938,434,448,699,955,539,643,648,789
923,62,781,918,927,896,326,567,746,957,790,324,329,977,828,972,182,778,98,516,732,269,96
326,127,937,759,142,0,222,680,256,79,816,165,892,482,684,889,405,362,62,791,16,984,733
810,947,80,396,823,93,426,941,429,899,874,323,458,378,288,142,585,685,875,53,482,834,219
62,858,576,480,868,492,227,977,703,58,509,445,495,326,695,99,975,552,222,146,142,155,474
245,668,159,929,788,260,15,756,33,411,781,299,323,802,419,480,879,666,847,385,472,348,750
165,779,44,385,338,99,959,809,209,379,91,159,643,79,50,746,738,142,661,470,517,445,409
297,142,68,859,292,457,438,409,593,323,501,952,606,445,818,16,831,668,14,837,211,779,791
142,801,357,298,269,837,358,62,319,385,151,876,202,222,84,453,813,345,769,137,756,482,326
113,83,269,8,340,581,748,518,315,61,323,430,785,482,220,440,970,163,653,79,464,175,626
943,584,142,979,874,16,937,835,284,810,866,779,588,926,106,960,37,875,889,632,152,821,98
813,142,326,938,766,668,440,43,49,680,482,445,485,457,62,728,636,83,40,323,542,447,379
571,724,223,118,370,651,957,219,441,834,858,948,433,11,889,398,323,321,479,732,921,795,864
54,810,938,378,62,108,445,628,977,160,273,142,678,898,191,756,482,481,430,144,87,269,494
865,889,62,16,146,269,268,554,975,323,135,681,149,242,116,790,445,205,171,165,70,248,662
813,129,656,142,9,266,91,79,165,666,776,473,52,16,641,379,810,241,548,963,106,799,38
501,797,720,62,794,385,703,345,324,632,863,142,597,442,83,189,770,533,410,155,296,889,843
62,326,56,501,679,540,498,411,231,693,222,457,479,142,499,0,480,861,238,243,878,467,494
524,955,466,79,43,142,792,889,340,317,344,56,800,384,222,756,764,651,339,457,314,812,326
15,62,155,174,135,896,747,330,565,751,869,103,475,240,440,889,508,362,791,480,114,280,533
33,499,222,87,329,142,765,232,712,445,779,62,287,813,128,146,577,860,728,756,759,151,643
406,959,892,62,70,924,240,231,269,451,16,106,332,103,533,323,445,457,790,297,44,754,149
740,618,345,638,424,983,569,967,874,786,81,49,822,326,405,633,245,854,903,695,691,483,961
593,62,854,118,142,323,652,966,588,184,747,783,116,580,668,533,102,537,233,787,269,517,35
188,514,808,273,92,485,269,588,810,260,173,684,144,801,62,19,752,379,38,829,550,922,135
256,16,207,187,482,628,142,864,858,669,565,244,240,326,748,460,412,263,375,118,982,792,354
700,222,478,566,190,765,142,60,684,269,368,482,447,204,562,797,318,90,174,62,87,287,779
326,76,558,39,906,780,792,53,14,588,62,494,515,283,785,195,475,142,363,430,533,300,592
892,760,829,605,854,873,324,155,314,710,746,629,376,682,142,943,516,100,929,219,681,810,144
164,746,300,535,492,142,119,670,952,20,62,983,859,821,764,326,828,536,354,488,970,240,79
62,809,838,405,696,142,419,81,464,864,149,409,533,358,14,466,684,782,956,813,482,87,612
684,390,770,918,62,605,323,414,516,16,163,533,890,935,668,956,307,803,496,326,756,142,165
369,615,810,765,62,910,323,170,957,142,184,797,139,480,492,656,889,826,634,670,482,790,668
521,260,79,945,142,285,44,499,695,802,763,587,127,62,333,779,173,956,384,297,581,295,307
133,329,680,53,460,756,889,785,227,165,713,68,482,700,142,684,871,197,447,245,963,745,450
569,16,228,62,134,963,142,721,521,552,790,668,934,269,210,960,152,712,931,440,783,428,813
207,821,289,87,573,445,982,405,551,438,79,695,792,644,295,142,14,874,813,16,571,326,330
619,62,675,844,323,341,226,681,295,738,269,658,342,319,648,64,142,16,813,241,645,695,790
790,647,62,724,0,142,457,343,346,382,203,202,330,791,340,445,579,269,744,180,326,529,603
983,204,222,839,146,326,445,952,411,142,136,908,62,938,63,909,615,620,508,323,810,378,898
457,688,943,810,448,599,268,346,165,751,256,88,144,16,588,725,76,409,502,179,790,261,950
346,655,299,551,405,135,296,42,767,89,416,642,716,79,16,813,889,915,583,142,875,648,779
70,432,204,62,585,91,16,615,318,634,405,326,775,559,380,684,754,982,81,79,603,577,196
960,179,480,487,269,293,273,70,89,351,187,357,62,634,950,345,482,911,943,16,476,381,142
955,612,325,898,261,256,273,409,146,87,294,96,949,695,127,0,482,748,471,323,862,16,891
692,813,142,889,854,341,163,467,269,62,16,91,684,376,185,472,537,979,853,970,28,154,553
135,91,892,678,323,191,155,482,544,269,326,56,645,889,871,140,698,120,29,62,332,668,445
326,766,324,70,142,782,411,813,776,514,756,133,638,317,325,103,979,695,218,620,482,892,480
134,918,447,645,92,551,379,612,286,699,62,323,779,480,906,813,376,543,618,142,106,682,121
247,165,12,688,424,703,273,638,222,835,733,977,387,142,62,447,795,16,445,821,799,759,425
889,460,225,87,105,815,744,957,305,354,895,905,62,955,668,641,928,779,835,638,892,287,84
447,634,52,222,645,474,181,324,315,416,323,142,900,423,929,909,576,850,948,22,813,482,723
62,810,482,38,0,981,20,268,317,142,877,53,410,405,297,141,916,269,791,291,455,695,296
16,975,165,808,22,62,879,688,222,786,730,482,809,868,983,756,824,830,848,184,132,889,479
326,500,222,109,649,827,438,456,809,250,62,56,142,790,889,45,833,155,183,68,401,920,782
969,808,513,142,62,858,834,222,431,369,849,634,38,280,829,472,926,938,638,523,943,289,478
53,658,62,668,507,367,412,326,142,633,550,71,73,748,241,929,389,602,329,416,466,334,881
756,23,913,634,422,955,146,886,142,260,409,801,728,445,637,977,281,240,963,901,638,325,14
326,142,781,648,946,424,865,743,92,929,180,659,116,819,983,834,756,898,222,808,694,559,299
217,618,643,144,35,142,363,480,387,602,0,419,603,146,714,164,300,62,769,285,245,579,16
702,467,691,16,762,326,765,879,302,523,431,287,875,32,445,333,596,91,62,679,409,246,87
142,889,846,63,62,751,44,96,920,61,4,392,529,242,418,926,89,813,568,863,461,269,405
165,235,268,142,124,269,568,129,698,68,639,421,264,62,326,909,724,533,756,163,508,222,79
889,250,514,303,813,165,835,573,657,186,62,183,228,821,404,269,959,110,695,287,775,482,492
515,692,142,23,681,16,923,701,779,983,689,45,14,482,222,618,193,374,340,928,337,767,752
569,668,785,832,796,62,779,142,792,454,217,10,447,900,889,756,354,864,810,567,149,480,212
147,509,370,446,482,79,121,943,16,889,77,646,62,678,319,323,691,514,357,605,185,833,523
620,269,16,955,959,142,910,537,62,132,295,390,3,400,588,133,298,300,932,859,323,946,501
281,692,668,432,944,702,791,62,145,270,382,518,505,934,695,176,142,392,790,198,458,834,559
441,257,161,830,552,269,62,222,118,142,634,146,714,242,228,475,939,378,165,248,389,571,369
234,190,315,155,142,523,297,605,445,480,16,278,835,144,310,56,797,558,675,326,62,905,87
480,141,523,503,526,447,296,908,892,324,100,445,294,840,14,483,703,269,416,728,142,299,634
875,728,533,369,889,301,537,269,62,382,281,653,656,142,482,810,931,326,514,47,44,864,417
471,62,305,514,849,739,333,101,144,645,599,378,71,165,166,311,307,963,649,217,896,929,56
269,222,641,102,695,238,125,142,382,746,412,89,157,323,615,16,384,303,889,62,133,531,546
771,889,390,756,374,546,645,62,778,369,508,269,638,981,537,678,142,406,162,612,294,960,16
943,645,829,376,756,752,485,326,559,142,533,432,816,695,889,955,983,457,601,165,269,202,497
269,482,790,62,196,477,546,310,35,324,51,514,552,323,728,56,257,889,863,231,180,374,548
222,668,705,892,13,393,677,155,326,62,323,218,898,142,81,83,482,261,821,646,66,120,921
571,480,699,91,222,62,762,466,212,440,315,886,243,952,415,608,482,14,977,659,38,672,646
618,265,699,498,979,598,501,142,351,692,475,62,389,445,17,679,147,340,530,33,165,792,779
484,199,492,323,145,788,103,54,467,728,0,332,533,813,361,164,756,79,297,330,821,658,33
344,34,29,709,323,468,326,568,375,273,746,133,920,620,289,76,789,142,165,492,190,871,62
442,83,354,348,921,375,797,808,165,695,166,323,297,667,533,53,102,62,860,241,142,445,645
756,934,62,977,485,947,222,797,960,174,194,411,169,581,584,627,643,864,142,159,202,810,494
480,696,346,752,810,813,909,62,457,889,969,973,135,247,142,16,287,509,722,585,919,91,222
598,56,14,68,406,100,333,970,91,410,634,323,696,864,668,824,62,810,405,142,482,569,653
892,135,16,71,854,526,409,878,142,118,330,832,637,248,326,821,99,319,875,950,231,385,12
0,554,315,788,728,149,417,576,44,514,695,99,324,155,142,700,480,62,330,174,329,742,335
347,79,385,844,146,787,142,938,589,442,37,106,908,209,756,108,144,280,68,735,424,427,899
889,634,938,853,810,463,668,548,910,790,118,222,412,326,596,800,52,539,133,341,865,297,374
791,742,728,514,69,165,14,55,890,699,457,756,62,586,326,203,783,451,767,16,261,300,56
144,829,654,165,495,16,323,294,62,207,178,87,526,246,552,229,842,184,615,376,719,142,955
346,377,682,323,603,259,554,890,76,445,12,269,892,62,390,567,533,612,423,410,91,777,142
603,62,377,129,501,762,689,472,521,285,38,674,155,142,326,675,287,756,44,952,587,627,405
619,480,406,412,142,62,91,697,114,409,508,560,324,854,56,18,511,233,810,646,279,889,323
665,41,62,914,684,324,707,765,520,885,777,127,672,294,98,368,447,170,703,268,548,813,594
668,165,482,62,222,658,131,486,756,269,441,979,52,340,514,300,476,410,775,875,792,745,523
173,160,62,231,445,409,514,588,143,650,791,581,38,241,895,486,79,21,523,835,6,482,52
257,345,979,108,628,56,724,125,863,38,146,756,26,959,681,445,155,231,53,837,802,813,161
396,495,699,424,644,197,689,633,89,291,830,62,354,731,810,859,447,409,285,326,502,681,533
889,326,652,804,708,680,142,908,441,323,514,633,269,845,813,682,62,472,821,658,684,581,761
16,447,864,645,779,649,756,419,62,733,11,269,56,911,222,794,305,974,769,889,257,146,94
934,875,713,645,62,300,216,269,620,668,177,142,818,712,522,792,323,0,410,756,146,576,577
473,696,156,752,808,522,739,375,142,457,82,848,512,447,287,845,813,569,807,514,751,144,224
756,983,93,970,121,326,892,810,273,146,142,384,783,16,356,836,809,19,62,751,61,343,667
323,269,16,875,892,779,581,624,835,638,52,514,34,278,274,78,364,572,523,689,79,62,583
335,47,756,490,514,892,405,2,813,354,436,768,445,245,269,782,929,889,323,539,605,421,312
326,724,165,323,813,144,700,416,445,377,62,130,273,31,269,17,924,680,409,68,638,380,703
760,550,327,621,962,870,881,146,669,291,639,810,62,681,452,282,16,252,214,447,121,323,518
977,256,448,681,684,891,62,470,49,323,7,243,638,792,142,281,16,79,273,150,779,538,485
606,981,166,730,267,87,5,129,165,733,938,684,188,326,62,15,864,345,889,269,821,300,142
875,62,521,482,508,143,284,440,142,287,30,81,49,669,684,414,165,509,79,873,704,865,544
223,129,348,277,241,645,324,142,445,548,746,767,837,807,26,216,250,756,16,535,810,261,254
260,695,983,21,638,744,835,335,943,323,324,62,23,42,480,326,720,811,379,269,684,197,81
16,445,673,733,423,480,62,942,165,56,404,790,552,492,645,28,1,142,810,241,132,523,10
16,87,83,62,457,366,860,142,783,445,138,146,61,265,26,269,472,810,530,92,708,56,648
710,142,345,943,748,482,700,779,269,983,977,245,386,889,813,582,445,533,680,261,101,363,268
602,236,879,440,143,694,930,756,62,204,421,142,56,39,960,799,948,605,746,664,154,482,87
211,261,146,430,251,68,792,977,323,354,516,762,969,329,756,779,142,810,118,681,466,816,222
404,775,982,276,819,207,689,296,94,289,691,446,548,16,314,490,155,810,522,142,956,10,569
62,775,718,9,146,666,587,813,881,675,409,375,482,115,454,410,87,660,756,447,73,645,861
260,677,269,79,821,889,355,810,232,497,975,326,144,582,447,131,62,417,631,765,911,482,142
442,292,222,16,3,375,55,234,763,527,655,957,115,895,845,820,767,809,386,236,695,148,480
62,405,245,527,109,756,838,445,88,593,829,218,336,705,44,165,578,241,889,482,142,832,174
23,248,165,864,767,491,813,222,607,62,457,269,762,447,482,810,874,445,52,56,597,860,731
235,491,183,757,941,478,64,363,430,546,69,783,889,899,919,119,102,16,840,142,920,796,302
643,881,56,660,568,142,827,813,754,697,293,41,98,277,883,668,828,101,87,932,598,531,581
460,142,127,282,62,91,617,889,886,324,222,523,657,16,79,332,409,323,245,338,514,482,165
681,58,115,105,414,813,732,907,646,533,62,475,142,582,269,934,436,165,108,305,631,390,889
323,345,776,870,62,482,452,144,892,113,786,832,672,634,326,248,488,748,586,810,753,600,533
903,211,762,732,964,881,813,909,626,684,882,782,79,979,639,119,385,716,43,968,468,552,472
808,300,165,81,250,422,191,700,669,596,291,977,881,875,889,277,627,332,813,400,333,218,248
159,102,482,62,959,786,982,758,927,731,56,892,168,827,326,426,142,23,323,751,692,10,222
203,478,54,445,326,868,169,0,221,681,87,142,598,746,652,247,171,696,690,619,90,287,62
62,567,906,809,748,875,756,142,805,625,23,348,406,165,92,89,703,16,921,611,482,240,706
959,295,11,387,943,788,430,209,146,492,634,151,282,56,699,303,923,712,645,414,296,908,445
691,936,62,461,779,390,949,161,340,491,16,728,723,716,562,79,829,378,78,977,468,230,719
326,323,726,269,701,21,62,2,441,376,786,756,956,56,780,723,957,287,890,99,889,165,348
280,260,698,248,333,445,62,87,918,813,88,146,604,765,576,602,947,790,324,972,250,578,526
809,62,142,326,785,14,494,764,905,163,23,475,746,813,237,313,944,779,858,680,381,810,585
660,127,644,78,294,407,87,392,129,546,892,16,475,789,375,146,326,108,140,445,638,44,106
794,165,99,889,860,813,548,14,178,440,648,482,756,26,620,340,567,737,421,709,46,801,779
909,728,142,293,62,165,269,482,333,68,559,504,14,56,889,892,881,241,119,875,651,36,689
276,756,583,822,984,114,223,323,711,880,326,643,29,828,766,165,322,569,391,365,864,983,87
779,968,256,695,482,641,409,70,648,62,222,626,358,813,889,323,781,16,710,326,802,445,73
732,195,727,689,906,482,323,279,457,558,142,791,901,977,645,889,644,409,872,596,824,230,191
244,62,326,779,813,533,317,661,3,810,333,242,142,571,270,896,682,615,165,703,49,385,88
645,322,62,10,947,142,853,810,726,269,146,632,952,650,911,270,883,813,756,144,517,937,81
146,389,845,627,960,716,81,142,890,446,151,669,410,297,783,61,153,482,88,209,180,44,43
315,142,326,269,934,357,159,268,222,887,62,360,405,410,790,595,476,979,699,38,432,742,976
779,405,62,824,324,203,468,321,746,706,337,875,85,222,429,790,17,165,970,226,273,240,40
323,889,87,56,269,796,588,653,618,897,165,194,320,853,941,362,963,297,218,222,756,786,44
155,263,141,522,406,389,795,234,728,693,639,19,165,144,585,323,829,173,179,62,983,385,514
757,604,21,326,144,378,56,62,390,832,300,29,159,41,445,810,972,411,1,703,645,141,184
475,178,952,704,972,144,680,618,142,728,779,976,445,401,808,256,746,326,311,854,345,424,118
410,695,142,323,892,813,8,332,470,751,311,62,790,95,163,837,699,371,482,553,957,45,222
165,222,747,268,335,794,218,889,401,62,32,734,142,791,322,440,671,446,762,804,269,579,960
947,892,84,821,638,222,746,339,185,680,341,889,732,515,323,13,357,375,841,348,296,772,756
875,482,709,216,142,962,187,930,62,118,685,245,65,100,329,671,586,292,925,706,639,797,649
375,248,278,142,144,437,580,296,475,62,391,634,943,810,91,23,350,953,16,417,645,823,374
142,16,216,728,603,546,892,636,961,867,739,928,62,421,681,942,559,174,78,387,319,138,456
261,87,222,580,323,326,515,445,638,16,62,226,798,348,765,56,943,533,672,791,762,548,618
151,801,792,969,142,947,765,676,338,62,0,642,588,16,402,269,649,738,243,880,921,558,87
16,305,303,568,166,62,300,646,207,49,892,81,955,78,508,164,795,185,704,323,326,281,266
819,629,289,348,931,947,269,716,789,872,233,32,56,695,618,222,143,492,797,419,979,922,142
14,62,418,246,838,732,523,810,492,153,588,668,703,81,287,723,552,326,384,118,634,412,411
142,81,78,761,62,889,9,980,329,141,956,326,354,410,853,14,0,573,16,939,542,447,233
396,835,203,957,889,62,579,142,45,457,504,168,681,932,87,703,870,756,814,973,222,776,682
648,142,943,62,453,164,77,223,523,558,330,323,870,32,756,392,442,983,21,397,16,801,180
550,182,703,614,226,142,323,756,165,79,814,268,643,339,174,457,222,693,62,813,375,983,21
658,634,615,62,16,131,362,706,323,371,222,233,165,133,533,854,451,776,733,232,261,110,0
409,810,889,340,300,136,645,895,6,238,1,142,62,875,892,708,809,792,502,653,376,277,898
785,222,144,872,556,142,514,34,838,324,89,501,62,264,300,756,453,970,152,914,83,0,93
982,696,10,733,579,326,38,562,325,323,655,906,62,447,691,889,2,475,937,711,700,81,16
325,818,600,746,942,298,173,174,556,409,146,142,243,447,620,673,522,504,305,123,10,315,286
341,428,62,833,378,245,652,482,300,490,323,269,376,764,326,476,204,445,695,813,16,606,676
533,414,184,142,62,279,466,821,154,222,495,733,326,807,399,756,322,405,0,269,433,38,571
318,787,142,33,323,445,907,662,718,222,569,951,138,19,91,409,378,652,968,864,495,756,696
715,765,269,222,826,467,615,326,636,833,87,142,756,231,413,947,821,977,56,668,229,626,21
889,684,506,281,919,885,542,927,979,756,142,62,883,329,459,813,797,864,84,796,834,392,16
495,222,392,514,643,733,62,406,480,831,457,552,782,889,142,159,83,40,285,804,226,161,323
648,842,33,165,445,273,565,16,41,892,143,81,700,205,191,144,87,868,875,757,480,627,158
305,900,746,62,302,323,396,898,142,770,899,144,533,495,101,800,752,678,938,645,682,892,924
62,242,345,786,20,931,761,438,142,384,668,378,790,89,779,640,979,358,165,8,982,222,684
329,289,222,452,492,686,909,291,647,498,821,967,62,889,955,451,332,779,790,144,810,227,756
634,845,2,222,165,813,792,645,302,146,207,56,135,142,618,857,220,881,81,892,854,353,364
19,269,81,165,482,881,839,88,761,907,62,338,420,144,222,132,56,142,813,808,392,810,559
65,889,62,579,386,810,382,290,142,108,482,154,32,745,146,207,57,74,533,875,422,453,319
544,643,142,585,224,535,942,566,615,570,31,93,285,656,680,59,723,326,693,192,937,255,287
621,952,62,792,533,61,795,687,652,772,864,480,680,91,118,380,44,813,777,743,457,72,10
164,245,633,565,323,970,783,62,695,170,881,144,483,585,407,850,300,931,645,351,550,441,837
569,586,392,451,791,345,539,62,142,326,445,783,970,889,927,282,684,601,639,810,895,324,482
142,84,189,482,445,253,424,16,548,165,685,173,924,35,140,602,14,761,470,462,62,649,378
871,769,61,62,92,52,50,468,678,618,686,669,695,548,323,480,889,16,142,287,564,897,207
142,875,220,56,16,478,790,652,317,328,772,507,247,165,606,296,373,151,810,508,62,77,820
142,222,797,952,924,295,266,78,141,714,267,165,445,537,133,326,641,612,877,963,62,241,781
445,482,588,142,267,164,825,957,62,323,585,180,830,360,949,92,207,16,963,558,638,480,521
269,952,533,864,16,323,779,491,445,681,798,68,960,326,851,886,890,641,142,918,756,20,742
345,943,537,912,62,960,144,461,503,514,217,330,810,795,983,332,779,16,889,599,740,756,967
16,910,258,533,361,10,808,475,409,198,58,121,445,845,472,889,62,207,8,738,892,748,552
756,62,451,458,433,466,480,348,875,41,151,950,732,377,402,955,174,512,308,144,892,889,161
514,62,492,482,982,26,918,581,222,142,375,813,21,100,80,452,752,726,276,14,761,1,16
142,508,62,480,801,813,38,672,177,323,91,747,30,451,422,256,783,655,889,786,703,16,240
546,962,260,87,889,480,643,466,747,74,16,369,326,44,287,596,110,983,444,727,473,946,552
278,879,703,854,436,821,142,848,136,605,909,44,772,581,422,344,269,285,552,385,62,797,472
639,482,710,445,160,56,165,838,905,859,872,122,62,954,596,891,376,127,781,428,10,491,869
318,588,409,746,142,913,889,706,661,680,779,166,60,968,62,876,952,703,922,581,548,269,266
790,323,142,874,326,681,549,983,836,668,875,295,542,100,613,305,14,332,947,13,109,573,977
521,821,695,759,466,376,461,329,207,752,495,889,269,100,514,245,482,816,318,751,341,960,142
581,462,781,585,615,460,433,596,142,468,62,762,370,16,300,296,58,321,699,514,660,234,257
68,231,695,785,761,665,544,62,810,261,161,269,652,165,779,33,299,508,551,277,918,142,445
762,222,947,777,204,924,415,568,5,617,52,961,792,484,83,375,430,514,142,298,50,269,323
139,269,644,744,889,950,66,155,810,808,750,103,193,892,643,550,480,157,142,146,324,875,440
222,578,398,834,79,873,798,248,514,311,592,919,756,101,296,334,803,438,214,686,177,643,114
447,79,195,779,475,101,681,892,445,636,335,495,387,235,837,979,81,482,152,119,915,75,834
791,514,509,291,537,789,223,451,323,165,746,159,10,259,142,174,149,395,405,287,16,475,457
812,765,345,197,721,44,480,142,521,634,32,62,804,273,657,693,222,606,935,825,639,73,628
47,441,695,810,635,445,779,222,142,815,211,91,581,976,62,595,273,144,447,864,557,606,825
875,623,261,747,62,756,738,943,695,640,165,905,895,279,766,929,295,666,658,932,880,491,977
222,480,142,409,821,813,165,618,732,523,68,585,771,44,37,375,103,62,69,977,452,98,885
645,142,629,165,569,626,790,480,942,813,196,406,62,908,218,23,14,0,323,821,131,903,709
598,810,62,142,57,514,830,86,756,526,892,751,615,392,495,0,501,16,709,269,521,300,644
934,16,779,821,546,157,926,979,514,440,267,194,744,853,516,142,211,482,501,62,92,748,411
172,223,295,133,251,56,542,552,955,27,142,405,78,0,270,889,198,858,937,641,746,329,147
468,174,983,144,975,81,699,733,418,636,142,587,495,62,549,605,324,376,182,727,326,424,585
829,208,62,426,786,204,269,875,150,780,383,581,142,348,881,173,509,684,524,648,518,78,222
639,949,480,538,637,326,627,155,892,33,738,16,596,261,552,250,447,30,792,638,865,604,222
16,546,779,672,345,222,257,62,876,142,979,491,881,326,91,152,793,374,480,843,15,668,669
269,114,142,376,924,468,776,695,427,56,946,334,682,628,780,719,245,14,212,668,160,579,968
802,615,558,79,730,142,257,810,907,853,779,20,396,932,331,480,892,329,643,789,301,935,983
648,205,892,142,650,155,238,16,813,24,218,62,339,282,269,53,882,851,695,8,81,480,947
142,592,188,62,33,546,441,122,165,409,144,222,384,295,668,682,606,589,680,276,507,480,177
142,222,170,634,159,668,545,871,152,541,335,256,62,14,146,617,785,16,676,930,281,482,797
569,406,58,142,590,38,2,781,222,558,762,606,268,323,146,50,183,12,105,570,269,59,295
875,756,32,449,133,588,675,135,950,62,754,881,970,643,918,447,222,142,81,482,407,615,779
643,790,514,87,440,480,841,123,225,409,559,756,142,405,797,332,652,40,109,775,369,832,432
62,154,68,445,533,225,16,406,559,681,87,142,472,132,874,810,323,20,182,368,329,516,241
269,567,570,810,432,142,835,167,16,305,741,875,776,533,431,15,636,532,308,682,628,889,23
943,831,401,142,480,889,775,531,960,299,526,62,217,91,372,56,65,185,269,478,295,0,918
775,324,650,216,345,730,978,956,618,179,197,892,515,865,319,323,857,669,928,533,41,947,300
428,226,142,668,62,634,269,326,981,360,300,638,281,684,430,756,548,486,931,165,854,202,821
326,24,116,687,977,495,942,709,300,241,680,738,507,628,323,407,514,247,636,537,62,581,482
62,693,194,837,457,376,875,756,346,865,785,652,889,266,375,882,515,813,237,936,324,155,444
323,779,62,482,269,163,222,638,350,0,158,955,91,872,304,969,81,627,643,333,260,256,142
832,91,687,165,482,977,813,688,323,949,348,8,747,142,269,762,333,829,472,845,779,379,56
665,756,33,581,267,79,785,859,666,52,795,378,695,813,810,108,854,62,907,91,142,247,634
311,142,323,802,330,9,273,445,482,667,405,324,16,779,970,649,92,508,806,643,451,837,666
929,480,587,16,810,213,645,889,165,142,728,118,733,482,322,15,779,613,495,62,813,548,415
312,86,326,79,723,222,344,932,779,668,695,174,715,682,907,416,684,571,943,754,19,268,16
581,533,187,142,668,170,447,646,889,108,711,876,165,703,62,503,627,843,602,323,222,56,779
482,645,929,45,378,56,515,62,911,142,970,158,924,498,927,813,441,118,602,634,853,780,785
982,146,255,943,81,514,482,244,726,413,697,865,367,649,64,660,918,326,914,748,695,575,878
222,855,86,832,323,690,645,516,62,864,118,935,886,889,357,979,278,114,879,514,821,492,548
41,797,684,33,142,323,624,776,739,572,646,641,156,810,821,548,533,756,8,62,369,963,281
790,212,62,482,142,649,326,562,813,480,323,362,10,781,581,144,146,889,150,155,777,501,983
634,357,706,445,565,14,790,133,623,662,302,245,87,779,480,127,323,146,452,317,695,457,326
281,894,881,29,338,699,482,453,323,926,633,578,648,253,324,846,142,934,692,892,782,516,248
464,279,821,480,202,865,293,222,410,142,810,197,296,56,172,559,432,204,146,628,889,256,29
269,682,79,482,440,670,291,16,695,318,740,839,252,329,222,142,56,838,93,279,870,762,569
149,808,372,653,619,118,92,973,695,889,946,439,379,756,269,549,818,401,826,326,62,723,722
480,222,535,323,142,756,304,681,16,79,62,231,382,495,269,889,662,186,428,18,968,442,445
142,241,585,88,495,491,339,62,618,165,445,754,198,222,323,695,16,409,74,515,180,939,645
875,183,810,323,121,260,785,369,110,142,222,870,198,25,699,445,91,34,250,375,73,482,16
906,837,345,145,324,120,142,269,441,267,809,921,128,62,853,877,484,358,457,748,240,848,501
62,813,323,269,911,808,142,880,871,797,56,240,222,445,102,772,527,929,508,50,882,551,70
174,813,15,291,612,414,622,89,266,438,556,728,146,326,62,752,574,26,956,785,695,810,451
409,509,326,711,335,146,955,56,634,315,605,62,368,820,703,445,928,903,165,269,475,478,142
98,84,142,792,746,482,889,646,87,668,449,756,457,197,729,781,952,57,62,56,920,669,619
779,350,790,746,154,409,983,821,514,896,358,62,889,813,606,392,892,440,410,549,73,968,142
238,145,533,522,550,634,27,162,776,207,433,0,967,569,142,668,875,291,756,62,885,423,575
917,756,730,269,282,789,62,813,344,307,346,699,165,475,65,326,345,542,464,864,241,918,953
312,323,952,937,119,501,340,765,62,813,859,142,579,920,187,263,95,613,482,794,442,176,243
354,218,889,668,612,813,457,346,62,142,222,451,131,33,487,26,424,174,890,772,568,801,118
16,695,881,794,487,807,966,235,486,795,222,142,716,525,280,482,62,519,431,370,708,789,854
294,593,440,311,146,492,756,55,269,834,422,634,553,0,23,865,738,16,521,638,415,488,375
850,931,889,0,142,886,14,422,513,203,533,16,55,117,503,405,409,552,326,323,312,790,814
326,323,62,248,608,874,58,222,292,142,33,761,668,700,364,473,612,810,16,277,845,203,76
53,772,307,641,813,173,209,746,174,142,940,632,623,180,122,780,814,821,752,326,977,222,424
69,142,52,349,485,632,370,810,608,695,62,548,756,445,197,518,516,645,715,114,205,966,475
163,346,445,62,128,323,142,309,65,684,931,860,175,106,64,144,639,87,16,341,785,738,557
452,62,87,772,837,704,323,0,17,445,16,655,43,514,281,809,194,142,361,718,247,409,708
797,297,639,255,305,10,79,62,120,942,142,618,300,751,882,194,179,544,16,58,14,760,668
16,152,824,676,62,240,144,260,65,907,124,580,197,703,641,515,348,447,732,929,813,612,142
634,409,142,573,235,138,16,342,92,56,276,616,563,115,293,730,898,928,165,269,889,273,87
842,646,261,756,492,323,516,803,62,772,571,959,909,276,816,335,269,142,445,693,465,326,889
142,62,541,952,656,101,574,533,34,889,527,182,195,983,197,705,153,585,348,56,810,133,151
970,412,447,335,445,889,767,895,947,501,38,790,56,326,260,695,142,752,44,703,374,972,409
812,120,480,298,521,457,142,16,765,699,585,62,217,329,57,687,952,615,326,619,342,810,332
409,453,269,969,219,71,155,90,645,248,53,641,339,62,895,911,165,342,523,822,656,345,305
62,768,559,904,310,877,797,44,142,808,340,375,907,378,109,533,79,318,536,87,647,195,144
702,924,142,480,533,660,170,492,273,62,16,165,46,291,482,681,39,361,377,326,898,197,959
354,127,257,62,499,845,838,693,889,779,970,810,688,961,603,483,745,338,318,445,615,413,803
710,643,451,404,445,641,174,411,712,843,947,222,16,241,779,207,323,793,457,92,87,266,475
763,451,881,283,580,16,668,56,142,937,192,329,343,326,130,499,588,445,379,146,390,333,670
551,62,791,781,326,55,634,620,294,628,813,772,548,649,703,142,291,87,680,751,428,83,202
653,62,559,269,326,323,131,979,41,496,721,565,892,396,756,19,480,695,858,241,549,882,532
62,523,203,326,845,92,252,14,475,37,440,165,609,615,632,248,405,472,514,454,785,482,728
756,810,277,870,926,440,890,984,415,806,146,142,809,16,62,533,514,919,457,326,624,195,668
715,521,249,515,860,326,854,889,179,832,62,958,634,116,145,81,810,756,222,457,294,489,977
810,242,668,889,970,353,171,744,0,311,207,404,517,887,16,516,142,78,389,190,495,445,746
686,378,21,309,79,62,779,523,862,559,146,809,300,269,142,316,785,767,242,568,508,412,241
756,942,365,829,265,405,892,967,696,482,419,323,16,393,222,26,907,425,763,665,157,589,260
215,218,62,445,146,360,168,142,466,338,38,648,116,390,421,229,261,956,482,978,822,479,941
345,719,142,892,76,602,765,323,376,695,869,770,614,46,661,969,871,245,480,457,35,16,889
170,819,482,915,317,486,484,62,303,311,142,144,750,447,439,33,767,212,16,397,779,94,842
58,15,962,356,947,326,406,254,62,165,418,42,702,756,16,965,480,910,142,315,90,732,864
432,645,935,445,849,482,231,23,948,533,10,301,16,62,419,440,115,83,142,475,326,889,544
516,889,14,56,482,326,323,795,864,142,943,920,354,58,681,568,350,983,382,673,947,787,297
270,222,165,810,269,237,458,354,947,849,821,204,861,169,879,813,492,287,791,128,174,411,69
269,889,405,316,309,761,837,668,480,142,773,609,0,615,16,87,335,874,553,95,907,226,342
949,7,269,62,568,756,447,248,289,909,983,860,813,409,15,296,386,650,68,392,203,132,445
979,142,645,756,53,773,468,384,868,487,44,918,834,712,919,62,733,810,445,315,131,841,87
588,643,620,62,592,837,108,777,461,971,198,889,810,291,915,142,66,454,897,624,3,56,269
521,388,142,756,757,62,634,445,121,889,813,931,87,742,588,208,746,703,269,844,259,828,514
451,88,809,223,269,480,23,56,786,577,330,0,597,142,892,875,568,323,918,824,62,243,620
450,925,756,526,16,265,388,747,612,142,393,862,603,918,474,221,144,546,161,327,38,494,905
416,969,767,546,326,295,448,452,323,207,439,649,311,770,97,222,572,267,16,881,581,489,732
151,62,983,748,261,132,617,177,692,38,732,142,523,424,661,546,410,323,598,23,681,415,83
256,62,848,695,146,38,585,385,587,157,87,261,979,21,120,480,899,44,68,501,933,499,854
300,457,16,533,646,83,752,338,794,326,79,269,405,813,589,209,142,820,409,632,480,39,568
142,365,445,345,793,79,797,78,62,241,653,323,709,961,300,834,48,523,56,21,881,860,809
480,578,482,889,895,241,103,695,340,532,518,207,188,81,960,323,970,810,876,514,581,744,338
142,144,261,118,552,405,593,525,983,445,810,0,295,677,62,630,832,341,234,756,472,480,222
482,917,142,261,165,375,889,59,909,234,950,611,364,559,646,139,854,62,859,756,926,451,558
853,335,815,226,480,269,358,89,551,789,689,979,62,778,824,742,142,188,295,250,448,938,160
791,16,62,482,505,551,222,907,196,111,515,654,662,142,891,889,260,21,269,56,445,691,241
167,475,24,62,982,288,445,191,160,750,459,326,45,597,480,16,222,659,645,892,638,464,234
791,62,269,366,514,155,569,146,142,300,584,445,428,12,681,279,779,765,648,639,202,581,333
165,889,600,913,773,765,142,318,891,477,695,215,523,528,62,832,56,106,378,445,0,935,613
326,533,909,407,850,730,142,831,165,319,889,296,682,917,448,954,892,203,654,813,62,81,728
404,727,892,433,62,351,848,142,689,515,821,795,37,53,697,813,269,424,605,960,159,772,392
330,797,378,696,779,299,895,326,335,983,62,16,412,539,646,295,279,247,317,923,323,615,232
902,146,687,222,16,970,889,790,269,333,955,62,411,108,482,202,821,520,571,637,537,326,875
597,552,783,0,977,895,629,665,16,791,133,703,732,907,284,165,797,5,932,237,837,550,295
144,222,384,797,194,323,57,142,689,813,640,291,48,495,898,789,492,499,891,402,118,340,62
91,936,756,154,781,600,684,142,389,25,646,291,889,187,911,864,234,577,3,696,46,813,875
16,269,482,62,515,142,213,326,282,765,713,87,973,480,856,581,883,551,533,634,728,10,355
765,511,817,537,154,558,56,160,779,943,484,351,983,680,889,165,273,222,92,728,62,142,323
591,332,728,674,354,618,960,62,95,269,751,645,16,339,913,142,447,857,203,79,410,147,813
95,533,142,699,653,287,424,797,769,212,468,501,120,684,955,447,222,62,936,218,889,786,143
783,652,222,16,792,118,938,439,50,315,445,446,480,565,62,295,447,387,648,561,689,157,165
684,142,340,778,222,795,765,79,935,626,585,118,779,240,165,335,466,983,853,756,892,786,154
792,62,409,730,16,269,550,323,487,56,433,445,975,947,852,338,537,779,765,142,144,628,834
552,482,357,412,300,184,222,62,533,970,189,16,269,142,93,814,846,374,898,889,260,144,615
91,79,882,573,429,791,318,142,842,141,782,135,813,907,118,332,62,269,892,746,89,799,596
62,230,218,42,91,918,282,733,332,186,786,501,743,785,947,441,971,757,240,756,633,921,317
414,16,889,810,668,954,516,46,332,305,326,323,86,662,764,144,345,478,135,695,790,646,453
627,269,282,279,889,697,307,161,62,319,776,908,326,676,569,447,154,295,165,684,374,87,588
761,62,156,165,813,204,756,467,645,956,906,16,269,89,815,483,615,881,142,725,839,728,411
972,323,668,174,574,482,938,645,857,963,273,190,335,613,746,382,62,892,142,161,269,703,875
918,477,390,326,948,405,269,813,491,665,56,222,16,768,225,323,168,165,865,756,501,421,354
56,672,16,300,222,17,217,552,269,921,52,165,955,482,146,62,326,297,796,285,261,447,296
889,62,876,283,947,857,766,905,542,977,142,790,146,10,59,296,684,550,172,785,465,783,222
74,940,468,568,891,756,62,759,531,480,615,198,892,140,889,324,546,604,979,375,165,142,517
668,864,62,482,565,300,666,809,257,142,634,892,205,392,375,16,837,897,626,836,194,278,44
636,62,955,767,287,184,445,531,269,142,222,79,358,115,91,29,410,648,151,889,74,214,909
146,442,175,180,163,684,480,923,160,307,651,142,820,62,708,638,885,756,281,447,969,875,748
457,4,145,76,403,695,368,165,684,573,190,142,480,957,813,32,903,492,62,654,587,743,222
873,210,26,328,822,87,889,254,358,144,374,165,684,482,142,207,408,16,357,323,89,632,806
478,142,831,100,581,330,585,72,296,166,447,814,410,222,795,813,977,729,267,74,62,821,87
869,871,16,180,695,56,442,929,38,810,955,142,723,468,792,191,421,323,850,338,748,261,684
482,898,571,142,875,592,177,813,782,287,62,209,784,73,475,581,486,523,331,56,91,44,909
62,128,196,925,542,408,957,256,346,765,959,728,682,414,269,655,536,137,478,772,93,666,492
892,292,405,779,657,801,756,943,596,142,222,69,810,326,703,681,660,165,282,482,56,889,659
56,444,779,247,636,482,756,142,222,197,473,763,291,875,357,700,864,16,447,724,452,889,790
326,756,550,406,56,274,377,283,445,654,762,120,472,142,879,943,62,924,453,271,16,571,434
62,785,212,779,165,98,421,715,758,515,929,810,552,146,445,142,335,333,764,889,606,194,253
717,871,135,794,142,3,99,40,480,433,810,295,180,515,775,569,651,326,740,208,889,39,466
190,237,193,581,646,384,979,886,409,730,84,550,638,578,707,837,50,62,142,983,161,144,222
421,566,165,142,222,634,10,668,62,492,100,207,651,106,503,638,596,137,445,834,817,235,805
170,756,300,682,61,34,118,142,269,813,703,16,859,845,488,695,907,492,222,411,786,581,744
290,142,937,73,6,269,99,970,175,240,813,753,810,595,305,146,355,875,908,133,586,87,207
921,174,412,165,375,514,33,756,712,87,716,974,443,479,699,628,946,482,666,192,839,276,779
378,216,433,983,323,746,269,445,16,977,142,348,133,620,554,409,763,62,885,638,4,67,881
728,783,326,338,482,332,296,7,142,695,96,421,20,790,511,820,634,124,203,323,756,566,62
548,340,572,269,523,853,144,821,142,62,326,562,883,4,720,21,457,166,314,68,89,16,165
323,259,222,62,889,907,910,223,681,804,269,375,506,482,243,790,406,330,414,359,299,791,475
222,317,944,495,724,765,695,779,281,568,44,142,963,728,764,154,710,705,792,797,338,862,837
424,943,889,62,744,349,166,808,841,81,98,935,668,581,453,282,84,929,151,813,304,663,108
456,256,62,142,295,155,810,925,222,689,308,492,597,864,372,837,851,375,205,428,829,145,269
87,62,142,209,422,668,702,451,38,79,864,297,492,620,335,972,58,9,768,56,41,952,954
41,260,521,973,201,628,756,889,769,142,440,512,591,792,480,91,676,25,581,422,942,457,938
91,379,482,392,775,478,406,849,480,118,944,431,168,744,634,841,606,120,681,728,581,954,390
475,752,975,892,23,81,889,734,514,765,15,309,279,445,943,269,72,323,142,16,133,62,385
706,297,16,566,236,620,68,729,369,283,329,56,341,813,257,889,864,326,62,151,168,142,638
295,638,615,300,302,62,695,618,8,358,16,326,48,496,803,286,977,142,864,889,296,872,606
868,570,548,88,335,291,325,892,968,659,98,423,326,56,627,460,874,668,779,482,135,213,810
546,480,445,120,429,326,189,161,87,56,680,501,167,324,269,222,276,785,895,688,943,548,425
514,91,76,475,806,681,837,804,889,426,480,821,835,308,661,142,581,810,179,329,146,126,792
279,235,839,44,269,592,62,165,777,142,636,889,569,74,668,56,21,348,571,573,134,180,641
797,98,62,142,3,620,492,792,329,802,912,118,146,475,16,428,7,10,788,791,605,81,667
983,353,727,186,756,762,150,813,695,963,565,551,62,480,445,291,222,300,24,698,28,32,70
684,982,806,142,678,675,62,776,277,813,972,73,52,963,468,592,326,581,21,198,338,854,461
18,213,810,955,165,906,708,791,480,472,960,174,908,551,501,565,16,795,300,332,729,919,492
269,165,900,514,282,275,62,689,546,445,779,248,120,492,260,387,153,433,703,87,16,444,303
326,203,0,692,14,62,84,323,135,756,142,91,457,889,929,557,222,245,796,728,194,39,89
470,937,16,915,139,852,445,194,142,222,240,620,666,345,245,451,480,890,311,514,269,878,163
269,62,20,674,360,326,466,877,475,482,634,756,165,33,374,622,837,703,852,797,748,309,87
166,781,405,155,585,775,16,160,576,165,62,384,142,495,424,526,476,445,337,813,954,319,379
960,943,54,118,133,756,606,142,963,146,562,858,957,656,954,81,339,445,826,416,305,324,222
517,287,378,16,269,81,756,62,196,776,142,691,391,259,482,387,141,929,909,558,432,472,467
433,56,142,269,950,52,983,62,165,957,810,639,646,514,660,780,581,958,75,323,161,400,889
756,583,799,571,136,738,234,881,326,911,165,62,480,728,409,73,410,573,512,581,708,155,142
652,695,955,62,61,297,240,619,821,39,413,91,983,440,0,634,81,778,282,931,142,896,428
467,821,839,62,142,908,40,34,654,782,253,65,612,165,16,984,865,809,882,706,173,921,445
142,16,488,921,56,90,260,194,728,240,62,881,598,207,513,302,482,786,888,821,496,405,871
62,889,697,447,478,596,409,142,182,326,909,297,466,695,765,821,943,438,952,33,196,217,74
369,480,278,323,117,445,363,892,755,556,87,268,648,23,96,99,428,591,586,155,142,235,740
756,142,621,775,453,326,50,440,433,323,648,810,513,406,431,146,62,457,889,134,68,905,222
146,120,558,478,943,165,703,52,466,573,364,881,158,918,649,467,62,650,949,142,261,492,441
618,91,377,906,579,337,165,417,100,762,294,142,813,832,341,651,245,514,370,293,523,482,62
594,723,142,475,502,963,62,695,272,269,813,451,567,756,173,668,809,550,832,810,241,146,384
62,315,337,890,486,413,608,748,613,424,833,142,642,502,329,214,641,291,943,957,804,294,657
710,292,613,260,235,892,305,886,596,53,62,240,142,756,91,109,87,979,167,791,954,165,695
151,797,779,287,807,245,695,451,705,482,146,235,813,854,960,142,533,38,646,445,35,396,643
695,269,445,864,62,810,429,550,384,790,279,440,815,165,682,475,142,99,287,909,718,889,587
807,142,379,795,529,810,375,194,165,62,38,326,230,790,219,99,56,143,643,445,294,16,649
918,44,62,515,294,954,139,695,842,952,779,864,559,728,315,27,42,756,783,808,76,828,45
786,74,62,892,326,620,499,392,269,222,468,539,345,646,495,291,10,592,370,43,943,146,514
610,668,482,83,472,860,411,144,864,460,492,983,548,480,416,810,150,86,724,571,79,549,889
7,579,0,943,117,222,421,829,918,979,739,62,205,618,451,95,487,50,332,406,61,633,439
112,554,703,676,326,62,558,222,480,87,282,764,813,744,576,954,0,441,323,48,146,646,142
165,907,422,810,269,943,924,681,166,785,250,588,606,421,120,26,142,296,170,502,890,261,779
165,633,276,509,554,772,174,50,16,661,643,514,581,377,624,336,445,691,910,892,31,62,929
40,140,62,245,222,864,963,759,900,955,310,135,523,142,372,703,447,274,291,944,786,285,21
492,364,944,142,889,511,680,90,808,73,480,409,824,810,279,0,813,91,639,79,256,482,655
385,151,62,650,628,768,583,938,816,528,266,753,26,142,756,165,979,291,447,16,405,438,790
806,151,927,81,146,970,516,920,17,810,323,319,292,776,959,16,602,523,648,196,335,492,271
834,522,752,757,581,56,854,142,770,146,970,413,615,311,76,845,383,52,765,68,676,890,16
390,882,59,445,889,914,756,374,152,287,533,14,668,172,63,189,446,87,394,55,62,301,56
256,127,457,241,713,710,269,889,62,142,176,438,323,802,161,533,222,668,645,639,354,56,451
638,695,445,62,618,648,810,297,790,480,905,142,943,854,56,452,53,548,251,779,240,583,323
552,909,81,261,326,976,550,360,575,142,62,813,108,482,765,673,695,216,32,174,222,490,281
511,128,142,585,495,406,668,267,909,7,462,165,522,155,16,634,746,428,875,306,447,645,179
937,648,233,913,889,774,326,479,338,521,344,977,681,464,68,350,478,291,407,440,222,269,810
565,485,319,142,695,748,641,254,345,144,923,0,16,424,222,535,956,628,84,596,889,252,280
850,634,142,16,410,441,475,821,146,83,937,62,914,854,702,813,392,646,680,701,480,165,0
329,467,654,795,64,106,282,261,295,875,895,62,566,751,417,137,589,446,385,983,707,550,109
326,141,153,142,214,482,62,762,548,950,81,447,934,692,699,756,353,655,890,932,733,466,24
16,308,668,937,142,749,918,712,404,743,161,480,56,738,457,138,441,133,62,472,482,218,165
779,445,142,7,813,889,175,523,969,62,33,326,676,810,150,480,816,87,333,703,392,442,678
62,27,428,571,837,549,889,515,757,457,839,691,765,851,482,853,720,295,452,937,86,645,165
746,810,295,445,790,269,294,62,835,600,711,579,277,548,319,266,453,118,818,889,245,659,323
905,1,332,143,222,326,483,658,889,16,294,170,569,934,679,240,345,322,756,895,885,926,813
876,700,959,142,204,269,638,827,681,834,805,689,963,260,23,340,639,441,60,889,146,440,854
433,723,571,326,853,87,733,890,889,581,485,810,100,159,220,295,377,612,538,447,82,332,345
889,132,746,719,264,222,248,779,62,200,146,55,73,794,969,479,924,797,586,698,967,433,348
62,387,829,977,16,384,581,468,446,52,873,983,681,142,951,891,269,482,889,665,813,641,445
62,269,375,700,155,215,632,462,573,177,8,346,875,606,142,645,854,810,385,970,889,460,813
627,864,673,102,569,634,502,240,889,769,307,668,522,756,615,746,165,62,480,84,533,238,47
736,810,73,546,580,165,0,142,821,629,62,19,585,699,74,136,752,889,269,339,871,44,424
693,938,850,875,87,171,296,62,643,389,142,541,668,747,977,577,801,879,533,345,302,670,756
155,142,5,14,106,81,792,643,795,564,144,159,52,62,250,281,790,282,294,16,618,970,482
222,813,681,921,173,480,881,246,726,590,203,135,16,581,323,278,760,89,666,3,333,457,642
597,62,283,783,828,16,326,245,808,295,943,466,410,730,977,728,516,353,756,833,142,165,32
756,62,440,231,44,68,475,977,797,638,16,533,83,983,727,482,867,864,89,165,472,240,341
886,44,937,16,913,421,700,62,269,606,78,885,339,142,627,756,381,293,963,544,821,645,144
725,269,278,324,756,680,142,326,943,681,404,442,445,175,813,217,457,396,668,804,341,684,144
639,480,326,222,445,482,692,538,424,983,889,330,809,44,142,287,533,674,497,618,970,295,333
420,588,326,283,710,581,142,662,846,445,687,756,810,17,984,79,642,465,885,32,655,96,345
691,810,482,74,41,875,693,703,643,571,537,480,408,457,222,300,615,845,797,937,982,596,62
322,165,445,441,560,326,300,122,790,475,837,523,325,638,684,142,144,384,168,918,444,890,823
146,181,822,804,222,248,485,91,16,809,322,973,650,533,548,821,746,909,142,409,930,468,732
197,392,674,495,825,142,661,475,984,348,458,810,479,37,62,923,971,592,49,822,10,269,65
883,323,810,445,118,20,222,501,142,269,546,305,909,419,256,889,928,562,630,659,552,221,245
62,716,492,133,891,287,419,652,810,326,494,191,918,447,439,16,302,142,909,165,648,1,916
476,765,75,480,892,982,181,142,773,983,977,670,753,810,62,13,132,875,1,184,222,909,474
88,366,222,62,570,612,295,178,482,695,142,207,506,748,176,408,753,478,212,445,823,78,588
83,255,98,88,269,460,480,618,155,38,792,437,11,407,326,273,970,955,654,62,438,10,165
482,144,475,217,287,929,248,111,783,142,269,151,62,384,291,756,618,332,124,66,595,741,925
16,832,0,858,314,871,79,889,62,748,489,593,470,756,409,2,165,942,133,411,56,475,742
62,324,889,23,918,816,834,142,974,32,656,222,619,643,390,668,900,328,339,99,550,378,696
935,16,269,894,687,458,482,581,977,645,385,469,480,801,132,654,956,41,356,165,62,438,45
120,762,324,245,542,509,326,445,103,955,587,23,273,301,900,495,38,56,182,62,81,240,354
703,475,272,405,324,889,254,482,326,441,836,832,151,135,890,746,142,462,596,378,845,283,904
813,964,764,480,870,853,32,323,533,414,756,777,839,256,628,146,677,730,969,516,62,802,16
89,483,203,482,16,813,302,889,768,782,979,40,780,142,62,516,326,38,234,20,385,960,560
261,62,101,187,16,270,864,770,602,324,853,457,480,938,142,323,116,982,31,598,843,91,817
90,924,326,509,300,58,197,751,294,126,468,542,367,688,225,533,16,115,222,321,375,184,879
16,142,902,756,54,113,810,979,577,913,478,748,779,62,338,926,384,813,101,669,245,711,222
409,814,83,868,146,759,315,142,243,62,392,473,324,853,820,516,620,692,84,452,466,684,843
548,915,74,142,62,430,547,457,24,756,810,294,99,323,579,813,552,73,26,707,922,983,418
779,813,62,56,405,149,854,582,323,184,705,733,482,635,370,909,686,477,240,295,949,225,747
676,977,810,142,340,636,588,9,222,62,210,269,482,328,652,727,703,74,89,390,923,714,231
336,269,795,583,283,928,62,695,332,672,222,412,808,333,825,645,163,889,791,692,523,977,165
222,492,347,335,783,892,645,142,762,756,909,918,872,62,746,868,810,68,588,261,559,311,326
889,821,304,151,62,892,810,155,486,756,268,222,323,70,558,514,628,915,762,790,293,618,441
150,250,927,1,677,865,386,323,480,533,536,821,211,98,769,326,474,939,62,615,269,409,197
87,468,983,142,938,813,241,0,627,814,10,326,533,482,16,687,480,445,56,278,184,779,908
883,638,62,551,695,703,151,165,574,579,889,326,881,149,648,56,0,810,684,625,961,447,248
269,299,907,310,514,809,321,781,174,509,445,795,617,810,177,960,151,292,686,62,323,87,931
779,767,15,222,4,533,595,10,859,559,73,323,810,492,166,447,724,409,183,16,315,602,864
514,651,68,358,222,848,770,926,142,56,866,466,559,133,668,269,270,920,301,165,326,10,740
764,165,482,129,62,99,696,813,977,885,142,125,875,54,889,73,109,137,695,668,881,0,584
291,748,179,62,346,581,414,431,78,482,82,756,106,744,810,176,165,418,348,776,820,715,0
809,813,778,266,791,142,447,222,919,23,217,548,832,149,756,577,810,537,480,475,467,507,269
44,709,305,269,62,84,960,571,485,445,821,627,889,354,864,146,546,756,78,703,155,68,892
907,429,142,403,781,62,983,746,248,452,959,323,329,801,581,317,889,369,600,326,667,390,668
316,44,142,118,858,566,323,306,62,222,681,947,983,16,662,480,779,164,979,345,876,413,495
559,326,926,756,551,482,810,657,700,645,870,783,87,247,979,853,975,514,959,813,142,618,699
756,746,581,889,792,56,863,216,482,810,445,68,62,223,492,943,16,9,326,79,869,374,790
604,790,62,740,133,576,155,881,492,146,10,269,144,482,255,876,53,428,165,712,703,68,16
56,142,269,881,335,842,16,840,125,854,457,834,187,62,186,465,813,445,324,231,480,222,889
62,281,903,606,744,0,765,695,146,488,892,81,140,274,824,772,208,593,79,409,145,124,269
340,409,497,480,909,180,392,559,419,378,445,90,416,453,785,62,810,132,748,908,84,56,422
68,666,13,947,975,638,489,478,689,889,523,580,982,345,492,424,106,186,142,347,295,675,445
778,804,385,144,257,298,977,803,813,559,983,785,756,359,779,295,724,810,849,301,50,447,142
603,430,602,222,983,56,533,52,559,20,514,864,378,522,752,830,314,62,938,101,762,854,323
142,62,650,409,665,165,207,482,468,889,730,724,323,188,691,756,260,296,797,56,649,943,106
829,681,445,703,227,718,760,248,670,287,507,543,16,544,653,222,409,756,60,52,874,142,800
643,48,601,142,207,46,559,709,533,980,813,61,245,865,221,45,816,326,118,546,212,62,913
219,892,356,889,825,810,326,142,567,222,323,646,649,357,587,813,966,76,16,501,756,440,860
905,326,56,501,295,165,457,872,337,889,825,214,492,666,260,144,982,93,62,809,157,813,892
62,326,88,142,378,353,541,123,827,828,668,684,16,943,81,567,241,881,680,351,752,880,895
482,644,404,695,146,193,655,552,142,924,893,62,845,184,835,585,762,556,3,892,114,756,40
410,728,526,226,165,501,29,572,791,875,62,515,161,27,293,91,56,887,756,514,179,760,600
744,779,10,201,282,533,440,353,668,482,142,596,809,98,775,16,240,652,222,323,297,269,651
100,0,45,889,495,756,46,661,693,16,638,142,323,256,109,753,946,447,384,206,719,595,879
62,514,411,929,261,756,326,705,165,476,14,87,23,323,269,533,236,97,668,938,958,844,680
649,55,696,728,62,302,93,697,515,377,142,585,323,231,96,255,268,482,558,756,956,43,375
480,917,573,16,810,892,323,597,878,482,662,378,467,659,294,533,446,62,760,248,409,898,593
854,480,79,876,212,468,62,695,523,409,570,165,892,795,196,33,142,222,774,78,269,681,56
812,447,392,60,106,260,323,908,481,480,70,142,829,668,711,838,786,581,700,568,445,56,461
65,889,141,58,323,512,56,564,509,62,728,117,540,596,85,142,587,87,16,883,696,813,392
260,357,980,833,445,126,466,283,566,62,570,638,947,514,695,482,498,522,137,163,889,794,567
482,180,142,55,436,979,720,530,251,62,329,406,165,269,645,690,889,338,468,790,193,977,326
889,44,445,358,585,315,172,260,695,62,341,227,165,598,226,756,748,790,415,809,175,427,462
326,16,786,810,255,59,476,115,860,482,0,851,977,944,276,62,434,378,323,744,334,439,733
311,482,947,222,892,16,165,300,378,875,142,21,427,445,62,571,269,345,772,61,765,581,81
469,331,28,625,345,241,482,839,884,25,222,142,234,62,260,843,582,681,799,713,87,291,3
840,377,889,142,695,272,467,783,708,174,680,114,503,466,16,850,324,977,733,613,813,880,982
648,241,889,970,340,161,406,33,810,106,585,296,447,16,212,409,650,445,549,57,756,952,207
416,696,62,1,151,977,409,122,499,521,56,767,142,495,407,16,697,448,165,596,326,533,581
810,445,16,813,669,377,142,228,917,38,62,824,511,968,783,244,548,23,546,60,821,419,682
265,457,23,559,252,687,269,542,764,224,127,889,482,142,636,576,598,817,472,165,79,433,779
533,797,180,306,700,952,756,142,62,323,625,634,245,615,467,613,102,215,218,928,906,31,170
222,108,482,870,492,696,165,981,62,189,695,573,959,142,837,802,157,269,88,326,56,813,583
975,144,883,849,79,794,325,604,419,68,112,62,392,689,477,37,746,813,406,790,291,536,222
24,672,378,326,762,729,146,470,323,142,289,782,337,62,162,269,246,222,16,773,748,579,350
728,91,669,392,979,881,581,602,323,56,526,445,889,196,412,338,926,81,222,788,859,645,492
379,89,136,326,832,277,142,62,146,930,369,569,0,152,542,925,339,474,748,165,853,210,480
645,931,41,120,142,486,889,514,32,256,983,817,628,672,127,282,974,695,703,892,78,533,832
967,133,955,269,445,45,801,648,922,174,294,792,146,348,114,295,560,280,19,389,209,612,515
756,425,323,645,389,810,947,955,805,407,151,142,494,62,492,265,741,326,523,638,347,675,56
581,790,854,445,197,68,813,668,738,748,589,810,421,62,656,602,219,375,596,326,422,152,142
438,62,929,287,652,699,482,492,289,697,739,595,95,326,957,889,76,724,431,952,588,548,487
983,62,295,168,269,222,891,844,155,87,300,834,733,142,615,865,297,238,287,197,756,323,592
269,565,174,195,451,977,348,739,952,548,449,182,268,252,568,888,863,23,445,16,0,651,62
943,645,875,351,165,517,135,882,971,550,203,142,895,16,809,62,889,447,438,55,340,907,571
323,482,194,294,326,695,166,834,16,267,865,62,222,110,613,681,87,811,569,634,116,702,756
326,16,776,164,943,331,275,786,53,875,784,115,410,41,467,62,321,630,638,819,859,247,645
445,482,706,335,518,886,681,16,657,102,668,689,747,875,870,636,80,190,223,323,118,62,473
182,928,921,690,756,142,491,241,520,796,789,925,930,442,931,804,202,533,523,977,62,247,165
118,756,368,834,386,477,144,180,892,133,779,10,615,260,641,732,589,165,142,28,87,783,970
728,667,62,294,248,243,16,495,473,445,296,695,441,634,299,610,92,152,44,784,881,637,134
482,174,326,212,222,977,947,21,61,56,784,12,790,889,343,142,44,410,957,302,610,161,271
53,163,649,382,499,324,56,586,268,16,20,514,142,157,62,695,567,639,204,168,186,791,29
813,259,92,279,143,74,653,585,577,516,21,548,983,756,381,727,482,16,521,765,189,479,889
594,142,257,451,514,292,951,797,159,820,533,99,684,478,345,730,950,585,699,448,969,4,105
340,410,480,36,62,874,38,560,66,142,17,814,165,466,892,144,295,609,810,222,743,951,333
