428,196,5,8,236,323,66,300,43,1,124,71,148,426
343,94,298,196,297,8,264,386,161,229,316,208,431,244
224,162,236,228,428,161,90,57,237,17,179,151,343,94
111,319,238,369,17,63,162,219,230,109,236,62,405,266
335,237,107,229,316,291,8,259,297,113,72,48,313,196
383,86,404,162,437,346,428,264,94,8,104,174,204,244
176,319,377,43,316,346,147,257,361,246,264,162,227,229
377,396,224,162,109,359,1,86,8,219,343,3,428,332
1,309,168,228,411,319,3,162,236,272,324,398,107,67
228,420,168,265,11,1,26,405,39,297,151,437,224,358
162,17,168,139,202,116,266,43,66,276,44,261,237,228
228,102,411,377,108,246,405,266,394,284,43,343,420,264
264,332,108,343,168,323,34,94,333,228,346,335,385,282
335,16,428,284,343,108,264,407,346,76,111,43,39,360
423,264,135,43,169,8,95,162,30,48,144,431,66,229
86,16,319,9,94,243,151,256,162,8,364,309,111,283
360,437,281,230,66,282,196,404,147,428,343,417,109,51
9,163,437,43,196,158,343,1,162,227,264,233,398,346
213,237,305,266,17,382,217,368,202,407,100,147,116,1
428,9,168,417,264,151,308,8,1,327,243,274,56,375
185,168,1,291,358,412,260,368,23,407,94,360,431,297
79,343,46,437,264,213,167,104,94,8,224,238,162,407
229,264,398,168,144,109,237,150,94,16,69,203,227,8
39,111,23,152,285,346,43,8,264,63,31,203,69,223
437,86,343,8,305,3,9,219,45,94,56,2,246,238
264,62,94,316,8,212,360,120,11,364,66,241,107,109
236,377,11,202,74,266,245,305,149,335,62,54,316,21
94,323,238,358,120,139,11,8,400,237,111,50,403,185
337,108,323,272,257,11,358,297,8,94,316,86,264,217
358,84,307,162,202,9,109,266,346,316,335,318,229,404
147,264,197,213,341,94,376,283,229,313,104,99,17,66
8,359,103,229,313,62,94,145,307,237,168,233,431,404
404,226,319,309,221,40,244,62,282,236,360,94,437,243
8,168,162,238,248,424,309,264,343,299,94,167,185,228
364,335,204,167,108,304,428,8,316,439,269,117,389,228
376,43,161,120,144,272,264,284,94,121,9,437,229,309
155,17,346,62,139,196,1,11,28,104,272,54,319,266
313,283,162,204,265,219,229,370,437,298,213,319,320,243
229,264,86,222,147,343,120,54,83,168,437,199,368,42
238,219,16,17,282,420,335,437,56,94,1,284,57,151
104,224,43,229,86,128,8,144,398,57,272,377,162,235
196,237,377,1,416,313,297,415,283,438,437,358,343,356
324,282,433,227,109,431,368,115,298,9,343,354,204,40
161,48,236,342,47,334,398,125,437,162,62,213,16,243
197,111,147,133,144,47,368,8,162,9,134,346,224,282
37,252,377,38,264,254,298,162,236,94,437,305,335,294
364,86,224,111,94,43,62,202,335,113,309,91,180,308
8,33,169,360,224,313,379,106,238,62,237,211,84,343
368,167,308,72,75,17,324,8,237,94,343,228,335,261
346,3,398,8,407,332,46,284,343,108,54,349,335,9
400,224,67,343,219,11,162,108,246,358,309,264,242,1
228,346,57,428,238,9,404,313,323,43,139,111,236,162
162,43,50,113,297,373,391,309,8,436,431,269,337,407
282,17,40,166,343,264,63,213,113,151,204,187,0,86
413,343,282,169,395,196,368,219,385,76,283,111,272,237
393,309,264,96,237,425,62,8,305,438,38,437,65,134
133,104,343,109,8,182,246,3,298,39,150,94,358,285
364,162,317,229,56,309,164,307,94,236,167,358,226,264
209,56,213,109,120,35,364,319,358,161,236,282,94,410
282,167,343,428,264,151,335,236,109,17,227,398,8,404
94,9,391,17,54,335,298,226,368,3,308,243,264,8
430,246,134,224,99,267,335,309,80,366,323,17,243,71
191,228,431,272,246,265,89,1,235,43,181,202,102,368
437,111,368,155,305,43,219,8,139,93,308,323,0,86
106,431,3,213,229,169,94,243,4,162,405,14,228,343
358,238,213,344,265,284,274,204,187,282,8,56,129,162
9,17,282,120,144,243,162,94,136,273,269,46,86,77
398,204,1,385,94,313,343,284,89,133,201,107,435,312
149,64,224,311,85,213,40,196,246,308,429,266,264,133
272,266,161,196,431,202,368,76,343,219,238,439,264,428
368,227,313,360,428,358,94,228,316,243,8,3,393,202
377,308,22,404,309,17,346,229,96,3,228,405,437,403
297,151,407,66,111,226,162,108,43,398,17,205,109,236
343,428,1,431,147,335,94,114,8,305,415,226,120,332
8,17,282,196,1,9,120,7,133,343,244,437,346,31
108,46,319,219,402,264,40,437,139,120,8,217,162,167
372,226,236,229,57,94,104,191,398,237,264,111,437,39
167,272,358,439,94,109,243,48,187,87,323,43,39,105
264,108,105,162,11,272,120,196,246,62,236,227,223,257
111,196,438,5,309,162,272,394,86,335,278,343,169,236
346,104,94,56,265,437,62,8,120,219,343,34,264,136
94,224,404,120,343,244,246,237,66,360,161,8,39,236
179,94,332,229,346,276,11,329,133,101,161,437,364,204
264,346,305,133,391,202,9,431,437,161,94,42,224,229
343,264,17,364,228,43,377,403,8,274,224,298,209,325
45,265,109,264,3,219,228,162,388,375,304,86,43,17
227,323,161,40,9,183,236,364,298,108,182,198,8,368
94,224,437,436,109,9,43,268,202,407,284,236,111,428
437,381,58,109,313,266,343,261,246,11,392,133,264,339
313,10,69,133,8,350,17,244,219,309,264,377,316,9
343,161,43,57,405,282,416,85,265,308,437,213,226,381
162,272,133,0,8,358,377,39,111,343,109,48,159,58
133,335,346,238,162,407,74,94,228,7,109,149,364,404
436,204,168,17,224,229,272,94,437,237,246,107,197,162
204,237,263,262,8,138,276,313,368,323,238,228,377,163
346,8,428,377,405,94,335,191,86,343,228,81,109,63
309,8,283,343,147,94,335,159,11,346,109,99,404,66
244,66,162,316,272,265,301,404,229,313,246,37,94,307
236,416,308,237,224,202,437,151,8,295,42,86,94,238
368,228,264,222,196,57,295,142,151,108,381,8,271,246
94,43,377,358,202,227,368,229,167,360,391,17,40,76
104,343,337,405,237,169,43,437,17,266,167,59,94,162
104,237,54,243,62,272,94,224,149,246,335,250,305,132
237,42,66,204,323,151,407,264,94,226,229,246,227,313
302,407,107,101,332,244,236,94,224,39,368,195,16,343
237,111,272,305,416,202,364,238,407,243,229,377,282,196
120,368,404,162,9,194,430,17,265,167,1,431,155,272
368,45,151,343,17,237,377,236,120,238,268,213,253,364
296,64,86,419,219,282,319,364,151,229,316,266,17,177
172,437,183,237,128,43,110,16,246,401,238,424,264,39
130,133,297,308,54,368,111,86,9,264,43,343,305,437
104,437,358,398,120,114,226,381,92,377,8,151,238,94
113,57,246,293,43,198,111,9,346,248,167,395,224,387
425,335,54,202,8,94,71,343,309,224,345,89,244,84
68,364,248,431,82,162,264,418,428,196,109,343,8,51
16,109,134,368,437,1,17,309,8,56,346,438,151,306
111,334,335,169,265,199,405,431,94,384,437,257,351,85
264,215,161,169,358,416,62,272,167,266,9,332,377,284
265,86,151,179,398,229,360,309,84,276,31,8,279,304
272,109,24,162,167,168,191,153,437,237,224,94,368,364
169,56,299,196,386,377,343,404,139,213,8,109,323,437
108,38,346,264,316,437,310,111,228,224,8,398,318,368
346,238,343,169,122,151,264,75,57,8,144,246,364,228
332,439,75,23,39,94,57,236,246,256,238,224,371,63
110,265,264,226,263,343,300,398,168,1,368,228,260,305
348,54,315,328,120,169,8,398,16,364,243,319,308,437
183,332,398,377,168,313,343,358,257,174,147,264,366,66
438,18,66,102,266,431,346,139,206,162,348,224,246,361
437,255,316,396,162,17,229,151,390,120,319,168,8,39
272,377,108,229,297,120,313,45,248,214,355,323,335,264
236,32,377,109,343,332,219,102,282,107,22,157,229,8
42,84,39,237,272,282,264,151,323,229,111,226,428,377
82,81,266,284,224,137,347,96,368,272,204,437,161,228
250,202,59,6,120,405,265,229,144,343,108,8,332,64
335,204,8,26,162,246,238,368,266,305,341,364,228,346
11,85,305,144,111,1,228,43,94,162,382,108,120,8
162,231,437,1,39,199,236,9,8,257,408,368,364,133
8,120,364,11,40,343,309,94,275,278,307,243,3,224
177,400,57,158,47,246,94,118,198,117,196,35,437,223
151,236,310,38,398,147,62,409,196,9,1,264,43,368
169,17,335,168,309,431,238,316,404,39,274,11,252,377
120,437,229,222,177,3,57,346,224,428,147,213,265,66
202,8,267,437,368,318,120,377,266,162,229,133,360,237
72,343,17,229,262,407,199,246,237,108,102,162,73,3
224,246,227,308,377,264,16,8,355,162,323,45,343,244
39,107,243,437,133,8,238,236,104,377,308,171,246,206
284,237,107,162,224,36,293,33,27,228,8,394,368,313
94,204,1,167,304,8,161,431,305,330,343,309,229,213
94,238,169,213,291,322,17,181,8,180,343,246,62,341
308,364,108,283,151,66,137,196,57,31,266,265,236,94
368,343,379,8,272,312,407,437,133,229,236,404,89,81
264,43,192,94,17,361,343,405,272,284,16,1,8,260
228,1,380,276,8,229,162,219,204,264,207,9,196,16
162,107,119,161,253,180,316,305,402,392,73,108,343,136
407,16,1,57,224,169,380,422,409,19,167,133,17,379
94,120,330,108,227,236,139,58,308,39,298,229,27,324
343,419,144,282,8,308,332,111,335,62,11,94,319,236
346,1,264,42,219,305,204,437,246,65,9,316,432,108
94,358,253,57,39,84,226,377,23,167,172,243,305,335
16,108,133,224,120,65,56,1,104,174,6,88,139,335
238,404,1,8,130,229,305,3,31,84,43,118,73,116
139,343,162,428,224,405,386,423,168,3,308,8,213,373
309,243,343,398,229,404,162,377,56,318,186,228,323,267
26,246,39,8,43,94,139,24,203,394,120,332,86,229
315,437,162,398,219,373,350,164,266,43,392,113,227,264
346,62,437,407,54,222,332,246,144,244,9,219,261,8
149,219,257,282,255,1,86,94,85,37,405,437,39,335
264,377,323,1,19,219,298,265,17,309,196,202,164,228
264,343,226,412,398,238,377,162,113,167,368,236,137,120
316,68,5,204,265,120,343,241,62,42,357,362,94,264
266,57,282,66,305,264,389,237,162,298,328,283,113,1
313,219,229,162,169,368,365,3,406,85,309,264,107,196
120,66,8,226,282,323,227,113,364,309,111,94,213,341
1,66,11,303,289,272,351,407,246,151,264,104,219,106
265,238,243,157,213,402,364,139,345,267,343,368,109,131
5,151,358,198,398,83,308,437,120,67,316,8,111,40
237,215,8,428,266,94,272,405,343,162,236,360,431,316
428,229,94,346,196,403,40,111,0,353,405,266,318,4
238,243,237,298,62,197,141,377,332,368,94,228,52,264
113,9,162,264,86,73,41,66,236,413,229,354,62,1
266,111,120,284,17,133,224,50,229,298,246,15,341,354
8,229,404,302,161,374,287,343,335,144,62,147,238,377
229,237,10,147,99,1,398,346,405,394,104,8,43,168
282,237,109,1,228,154,398,266,94,368,405,257,252,229
2,196,120,231,24,236,404,291,162,346,332,319,108,104
404,85,111,368,303,126,88,264,204,17,407,202,287,40
313,113,9,118,198,305,272,108,316,144,228,368,166,86
246,298,162,133,167,207,62,377,229,264,332,24,284,227
204,246,66,57,120,94,151,111,222,343,237,101,319,210
144,26,437,265,272,282,264,62,133,224,197,236,379,404
309,214,398,343,365,227,183,264,109,10,266,104,11,224
168,133,21,237,438,309,365,360,228,8,264,272,120,243
111,176,305,319,117,398,271,346,109,264,204,39,229,404
346,431,8,224,202,272,335,39,236,308,246,115,151,147
17,431,120,264,151,204,335,161,407,237,1,219,171,343
308,337,162,111,130,236,316,320,9,4,264,343,360,437
358,115,422,392,57,19,108,24,356,40,169,3,94,228
266,168,364,133,104,151,285,237,8,211,48,309,246,110
9,323,94,264,284,260,332,65,86,95,228,147,8,183
264,343,405,120,292,162,167,282,9,437,385,398,161,266
236,353,405,40,120,346,202,343,437,246,368,298,319,162
237,368,139,229,3,265,343,280,1,162,63,376,377,17
118,319,243,2,364,305,244,57,272,343,9,16,162,169
343,348,264,111,205,284,437,86,307,202,58,83,219,167
282,332,294,360,110,437,73,17,204,196,219,58,111,8
162,364,237,94,228,109,16,111,319,264,340,437,62,335
133,437,66,358,368,372,43,237,218,224,111,298,364,323
391,428,297,319,204,1,17,272,207,228,431,282,246,120
17,185,9,360,94,107,144,283,264,113,272,226,196,398
313,399,364,237,265,266,264,273,316,361,226,287,116,404
264,243,343,238,151,94,338,229,298,272,66,29,108,161
113,343,168,17,309,94,162,210,310,153,213,96,196,107
377,8,111,94,335,17,224,147,404,9,272,228,173,174
144,147,364,360,368,243,204,256,229,418,16,398,236,264
272,8,309,228,109,335,56,362,144,264,323,305,151,364
133,213,17,159,11,169,120,299,162,264,237,167,317,146
227,272,62,404,379,113,161,21,437,165,10,94,196,282
260,272,39,394,159,437,308,109,1,346,202,411,265,199
374,290,364,368,94,264,168,346,224,282,343,356,102,284
322,236,228,8,196,109,86,229,104,237,265,335,62,437
295,272,162,43,86,297,11,16,215,248,242,8,264,228
94,244,29,17,377,229,9,243,20,1,308,227,107,236
17,185,31,136,283,111,437,224,60,128,27,113,229,66
298,385,266,229,143,246,404,94,264,139,398,8,151,224
313,346,437,169,308,133,300,401,305,62,9,167,282,108
266,437,202,313,364,173,40,162,204,33,264,426,167,14
113,405,368,437,428,398,118,308,415,204,202,357,364,162
196,8,224,398,373,407,364,4,94,228,313,283,352,43
45,54,43,88,8,281,370,437,197,12,343,282,224,266
335,202,337,343,332,20,162,319,1,56,266,195,272,17
144,343,162,196,184,11,422,437,213,12,226,86,368,94
316,9,3,108,272,17,224,335,196,264,153,57,246,139
151,120,350,436,1,104,8,437,112,368,327,161,100,109
224,309,163,416,104,9,196,94,396,377,246,335,219,343
9,62,94,407,282,438,237,21,128,343,228,256,238,377
346,338,216,385,8,202,364,120,151,262,162,272,343,405
284,299,343,229,428,437,57,237,9,89,224,226,176,228
52,392,409,264,11,109,73,437,147,1,113,290,238,228
148,309,162,94,339,103,224,298,243,343,228,111,361,213
11,272,8,427,330,76,398,94,359,66,86,407,264,167
238,356,248,17,227,99,362,94,385,161,405,354,199,229
108,337,229,264,161,171,174,131,111,43,236,39,17,300
264,358,343,405,202,229,335,364,16,3,244,228,102,243
94,256,228,196,58,39,151,147,339,73,407,264,265,346
354,237,86,35,362,264,298,182,94,308,304,146,355,93
265,169,81,335,285,59,196,162,246,8,9,437,308,94
373,297,341,109,244,217,283,111,265,169,308,346,213,338
8,348,94,147,162,321,286,86,332,360,202,9,309,133
202,11,93,176,332,117,228,405,237,229,162,418,272,86
346,111,237,104,94,30,57,264,364,113,155,62,66,266
437,283,333,60,101,343,298,133,329,335,8,1,244,29
309,360,379,1,437,332,120,107,316,319,404,244,147,407
94,405,202,185,43,8,62,404,213,240,40,111,23,16
202,144,113,277,335,313,428,404,172,388,8,320,244,364
162,1,328,196,343,19,309,308,377,8,335,400,107,246
219,233,238,9,16,297,439,141,282,246,236,358,142,405
202,11,120,162,377,237,8,282,343,309,9,335,437,3
169,385,323,243,436,228,343,1,364,12,204,94,9,162
266,56,364,332,402,3,430,437,345,57,308,316,151,202
39,1,404,437,66,316,284,8,246,236,11,229,21,335
284,319,431,225,246,93,133,199,343,323,17,265,54,298
133,162,94,113,343,272,298,143,368,437,386,286,282,62
62,404,313,219,94,17,290,379,407,309,335,282,264,165
360,332,51,111,398,364,399,322,94,10,147,40,313,346
238,264,94,9,323,237,431,147,316,343,167,308,8,28
94,107,266,181,272,43,8,335,66,343,428,332,264,405
236,151,305,56,237,227,265,346,283,64,202,94,426,348
266,405,364,265,246,309,244,305,264,346,1,94,56,38
42,343,16,3,11,244,407,335,266,346,246,316,282,169
229,182,162,113,168,1,224,439,362,206,3,230,88,244
227,237,431,67,117,27,404,221,228,302,120,43,407,413
316,368,162,146,94,17,358,70,335,202,109,16,308,264
237,3,226,118,236,218,265,200,398,162,360,229,232,40
108,246,238,147,8,265,105,366,202,229,234,264,94,9
202,343,162,385,8,161,3,62,368,40,1,66,94,17
264,45,323,337,169,368,1,107,319,9,162,167,83,16
17,196,337,8,298,240,343,94,431,224,272,22,282,62
167,224,43,237,204,282,423,398,305,139,94,127,246,8
40,377,407,213,323,339,17,266,398,226,168,43,159,41
404,229,203,316,311,48,139,266,197,343,219,264,8,237
290,430,147,84,319,298,168,224,343,244,236,80,265,111
224,111,340,50,62,196,43,37,282,377,161,341,264,155
202,111,335,228,159,332,173,425,244,229,264,94,8,246
266,228,335,431,272,94,120,8,319,31,264,43,238,168
407,348,229,343,282,437,62,161,84,256,360,335,104,368
431,57,415,264,204,298,120,94,39,157,437,225,266,228
437,339,1,229,43,94,404,196,266,109,424,244,17,162
236,3,17,358,162,266,228,254,108,107,255,352,368,319
358,111,167,8,266,143,227,229,162,265,228,94,21,12
428,405,437,39,9,86,298,144,358,126,8,169,218,164
113,319,8,228,94,244,66,346,139,229,253,407,358,309
9,404,382,323,11,108,219,243,264,337,17,227,319,3
404,346,194,298,104,321,246,229,398,316,377,8,273,358
62,237,8,284,94,104,213,343,341,166,335,391,360,313
272,230,219,264,144,108,224,162,236,255,246,94,202,191
162,208,404,238,309,161,120,202,369,358,229,343,151,107
147,28,8,323,88,39,1,49,377,43,228,94,237,40
109,67,72,237,81,21,84,243,133,108,8,276,405,220
169,360,8,343,94,264,31,295,56,144,109,124,299,196
56,43,308,161,343,284,19,428,202,313,52,355,8,139
368,196,104,297,232,337,162,323,161,43,364,91,144,360
161,202,422,272,353,246,266,8,94,237,317,162,106,264
246,343,346,228,107,151,69,292,383,120,405,138,19,236
167,407,372,222,308,404,317,203,8,17,196,133,335,302
104,228,202,159,407,229,43,398,377,51,94,66,313,162
29,265,297,374,227,313,343,404,428,133,203,377,101,298
19,343,162,34,264,161,309,9,111,105,266,86,66,1
227,424,74,107,185,1,437,154,9,300,49,315,284,255
211,229,146,405,272,437,94,162,364,60,325,221,300,86
360,8,3,38,40,309,343,357,16,202,213,67,283,111
406,108,17,123,107,270,226,29,94,72,398,364,346,377
323,19,272,437,107,28,428,86,403,219,394,237,3,236
226,238,360,94,284,227,264,376,234,343,368,108,313,296
398,247,237,108,161,323,436,196,228,139,169,343,431,364
9,407,111,265,377,335,161,437,104,94,58,214,354,351
162,284,229,94,1,109,388,8,238,243,169,298,437,107
167,398,313,213,303,151,94,208,89,41,134,49,238,323
162,213,24,133,343,314,43,228,398,437,405,229,364,202
407,226,335,63,95,198,213,8,222,368,425,57,251,111
237,435,227,24,377,368,390,219,155,77,167,316,204,396
377,204,40,8,316,108,162,43,224,437,109,238,246,167
94,34,169,209,8,113,1,428,407,161,283,133,162,313
18,196,228,169,66,104,161,8,405,83,272,94,130,109
73,94,147,202,343,272,196,106,437,128,120,311,215,332
94,398,377,213,162,109,86,431,226,238,169,151,147,9
226,108,161,261,437,165,316,202,196,94,264,272,169,305
31,404,264,305,427,394,66,227,398,316,62,408,246,88
62,167,328,94,343,99,144,113,377,207,264,1,162,180
229,348,264,111,144,358,228,52,224,140,377,316,84,213
309,103,364,33,157,222,8,178,343,162,294,58,1,323
157,94,282,271,224,162,309,364,244,431,139,204,104,437
73,56,437,264,229,94,43,323,8,195,228,17,107,127
162,8,3,20,266,264,227,73,358,309,346,343,432,50
120,197,343,398,133,94,202,44,284,282,312,405,265,368
431,94,134,255,8,335,284,398,275,343,168,165,246,3
204,316,228,71,305,345,266,237,398,404,429,86,244,365
169,62,113,428,13,224,319,162,254,8,236,43,60,213
57,162,250,137,332,236,244,404,362,283,134,171,3,169
421,246,229,368,125,264,377,167,289,343,161,237,297,163
297,346,364,438,282,332,14,284,431,39,237,343,226,196
407,17,368,42,213,199,385,362,40,316,377,404,161,136
86,167,153,9,343,405,398,364,256,85,94,227,202,229
332,343,8,219,162,11,281,316,163,358,405,255,425,243
339,404,151,104,94,1,58,120,12,116,204,4,264,43
332,368,284,374,113,335,8,428,229,66,404,282,358,272
377,257,238,264,43,285,335,196,213,147,364,246,329,227
212,84,158,405,8,104,237,264,398,305,437,323,368,346
238,224,1,8,343,57,67,277,405,162,266,3,40,229
229,9,26,375,196,282,224,312,1,86,44,319,11,332
87,335,404,86,196,224,107,94,8,363,57,261,120,321
33,204,402,229,209,86,213,405,58,368,43,305,404,199
94,343,144,364,111,9,238,171,186,210,377,17,198,346
169,147,107,56,152,162,298,375,282,51,62,343,52,364
398,56,120,317,238,366,108,246,283,272,309,236,66,358
272,66,165,231,323,364,8,227,237,202,363,229,147,353
229,147,243,343,43,305,87,264,283,236,368,161,360,155
312,56,237,204,364,235,264,230,47,342,8,352,282,246
375,94,269,351,343,437,282,428,162,246,11,151,191,228
404,94,307,16,420,17,332,107,380,428,134,265,363,8
410,405,364,309,305,1,284,264,162,179,398,204,335,229
264,284,244,246,169,66,17,111,332,86,58,259,94,273
210,431,94,161,266,238,265,319,96,323,237,346,360,283
377,243,392,343,297,408,94,404,238,151,181,202,107,148
228,392,282,428,94,224,361,364,281,39,264,168,56,17
224,272,398,16,11,213,346,351,29,177,83,8,227,308
305,9,213,17,335,39,8,162,5,107,204,147,227,57
224,290,343,219,282,243,335,16,431,246,109,43,228,238
358,104,24,34,17,199,272,437,204,127,243,224,266,8
88,297,246,169,231,430,309,264,107,229,94,433,335,58
398,343,213,40,149,364,214,8,236,77,104,169,3,266
16,3,153,264,43,40,377,66,234,57,243,335,108,162
335,313,17,45,8,11,94,436,364,398,404,111,428,377
113,98,8,434,286,73,316,229,56,39,332,147,297,120
39,435,430,229,219,266,108,202,1,224,264,377,343,94
437,196,8,343,167,108,228,94,365,360,226,224,344,435
431,11,404,40,26,9,147,8,66,265,196,94,204,266
84,236,183,265,21,229,17,104,416,305,409,405,108,404
229,227,288,94,162,17,356,228,151,147,264,318,368,343
437,350,213,266,377,346,319,348,40,120,1,360,8,43
196,228,384,267,332,9,264,296,4,246,120,3,358,298
161,428,264,236,107,94,162,227,335,204,8,282,213,369
228,42,10,438,428,229,358,12,283,104,264,1,272,8
106,185,368,229,173,243,335,237,355,404,120,321,167,109
343,8,243,404,253,364,162,428,219,244,264,9,1,49
109,335,431,239,332,272,213,298,204,94,1,429,224,398
264,428,3,423,407,66,272,161,379,8,167,228,138,57
107,298,264,343,224,108,144,266,244,205,227,368,43,86
282,343,151,43,322,237,94,196,309,19,229,204,148,17
364,56,93,219,204,108,246,363,107,82,109,264,237,57
1,360,341,346,39,237,437,344,50,368,246,196,226,66
311,120,94,305,228,264,196,343,298,197,407,306,8,124
264,72,343,246,282,288,228,284,2,408,358,94,111,319
343,372,316,227,62,11,224,358,196,144,295,180,368,108
272,1,196,316,8,109,243,309,94,282,42,40,16,335
107,361,301,243,292,161,109,56,351,272,343,142,28,145
5,111,229,4,236,299,309,298,335,319,94,58,219,264
323,265,17,228,162,219,368,346,207,343,365,8,204,35
196,108,3,272,305,1,39,404,346,294,364,298,227,94
11,428,229,161,81,368,190,64,162,309,66,437,348,43
8,272,398,144,216,16,255,368,340,168,323,240,13,57
48,345,46,238,148,377,404,264,437,147,94,226,107,284
272,8,227,162,194,95,284,364,372,368,437,404,206,16
133,144,287,226,40,182,229,368,264,94,366,435,151,108
17,298,238,228,94,428,226,16,196,404,364,168,272,358
237,236,196,17,406,162,243,152,16,47,346,246,335,151
227,364,63,224,313,328,57,204,238,229,125,237,62,335
209,424,172,297,113,94,8,264,162,17,238,1,65,167
335,432,111,287,9,346,433,43,108,94,162,228,305,151
104,436,244,398,72,8,335,282,243,151,354,204,431,95
39,372,8,229,332,94,76,388,246,398,57,309,43,358
108,272,17,204,228,343,377,298,313,405,332,266,143,238
266,213,224,283,323,8,219,161,264,332,242,111,405,107
94,96,213,133,152,144,368,202,250,335,62,244,262,364
334,238,229,162,316,40,11,236,147,243,39,228,152,284
108,319,229,366,313,404,264,237,39,111,368,238,207,291
28,147,94,39,9,368,16,109,286,166,437,369,316,404
437,94,133,9,52,364,434,153,335,178,107,319,257,130
257,120,391,309,8,368,255,404,40,377,128,167,94,407
30,255,9,171,428,15,264,381,400,11,43,368,111,94
120,295,161,94,56,358,228,404,81,305,431,227,340,216
324,43,238,94,162,302,17,364,107,156,69,66,228,237
46,437,264,311,89,108,184,262,17,423,238,381,121,226
17,437,147,74,204,39,264,127,266,3,9,11,229,94
90,437,86,8,335,202,201,17,260,94,110,43,57,343
11,111,265,253,437,169,398,203,280,1,313,282,108,196
224,109,40,180,305,11,8,296,229,162,151,111,236,167
38,404,165,94,343,164,264,120,134,398,210,333,244,313
62,237,307,294,284,118,264,43,437,236,360,17,431,283
8,429,191,219,94,224,202,346,23,439,316,11,398,377
8,196,31,59,284,65,272,17,26,9,167,246,104,437
343,113,437,233,272,319,377,9,56,94,282,323,40,439
62,109,284,108,241,265,94,272,52,3,346,335,204,1
94,224,16,266,332,229,17,236,364,149,358,167,9,346
346,94,213,43,308,69,17,246,368,66,219,411,1,297
428,94,199,319,332,17,265,162,297,224,407,335,41,316
38,8,94,45,82,405,226,266,309,423,264,131,112,120
48,266,309,39,227,94,343,335,407,377,107,368,9,159
16,3,88,133,268,284,56,335,196,405,229,283,379,94
238,149,364,348,227,283,52,113,168,196,111,228,404,298
104,94,21,1,228,8,41,16,35,42,237,56,264,309
147,347,398,9,319,8,226,283,151,381,343,264,111,255
266,107,8,144,243,404,12,111,11,294,86,108,3,335
358,229,227,196,264,388,404,276,366,151,108,46,213,285
66,405,1,236,394,162,346,243,8,335,224,343,107,204
62,3,207,66,94,195,9,33,431,163,213,237,405,316
108,264,9,57,162,346,56,385,437,213,399,43,435,169
360,343,9,111,94,172,8,380,282,136,264,370,43,358
229,432,298,167,30,237,368,108,238,335,437,17,332,11
332,236,360,246,348,238,368,437,224,108,152,319,161,264
329,413,62,245,243,11,272,162,316,144,151,346,246,343
360,79,364,246,204,184,228,168,66,272,190,384,133,107
335,109,111,334,433,94,213,339,57,266,246,8,217,168
8,238,40,237,17,284,57,404,246,229,213,120,94,90
431,228,362,133,221,213,358,120,264,31,94,86,109,373
422,220,407,9,203,398,105,237,227,309,228,108,257,11
19,16,332,237,361,264,213,319,388,56,204,437,439,131
94,167,266,238,111,162,431,261,187,377,17,213,224,404
94,147,343,405,62,114,213,191,264,225,282,183,39,284
227,228,404,337,163,360,196,162,159,202,9,57,56,362
428,56,224,107,111,196,256,226,142,210,227,401,319,228
332,364,404,180,204,202,9,323,70,266,426,113,1,377
272,223,30,169,133,360,226,39,104,365,17,120,426,346
313,8,237,147,89,359,78,16,264,319,284,12,398,229
357,227,57,9,66,398,162,264,236,432,168,237,169,310
437,204,248,243,266,246,94,272,139,224,416,9,189,335
45,343,272,228,84,434,10,107,264,109,437,420,57,169
255,368,86,72,1,95,162,250,111,41,81,195,360,346
343,9,229,404,244,405,162,39,151,236,384,284,102,346
437,404,162,201,129,237,229,364,261,387,335,283,5,40
264,111,86,162,236,282,430,88,437,416,305,228,224,431
94,4,54,272,244,348,343,162,360,202,8,376,246,168
33,229,8,238,313,346,10,398,147,9,111,428,284,161
313,303,94,43,208,343,222,236,224,407,346,316,264,62
8,431,275,43,120,246,346,9,364,1,54,112,11,282
282,17,339,133,196,39,364,107,95,74,391,358,11,213
298,8,264,86,56,308,24,168,57,35,238,341,167,142
315,111,416,202,133,43,264,94,229,141,16,423,224,360
111,285,272,219,161,202,402,238,104,94,431,8,45,405
8,324,237,435,94,437,227,184,264,3,272,75,40,66
88,323,133,40,228,266,116,294,57,35,246,428,343,313
133,94,131,162,173,57,437,364,8,120,11,95,368,228
346,264,87,62,305,11,96,40,437,309,343,9,237,17
282,43,373,162,109,133,313,397,249,169,236,377,17,238
63,109,16,17,56,424,237,147,204,118,151,211,259,39
238,389,17,104,196,167,266,289,16,8,405,343,377,133
147,162,246,431,142,420,199,438,368,144,9,111,437,164
202,16,29,319,266,8,58,237,55,346,243,228,343,17
43,264,89,86,430,94,56,282,8,236,108,349,162,211
343,335,133,40,229,111,54,9,151,282,368,182,303,236
57,222,266,213,229,133,284,94,276,169,111,162,137,244
94,298,324,204,335,162,431,144,398,420,437,428,236,266
266,133,272,343,47,229,204,411,222,160,348,198,43,228
94,8,342,364,431,236,402,405,437,335,264,246,323,224
43,16,8,139,211,272,222,336,133,192,102,219,313,305
403,109,332,107,308,94,287,196,370,282,236,8,84,133
9,265,111,346,62,20,335,262,268,264,375,8,261,364
398,272,316,348,109,222,226,405,308,379,4,10,218,80
404,346,213,214,368,224,335,162,308,284,360,120,208,229
252,228,305,39,111,335,62,94,204,248,15,1,230,202
308,335,266,143,242,364,196,438,343,86,94,377,329,224
281,404,346,343,246,219,228,30,169,405,305,104,94,398
39,237,187,428,89,38,343,335,118,8,114,148,213,107
161,227,213,377,133,282,246,298,94,224,109,43,17,31
202,364,343,226,62,319,264,43,219,327,368,147,109,429
8,246,308,226,89,266,431,404,346,234,162,151,426,297
343,120,4,407,428,334,62,358,304,103,404,362,86,66
120,62,108,264,316,243,368,196,305,282,332,335,118,343
74,343,57,335,113,8,377,151,287,415,283,264,162,256
66,151,368,379,224,39,84,292,94,107,229,17,400,113
246,62,94,264,39,310,244,437,266,72,75,305,107,88
88,264,162,362,428,335,237,240,252,372,151,316,422,228
16,308,364,246,437,265,224,109,199,305,111,316,288,8
56,377,17,151,246,167,259,144,431,107,275,284,32,94
198,15,69,264,224,291,158,94,319,272,77,343,131,431
62,238,439,409,343,224,120,398,377,9,246,405,434,228
196,316,416,335,11,368,213,407,109,120,245,298,365,61
197,265,368,246,272,237,236,281,9,428,117,303,228,39
437,343,368,335,383,236,109,69,297,364,111,120,162,283
167,216,133,107,368,398,280,413,422,162,404,169,16,351
228,109,212,94,319,229,43,224,154,407,202,357,115,359
196,17,242,305,213,162,84,62,40,228,133,167,113,404
151,107,264,237,167,162,235,128,159,9,196,83,57,289
282,16,179,62,404,94,66,272,309,178,29,133,43,381
213,246,294,377,104,265,282,8,236,161,1,94,43,149
377,208,437,228,398,229,133,238,6,360,400,147,138,94
11,187,227,228,204,8,167,358,3,237,305,9,283,89
9,62,310,180,435,11,297,437,17,169,308,383,151,94
264,332,162,111,114,219,343,56,335,62,280,126,272,316
437,304,196,9,17,298,202,343,238,16,351,360,66,56
66,284,346,213,17,162,139,43,368,265,335,1,59,343
213,260,17,343,109,312,147,108,300,336,62,265,94,368
272,377,94,228,298,405,389,313,246,264,213,24,62,209
298,224,387,308,94,8,360,323,264,255,62,23,11,66
319,62,64,94,323,208,109,162,405,111,364,276,263,120
204,343,398,316,66,43,30,229,49,264,395,265,348,39
11,246,213,438,264,3,335,283,56,37,229,94,9,120
309,264,17,8,283,226,369,224,319,228,94,422,229,40
319,112,257,151,144,264,43,429,398,113,230,276,229,162
346,322,51,229,237,431,358,131,266,343,279,309,344,436
39,405,228,8,437,150,238,316,343,266,215,40,219,66
404,169,405,308,168,313,94,283,19,108,264,364,332,285
62,229,194,282,398,298,437,1,17,264,224,352,312,94
117,191,264,162,204,207,423,372,39,144,202,229,9,346
346,111,309,8,204,401,162,349,39,94,58,215,265,316
368,228,43,264,313,144,436,24,111,7,8,109,169,94
185,133,62,139,237,264,343,94,193,282,364,42,313,3
338,167,17,207,115,219,358,202,328,147,8,313,335,94
8,297,166,77,265,213,57,136,147,405,162,219,282,228
126,335,434,264,224,244,112,16,133,307,120,17,113,43
346,319,305,439,228,43,343,358,244,56,9,195,272,283
264,107,266,281,282,385,437,8,17,396,343,364,226,244
431,94,436,404,246,346,151,264,343,9,368,259,319,107
437,335,17,23,147,62,343,169,364,334,224,162,266,109
144,364,167,113,343,182,109,309,437,262,224,86,162,431
167,264,398,336,11,88,377,263,229,97,342,237,203,343
343,335,135,108,246,341,133,298,377,1,43,437,139,404
316,94,437,224,398,364,319,343,133,204,284,238,212,237
151,144,3,11,334,377,313,97,337,282,43,360,72,172
86,104,196,219,113,309,346,398,246,343,316,8,58,245
343,66,94,335,246,244,407,256,52,224,405,213,162,111
430,162,179,264,42,3,229,17,235,236,66,319,64,145
70,309,376,8,346,272,237,283,227,66,204,211,31,271
94,437,283,224,228,151,226,319,272,298,368,40,111,85
308,282,161,109,219,237,1,224,94,204,147,264,8,11
228,377,373,57,405,335,88,332,94,407,105,404,246,346
169,56,40,341,34,264,213,35,236,217,43,266,87,343
82,40,229,162,398,401,108,318,332,266,405,282,364,94
151,8,264,237,246,104,431,343,107,368,236,11,400,404
108,284,264,9,168,415,204,437,343,224,398,420,107,266
200,264,66,323,332,228,229,59,161,112,360,108,162,265
343,437,109,404,168,361,224,236,113,276,237,108,373,424
266,162,346,343,335,94,43,364,226,109,186,73,417,57
343,196,348,358,229,428,86,162,12,8,94,58,62,43
90,284,9,66,155,229,169,369,431,298,116,47,40,404
358,238,162,94,133,343,431,168,364,305,108,284,336,243
297,94,8,109,86,284,360,262,61,111,264,213,272,52
94,335,56,319,120,224,147,346,243,156,101,202,218,308
213,1,196,202,94,424,64,305,335,332,437,372,88,162
56,309,17,358,360,120,8,343,316,119,240,169,51,2
114,202,3,40,196,308,213,151,57,162,226,268,404,9
264,325,332,168,162,203,126,398,272,1,228,167,48,172
108,94,201,224,229,11,147,326,308,398,264,178,9,237
266,56,25,309,63,236,162,392,272,377,264,226,17,372
111,238,61,298,437,147,236,70,368,202,316,151,44,86
162,237,54,266,211,107,202,104,428,368,9,168,264,229
368,109,8,346,196,299,228,298,398,264,343,321,83,309
236,346,162,196,213,246,108,8,228,17,77,335,309,402
196,431,8,94,43,360,33,202,182,162,284,149,368,398
237,377,1,236,264,196,294,229,11,120,437,219,111,181
94,346,237,161,224,168,304,298,332,266,108,343,238,342
384,228,42,94,308,346,120,83,319,364,332,377,113,368
309,412,272,162,437,343,313,144,346,345,155,3,40,385
284,300,404,104,147,332,94,236,17,353,368,264,86,398
17,204,265,196,272,297,8,416,95,264,213,94,195,437
224,120,335,282,117,57,374,151,426,42,313,144,136,228
437,266,196,413,57,16,265,117,84,224,343,349,66,62
282,167,280,343,1,437,72,431,360,161,305,147,368,346
17,204,284,316,264,308,8,360,437,305,246,282,9,168
309,264,111,109,209,428,72,377,39,406,308,9,398,346
204,174,43,107,225,104,335,108,377,183,8,368,264,343
404,224,387,62,228,167,195,27,364,57,219,66,8,236
226,202,437,337,172,330,392,229,368,219,404,227,144,7
244,264,40,224,343,176,133,116,27,265,61,354,8,1
368,266,343,376,272,364,66,196,113,166,226,282,8,111
118,228,264,17,346,76,28,316,196,368,292,224,86,381
270,437,417,339,227,144,9,332,106,104,94,224,398,120
398,168,81,101,8,404,202,255,7,19,161,364,346,162
404,162,229,265,54,319,9,328,111,34,213,405,437,277
264,398,298,241,162,275,404,238,382,224,111,437,1,169
9,147,62,168,343,246,229,162,8,319,76,224,329,264
202,226,219,43,8,389,264,246,176,402,298,166,111,307
118,335,264,228,278,437,282,94,184,343,151,207,226,9
162,260,202,8,360,151,120,364,54,167,227,346,405,323
389,173,78,346,264,398,16,338,120,112,316,368,203,404
353,196,40,246,167,94,226,240,138,120,264,86,8,282
335,383,308,65,39,229,149,111,227,94,43,272,147,108
294,264,104,343,151,405,404,236,390,235,82,368,437,265
308,246,196,437,428,48,1,305,214,264,256,237,8,297
283,204,407,147,40,94,309,264,249,163,161,169,237,104
133,364,264,398,237,229,153,47,305,179,154,193,84,8
266,196,437,373,319,86,335,57,104,283,246,229,439,113
11,40,196,227,8,93,224,162,43,360,94,437,279,293
191,108,251,264,233,131,368,330,289,17,423,332,309,439
287,94,104,254,207,364,111,168,194,224,43,229,16,28
56,170,358,109,264,204,169,246,8,295,229,208,322,148
3,55,364,8,360,162,343,428,62,298,22,113,437,196
237,319,284,231,8,288,321,265,236,335,228,437,389,246
43,120,94,162,437,167,47,264,229,405,147,236,313,398
17,28,282,407,228,1,171,224,264,405,94,364,341,368
3,91,244,9,120,248,17,368,265,298,111,94,24,107
28,238,108,213,358,346,66,305,335,104,266,264,23,246
118,161,405,287,19,266,104,379,8,385,309,346,43,169
8,139,266,3,237,94,407,196,133,224,246,343,151,227
109,8,1,368,264,237,219,224,162,94,204,11,227,244
224,147,319,343,263,243,94,155,309,196,332,213,266,9
404,373,308,237,167,246,325,81,358,9,343,94,43,66
72,224,147,346,104,169,371,57,343,323,216,398,42,438
329,7,196,246,210,264,194,398,8,283,133,282,66,204
8,88,169,335,86,429,120,57,158,404,107,237,9,368
11,237,83,284,43,405,218,104,120,94,343,144,109,252
145,283,84,285,94,343,133,224,236,64,433,240,237,404
237,392,396,151,188,229,108,9,264,43,364,8,56,96
40,76,286,111,167,94,39,159,335,371,236,63,162,8
238,17,404,282,225,154,144,43,319,364,86,316,94,120
343,335,196,16,8,62,17,162,407,172,1,161,202,213
120,298,213,384,272,46,308,282,161,43,151,86,398,420
168,375,124,17,182,308,228,376,113,354,327,110,11,169
437,196,272,284,8,43,343,47,35,428,224,101,265,238
163,323,86,43,203,147,17,39,395,368,324,94,411,227
264,431,120,299,272,275,238,93,308,284,108,66,362,11
228,1,360,343,309,231,335,437,162,94,398,8,72,57
169,42,335,9,162,107,242,86,57,294,354,405,272,109
9,28,297,8,381,319,94,437,399,3,1,66,343,162
364,253,264,229,84,305,164,42,228,237,396,139,437,155
264,398,238,94,56,219,23,437,376,218,153,272,8,343
111,360,264,39,213,162,86,62,404,346,410,179,133,109
437,333,405,147,104,86,120,237,376,343,236,94,346,102
210,274,226,404,214,169,222,343,108,57,229,385,358,17
43,86,374,343,264,204,227,206,94,437,1,255,62,17
8,11,404,343,133,431,94,16,120,272,204,335,405,308
167,265,180,103,377,162,57,196,94,219,229,11,108,343
8,343,151,20,226,196,120,337,309,310,255,39,264,94
358,213,377,8,228,94,272,162,3,246,84,305,101,264
147,124,264,322,94,282,437,111,204,265,140,213,364,8
111,343,437,264,57,94,309,8,238,16,373,89,40,3
209,196,78,298,94,437,11,160,323,407,332,295,377,164
120,407,360,283,204,342,434,236,229,219,17,1,411,437
8,368,162,346,223,9,1,43,293,62,360,404,343,57
84,167,133,89,55,57,257,319,229,272,264,40,8,343
368,284,8,346,433,167,17,111,94,151,354,287,105,365
343,77,213,3,94,416,246,147,272,9,224,11,358,162
228,162,313,244,94,153,213,377,16,107,263,346,264,364
238,282,62,46,229,8,236,431,204,228,162,92,17,297
343,40,167,406,434,120,8,437,162,86,17,346,282,109
133,283,238,57,266,104,264,224,282,11,298,364,359,162
9,214,107,199,66,161,94,432,237,343,160,368,138,405
197,8,88,283,196,228,143,255,377,250,104,343,319,224
202,228,31,8,21,343,94,204,172,298,104,308,264,437
162,133,213,22,316,17,398,88,94,377,71,9,167,228
283,94,343,358,66,289,8,56,263,322,265,52,228,126
264,390,140,215,364,285,213,204,62,101,133,332,86,229
94,120,103,343,437,430,47,364,200,334,346,237,272,238
213,346,196,224,428,335,264,56,284,168,62,242,138,237
229,272,88,266,213,428,204,360,437,309,236,264,66,238
354,319,398,360,298,264,196,437,265,94,282,238,109,187
94,404,298,219,8,50,162,151,202,264,405,146,51,335
229,212,272,437,5,227,294,120,237,108,158,377,161,43
11,168,361,8,405,94,12,343,319,335,113,353,33,227
144,49,366,238,377,151,343,199,9,162,229,160,263,40
202,161,298,1,147,224,186,94,243,252,417,229,262,56
259,398,377,66,266,308,17,8,349,309,185,63,94,343
120,265,74,224,94,8,48,377,388,431,282,287,104,335
364,144,167,107,246,219,133,70,94,147,228,377,40,374
428,360,161,305,238,17,343,204,255,109,94,404,229,227
109,149,162,62,265,43,364,437,316,41,237,111,428,368
8,94,120,257,189,282,167,144,266,104,176,335,226,316
398,94,350,302,156,226,40,9,305,298,145,266,353,104
71,264,245,263,147,109,224,404,431,437,305,228,237,343
398,360,108,219,237,94,66,120,404,243,265,56,343,377
276,355,361,161,404,3,192,283,147,294,343,236,377,57
62,316,144,57,196,162,195,377,404,431,56,110,228,109
213,407,360,111,244,428,224,120,138,437,352,335,343,398
282,221,167,74,424,238,162,196,169,309,26,332,437,284
17,16,228,94,108,8,371,132,386,193,236,364,57,377
343,238,264,346,20,410,188,62,364,368,94,11,3,8
274,373,286,224,284,229,6,262,309,147,266,144,407,133
272,56,377,224,162,368,50,369,357,335,94,237,428,43
284,96,108,66,431,346,228,94,120,358,282,4,57,264
161,108,431,227,87,346,11,238,72,120,155,9,162,313
9,202,398,167,428,62,343,287,227,203,316,8,196,255
94,368,309,57,360,77,66,1,308,39,43,238,348,40
335,43,120,8,398,405,224,151,66,112,407,9,16,402
364,3,390,162,343,39,407,282,360,94,8,104,228,120
298,162,343,77,10,167,272,17,394,8,308,147,229,66
377,355,319,229,94,226,228,161,346,272,343,298,8,236
162,282,9,202,343,335,196,141,228,388,246,237,192,319
162,9,200,151,111,144,366,167,1,282,423,237,346,110
368,97,8,437,237,238,39,94,167,118,229,428,17,337
298,430,94,43,437,377,313,11,242,224,229,139,280,364
161,111,432,8,298,343,133,58,335,398,9,24,169,167
111,398,309,224,437,68,228,434,229,162,227,343,315,56
40,8,404,428,377,113,323,284,202,198,265,420,219,89
309,24,202,115,376,40,297,346,429,433,9,223,431,316
343,368,120,104,57,404,366,109,46,308,213,196,43,111
346,266,368,40,343,202,298,369,16,84,191,9,282,227
272,40,246,43,94,298,24,264,25,161,169,86,437,405
437,352,58,115,94,133,368,287,398,264,343,204,346,69
162,204,238,273,16,9,298,151,283,264,229,19,1,343
169,77,109,266,305,56,86,404,17,8,313,23,368,162
364,86,161,111,229,227,39,8,66,284,94,346,107,237
405,229,323,358,243,272,62,224,94,343,226,228,162,335
228,109,1,237,431,313,236,224,437,351,279,352,297,422
8,383,248,309,94,66,368,162,305,1,69,109,288,71
23,229,162,167,19,228,344,227,213,214,108,237,196,107
282,152,11,259,374,373,8,335,262,368,62,111,139,162
254,108,349,224,146,272,386,332,17,377,361,363,144,435
145,437,246,1,214,227,224,108,431,17,343,11,368,215
343,8,17,94,43,226,144,89,264,202,213,162,16,196
343,62,43,12,431,111,94,211,297,48,227,264,437,46
168,228,272,229,115,142,237,388,224,243,151,4,252,57
313,54,332,158,267,11,428,266,43,240,16,162,8,431
66,364,437,346,8,1,298,266,228,86,385,289,11,43
343,87,360,406,138,401,358,1,187,305,86,316,272,103
168,305,56,169,228,346,237,144,120,431,17,246,209,404
66,209,9,228,120,8,319,282,341,3,316,435,437,164
94,264,213,299,346,108,282,404,227,284,358,431,237,43
323,316,56,437,236,167,204,246,243,272,343,213,228,266
162,368,169,323,223,229,272,256,228,151,237,56,133,316
405,255,1,343,81,226,108,360,111,8,229,195,246,205
229,62,111,298,264,305,94,68,341,66,204,147,127,407
364,431,222,264,196,224,128,111,187,3,229,172,343,94
346,361,437,162,130,284,9,8,298,1,113,101,16,94
224,110,364,15,162,169,427,428,16,119,273,86,204,51
238,197,264,276,335,224,291,428,400,343,184,108,169,368
159,305,17,266,66,94,68,246,108,309,86,405,398,57
368,204,229,126,228,343,40,162,212,437,270,196,405,164
316,402,132,147,298,343,405,213,21,159,202,373,151,108
431,94,364,343,244,415,17,272,1,298,226,162,228,309
343,9,360,232,1,40,358,335,238,162,204,147,43,139
246,120,227,368,343,228,407,16,398,297,93,142,282,147
219,151,57,364,196,345,266,338,8,358,167,282,411,139
335,360,57,265,40,309,264,233,30,368,94,227,305,316
8,109,162,284,222,94,264,110,237,39,113,133,202,348
244,108,404,272,276,104,273,215,332,167,346,228,358,264
437,237,61,120,316,162,1,346,364,113,228,224,8,401
343,337,161,407,276,8,86,147,404,319,283,107,94,313
226,398,111,237,316,303,94,297,343,346,228,266,364,108
343,16,236,8,111,3,363,228,246,120,1,104,407,411
229,243,162,283,86,204,407,309,264,438,224,113,272,88
323,377,346,394,196,437,3,404,113,343,368,398,266,162
202,196,364,284,354,169,236,419,9,237,94,343,17,59
343,264,128,9,364,236,8,305,309,162,86,412,304,335
168,437,79,272,364,67,425,111,138,416,162,343,204,147
320,196,407,228,405,56,15,8,237,238,368,43,94,187
272,437,16,133,423,224,294,31,398,368,8,162,102,407
437,346,273,94,204,86,407,162,323,213,17,111,177,219
202,272,345,424,168,428,261,377,284,238,236,366,164,8
364,224,398,229,72,151,237,264,1,169,428,227,228,62
162,356,144,264,412,219,227,305,84,348,213,253,196,309
272,332,298,345,169,361,316,162,180,111,264,219,226,265
107,120,200,268,94,364,113,224,104,377,169,284,227,4
343,107,389,196,9,243,101,8,228,111,360,86,368,162
306,357,213,11,8,335,104,162,437,161,343,224,228,139
308,277,8,265,269,264,283,17,76,229,111,305,437,236
66,228,94,16,42,1,168,144,352,113,213,353,316,246
110,196,228,254,283,107,204,332,371,264,9,94,259,167
94,228,256,120,363,381,236,358,283,404,169,202,280,91
120,343,377,358,304,47,201,312,66,111,195,161,124,8
272,120,229,133,238,364,265,266,151,167,428,204,342,235
244,175,168,428,77,94,238,332,297,161,213,377,319,346
343,392,179,289,66,154,94,108,416,275,8,284,407,109
433,437,12,332,154,252,404,297,168,3,213,94,101,274
86,133,335,228,57,69,120,8,11,226,94,138,368,246
57,431,133,299,346,109,404,38,272,219,335,8,43,246
213,1,264,94,43,246,196,313,8,362,368,346,335,274
202,346,9,213,169,139,238,34,244,437,162,86,428,39
8,94,437,176,168,282,244,343,364,56,229,16,108,62
437,39,181,308,284,272,411,66,385,169,3,319,228,398
309,437,118,109,233,405,58,202,144,139,335,439,343,43
86,343,358,147,237,42,360,8,17,40,209,264,219,256
94,196,246,298,8,313,377,213,265,162,364,437,147,109
266,343,120,94,262,40,226,237,229,144,168,309,377,137
213,17,226,237,398,113,183,196,94,229,236,219,343,9
308,428,162,264,8,377,204,196,73,346,365,238,161,151
213,238,8,389,407,228,113,164,428,196,9,435,3,229
227,224,316,298,308,136,364,169,343,281,120,23,168,104
310,169,321,347,238,8,202,1,282,404,84,377,108,309
217,306,343,94,307,204,159,9,387,185,104,264,437,8
168,236,238,151,313,127,8,368,335,108,86,107,73,364
283,107,56,162,437,354,147,86,332,407,1,297,40,167
196,315,94,377,265,162,428,389,89,343,57,332,435,308
348,162,428,246,196,67,407,377,8,213,358,139,364,313
368,229,201,10,297,404,206,167,17,162,228,272,120,313
365,393,351,309,40,167,238,147,332,104,196,283,89,264
147,162,167,139,346,364,218,309,197,104,113,224,94,394
324,419,297,94,358,109,275,66,343,348,433,224,162,117
228,17,81,39,236,94,370,9,431,161,16,346,335,284
113,408,332,233,162,120,313,264,230,82,112,238,237,41
298,3,266,429,108,9,264,343,364,282,389,139,228,224
8,9,40,228,332,309,117,17,69,427,29,343,222,147
335,107,202,94,368,86,237,66,360,264,428,297,62,319
309,213,207,98,16,264,284,8,174,364,227,125,404,160
431,54,364,167,368,9,309,94,147,407,359,57,8,17
213,202,187,139,343,164,282,335,228,437,308,285,24,108
264,236,133,109,228,202,142,8,29,93,151,237,162,253
404,262,309,3,428,264,358,324,5,216,198,343,323,194
371,343,147,264,113,162,219,241,64,364,109,152,115,94
225,229,311,353,69,268,162,387,236,284,305,161,1,386
98,405,108,243,8,238,346,87,11,423,111,323,139,360
319,162,308,430,53,303,368,204,229,343,120,377,8,364
57,253,336,196,398,264,8,338,144,309,161,151,332,214
111,243,246,266,291,144,168,226,86,364,332,282,313,272
109,4,313,61,305,413,94,369,199,162,196,277,16,108
167,381,8,134,244,332,162,282,347,43,9,190,237,431
321,40,372,272,138,111,77,340,139,74,346,236,257,161
335,348,162,403,183,67,364,264,346,8,148,237,310,153
94,229,335,108,319,224,238,138,332,248,168,358,368,250
120,229,400,377,437,161,196,343,236,126,104,284,364,431
166,94,58,283,271,343,264,8,161,63,257,431,17,120
178,233,226,204,146,266,404,237,3,227,431,138,246,229
346,149,272,66,108,343,162,217,371,11,17,224,8,227
228,428,167,45,94,134,246,368,316,1,398,343,405,282
8,437,162,104,298,308,109,202,57,94,289,168,147,428
309,76,228,9,104,426,146,264,181,94,364,144,226,298
224,108,72,255,364,147,377,146,368,229,94,332,282,62
343,294,300,203,324,246,228,8,66,416,147,94,254,224
16,346,362,133,22,238,86,154,162,227,421,377,228,213
272,120,56,63,8,398,279,66,196,265,57,151,42,213
219,404,282,147,162,292,407,202,16,264,204,56,234,8
204,237,34,368,398,264,8,266,272,213,120,94,229,238
343,109,49,236,8,25,404,157,346,89,228,17,63,162
151,264,11,194,8,88,86,228,346,349,83,246,162,111
171,237,323,298,309,42,108,437,17,305,151,304,284,264
3,377,308,264,317,147,309,226,370,316,181,272,364,55
94,27,147,319,229,437,109,169,8,62,404,172,183,246
266,229,305,265,299,94,56,108,264,243,104,13,11,377
180,305,226,328,224,401,164,70,394,343,196,243,169,375
236,133,162,39,282,332,169,377,264,272,319,108,94,161
111,282,228,43,260,147,204,428,405,377,120,246,335,52
437,337,11,204,377,289,213,8,371,169,218,1,264,343
204,232,249,423,305,162,437,57,428,343,256,365,334,77
335,34,264,283,316,332,303,8,224,12,107,272,15,404
360,241,83,282,229,162,287,195,196,298,210,17,416,246
335,226,120,237,133,437,407,17,8,228,439,321,332,323
228,162,246,233,107,396,43,151,66,237,272,308,358,113
246,265,335,283,213,266,120,162,143,66,4,228,311,17
133,437,284,74,204,57,265,11,346,236,198,295,113,266
319,343,328,104,162,392,437,228,266,335,377,224,94,8
162,94,120,1,404,264,217,349,398,62,8,194,202,266
66,265,94,437,41,180,139,7,264,411,202,113,131,435
335,238,16,346,94,12,244,161,227,436,17,120,272,219
316,237,109,64,398,404,247,86,108,320,337,272,266,43
243,307,108,202,104,25,38,264,318,371,323,226,360,310
358,364,167,373,335,224,146,120,272,94,91,214,409,219
1,298,411,335,409,236,264,151,437,62,162,43,94,228
1,284,147,9,120,238,346,309,57,8,264,407,229,202
80,368,404,9,111,436,264,109,355,266,437,108,226,289
246,284,244,9,121,264,368,147,204,128,162,238,94,398
377,308,8,323,227,213,335,85,244,298,360,246,162,19
243,43,57,213,94,396,118,120,309,295,236,11,343,364
144,136,66,104,196,94,404,361,437,343,368,161,284,224
364,335,162,404,259,224,346,437,355,264,196,316,337,202
133,431,202,343,282,171,266,369,3,162,358,272,229,204
364,368,204,8,385,360,86,80,104,228,335,229,437,264
180,360,59,276,435,161,313,8,298,264,167,439,213,244
40,99,138,238,266,167,398,358,208,309,151,56,343,298
56,226,244,224,351,227,343,144,111,42,8,196,133,266
277,56,104,17,332,109,403,373,237,24,339,297,66,364
181,266,17,437,412,228,227,252,120,272,90,264,39,335
108,217,61,343,437,391,229,282,385,17,360,227,40,377
335,131,108,113,162,224,398,284,404,88,358,236,208,362
94,431,43,56,238,358,143,339,40,63,201,196,282,335
8,66,9,346,213,211,343,110,229,144,228,272,224,360
358,323,213,147,167,236,398,8,111,202,204,56,431,61
213,313,335,8,237,169,225,265,118,377,343,346,229,418
293,17,8,169,133,62,162,16,282,70,398,227,95,235
1,309,196,343,405,56,354,437,108,8,273,133,228,226
94,86,368,328,111,108,372,100,24,162,364,57,308,360
405,243,404,11,143,144,313,228,392,111,39,377,224,431
236,11,305,75,244,343,196,398,224,162,151,40,146,147
9,155,286,40,298,168,313,343,202,162,8,100,124,316
264,246,9,228,398,364,358,151,355,8,227,108,437,335
227,272,196,265,323,398,210,17,226,264,39,172,21,11
80,265,264,305,213,30,94,147,8,282,272,204,338,437
203,236,198,133,226,201,162,237,437,107,384,238,172,138
57,8,392,86,17,238,316,83,62,108,43,347,407,66
201,308,11,137,56,290,437,9,104,272,368,247,149,278
407,337,94,213,47,162,107,346,332,113,3,309,264,313
264,210,94,228,308,229,283,17,120,349,226,244,219,282
435,266,133,236,146,8,343,219,147,86,272,246,196,16
139,94,162,236,107,272,228,266,229,313,348,323,113,437
236,428,113,337,167,111,181,8,62,264,335,246,243,177
43,418,228,341,155,144,237,62,107,17,204,297,335,161
283,230,83,229,246,343,384,120,33,309,282,9,319,368
405,56,111,86,335,125,202,107,229,94,358,437,161,9
43,280,86,424,282,161,263,332,343,139,210,70,264,62
86,229,238,284,9,282,274,133,308,107,88,264,428,58
437,139,343,3,162,282,335,284,202,404,385,151,255,120
196,302,31,381,407,162,17,237,246,86,256,315,297,272
217,341,322,204,108,405,162,1,229,236,57,62,339,161
162,354,108,9,264,109,335,428,83,115,16,122,94,365
343,267,9,346,437,8,327,94,16,224,11,162,265,144
17,290,246,94,120,434,244,135,229,6,437,236,40,167
360,224,282,355,244,57,335,342,306,302,162,368,133,343
393,19,398,305,9,404,282,246,16,358,104,368,224,264
416,228,108,1,111,120,43,161,283,437,368,104,222,346
423,169,238,284,162,244,264,272,431,298,418,228,16,167
94,266,225,384,69,238,282,196,78,398,264,237,64,34
16,235,109,346,228,150,227,265,398,389,364,94,368,405
162,108,282,8,238,364,107,120,37,228,266,151,264,237
161,67,11,144,111,266,264,282,308,355,346,283,271,377
377,398,139,341,255,136,62,368,264,17,49,40,424,1
12,343,237,265,94,2,43,432,1,11,109,120,264,438
163,2,343,58,29,264,39,10,1,32,120,94,86,30
144,168,66,56,264,228,39,358,316,345,233,437,69,8
346,398,11,109,66,62,319,151,265,246,358,213,94,120
40,196,342,8,404,332,437,1,171,213,142,266,233,111
31,227,343,264,231,244,162,12,259,381,43,167,17,437
27,237,239,94,229,69,244,360,243,437,181,144,313,209
332,266,8,311,346,86,111,337,52,202,288,106,3,104
266,225,404,94,17,358,297,107,431,224,437,298,264,308
437,94,113,8,298,27,224,343,75,213,19,405,56,17
8,17,335,288,118,402,86,391,224,330,368,2,234,282
399,203,105,265,147,323,346,266,377,162,343,202,104,40
378,57,48,264,251,392,204,246,8,316,312,107,167,298
345,213,343,335,423,39,202,212,94,147,282,236,183,298
204,81,391,238,191,219,111,407,437,8,94,337,404,368
183,343,104,43,167,428,108,83,246,287,431,224,272,39
8,229,39,265,346,202,242,17,368,151,364,224,9,31
229,282,391,3,63,377,226,161,332,244,57,108,308,140
196,66,162,431,154,335,229,9,256,228,352,266,308,86
219,109,162,346,16,236,62,196,17,82,110,404,94,282
228,104,127,8,437,40,237,368,94,377,346,39,255,229
229,15,272,319,332,236,213,282,383,25,243,376,111,94
228,54,220,374,107,368,385,335,337,272,199,358,404,169
266,224,223,109,57,236,56,437,313,377,319,117,133,0
368,229,169,17,2,312,390,16,343,282,266,89,308,199
224,111,283,284,113,407,291,236,41,295,186,120,109,16
394,236,16,204,335,109,35,72,431,162,309,412,1,404
414,9,108,437,94,381,202,120,139,162,169,66,17,82
109,264,404,159,368,238,423,343,9,335,236,151,405,209
358,224,17,139,246,428,193,151,266,329,341,282,183,9
246,377,94,437,8,335,347,229,56,366,107,282,196,298
428,236,437,396,176,109,228,361,94,162,204,224,343,306
204,344,229,308,133,246,437,368,334,282,323,285,420,56
437,284,108,297,404,360,94,316,268,313,398,202,227,282
229,28,290,151,99,109,236,23,8,431,368,111,360,309
394,229,224,204,345,144,228,77,162,86,243,108,325,120
244,335,108,243,309,358,379,226,264,94,238,45,26,407
49,260,162,437,151,161,343,228,229,57,111,368,236,8
437,346,57,313,316,162,151,222,196,356,311,319,213,183
407,94,86,161,346,319,8,57,169,437,377,428,204,162
5,305,237,8,151,414,17,313,66,226,90,196,147,161
144,229,9,343,50,213,430,358,346,264,147,94,108,16
62,316,283,298,117,335,360,239,43,9,428,343,171,151
128,196,86,313,202,168,278,407,159,162,167,360,437,94
346,19,167,227,313,437,404,94,333,162,68,43,8,111
237,228,209,39,213,313,431,94,224,332,104,335,139,398
228,284,272,66,153,319,88,186,309,358,86,398,204,62
159,346,162,272,246,368,33,228,323,348,158,16,168,17
316,377,9,161,246,335,228,255,43,204,392,407,360,398
368,16,55,40,265,309,428,416,192,437,404,316,308,8
135,162,174,431,57,169,40,147,111,282,428,265,437,264
227,398,113,1,355,335,62,104,319,17,255,162,86,265
366,107,335,264,17,157,120,116,266,228,224,246,8,108
3,228,32,151,56,97,343,162,89,237,9,229,246,8
66,347,213,4,346,196,266,343,388,244,169,144,392,238
272,17,437,258,94,404,237,411,187,166,213,57,133,335
224,437,94,343,133,162,394,57,219,144,246,264,284,428
40,343,323,108,272,431,94,345,264,204,29,364,338,283
196,1,224,82,413,9,94,348,228,266,285,68,264,244
398,253,438,377,64,11,237,104,429,319,396,111,219,213
282,346,335,8,108,308,19,318,43,260,360,52,62,15
305,141,162,343,177,348,8,323,169,354,272,229,228,266
193,437,224,403,157,222,237,162,308,39,266,236,332,8
89,130,343,264,53,224,67,437,368,133,298,420,266,94
43,8,381,163,162,148,71,372,41,305,226,398,42,437
147,104,43,284,313,224,297,346,243,264,368,335,94,31
303,202,228,11,151,272,309,266,104,335,343,144,77,264
70,246,436,431,292,323,398,213,162,364,94,9,169,359
