1,5,372,289,264,311,228,108,28,375,286,169,162,23,314,104,86,8,2
401,129,346,219,150,84,323,139,437,324,282,167,377,213,62,236,431,162,316
323,212,200,313,151,238,228,113,163,229,306,94,15,405,66,437,196,57,115
39,35,5,23,20,364,308,237,83,323,162,17,264,358,16,266,213,57,108
236,109,431,297,42,40,162,151,264,111,167,226,428,341,309,228,66,29,113
120,94,8,113,308,238,219,309,228,264,211,42,142,134,162,266,343,117,154
246,435,398,282,305,111,419,8,109,437,104,319,151,332,323,94,149,224,108
309,167,92,108,82,437,266,104,243,246,335,139,84,343,237,62,364,283,60
144,236,415,264,299,111,224,297,407,109,94,265,398,364,335,58,319,438,8
437,94,404,145,246,132,324,162,231,298,227,398,86,104,43,65,23,39,108
405,229,158,202,284,139,108,437,194,8,332,104,109,398,391,84,219,308,113
305,94,266,228,39,151,86,8,196,264,214,364,319,118,3,246,313,213,431
335,368,272,282,65,22,196,248,308,94,66,293,284,360,84,428,8,17,211
11,303,108,219,6,244,50,282,213,358,264,280,246,377,229,109,157,87,360
147,311,59,120,264,238,354,313,43,225,309,256,94,261,50,267,227,8,265
120,237,177,287,217,402,162,246,316,343,308,324,8,9,360,265,332,153,405
196,211,229,56,207,62,94,377,365,344,405,335,272,96,238,227,364,189,237
437,62,120,194,195,3,377,213,8,343,272,56,360,161,296,139,151,224,43
343,238,162,220,147,404,219,313,228,45,338,282,264,317,272,176,120,57,86
358,437,309,162,25,282,374,236,305,57,139,151,263,8,23,11,398,283,407
308,358,167,264,39,228,237,398,362,273,366,282,428,333,168,335,43,319,212
152,204,377,272,283,43,138,169,162,264,238,390,236,120,16,11,17,332,94
272,162,131,343,39,167,128,109,94,11,404,437,43,83,372,266,204,63,298
407,8,363,87,162,309,343,308,364,66,144,226,107,153,111,244,332,94,160
139,227,284,1,109,108,437,308,346,224,57,335,153,171,167,343,259,113,272
40,16,305,134,41,343,8,283,213,94,109,24,161,264,404,47,360,335,51
131,162,94,264,394,259,110,255,428,62,57,31,133,305,335,368,229,400,303
162,207,140,284,56,9,8,228,202,40,213,118,391,368,120,264,133,346,315
266,308,9,237,368,57,319,62,272,346,313,398,56,120,196,343,119,5,437
272,307,151,229,283,8,17,94,52,428,104,224,297,237,404,162,228,360,246
111,196,109,298,147,272,405,398,66,404,40,309,343,202,346,358,195,246,244
17,162,404,120,264,104,328,405,133,309,111,368,94,136,8,292,289,243,229
265,314,99,228,213,196,264,272,8,364,242,151,11,282,238,229,43,144,266
368,407,275,141,437,255,238,282,94,162,305,244,246,224,309,144,236,227,11
196,282,161,264,86,266,147,186,404,3,229,106,345,28,313,334,335,381,8
346,411,229,348,364,396,121,272,59,180,51,8,179,62,224,400,108,201,284
360,264,62,169,178,294,428,346,431,316,8,56,267,335,196,237,117,243,113
113,332,17,343,8,226,313,228,120,112,280,316,196,43,238,202,86,9,323
294,109,428,120,358,229,221,139,137,94,202,43,289,76,169,194,264,238,8
323,407,284,86,88,272,377,69,120,9,316,228,319,417,246,437,41,298,264
198,368,297,282,398,313,264,236,56,237,335,109,358,9,265,229,220,272,364
335,94,27,229,151,390,73,377,405,66,294,343,246,272,354,298,196,255,120
309,169,419,265,383,224,229,317,94,43,431,343,298,236,8,226,167,437,104
75,238,346,31,40,57,343,94,419,17,16,111,38,169,215,309,297,377,8
404,167,272,8,243,368,437,377,71,335,428,94,226,56,161,305,108,343,246
419,238,40,228,94,276,213,346,186,437,62,398,202,120,39,9,108,162,364
343,309,73,266,45,282,196,151,308,120,249,291,305,183,17,346,228,8,368
178,120,364,107,407,264,86,94,56,316,265,274,373,332,133,308,57,213,17
284,377,368,428,94,225,309,272,62,343,264,425,313,238,260,404,237,202,169
111,162,8,3,236,203,202,364,287,277,404,323,391,228,386,35,107,45,246
159,111,360,323,338,405,371,355,264,108,431,265,319,34,195,120,245,39,8
62,94,237,224,111,246,184,404,273,282,147,137,9,196,236,57,287,427,203
398,343,227,237,90,86,94,358,359,236,202,283,393,417,43,352,264,111,196
356,109,364,107,161,232,111,360,343,1,5,267,237,316,272,332,104,8,295
360,9,229,228,236,224,144,368,237,139,384,56,39,133,264,233,325,246,343
344,437,309,276,162,298,108,297,94,1,66,8,332,109,343,117,138,398,224
109,196,52,405,113,428,323,358,227,398,202,224,422,265,14,289,274,308,298
202,229,284,94,309,237,8,224,417,346,405,206,246,238,139,192,252,124,17
264,162,133,43,66,368,236,234,317,364,26,305,9,86,104,439,437,237,307
204,202,103,419,84,364,39,17,227,209,8,335,319,32,1,220,94,431,398
364,94,167,309,264,316,428,377,437,246,313,319,147,111,8,196,343,107,236
189,107,343,109,167,104,284,411,11,224,113,229,282,364,204,111,439,435,283
39,107,181,332,237,202,94,264,162,283,229,126,392,62,427,431,86,195,437
346,358,167,405,39,377,169,8,108,437,264,431,162,7,282,233,196,343,43
346,335,405,35,5,161,265,56,43,264,111,167,217,162,144,266,238,298,359
377,244,237,139,162,236,104,213,56,185,272,437,94,346,398,58,384,108,264
229,131,340,282,228,56,196,264,374,94,237,405,120,220,40,305,1,265,224
9,55,162,283,405,356,305,237,10,147,94,169,311,204,8,219,243,313,398
8,101,264,204,196,219,311,343,1,150,47,66,265,32,224,313,266,286,228
120,437,62,284,108,213,39,360,361,9,398,229,395,255,364,168,72,220,377
196,8,66,108,111,43,20,364,343,109,353,246,281,428,40,236,238,17,272
167,343,94,360,104,162,17,398,313,151,9,265,377,332,364,72,107,44,195
237,104,11,358,38,147,228,8,407,343,86,167,120,162,282,196,323,238,108
405,381,57,264,224,17,56,161,333,237,309,238,148,196,437,228,368,8,329
294,369,323,111,404,104,94,148,147,169,3,368,343,220,56,439,398,275,264
228,264,204,115,316,151,407,226,219,167,308,43,212,17,35,120,238,236,140
200,213,229,94,428,431,120,8,107,266,264,368,433,308,224,45,404,16,173
162,77,264,43,167,199,355,20,8,405,298,360,261,266,227,113,399,224,398
209,19,94,346,169,319,217,222,244,8,276,84,358,17,428,405,437,76,110
219,9,204,368,246,364,254,390,431,272,332,147,11,62,244,133,267,66,437
3,195,264,323,94,266,246,237,335,295,224,319,147,226,404,332,66,377,9
416,109,8,113,360,309,288,104,162,132,266,343,94,116,187,17,226,111,282
144,66,401,94,90,339,43,57,106,398,219,169,162,368,319,56,235,116,323
229,48,9,56,358,1,224,94,309,11,8,62,375,12,264,368,111,265,283
374,383,43,385,368,226,145,272,28,8,431,107,364,304,346,335,219,275,204
358,147,266,341,284,31,84,111,171,377,264,139,282,318,391,332,118,219,162
35,8,229,332,284,66,162,11,246,439,337,244,352,431,16,133,113,228,153
196,305,94,204,309,58,359,39,236,398,148,162,428,319,229,9,157,67,437
9,246,162,298,139,377,308,35,21,74,71,236,39,264,213,81,253,1,309
167,297,283,428,3,228,227,65,237,343,244,94,398,120,90,326,40,161,213
147,282,1,32,40,343,244,368,11,298,384,159,310,162,377,107,65,361,346
236,343,48,427,1,16,394,144,9,398,282,335,400,8,75,162,35,62,10
437,337,227,236,398,57,133,377,257,196,111,43,139,94,229,264,238,335,373
104,213,428,39,8,319,377,68,54,161,284,343,313,212,236,246,167,9,238
102,88,136,163,224,196,58,204,109,167,45,111,202,9,162,237,1,168,233
437,94,229,209,398,187,298,162,39,238,319,358,204,237,364,108,343,284,9
272,1,362,332,424,57,324,405,382,246,377,47,80,225,88,211,71,358,221
204,276,169,439,36,267,228,99,265,234,416,437,8,284,309,94,264,236,343
266,398,8,111,236,94,415,155,264,272,113,431,200,265,307,348,1,228,406
8,162,94,204,435,224,72,11,284,309,66,108,227,249,169,343,10,37,214
368,8,69,404,244,237,212,282,428,216,240,162,151,66,200,196,11,147,142
8,346,264,285,162,82,104,332,94,236,405,227,437,282,316,424,229,93,113
377,120,305,358,228,343,204,67,101,94,108,23,405,139,266,398,230,1,437
244,228,204,178,196,272,308,245,213,324,8,309,224,246,437,1,343,360,133
255,9,94,72,66,138,313,85,3,335,264,305,148,228,207,62,104,272,405
276,398,204,162,229,377,213,264,248,94,40,151,8,221,86,343,228,358,144
227,224,111,219,404,40,43,3,167,45,282,398,238,162,226,360,120,10,150
161,274,364,400,229,424,332,11,343,88,226,133,405,319,272,17,162,313,231
8,229,343,43,305,3,265,346,428,56,309,86,246,404,212,16,431,368,161
94,11,265,238,341,332,284,360,285,377,343,120,404,8,108,437,435,139,438
343,428,236,213,96,377,358,104,107,9,246,147,341,264,62,20,89,8,436
133,139,404,343,202,94,332,229,233,162,315,135,319,9,224,43,237,113,56
9,196,229,233,228,236,147,264,40,422,389,202,311,358,167,161,323,308,58
40,410,224,431,346,120,39,151,94,272,161,16,432,266,9,377,238,282,409
398,404,214,309,382,104,84,9,107,229,120,284,94,385,228,358,364,8,62
120,437,243,161,9,108,116,264,238,323,66,11,17,43,226,284,107,392,219
402,237,108,266,133,8,236,203,227,162,98,398,139,172,270,120,228,94,404
407,246,149,16,207,189,84,204,144,298,404,244,11,93,94,227,162,343,398
40,196,94,61,313,319,194,347,226,246,17,77,62,433,328,360,343,332,170
413,272,8,264,107,101,348,228,335,109,238,265,5,308,66,120,213,196,435
162,11,42,266,8,379,190,71,102,368,437,120,265,204,89,332,335,283,94
396,364,147,229,265,243,42,272,16,126,24,346,202,204,238,88,137,108,167
17,377,168,338,219,9,264,319,348,147,343,111,229,8,151,335,108,162,391
94,161,403,344,121,64,347,437,360,343,86,243,282,264,120,224,266,305,236
227,265,229,334,8,228,69,302,272,309,24,213,153,335,282,48,398,196,264
120,227,229,180,343,17,437,387,364,335,346,136,351,377,309,62,266,57,168
8,202,115,238,398,264,162,39,120,3,343,211,437,422,94,1,66,377,224
358,349,226,319,107,437,266,247,368,147,162,10,3,338,111,213,8,17,219
377,235,264,196,17,229,3,437,346,327,213,130,66,237,8,94,283,20,431
162,243,120,431,157,223,366,238,228,377,156,416,247,66,430,265,325,104,196
335,287,305,43,94,162,343,8,135,334,183,109,200,66,405,346,282,133,17
133,264,222,111,266,374,162,335,196,316,16,309,272,368,341,360,229,10,120
246,151,224,308,213,139,125,237,416,162,8,316,17,256,172,332,238,372,368
8,107,169,213,43,398,313,6,438,196,147,308,9,67,401,162,266,109,229
237,19,56,8,139,94,82,343,43,162,236,63,264,144,10,222,75,84,213
115,389,144,104,224,94,147,66,182,99,246,100,8,283,272,17,214,298,343
1,126,215,363,281,147,40,8,305,332,11,298,267,130,162,151,109,113,237
136,423,8,308,407,68,316,346,94,364,213,162,298,167,437,377,305,228,202
332,343,8,368,305,131,309,46,237,113,162,202,428,94,151,364,346,377,9
324,222,65,11,56,335,435,202,105,114,337,398,282,151,94,305,264,358,429
428,364,391,94,343,237,415,264,9,76,62,161,368,332,438,138,39,381,202
160,265,238,226,142,407,254,179,243,84,428,62,167,213,229,405,351,56,17
17,213,264,335,238,227,94,162,246,43,155,16,115,226,398,169,255,133,45
237,109,244,16,43,358,348,265,120,350,309,161,162,431,336,437,224,364,196
237,94,100,398,147,343,133,224,220,191,341,43,308,139,73,275,127,368,266
1,228,229,224,31,94,343,17,345,433,308,264,202,0,237,428,297,435,139
243,28,358,437,133,94,16,11,111,169,335,374,120,9,284,226,398,229,254
8,282,411,60,416,346,368,86,108,45,316,9,238,229,264,228,364,327,244
347,358,364,11,435,8,133,194,298,162,238,343,57,437,169,161,87,284,94
335,265,43,226,343,219,368,109,229,161,437,238,228,272,401,20,94,398,56
187,49,120,404,196,228,305,264,254,368,109,112,318,8,56,144,65,266,332
236,94,213,267,381,264,16,111,66,109,237,9,405,284,1,401,395,142,162
430,8,323,389,61,264,403,162,39,62,297,275,11,56,94,30,22,437,308
309,8,228,358,152,317,58,161,202,57,373,54,104,0,405,226,360,407,147
162,272,349,66,175,47,8,49,62,377,120,34,224,426,94,57,266,343,428
411,284,66,368,133,156,39,402,1,167,236,4,26,404,415,108,266,213,67
94,266,3,113,285,244,346,202,40,169,104,404,0,343,335,264,224,226,43
94,271,120,398,229,342,151,17,196,334,217,97,16,346,335,43,90,437,219
437,407,363,428,394,94,328,229,213,39,237,139,66,111,30,162,236,93,196
288,264,428,404,437,227,224,107,167,111,407,267,51,352,196,237,393,97,226
246,43,316,237,58,346,213,305,8,404,254,236,110,109,384,298,228,196,343
243,204,162,222,71,358,151,111,39,1,66,3,404,272,343,248,264,236,422
226,104,368,94,236,306,319,246,439,383,346,179,108,364,308,19,328,385,229
94,162,346,52,237,236,246,343,407,169,360,151,64,17,0,27,57,3,385
111,202,118,219,11,3,144,334,9,151,73,249,343,40,323,17,117,316,298
8,343,364,1,237,238,236,398,227,94,223,86,181,390,264,283,168,347,116
316,162,108,120,224,431,244,196,234,43,34,9,437,364,398,264,166,238,94
346,387,229,202,43,193,224,404,147,86,437,272,398,94,318,111,405,57,368
237,140,130,288,229,323,404,266,368,246,393,319,121,343,346,305,273,265,228
236,50,346,327,151,43,319,332,161,224,264,312,227,313,428,111,246,162,228
226,155,228,343,410,266,8,196,33,133,17,302,368,74,62,56,272,391,227
320,106,407,282,343,404,117,227,335,246,8,298,308,309,147,198,88,120,243
194,284,53,9,411,144,94,364,8,368,17,265,237,111,319,165,169,16,271
381,213,229,113,358,357,281,374,343,224,323,23,94,329,406,407,196,2,8
56,264,343,19,147,232,332,136,266,1,63,120,160,253,319,109,358,86,196
335,161,212,162,237,120,373,108,343,8,72,139,264,236,186,368,332,40,219
94,264,407,196,228,244,237,104,246,57,151,213,291,282,416,404,92,43,219
1,7,86,5,201,59,385,40,8,250,88,332,109,238,368,47,264,407,62
405,264,266,377,40,320,309,282,346,144,272,169,404,202,6,171,437,162,201
39,297,431,282,28,246,207,54,335,168,316,8,346,266,237,179,229,236,117
108,202,308,264,224,196,66,282,109,111,305,161,213,228,159,238,39,360,236
283,343,236,108,382,167,428,309,109,72,228,39,144,213,264,64,368,169,202
14,266,228,236,392,1,94,229,238,224,253,305,8,246,398,164,162,431,368
147,237,133,346,285,161,343,1,213,167,155,360,257,211,226,335,8,0,103
394,94,422,196,430,51,282,57,161,8,437,120,368,1,266,323,204,166,316
243,332,335,224,17,308,120,213,168,358,407,169,9,209,84,266,340,223,113
319,266,4,84,405,57,8,226,86,238,436,407,48,43,264,181,282,196,360
23,360,228,432,309,161,165,17,428,437,94,229,265,236,62,120,351,237,282
94,346,229,322,151,8,404,351,303,335,368,266,167,394,9,17,319,237,169
282,265,9,120,437,62,237,238,111,1,229,316,404,94,236,405,167,12,66
228,108,94,405,342,62,368,343,192,1,289,266,264,436,437,404,358,246,426
318,43,343,346,201,108,109,8,224,319,15,292,66,198,57,360,56,369,332
168,305,3,308,76,228,186,437,282,1,107,8,158,113,224,297,346,246,266
39,162,229,343,358,48,28,426,111,219,4,332,385,297,8,301,368,56,204
377,264,358,21,404,313,8,162,408,156,62,437,63,108,431,16,211,343,1
62,167,64,107,169,155,104,168,124,346,312,147,11,382,139,244,1,223,238
236,162,368,246,305,282,358,143,81,394,243,94,346,168,169,404,8,1,216
162,56,439,139,398,39,266,229,35,304,129,431,120,111,108,437,360,305,43
120,289,437,264,313,224,17,283,439,227,196,358,328,248,66,354,236,288,104
236,282,17,224,209,365,334,362,213,244,196,368,54,133,167,204,94,150,67
283,104,17,108,224,428,56,9,43,120,319,335,437,259,8,354,193,66,204
104,286,64,283,151,47,94,54,338,309,120,435,196,407,284,48,343,246,437
109,229,134,94,346,319,45,398,343,368,309,117,151,113,1,364,8,437,339
34,343,360,108,298,437,195,266,264,323,109,366,358,236,305,404,162,1,244
196,16,214,437,106,226,86,187,229,298,48,404,264,332,272,337,113,368,62
377,308,94,151,265,248,313,43,305,436,346,237,368,316,104,11,405,224,161
147,229,219,297,109,346,162,226,283,9,21,56,94,244,66,264,62,204,16
162,57,437,133,166,56,298,264,224,115,428,94,209,365,377,238,196,146,179
94,1,107,226,358,224,264,103,133,204,161,368,266,86,364,407,231,428,124
12,162,15,266,111,229,268,332,360,272,264,263,237,57,207,39,107,108,308
185,316,437,8,420,237,404,56,341,364,332,265,324,118,343,43,133,66,212
316,17,16,265,202,303,226,84,368,104,169,62,196,117,358,437,309,224,331
16,335,109,202,8,213,282,264,120,5,252,437,297,74,227,343,283,111,204
323,8,404,264,226,229,368,31,108,313,329,437,284,162,246,364,294,266,224
335,332,284,266,272,316,343,365,196,229,202,264,362,352,361,46,94,392,16
147,133,346,236,306,323,272,228,94,39,17,244,364,167,139,109,264,218,151
111,108,162,8,17,213,439,94,226,265,107,109,264,15,282,35,151,364,56
398,405,238,41,229,264,110,8,308,343,298,17,416,346,243,120,224,139,255
272,292,139,198,48,368,437,202,224,223,428,62,86,226,142,377,346,1,343
217,343,390,213,75,211,253,398,227,335,309,229,62,14,237,246,238,228,201
319,151,164,368,162,131,47,41,360,264,167,48,229,54,58,246,62,308,283
265,437,377,162,209,238,228,51,229,219,224,319,404,19,298,343,9,407,398
236,297,243,420,204,373,263,431,94,8,1,316,216,167,229,11,56,335,237
236,278,346,237,8,62,108,272,368,398,437,5,0,332,298,162,305,323,264
371,109,264,108,39,236,265,167,437,318,298,246,213,8,424,196,335,398,191
8,272,62,196,264,16,85,84,407,313,111,226,337,343,335,126,431,26,162
203,323,266,44,382,364,360,238,264,200,309,8,94,120,386,428,204,108,3
364,343,374,351,196,357,167,308,198,9,109,204,1,354,337,108,306,187,111
94,75,127,236,266,264,394,244,162,265,282,368,62,348,213,120,17,398,113
343,246,264,94,335,204,229,237,222,133,108,227,412,284,282,236,9,224,111
348,265,404,346,94,162,9,356,209,63,308,405,57,272,167,428,437,353,264
40,332,244,134,228,253,162,335,66,27,265,346,237,412,364,316,113,17,72
162,236,224,335,113,272,284,308,163,368,148,287,396,364,309,407,111,432,264
3,71,161,12,335,8,328,358,411,83,11,241,162,109,113,40,343,104,111
141,404,405,323,282,177,364,238,437,169,288,8,428,108,309,237,183,363,227
309,343,149,346,335,66,24,238,219,319,227,107,109,237,404,204,17,265,377
58,144,116,352,264,437,360,93,56,17,1,265,390,319,18,428,228,334,282
224,244,45,12,168,140,229,213,111,162,43,94,57,437,266,8,282,360,228
136,219,43,8,3,258,238,368,437,243,223,213,94,282,58,229,143,295,272
11,162,282,47,398,343,6,87,308,437,1,429,266,33,8,312,94,219,14
339,229,144,319,265,323,88,204,405,57,1,95,62,187,169,335,253,224,77
243,228,151,147,8,324,9,19,43,111,11,328,398,227,364,343,404,316,305
343,120,236,94,224,238,43,267,146,297,99,56,162,306,346,398,17,144,237
238,108,120,107,418,147,1,432,86,144,41,229,347,69,48,219,246,407,104
104,8,304,346,84,236,86,107,244,224,44,95,133,264,278,265,225,298,139
196,17,94,161,284,62,265,243,431,39,7,304,404,264,343,272,86,45,358
11,238,398,167,8,351,360,284,277,57,316,235,219,428,12,224,295,39,194
309,94,23,377,36,429,396,403,264,283,80,229,368,265,395,341,228,66,147
238,78,284,377,398,56,343,366,407,43,94,264,162,228,133,282,338,103,333
237,246,405,398,380,43,9,368,342,212,236,202,335,151,165,309,377,78,8
35,319,0,392,302,238,360,110,431,346,43,246,228,94,282,309,368,350,272
196,211,228,309,360,407,8,354,364,111,437,113,377,144,243,246,405,130,412
144,33,413,120,11,264,219,236,346,368,366,237,151,360,343,431,97,336,261
133,405,86,351,249,335,320,109,172,264,376,244,167,266,227,437,343,377,1
141,8,28,226,283,228,404,54,229,308,144,104,181,17,166,10,282,238,372
337,180,364,265,219,282,62,8,305,196,224,327,43,228,237,94,173,209,227
8,213,338,298,107,88,353,94,202,341,375,437,309,39,9,188,19,351,86
94,57,266,224,313,204,162,16,433,179,9,267,213,219,108,107,236,398,48
224,409,1,282,153,228,55,154,213,437,115,398,16,229,9,233,162,329,370
8,284,213,162,236,428,343,238,57,358,169,422,168,104,316,235,107,167,305
237,278,66,111,243,120,58,310,319,86,246,343,368,9,235,94,162,213,428
16,309,375,282,283,320,125,144,423,2,213,264,162,149,120,147,313,226,61
142,95,377,404,111,9,305,316,167,68,407,113,423,265,11,94,16,335,282
428,94,108,323,277,394,237,437,162,343,104,298,228,84,364,238,407,227,9
346,398,272,343,120,17,308,108,424,228,264,236,162,293,147,368,113,437,8
346,196,272,305,213,117,202,368,144,237,90,8,224,335,147,243,404,161,282
147,431,94,8,236,343,360,404,40,437,113,377,428,321,387,87,57,70,9
94,346,437,282,402,66,236,368,360,246,228,243,332,284,308,133,364,43,162
364,398,404,94,120,1,111,313,229,343,70,118,17,11,246,368,202,207,297
58,438,213,111,246,196,126,423,9,56,316,62,407,309,94,272,398,133,343
109,364,377,381,179,162,133,151,264,368,273,361,94,238,16,144,1,107,343
28,108,188,335,113,162,264,161,15,307,265,229,8,317,237,319,332,152,94
283,83,108,346,396,94,75,276,213,264,57,104,233,294,291,316,113,229,169
83,86,266,181,263,255,133,358,308,39,387,335,272,94,364,151,213,196,238
213,253,8,317,390,386,136,94,238,58,147,437,19,224,246,228,146,17,398
343,360,238,213,368,228,272,427,8,94,320,9,162,246,297,346,328,428,335
377,323,277,238,108,364,332,303,261,153,266,95,257,224,227,27,392,22,343
120,23,402,228,407,16,272,72,361,360,56,437,408,246,196,21,264,179,94
309,82,323,341,40,115,368,236,9,270,213,298,208,375,8,265,365,335,169
112,282,366,39,399,43,392,229,439,8,437,389,57,27,111,161,21,234,236
39,367,9,113,413,346,343,243,107,228,169,94,8,168,398,104,180,56,305
407,391,346,169,393,332,43,297,16,194,437,204,99,245,218,211,151,168,392
243,18,8,161,162,94,226,109,403,343,151,1,9,96,284,404,120,350,43
309,57,343,346,111,66,176,213,108,31,8,335,308,368,296,246,319,437,229
109,111,8,33,58,147,437,9,62,202,94,171,229,224,43,282,398,420,264
1,272,228,202,66,411,111,43,224,381,3,428,323,244,309,62,167,229,34
222,39,56,439,228,404,219,169,168,171,57,238,89,8,108,237,9,66,111
87,162,430,3,346,332,204,115,196,323,4,364,1,228,8,17,66,361,363
319,392,264,84,265,213,1,137,155,113,47,421,9,335,266,43,269,181,132
57,352,237,264,62,365,358,343,292,88,66,39,128,162,437,272,8,120,154
346,51,228,404,94,88,223,347,298,43,295,9,85,229,107,8,237,272,204
428,87,39,398,172,343,352,16,381,225,66,147,282,62,313,246,439,236,204
17,297,162,94,229,120,308,68,368,66,8,364,343,325,431,213,151,437,377
237,272,240,437,219,343,309,246,104,226,109,94,167,111,224,55,328,379,372
248,422,230,226,309,308,8,224,55,169,259,19,283,161,88,73,405,306,236
229,8,309,433,282,362,228,204,428,437,358,305,266,224,246,237,264,40,227
213,369,244,437,320,382,94,1,162,264,283,103,346,338,237,246,282,405,229
17,236,111,305,173,265,282,16,368,8,68,405,359,98,297,95,113,364,94
377,4,360,343,428,391,193,437,104,38,133,332,204,238,229,213,39,432,57
389,255,17,204,161,236,297,246,411,229,358,146,116,147,224,266,357,133,139
162,243,11,111,66,229,213,56,358,224,228,342,305,244,94,404,343,221,308
118,8,358,16,204,283,15,272,57,298,407,78,94,274,149,237,302,262,343
161,298,8,335,295,49,108,229,3,28,264,226,246,16,343,404,62,237,111
193,360,94,9,308,407,11,88,162,43,213,437,8,343,160,368,104,29,120
308,94,338,52,8,264,229,82,370,404,224,225,155,249,228,237,437,1,162
437,236,361,43,16,308,255,8,120,433,227,343,264,17,404,228,398,55,84
187,111,437,145,237,72,43,11,113,404,186,17,224,8,307,107,147,377,335
40,405,147,9,243,305,94,321,100,162,97,223,236,224,142,255,407,86,294
346,284,237,60,7,56,162,25,94,307,88,368,220,51,266,8,437,1,226
297,343,391,59,219,405,437,213,227,17,209,62,403,202,9,8,57,66,284
161,222,109,41,329,7,228,1,179,297,237,66,343,144,52,20,113,316,11
372,66,237,228,176,84,319,236,94,43,257,162,272,343,111,144,229,224,306
335,228,152,162,161,428,57,94,264,343,345,353,229,181,84,62,260,360,356
364,358,308,207,273,337,42,68,28,377,428,309,147,202,231,224,26,343,144
144,86,428,66,294,17,431,219,264,1,223,167,405,162,204,437,4,8,94
66,168,196,309,94,162,272,104,228,335,398,283,227,61,1,368,319,8,12
104,213,53,57,224,144,238,196,237,109,62,39,147,139,202,335,111,204,282
59,437,343,346,283,43,224,39,219,398,38,246,108,32,360,266,168,237,226
184,284,437,264,196,364,409,343,40,360,346,246,428,383,8,404,398,147,94
46,237,298,121,202,200,437,204,343,11,43,360,120,265,58,282,34,219,1
161,335,196,104,360,381,229,246,57,299,238,237,268,151,1,21,187,398,405
319,308,85,343,62,119,298,229,204,309,107,113,266,8,368,94,228,360,407
24,316,189,213,308,17,266,222,335,264,42,57,272,235,23,437,237,309,282
226,127,404,94,262,283,178,43,228,62,129,343,437,49,55,162,8,237,224
144,391,94,23,245,405,207,229,346,343,108,133,111,84,237,272,202,8,355
109,108,162,94,262,7,73,131,284,151,319,309,358,133,348,105,208,227,48
264,162,19,343,284,427,229,17,298,346,319,308,16,95,329,237,316,94,84
130,428,139,57,66,343,335,264,437,62,147,244,204,404,284,19,238,20,258
292,9,368,377,244,348,265,171,316,167,343,428,161,371,308,416,375,162,335
229,9,381,168,385,52,107,227,86,294,308,228,327,272,40,297,166,368,377
17,343,246,265,398,94,272,431,437,282,323,407,238,225,211,264,362,250,309
162,343,224,272,94,298,8,17,202,126,403,3,308,167,140,360,369,40,169
43,355,309,193,111,346,431,8,202,282,360,107,120,39,377,213,1,161,17
423,108,237,236,39,343,364,293,284,226,368,335,94,345,302,407,381,182,228
213,75,437,152,165,8,238,265,391,333,282,133,167,94,120,338,127,284,381
11,104,144,211,237,272,313,343,159,8,229,332,324,66,298,282,438,106,246
133,198,438,113,209,45,107,377,8,404,139,343,424,228,277,324,298,335,79
120,282,162,266,168,202,284,228,243,389,147,373,431,57,418,437,62,377,237
264,133,3,280,28,346,70,183,368,86,309,58,226,266,343,120,43,382,244
245,224,228,172,316,107,372,120,202,43,308,364,104,94,66,272,130,162,39
368,111,69,196,407,424,229,120,66,358,162,394,319,86,9,364,436,142,298
343,282,337,312,368,169,431,264,202,178,120,398,44,56,288,108,221,236,237
161,264,413,268,8,213,437,348,368,43,1,297,151,156,3,40,354,299,104
108,107,228,244,368,162,297,340,39,282,8,287,226,243,224,264,323,335,432
9,272,86,21,204,437,202,343,43,72,224,107,120,238,266,332,94,69,319
224,425,332,364,1,347,57,256,237,343,194,16,266,162,43,66,438,319,243
21,113,94,335,89,246,404,364,104,236,5,29,40,309,238,43,204,107,343
40,243,16,305,424,183,73,226,266,229,352,343,298,219,272,237,17,264,218
364,16,284,11,282,4,108,343,56,94,224,169,226,246,112,264,17,437,219
224,108,343,30,89,147,228,167,335,8,14,287,364,265,76,264,368,346,62
16,346,139,66,437,133,161,309,282,57,377,120,338,284,368,103,192,213,113
393,147,313,351,227,56,1,169,8,407,113,428,40,404,66,144,162,355,368
301,108,213,428,8,313,228,196,111,86,266,343,162,319,357,364,229,144,407
343,139,364,16,266,284,11,313,167,224,1,368,120,227,196,74,360,111,416
158,133,62,16,147,343,375,94,43,335,229,264,224,265,228,332,340,226,8
323,282,110,144,204,411,309,343,43,120,332,266,15,194,11,227,428,139,155
405,426,182,343,202,56,8,404,37,196,133,346,158,308,147,15,94,151,335
228,238,120,162,343,358,221,219,237,332,23,246,56,8,151,303,335,368,39
202,282,111,361,151,213,309,225,169,109,94,170,201,133,147,332,115,351,162
407,398,343,381,2,272,255,228,401,431,246,161,17,143,94,284,103,162,167
9,294,439,264,213,298,404,67,364,343,94,114,332,195,86,62,11,66,202
228,264,219,17,282,155,144,224,246,267,133,169,437,311,350,358,86,161,236
109,343,224,407,437,246,94,115,40,104,64,162,12,148,202,8,360,142,272
181,16,343,104,398,57,94,364,31,316,319,11,431,335,111,117,1,162,283
43,3,246,244,84,94,171,343,297,39,8,112,40,139,147,9,212,120,439
111,264,284,358,40,428,11,8,437,20,272,84,244,76,246,162,330,68,120
63,8,162,297,144,94,282,313,246,19,85,431,360,343,204,227,337,377,62
62,88,16,39,26,94,406,167,377,237,9,264,107,133,382,40,439,57,17
246,43,282,343,0,185,128,180,105,437,312,191,411,346,224,30,3,265,23
428,202,16,237,246,229,364,11,94,203,283,374,227,108,3,138,8,282,368
26,335,343,209,148,213,133,102,313,120,220,341,230,178,40,265,111,17,227
16,377,64,237,224,236,9,62,113,86,319,272,335,43,228,370,332,229,162
437,224,272,421,309,330,369,266,213,94,8,360,84,70,438,238,364,9,212
437,8,343,104,120,368,266,167,224,186,2,108,264,16,403,246,374,229,72
228,370,144,251,162,9,313,398,94,120,257,335,224,8,272,184,176,147,229
436,437,86,147,335,305,17,309,431,104,201,319,57,219,244,196,8,107,341
437,1,244,84,266,264,101,202,332,8,55,228,186,308,120,190,121,285,162
335,328,316,377,23,162,1,40,169,428,267,9,291,358,398,323,213,168,148
169,237,107,246,86,224,108,304,39,116,202,343,57,151,16,265,228,368,351
108,58,358,343,1,433,59,147,224,316,38,113,144,16,264,432,393,112,9
196,43,306,309,284,204,291,86,243,319,405,94,120,437,133,368,66,162,237
9,368,313,219,153,227,11,323,343,224,298,346,162,113,272,36,169,413,207
228,436,213,272,178,372,16,343,139,309,84,107,335,338,169,108,348,368,114
343,224,8,120,309,353,297,228,392,264,16,52,405,358,9,62,335,332,141
17,8,161,104,40,346,162,107,229,133,62,142,278,123,364,377,78,114,154
147,415,62,243,109,227,200,345,162,361,228,8,75,196,309,368,364,264,207
133,202,113,264,109,104,66,312,292,162,120,229,221,437,204,358,335,282,8
297,437,8,40,343,377,147,181,156,227,224,264,337,228,360,62,323,94,407
259,111,240,220,308,246,8,264,139,196,437,11,309,244,199,284,62,182,346
3,222,354,437,86,162,149,213,66,204,398,167,120,282,368,364,111,242,273
387,128,16,3,17,246,274,285,398,316,237,332,404,1,282,264,8,162,250
57,1,264,420,382,213,40,161,308,0,120,284,246,144,9,398,272,146,319
161,437,51,168,213,113,363,303,229,133,282,297,404,57,39,358,243,94,264
229,227,11,309,94,3,202,56,166,162,19,8,204,147,111,1,180,120,63
343,66,332,8,368,264,237,48,228,308,196,265,316,161,20,433,437,346,187
162,335,11,368,244,284,346,377,237,227,277,107,204,265,229,398,213,434,16
147,224,368,71,108,63,8,264,57,428,111,390,343,128,329,437,283,377,272
261,272,246,411,264,156,228,113,237,346,107,343,120,407,8,1,277,404,236
308,228,216,381,302,8,246,163,4,297,16,104,266,213,206,147,57,66,111
244,236,66,319,11,231,73,167,284,305,8,382,32,428,272,169,199,323,104
94,104,368,316,224,405,109,237,151,162,346,233,426,167,343,360,74,283,204
167,40,126,1,94,346,229,302,404,272,274,377,264,411,343,107,282,202,147
437,364,40,393,272,244,266,377,242,8,316,229,290,107,398,94,431,3,405
405,264,297,161,265,228,368,29,398,1,43,107,246,236,322,419,181,11,94
16,308,153,94,272,255,113,428,348,43,432,237,265,104,313,407,437,86,63
9,305,8,272,120,226,343,371,147,162,316,228,368,227,244,264,282,416,319
282,151,265,58,120,80,335,219,313,1,343,337,372,94,308,62,111,407,86
377,365,1,364,368,94,65,385,243,346,108,437,77,56,43,246,45,8,282
43,26,282,404,161,168,9,237,398,120,229,335,377,17,320,155,283,151,261
219,313,226,120,238,341,265,236,3,94,162,149,213,344,290,147,224,84,287
66,83,196,323,437,162,368,169,1,398,335,229,222,407,46,88,87,244,237
188,94,283,86,229,335,57,104,433,118,309,208,184,43,407,428,412,83,228
266,109,313,265,264,343,147,169,111,368,348,17,131,238,383,213,201,405,437
228,9,192,319,364,332,381,204,8,264,172,108,368,282,43,66,147,343,283
94,161,37,428,19,238,309,282,17,308,51,86,213,33,405,120,223,385,8
225,213,9,8,438,228,398,176,15,380,136,400,364,236,407,222,66,108,226
398,86,308,115,94,229,343,40,273,47,16,151,108,246,104,264,167,437,377
298,398,109,1,404,382,358,30,224,161,243,264,213,39,112,341,121,230,244
94,437,264,196,309,224,305,236,62,246,277,162,40,306,21,229,323,120,335
151,243,236,167,1,408,226,229,364,358,17,343,311,237,405,228,8,231,319
398,266,343,65,236,196,305,404,246,11,377,405,178,176,166,238,309,297,264
153,148,229,431,62,21,437,219,211,139,228,213,9,109,346,8,162,257,94
72,237,108,120,133,229,39,236,316,238,343,52,283,202,228,76,8,17,86
224,27,346,94,368,272,264,8,9,243,248,213,284,14,40,387,108,3,167
8,118,19,151,284,339,398,94,244,343,204,335,246,9,437,400,40,107,358
358,71,111,272,380,295,94,398,151,264,350,237,147,238,368,8,9,226,202
249,227,213,94,272,346,266,155,16,42,6,282,236,295,229,62,404,199,43
368,228,280,361,111,84,8,80,309,332,229,272,305,255,17,319,224,108,213
228,226,346,316,237,377,227,264,343,162,334,8,113,74,94,336,323,58,400
335,265,94,332,66,224,243,246,358,107,274,366,285,236,308,398,364,202,39
162,40,264,364,305,404,343,227,297,57,428,161,111,16,56,94,346,360,229
8,101,162,167,316,213,204,404,272,11,3,284,113,147,377,253,264,430,346
159,213,360,348,264,358,94,8,169,319,431,407,370,346,329,332,49,435,237
94,358,282,79,192,39,213,266,422,236,250,161,238,398,151,156,114,228,45
8,266,200,113,227,431,204,193,172,437,133,264,243,309,298,343,184,132,404
284,303,283,123,437,323,227,58,320,229,439,147,359,236,94,238,11,62,234
162,17,375,8,230,364,285,346,428,366,264,124,0,86,424,82,94,437,236
238,437,335,316,168,343,151,120,17,264,398,94,364,313,368,127,243,213,224
9,437,224,351,144,1,56,66,108,162,282,126,202,243,369,107,172,433,377
264,62,79,94,405,229,404,237,377,266,282,43,167,57,235,107,129,148,368
168,360,133,5,305,431,213,204,246,236,72,111,354,298,237,8,228,272,346
284,343,308,144,204,1,94,120,227,266,398,10,23,237,229,406,202,428,332
437,308,215,183,94,401,368,224,246,377,346,133,39,332,120,108,228,349,282
213,224,104,63,236,139,8,120,12,147,368,288,204,144,270,264,108,398,335
174,169,213,298,126,404,57,219,436,156,407,3,94,228,297,161,147,23,290
62,228,266,40,243,308,332,120,298,56,201,8,382,100,309,435,237,346,224
405,10,1,257,380,87,200,343,437,162,224,266,213,325,40,133,264,304,84
413,438,73,360,61,111,164,364,244,226,149,416,228,196,94,343,224,253,213
272,287,150,11,404,360,228,412,144,348,113,227,264,202,66,213,1,437,428
94,356,28,176,62,305,346,229,162,335,364,402,437,17,425,252,343,264,284
398,219,104,16,196,94,182,3,388,284,332,151,8,236,421,308,62,325,56
321,335,406,161,8,225,437,56,9,360,224,350,143,323,368,279,376,165,24
111,237,243,42,424,437,228,431,346,264,43,282,94,283,423,8,297,246,316
321,40,227,273,9,228,229,108,178,243,207,343,364,358,393,209,139,264,313
8,343,49,144,405,264,219,1,229,291,336,364,139,346,437,17,48,94,161
86,94,226,17,237,196,404,8,11,115,305,343,229,56,28,236,108,332,398
28,313,11,228,94,167,368,183,237,405,168,162,202,396,147,107,226,227,16
368,40,89,9,278,169,94,204,229,8,417,162,109,2,121,329,338,264,391
309,3,213,194,358,162,224,147,416,40,368,133,237,94,136,364,115,437,284
109,298,120,28,233,43,229,338,228,86,31,369,323,297,94,8,360,1,17
229,56,3,346,219,139,167,179,236,94,227,213,284,394,360,108,238,147,104
8,433,16,43,204,404,265,398,250,297,364,56,313,422,343,309,120,219,1
308,57,169,8,313,410,276,151,177,213,3,365,94,2,343,407,237,224,243
228,347,236,120,213,368,385,246,264,43,173,104,360,224,313,329,346,243,398
162,243,111,241,364,166,224,8,161,228,236,368,94,84,196,133,9,346,43
338,398,368,428,237,272,407,376,282,299,9,39,255,229,8,113,241,73,17
196,285,86,224,233,404,229,244,377,305,243,266,283,394,437,16,428,167,236
372,147,9,227,162,272,264,243,113,139,8,1,335,282,411,94,322,360,373
309,109,246,359,213,66,377,107,237,134,212,9,8,282,358,431,346,3,343
313,371,243,226,349,17,377,228,308,284,420,162,4,1,212,404,264,110,298
161,264,246,147,213,151,228,221,359,94,204,144,377,162,224,108,346,309,386
360,213,264,368,246,19,335,224,204,377,229,288,238,298,104,39,94,43,162
3,228,234,133,236,297,264,248,335,316,428,8,202,238,332,399,107,206,364
264,298,229,316,343,162,383,10,364,169,11,86,351,151,111,133,144,109,94
163,213,40,335,17,8,161,229,284,404,236,358,176,246,439,61,1,272,111
16,39,95,8,426,133,202,309,111,94,228,264,120,162,427,124,66,104,343
308,190,265,400,9,237,335,11,168,343,73,224,437,8,283,141,348,228,111
56,109,367,94,282,264,364,196,189,213,437,308,58,9,343,243,323,377,358
215,405,346,11,381,213,227,264,368,284,254,40,353,8,108,111,94,313,3
148,162,167,10,266,11,224,305,272,308,237,209,316,264,407,196,202,8,244
346,146,364,398,343,245,404,213,336,264,228,323,313,138,427,11,308,437,345
438,264,332,228,9,202,147,104,56,343,283,196,35,118,316,346,204,43,437
112,272,405,370,9,94,229,5,236,107,335,56,341,120,346,95,246,3,429
343,413,322,246,316,148,43,26,244,94,109,398,28,338,19,108,58,8,404
332,364,162,238,202,298,144,427,343,11,231,224,46,437,341,236,265,68,8
66,308,248,428,429,302,266,227,157,111,77,346,284,405,196,416,368,437,228
106,346,43,364,17,181,265,336,404,368,169,335,161,133,313,264,202,204,104
236,398,309,396,68,428,144,204,323,264,180,213,346,224,237,368,207,351,335
335,14,407,226,43,272,309,163,404,104,57,379,177,315,260,362,61,224,9
351,43,227,39,236,316,120,140,226,9,264,17,228,139,8,110,56,133,182
118,346,204,391,265,72,229,111,226,1,104,148,244,158,296,404,50,405,218
42,321,94,437,229,227,120,12,112,187,282,343,265,147,335,190,62,360,407
9,377,94,437,8,319,120,330,196,72,71,308,202,104,264,338,228,27,368
382,119,151,288,246,335,331,312,167,283,66,237,259,279,109,285,56,360,244
297,431,437,156,9,227,94,226,364,133,335,8,213,411,162,55,107,365,228
120,224,51,66,109,404,308,228,296,52,377,147,162,41,313,227,266,144,9
196,243,284,210,84,238,407,11,368,313,109,56,309,75,147,94,237,19,144
264,147,211,282,11,94,88,162,398,17,236,404,237,307,167,43,202,323,343
16,283,8,161,398,316,332,64,364,228,52,341,298,196,343,404,266,17,377
94,264,104,346,167,202,9,248,437,109,217,169,404,237,265,162,424,272,368
279,162,196,228,3,111,120,39,139,398,9,169,147,319,323,37,403,237,108
238,147,262,109,437,40,330,139,343,201,57,133,177,47,1,244,204,8,17
16,162,264,8,236,224,243,169,196,274,349,323,377,272,364,185,335,183,260
407,154,8,323,34,162,317,204,16,111,282,335,96,120,227,396,272,39,437
372,12,437,264,396,335,120,404,3,162,346,94,1,316,379,308,147,40,427
368,308,353,147,94,398,256,8,267,196,283,238,16,66,162,228,246,151,263
297,377,94,201,264,379,283,223,162,139,204,364,108,238,134,298,1,228,41
305,9,361,427,236,437,237,8,139,202,228,368,218,97,162,346,211,204,94
437,196,227,113,312,11,309,238,56,94,204,8,224,343,394,264,388,1,228
343,3,404,226,120,104,162,8,368,139,377,264,17,319,168,228,4,229,283
343,368,316,313,279,162,43,282,68,234,392,319,228,39,364,268,332,9,133
244,224,8,272,84,261,267,295,94,168,219,346,236,313,404,39,228,139,388
236,224,108,398,40,377,144,303,253,94,437,8,308,48,227,228,161,266,229
52,267,8,404,62,437,108,124,308,332,94,12,224,346,282,272,57,413,264
8,238,162,401,297,196,38,55,226,111,9,66,360,228,305,353,264,341,86
415,108,272,9,23,159,236,169,387,411,264,133,343,364,147,431,162,66,144
107,236,9,1,11,111,282,202,109,360,309,413,244,103,176,108,8,17,196
238,8,162,309,136,104,62,362,158,404,176,117,229,346,202,108,82,107,282
147,19,436,8,358,376,282,52,262,161,94,40,107,113,237,406,162,377,43
196,229,40,360,437,243,9,264,284,17,425,94,113,343,319,176,377,308,398
151,437,52,429,56,389,282,398,162,246,329,84,108,133,335,264,266,1,29
8,212,343,368,138,228,4,340,86,272,94,237,126,144,11,217,372,9,244
56,264,266,377,120,308,236,9,346,284,8,343,17,437,392,57,230,387,3
250,198,8,219,169,280,323,428,364,224,73,257,358,66,63,162,34,14,86
411,407,113,180,269,224,108,238,20,43,5,264,379,94,377,111,213,272,385
346,9,364,369,398,404,98,17,95,94,204,343,282,167,63,31,405,33,341
229,264,323,120,66,437,162,145,17,364,161,168,94,305,204,238,175,185,16
436,437,16,244,37,398,107,229,162,43,272,8,346,297,395,335,283,411,228
343,94,121,229,108,316,180,9,264,7,56,109,120,364,337,428,237,43,335
204,276,244,11,410,113,343,283,407,316,131,94,224,357,377,107,162,298,269
1,62,284,343,362,229,264,298,227,8,167,305,339,346,108,375,19,403,177
419,5,17,228,45,312,246,120,104,283,161,309,9,144,147,227,94,229,38
144,246,368,243,57,264,211,41,167,120,3,83,332,335,398,437,161,360,8
16,111,224,94,404,283,198,431,128,162,343,229,319,196,120,113,272,14,266
282,86,264,398,255,298,107,94,196,335,40,296,297,147,341,120,215,124,133
343,9,319,226,387,419,94,107,364,236,151,224,266,207,66,104,12,360,368
282,162,237,139,361,264,343,8,256,196,360,111,144,229,86,113,43,404,100
236,24,8,407,250,316,131,259,343,111,349,265,54,151,161,272,57,219,293
43,72,224,368,120,203,428,171,111,265,48,274,384,393,102,213,324,343,147
264,238,368,364,224,8,57,297,395,133,229,309,332,56,323,94,237,236,3
238,332,172,196,308,17,401,167,229,297,319,43,76,437,224,107,8,334,66
94,228,224,61,8,264,57,180,213,343,167,237,226,368,127,272,219,162,204
62,192,246,151,264,313,107,364,283,8,213,408,409,225,51,111,390,109,402
224,167,10,86,162,244,139,213,43,229,215,336,341,54,298,56,243,264,58
253,298,204,155,161,111,219,144,94,365,384,202,368,162,228,66,282,236,265
162,204,69,208,107,12,224,120,166,229,8,94,3,244,281,56,309,213,416
147,368,29,284,94,428,349,412,213,19,238,438,228,437,282,298,120,332,335
120,368,343,104,266,109,359,309,17,244,360,83,3,229,162,294,204,122,417
352,167,62,162,213,439,139,308,21,8,415,230,236,283,262,83,264,66,335
108,107,264,8,323,267,225,62,437,246,40,86,151,335,238,428,228,113,229
9,43,412,70,179,305,12,345,313,309,167,319,273,151,16,229,228,428,343
368,364,17,113,105,9,229,305,66,43,308,372,57,104,110,56,394,94,297
120,365,317,298,8,316,109,1,56,420,75,309,104,108,111,167,264,358,272
363,398,335,93,171,332,266,364,94,104,147,377,228,264,224,58,16,1,313
437,353,11,3,229,113,309,343,94,407,172,243,202,7,2,377,368,120,162
94,17,43,104,111,284,152,297,11,437,359,162,319,316,250,317,332,161,133
284,8,309,335,89,155,57,264,202,437,228,428,404,238,405,185,230,108,298
264,282,66,39,169,107,144,335,229,404,159,8,265,176,167,309,105,344,238
82,94,360,264,404,364,361,113,52,431,237,209,439,219,66,204,196,11,228
94,111,24,17,332,246,222,177,86,346,62,309,228,316,40,120,137,238,343
9,272,246,404,368,108,332,3,94,343,431,348,1,282,229,237,183,8,202
147,236,227,157,135,56,437,212,237,151,246,9,133,176,308,305,238,111,252
134,346,204,256,265,94,360,144,166,243,266,284,133,429,120,319,208,439,263
66,290,282,224,437,151,346,161,229,48,3,305,405,50,335,343,43,428,284
162,126,427,383,380,94,346,30,335,183,111,341,43,264,236,151,298,364,407
83,147,343,332,162,107,11,111,265,157,176,108,134,16,236,133,338,180,43
437,238,351,162,243,359,8,227,108,436,120,202,52,1,204,228,111,16,289
17,238,438,1,284,139,272,213,85,172,424,144,243,157,264,8,335,405,282
363,280,57,256,108,202,120,396,343,437,335,39,422,255,161,8,229,9,264
228,62,307,325,377,298,227,308,201,111,160,290,282,335,437,236,213,229,264
437,219,167,346,282,368,264,153,428,9,343,47,398,3,16,435,133,111,8
437,214,139,254,227,86,248,398,109,151,88,24,111,133,43,9,405,120,58
16,437,265,58,404,169,229,2,8,0,433,103,1,204,438,224,359,23,104
219,11,385,411,228,437,166,358,15,332,162,368,343,144,224,305,360,266,272
407,240,35,346,437,343,162,204,264,58,227,404,358,32,368,375,196,360,365
264,67,15,272,75,93,435,308,226,178,364,108,43,360,219,39,377,236,139
437,201,377,272,235,40,298,335,94,343,333,147,8,246,305,359,228,237,309
156,86,14,249,346,102,335,283,238,415,43,377,358,11,107,424,266,437,299
372,431,422,94,1,324,392,43,213,335,435,72,39,180,246,151,266,107,405
341,8,147,186,335,224,43,57,162,405,284,109,393,404,1,117,202,0,111
163,71,94,434,52,224,39,86,196,335,237,398,283,323,431,391,404,43,345
109,343,86,94,360,66,17,264,213,338,226,394,284,332,144,8,238,104,151
9,8,298,257,437,46,224,346,272,277,219,229,103,360,196,336,230,204,236
133,346,104,17,437,227,31,341,8,56,380,94,39,407,34,162,368,219,236
265,77,42,407,335,62,360,201,437,422,368,314,162,109,108,283,237,246,8
133,343,316,264,17,94,297,3,256,226,228,167,191,66,438,266,284,40,62
283,120,9,224,39,42,169,66,404,199,343,437,86,229,162,266,398,106,228
297,233,308,224,313,346,264,8,151,69,319,237,3,272,267,94,145,309,354
8,228,298,229,48,137,405,43,364,9,309,178,108,144,377,120,272,368,292
264,398,252,237,431,11,437,308,226,3,227,120,151,57,389,316,368,229,307
104,111,224,11,151,64,162,305,297,94,295,10,43,1,316,109,264,228,246
168,120,405,94,187,320,236,213,161,139,26,56,343,162,259,264,1,368,407
57,398,161,107,9,84,236,377,109,298,319,257,254,368,104,111,201,264,235
167,1,282,204,237,72,219,229,302,3,17,162,398,97,113,94,191,139,238
144,162,227,398,139,228,348,309,382,213,8,313,284,6,236,414,172,90,437
233,32,176,229,335,308,8,1,205,346,293,407,147,280,282,94,368,246,204
236,202,162,191,288,298,86,244,224,73,335,432,219,109,284,9,133,343,144
120,84,237,266,17,236,94,59,9,86,364,43,151,147,378,163,264,241,227
70,309,188,437,202,227,108,107,226,139,106,162,265,229,407,120,204,198,335
111,343,54,162,309,405,16,404,229,144,337,301,86,372,237,8,227,299,1
8,227,94,17,319,117,224,151,56,40,377,161,398,407,162,9,144,32,16
57,327,236,309,94,404,237,426,298,162,364,238,79,346,229,227,111,282,243
117,84,143,139,343,115,57,332,213,346,308,263,17,273,398,283,169,196,409
369,86,229,111,162,228,296,144,407,76,377,23,196,346,161,3,79,8,17
318,202,161,308,425,226,360,314,224,60,323,244,355,8,343,1,162,396,229
141,246,266,57,343,43,204,364,1,156,168,62,172,8,108,405,24,329,4
161,104,228,62,39,1,373,343,229,335,213,365,117,309,204,431,265,151,377
169,289,316,131,23,368,86,266,17,437,335,43,243,162,309,213,57,211,282
309,9,358,204,120,244,94,346,16,392,298,89,289,224,324,335,377,11,272
309,228,237,229,244,362,202,120,54,82,253,360,236,407,323,345,226,57,227
3,237,272,246,236,1,8,308,333,151,12,265,107,264,343,17,377,224,59
213,226,201,1,215,313,43,111,151,120,142,364,94,264,52,56,11,428,169
317,226,227,111,162,1,9,17,229,282,108,306,264,224,243,377,219,423,343
217,343,404,437,265,272,243,323,39,107,335,213,377,151,66,8,133,62,298
264,343,232,237,355,144,147,298,162,8,241,427,257,272,428,431,94,377,133
46,15,94,275,227,360,220,238,120,17,62,335,236,437,111,43,196,338,229
346,39,238,312,265,107,9,133,368,168,203,228,332,57,204,236,308,234,358
1,108,236,227,8,309,237,94,284,162,226,228,85,246,40,104,377,335,264
319,113,11,120,207,308,406,309,16,343,110,404,40,238,134,398,204,108,266
228,343,437,3,86,243,212,368,56,1,346,404,439,394,139,104,237,16,115
348,425,108,94,305,298,8,266,213,335,246,58,237,377,243,62,43,228,13
282,405,120,150,56,169,94,131,236,26,402,196,161,189,229,237,437,358,423
162,225,364,120,308,368,437,16,264,45,11,228,21,51,405,246,147,67,309
264,323,335,368,9,333,162,431,298,241,266,78,373,196,399,343,364,169,308
437,305,120,226,108,11,112,179,82,266,131,372,86,404,40,94,324,228,364
22,57,62,108,229,270,144,167,431,437,237,9,107,428,3,310,346,289,227
16,147,262,244,144,213,437,236,17,78,20,151,267,94,202,336,390,368,343
213,169,94,8,264,332,377,140,343,261,323,209,358,86,9,62,162,266,335
361,335,224,9,52,56,243,109,332,40,43,94,8,414,69,157,227,264,244
168,434,272,371,43,83,131,196,62,66,346,9,264,195,437,313,246,245,282
87,117,433,162,313,57,412,11,343,109,9,184,244,264,385,213,120,204,66
316,228,407,151,111,246,94,253,162,185,113,9,225,107,297,39,202,168,8
404,343,285,244,398,66,154,264,10,237,224,236,289,287,228,370,84,161,75
1,245,8,244,343,264,297,212,66,164,360,62,439,253,308,204,9,94,310
155,236,398,104,171,219,411,264,250,276,228,193,294,350,275,309,290,283,401
161,108,109,84,332,83,162,364,437,236,252,237,312,346,266,407,43,63,62
375,109,58,113,264,297,62,348,177,61,45,343,1,213,424,86,133,3,17
316,94,57,308,89,228,244,250,30,264,229,360,252,428,8,111,206,19,213
405,305,144,86,167,107,283,264,368,169,398,379,56,219,8,319,431,255,139
17,111,230,368,285,94,8,43,88,46,266,267,404,141,337,120,431,360,439
389,343,237,180,9,85,407,168,264,266,162,227,41,187,28,228,217,238,365
204,9,94,214,52,109,236,405,238,107,147,364,57,11,265,398,264,343,148
308,181,82,264,193,62,298,226,224,229,11,9,337,66,227,4,358,17,338
111,94,246,86,138,161,244,368,67,43,162,325,308,359,120,305,66,437,243
228,49,282,338,94,437,305,265,229,9,60,290,193,92,343,237,139,283,264
335,237,236,162,191,213,108,343,398,132,57,404,323,104,11,133,100,228,281
272,437,246,323,397,343,237,368,135,7,229,167,224,147,213,32,201,263,264
283,343,8,346,236,404,325,216,224,30,335,246,240,17,56,202,368,228,358
264,437,343,292,387,407,358,357,236,319,219,138,377,398,120,139,111,237,108
86,227,8,283,109,1,162,426,284,31,204,104,311,323,113,377,9,305,314
398,111,368,215,133,85,282,272,189,377,238,94,9,437,351,54,343,8,224
237,368,162,17,382,327,113,398,111,269,437,57,246,3,15,331,155,264,178
161,176,224,56,343,93,1,151,282,319,398,90,202,40,162,264,213,377,346
302,226,228,104,151,309,94,364,168,133,437,310,118,229,398,335,8,327,308
402,45,94,17,162,120,203,398,265,54,309,343,224,264,246,107,274,298,365
162,335,437,112,377,385,332,150,243,266,68,113,229,8,17,9,272,372,196
107,8,219,264,108,152,396,343,133,272,418,120,298,17,62,398,24,316,365
297,8,236,309,3,94,237,136,39,335,146,228,201,340,183,255,229,167,308
345,104,86,404,313,343,242,151,17,234,161,297,266,309,284,229,237,111,238
238,428,1,404,305,272,377,167,168,45,338,108,147,244,107,94,398,388,424
88,8,305,2,384,328,94,9,80,162,16,57,213,264,319,161,266,398,298
437,229,94,56,348,40,211,139,415,228,162,120,39,151,196,272,343,8,17
237,94,196,83,404,284,147,368,227,266,398,309,40,243,1,246,318,192,433
373,8,43,228,185,332,162,308,343,133,17,262,272,94,11,319,106,9,246
431,107,265,308,319,86,94,228,262,8,437,207,364,241,272,294,398,40,229
145,215,196,346,9,309,94,59,282,57,285,86,167,224,238,47,62,264,11
104,386,358,428,384,343,94,377,284,368,144,390,266,11,110,134,412,407,269
162,120,62,1,196,377,227,262,229,8,66,202,364,332,116,67,204,236,246
313,1,224,66,298,435,196,337,8,229,17,332,344,365,276,94,257,43,213
264,305,66,309,337,227,171,16,151,31,319,57,162,332,237,56,9,314,183
404,111,117,308,182,56,346,332,131,26,437,66,204,288,375,343,8,16,62
405,8,29,238,32,332,99,107,364,134,108,90,17,169,228,401,94,11,139
1,213,202,196,162,17,243,43,237,62,346,411,118,229,244,418,238,285,284
66,133,43,162,437,343,316,72,284,364,332,8,421,17,229,3,426,213,309
66,398,236,221,305,83,385,32,11,408,400,405,228,146,147,229,370,343,168
323,168,224,111,265,94,284,147,167,238,39,368,282,437,334,343,7,298,382
236,437,364,284,198,246,1,426,360,197,9,8,53,185,407,226,264,116,313
266,368,358,376,264,398,406,111,412,343,229,241,243,162,176,289,319,238,335
266,313,228,58,61,224,346,194,360,437,362,236,264,398,332,104,162,169,229
56,3,434,236,346,114,130,264,224,133,286,8,428,343,104,313,266,108,183
219,229,272,398,86,237,162,41,236,88,1,226,343,335,382,94,368,313,16
398,237,199,169,226,107,219,236,213,335,224,212,151,266,8,92,30,34,428
348,17,111,238,26,229,167,86,403,133,240,43,147,62,343,40,56,297,338
282,8,162,319,62,398,16,437,161,9,202,204,120,41,213,147,196,228,169
387,424,238,343,207,8,162,161,273,228,237,346,398,262,243,308,56,404,229
1,139,404,309,272,228,168,213,407,377,237,405,108,344,79,437,264,86,223
224,365,319,228,1,343,404,181,282,229,96,219,11,213,45,265,264,283,420
39,133,368,305,104,66,241,161,56,282,147,111,266,109,72,139,16,162,398
243,162,282,343,52,111,229,305,412,428,8,108,213,405,329,284,147,323,350
62,213,17,309,377,193,332,196,162,272,265,142,120,94,264,181,405,167,107
111,213,428,204,313,224,17,139,162,280,120,309,57,390,110,339,343,228,161
238,264,120,94,308,266,8,313,113,437,428,411,133,335,50,226,405,111,358
224,360,166,346,368,135,111,109,437,8,94,213,334,71,310,185,335,187,272
298,219,30,109,57,264,40,404,237,112,162,343,337,246,167,186,213,94,161
297,329,31,265,149,360,377,8,227,108,437,9,404,196,167,431,337,40,428
107,438,316,236,8,94,229,291,111,272,133,436,237,246,196,181,117,88,287
308,224,266,272,229,343,43,335,264,316,437,405,132,332,213,120,346,8,139
199,360,343,245,282,204,246,57,437,228,11,313,407,297,404,323,219,62,224
11,111,62,43,425,147,309,224,238,94,104,51,202,305,34,206,151,213,9
266,162,356,147,228,323,8,120,431,40,343,103,252,437,254,273,264,11,316
275,358,9,229,8,196,108,181,245,364,32,237,392,162,244,109,272,228,167
38,396,377,265,237,282,181,266,162,316,35,364,437,147,309,98,226,154,57
111,192,3,405,404,133,308,264,120,243,237,104,8,107,346,415,1,229,228
10,332,133,137,237,8,195,94,9,39,437,186,390,343,162,335,323,284,102
405,162,368,375,355,264,246,12,139,120,228,346,244,11,88,308,389,266,141
111,112,226,308,357,364,149,9,228,335,94,428,108,104,8,404,161,282,377
161,191,238,229,309,345,169,23,213,57,264,377,343,108,335,298,102,305,10
162,108,343,161,224,148,246,229,196,126,225,17,228,283,373,9,264,86,133
377,162,107,145,219,201,45,16,48,31,94,346,113,353,111,160,431,168,282
8,162,343,422,237,392,404,198,142,297,94,360,109,219,409,229,358,264,364
229,360,204,263,3,94,56,282,343,58,224,335,346,272,162,228,227,398,230
224,305,433,17,21,264,347,237,2,1,243,246,151,162,405,8,285,219,62
16,264,162,8,272,202,266,413,364,17,128,107,108,335,31,133,352,358,368
236,167,203,283,11,185,243,267,335,8,368,172,309,62,237,244,228,305,43
267,265,47,106,343,364,437,439,86,40,334,112,57,398,229,104,309,143,346
147,286,283,298,9,368,346,262,343,294,237,3,335,228,360,227,167,381,364
213,283,133,186,385,360,237,266,308,368,201,309,297,222,162,161,335,348,347
236,346,264,246,437,26,343,228,250,238,373,413,9,71,8,77,335,120,309
94,229,272,238,308,437,219,230,226,147,62,172,377,9,109,283,8,346,16
228,434,62,227,118,264,358,229,104,244,364,8,111,266,438,40,265,335,119
236,219,166,264,237,214,404,368,151,380,1,38,54,346,298,229,358,405,343
1,75,60,388,94,57,120,437,265,133,237,66,17,264,238,428,73,398,282
204,3,437,62,120,66,222,94,309,284,202,405,111,23,379,400,219,196,279
11,361,368,167,228,120,229,107,161,272,104,264,360,139,242,8,80,335,230
94,120,38,111,344,398,368,8,386,437,26,282,420,162,421,113,266,237,57
56,229,113,319,39,224,86,323,43,298,96,133,377,107,150,264,3,277,253
364,252,272,8,237,226,58,286,162,94,169,377,161,236,343,437,151,111,70
213,228,389,90,66,17,284,308,241,266,195,364,224,309,392,343,192,8,238
398,73,219,26,145,368,299,285,252,108,377,114,410,132,238,40,272,158,364
335,213,118,372,282,204,111,60,437,364,229,346,196,103,40,11,167,8,228
114,266,97,358,94,11,21,405,56,398,162,236,5,43,224,229,364,133,131
120,298,77,56,260,404,229,113,437,243,238,108,302,246,335,253,66,9,8
377,220,346,368,248,202,264,364,236,168,48,297,244,219,169,8,343,204,161
407,213,398,343,47,17,97,163,304,237,437,309,146,280,151,364,94,282,196
9,17,237,305,43,46,107,94,352,62,364,238,66,412,40,224,326,104,162
58,111,358,244,266,346,113,151,224,335,264,76,207,229,213,328,57,343,8
179,377,241,147,98,224,370,264,204,62,73,162,368,8,196,363,405,308,358
139,113,94,108,86,264,204,104,162,228,437,227,120,167,233,392,398,161,244
272,16,424,162,224,309,408,313,297,343,377,196,1,209,31,210,238,431,266
377,284,237,10,167,409,204,104,9,228,229,359,238,343,266,213,437,405,8
157,229,319,297,24,272,282,264,116,109,88,368,298,8,422,207,237,151,360
232,213,226,294,108,228,405,94,313,11,343,202,57,280,95,404,76,219,8
102,343,62,196,236,396,149,398,120,111,94,368,266,279,9,152,89,332,144
219,118,169,284,107,323,360,94,104,259,437,385,264,256,313,162,84,377,405
246,94,11,62,254,437,398,265,316,343,8,358,377,104,335,50,162,139,272
437,272,405,111,155,343,232,161,43,436,9,182,86,115,166,308,107,364,162
358,319,428,253,11,167,226,162,257,94,272,157,213,265,302,309,151,111,284
17,183,207,101,162,238,348,360,196,343,368,56,151,305,246,57,8,94,284
263,343,11,56,139,185,364,368,228,265,117,266,40,42,251,95,162,48,89
219,64,351,8,407,94,202,43,178,41,346,56,237,227,9,364,305,229,228
273,70,405,202,50,229,346,162,341,71,226,282,308,213,94,272,9,113,10
62,236,63,2,308,243,162,196,405,360,108,309,176,9,161,94,343,159,282
364,425,343,319,162,94,8,428,252,219,1,405,25,165,272,368,120,398,107
403,305,308,97,113,147,227,264,169,12,437,310,151,313,243,407,282,11,35
147,405,227,185,404,219,202,131,281,398,86,364,196,388,343,82,151,368,111
437,404,235,39,151,236,180,332,402,368,120,343,169,107,196,3,161,265,246
346,104,94,387,358,8,298,407,420,305,319,228,66,39,3,111,133,398,108
323,368,202,84,224,304,360,40,94,147,343,346,191,374,152,237,335,437,70
204,111,43,224,147,213,229,228,72,237,313,167,62,386,226,282,343,21,52
298,359,257,344,266,162,151,368,229,380,357,56,237,243,83,244,94,66,383
398,368,43,340,147,272,405,109,17,400,52,204,364,437,345,335,94,48,238
422,226,404,204,323,309,161,147,229,332,159,104,398,84,3,427,305,52,274
437,269,246,8,224,43,108,266,436,49,41,17,343,177,227,147,57,381,238
335,17,133,305,168,229,162,228,264,139,138,236,433,147,172,300,11,377,111
282,437,224,343,309,56,316,428,1,358,279,381,284,104,142,9,196,113,229
264,202,346,237,224,228,321,8,26,107,3,323,162,11,213,428,404,111,252
244,335,282,405,104,73,377,224,368,113,204,2,162,8,111,266,339,272,343
151,47,94,224,264,335,265,309,348,204,266,332,427,32,9,144,398,364,43
24,246,343,169,264,107,8,308,437,55,431,236,405,1,144,39,305,133,111
147,58,196,255,120,228,272,239,57,221,199,17,298,162,62,108,94,104,332
283,309,381,162,226,201,204,238,195,431,9,229,358,308,111,346,8,113,305
437,377,264,420,308,86,111,57,229,346,236,94,404,107,272,152,120,8,343
224,298,360,108,205,8,86,139,431,420,284,162,368,84,266,343,213,217,43
109,420,237,265,368,411,264,335,343,112,297,62,282,266,219,152,324,9,23
237,7,228,377,133,94,58,224,235,104,298,57,48,259,321,44,196,358,246
233,360,398,1,313,109,62,243,14,343,86,171,437,389,25,8,266,341,17
242,59,265,136,202,104,437,213,176,162,120,319,57,43,217,264,188,368,155
218,62,264,269,161,417,282,133,167,86,288,405,364,168,111,253,43,101,343
424,236,337,402,407,364,282,94,433,214,8,133,316,264,202,1,64,237,160
8,84,32,20,234,343,196,228,147,260,282,241,291,358,317,360,162,272,94
228,368,431,201,264,162,306,428,230,298,332,8,159,196,93,390,411,17,4
86,109,377,94,79,168,226,253,309,284,147,237,66,272,71,120,254,404,265
162,167,8,168,343,196,9,39,227,104,364,246,360,94,68,383,293,88,309
308,282,266,9,439,162,229,319,109,219,111,8,364,437,191,350,181,404,66
94,172,431,343,68,429,437,226,56,407,228,326,438,325,1,246,298,162,364
224,133,368,311,264,108,162,228,428,94,274,149,107,407,430,244,435,358,72
8,368,343,138,229,167,147,272,1,6,359,107,203,265,133,264,228,266,246
272,226,229,97,11,227,8,43,246,360,1,213,264,108,266,368,196,162,309
244,113,9,204,428,224,406,404,144,1,196,50,377,62,168,133,151,229,8
9,236,264,407,162,1,178,316,38,365,57,298,181,8,11,17,346,405,108
20,66,147,229,231,313,335,238,377,246,403,109,405,85,431,382,360,133,94
272,109,335,158,305,66,341,1,80,41,120,8,405,265,346,437,343,284,298
265,285,8,224,211,47,318,236,89,58,437,162,109,343,254,213,17,404,120
68,29,238,279,162,229,62,309,39,196,109,212,226,151,335,136,364,146,282
62,94,59,56,309,343,377,428,272,229,404,316,111,237,1,120,21,213,151
107,308,305,309,383,1,316,71,108,238,39,120,237,8,54,439,346,437,57
246,3,285,104,309,108,316,202,297,167,204,93,94,350,335,425,266,368,161
49,58,62,167,4,437,319,64,228,377,421,264,85,323,94,169,308,246,428
300,172,40,66,224,398,286,255,147,284,209,335,308,104,85,439,167,281,39
66,177,147,227,181,354,40,229,405,94,214,144,176,346,368,431,56,353,290
356,437,228,254,31,3,113,224,52,323,364,62,237,368,343,398,94,229,139
162,434,10,437,147,62,88,94,236,228,284,113,323,213,264,59,8,237,148
11,120,309,56,358,257,377,360,1,404,272,94,346,84,162,244,264,8,284
202,332,169,428,389,226,9,94,439,147,59,335,213,204,66,405,104,43,8
43,343,365,86,360,437,62,428,264,17,404,94,221,144,140,1,284,308,334
343,309,9,168,151,272,243,346,94,146,100,432,398,284,200,236,428,224,219
236,147,108,343,266,161,227,237,282,11,94,104,284,423,228,196,109,202,332
364,94,11,120,236,316,196,343,284,243,211,169,237,163,43,162,229,204,238
84,43,38,34,183,332,264,110,316,284,229,111,140,238,39,162,113,133,343
108,282,28,161,213,437,131,227,246,324,273,335,309,204,127,162,229,16,43
343,282,62,360,162,425,246,215,207,295,43,299,57,229,1,40,368,167,405
56,311,343,335,161,162,8,9,52,405,291,229,225,92,133,95,62,272,66
1,437,17,32,207,94,323,309,358,133,398,88,424,238,264,8,335,345,162
204,316,382,308,298,31,149,368,237,405,40,243,264,107,160,162,250,8,238
265,233,238,17,9,228,343,68,236,377,77,162,437,115,8,428,187,257,108
224,246,76,343,335,8,133,196,210,202,81,162,305,244,278,398,385,213,11
224,316,56,172,283,94,237,111,219,338,194,20,368,161,377,204,151,174,437
237,104,236,228,313,264,343,276,255,112,293,404,332,153,156,364,39,63,120
213,298,335,66,3,84,229,227,52,46,70,147,343,360,265,57,131,266,309
319,113,104,266,120,237,40,313,238,368,224,151,244,227,8,223,213,437,229
9,342,343,62,404,246,17,184,391,86,363,238,297,138,237,94,229,8,162
272,143,120,319,377,243,224,365,404,323,167,43,39,311,111,1,223,183,9
437,344,167,161,94,238,243,377,219,420,322,16,407,422,39,195,3,266,269
228,305,333,370,9,79,107,323,3,108,298,202,404,361,8,335,229,169,346
204,282,151,167,11,266,86,212,319,228,168,8,9,14,246,4,283,431,133
437,335,28,238,265,244,284,364,228,22,229,162,52,156,343,212,180,109,1
11,437,147,238,94,8,219,282,104,224,202,230,127,66,144,391,107,261,86
264,167,159,431,272,162,39,9,236,86,337,169,402,229,8,318,104,144,437
107,58,319,246,365,204,202,108,398,147,11,238,265,359,124,94,237,384,287
244,346,224,8,133,343,405,182,246,404,363,283,298,407,428,57,86,84,402
213,66,264,229,147,8,94,319,16,88,162,111,309,227,237,423,224,69,368
6,236,364,273,162,11,228,39,102,381,8,17,407,202,437,333,358,108,368
437,284,62,107,17,224,317,323,396,110,335,368,229,90,282,73,364,93,312
229,405,118,272,308,270,50,66,266,343,224,359,319,427,360,358,264,94,238
131,335,319,144,145,228,94,358,154,337,213,346,323,360,300,270,62,16,227
27,141,16,94,8,162,247,398,102,415,228,246,360,107,346,427,272,147,11
236,377,266,418,265,37,255,226,431,216,8,1,228,343,94,407,169,43,113
272,146,354,316,229,264,289,66,219,94,43,1,308,348,377,413,68,228,328
162,357,341,8,241,246,328,309,226,10,151,17,368,305,272,323,434,115,258
224,120,350,377,308,243,40,162,294,9,264,319,236,43,437,23,62,265,404
228,346,8,305,348,89,265,94,120,202,400,341,84,334,191,226,282,162,87
224,236,431,202,94,272,8,168,161,1,404,169,309,433,43,264,17,295,360
94,141,8,202,368,113,227,229,162,57,261,305,196,264,322,404,16,56,332
305,238,343,320,206,214,246,398,9,237,347,227,39,229,57,86,8,228,109
192,108,162,111,348,86,120,229,335,284,3,364,208,313,94,82,398,213,404
406,228,196,437,229,107,204,102,360,238,127,398,162,113,11,94,255,249,256
398,66,187,107,224,368,229,264,4,1,319,94,272,236,419,305,38,346,335
8,368,372,162,364,47,298,437,75,120,309,343,80,327,346,141,204,151,202
8,243,244,264,246,71,63,329,398,93,159,319,94,138,42,368,39,48,133
107,39,229,151,236,272,437,94,62,304,111,264,343,280,28,398,407,9,433
94,111,389,264,162,8,435,283,142,133,282,377,267,183,3,161,323,57,402
8,133,319,305,229,111,264,73,206,294,343,405,11,237,428,94,107,151,202
120,229,8,94,108,219,327,394,46,204,368,228,272,237,224,284,126,364,305
438,86,109,108,298,101,284,348,37,152,272,437,228,359,343,283,264,313,94
128,109,316,309,24,272,437,224,226,335,407,249,264,343,94,394,308,236,43
177,57,362,43,134,198,382,405,108,237,343,66,24,94,372,11,438,103,39
1,246,332,358,264,40,161,431,213,162,10,204,343,209,224,229,86,108,66
9,139,167,264,151,56,17,364,8,246,95,372,11,394,225,368,86,405,209
62,151,11,108,8,73,3,79,38,309,226,237,111,94,120,264,282,358,32
9,108,224,8,88,346,238,332,430,120,113,106,228,204,266,229,335,298,405
360,237,196,289,66,11,17,176,109,39,234,270,341,1,161,398,147,228,292
323,120,264,224,377,412,266,184,238,9,196,416,86,398,3,94,162,135,149
188,9,11,302,437,264,228,229,263,8,94,439,43,213,224,66,120,428,343
336,109,237,402,244,202,316,266,94,431,47,167,229,319,228,120,335,346,226
343,11,94,20,368,120,171,62,8,150,398,272,246,231,312,226,224,316,108
17,424,246,343,204,409,224,120,229,69,264,136,94,73,310,314,244,358,213
168,265,156,346,151,335,169,40,343,230,229,9,428,139,224,219,62,43,309
191,213,404,194,236,437,76,3,262,52,411,398,84,237,108,1,282,127,104
23,146,428,368,62,264,57,162,158,83,3,377,16,94,224,403,178,364,8
21,405,4,94,155,264,169,430,16,358,309,398,43,202,343,118,282,224,162
196,147,8,1,425,84,298,11,27,17,398,227,222,46,229,64,405,162,377
343,418,8,104,108,94,405,162,229,236,180,264,144,282,56,169,387,257,404
175,344,142,1,162,428,265,368,335,8,169,94,204,364,202,360,343,182,9
437,183,153,426,346,202,162,238,236,377,270,305,144,190,62,252,8,364,225
38,265,179,69,224,219,167,246,437,16,436,57,17,139,315,249,354,66,332
70,354,346,202,343,437,62,319,162,404,335,17,39,8,40,147,18,436,228
80,246,213,202,229,94,411,162,316,428,371,120,364,266,196,148,282,164,236
266,246,213,316,343,62,238,94,144,287,33,226,219,228,109,346,437,272,335
228,196,1,316,167,236,94,431,219,398,405,86,109,40,238,42,120,358,226
272,113,264,335,343,17,37,34,323,8,213,83,437,133,89,309,358,360,269
321,264,8,93,167,108,228,282,388,256,120,437,196,229,95,139,57,415,168
204,43,17,346,230,8,13,368,117,3,12,229,9,162,213,243,52,428,238
62,296,431,17,244,237,398,404,343,158,94,368,264,360,327,202,335,57,282
40,213,204,94,8,264,237,104,109,437,148,62,236,108,191,284,314,162,335
368,305,9,428,264,120,126,169,147,113,42,346,272,323,398,229,335,40,377
404,202,17,335,412,190,224,229,284,8,9,266,86,196,176,264,431,108,29
94,56,111,213,376,8,282,343,398,108,266,237,57,9,31,196,431,296,246
161,86,265,62,229,138,204,272,111,343,9,11,196,21,120,139,94,358,237
204,224,398,117,8,241,377,3,21,228,229,370,308,431,1,343,252,332,244
246,39,162,284,108,352,113,335,226,151,343,8,34,243,256,167,264,224,219
282,338,194,333,227,8,237,162,272,428,94,343,308,368,72,111,151,3,17
163,335,428,8,169,32,316,309,139,394,305,219,120,237,151,108,381,3,405
94,246,62,161,26,39,272,368,111,50,343,424,224,139,151,133,56,229,86
147,404,54,358,275,2,86,217,167,316,356,117,169,133,335,309,66,282,8
196,144,139,147,383,377,9,228,358,297,352,364,87,284,404,227,162,335,66
5,48,8,262,264,349,377,162,343,64,224,360,15,107,142,111,120,1,151
424,368,151,72,213,94,383,61,167,268,246,237,226,308,272,131,74,224,372
335,108,222,90,352,229,346,226,399,398,104,113,343,228,19,154,196,260,415
332,8,364,204,343,313,431,358,23,11,335,229,162,196,111,377,386,228,78
218,31,364,57,343,9,43,287,358,108,143,305,335,266,236,189,151,297,224
26,94,237,228,282,377,109,116,264,8,335,368,12,191,283,147,229,389,309
274,237,9,97,150,213,219,224,2,289,316,437,360,332,229,94,282,312,43
360,343,204,196,332,369,264,108,107,17,364,298,284,241,8,111,94,3,1
94,435,104,160,264,377,66,142,297,313,238,62,226,207,162,428,353,236,229
431,227,22,34,104,393,437,8,213,151,56,196,226,311,21,238,343,162,107
332,108,86,358,335,56,169,323,111,380,308,244,94,237,224,127,266,9,188
94,8,266,368,282,213,335,332,17,388,151,360,428,162,437,120,74,272,377
169,437,43,266,202,8,11,39,364,226,305,347,213,343,163,94,309,332,77
343,162,207,161,264,9,144,108,257,27,266,308,398,364,139,404,227,369,379
438,319,9,340,224,138,40,43,8,377,94,20,280,256,437,118,300,113,360
204,43,147,311,364,431,358,16,266,229,411,169,343,219,389,405,62,31,300
348,343,266,404,120,406,369,16,94,246,228,108,387,8,133,259,204,260,213
43,409,339,94,264,40,272,319,56,309,4,113,284,360,147,182,368,1,274
405,158,335,428,243,282,16,120,272,40,237,433,297,364,437,94,8,238,213
108,224,226,228,346,22,202,358,8,264,162,368,313,229,104,354,213,272,362
107,157,264,81,323,213,246,364,377,360,405,224,404,120,8,332,164,108,266
66,77,17,343,1,8,167,73,243,94,246,237,316,213,257,348,133,346,162
335,62,151,264,394,229,165,52,437,9,72,107,311,226,234,66,227,104,19
343,215,56,316,346,169,202,111,8,67,86,225,358,194,62,39,73,150,94
313,113,319,436,162,354,343,196,8,204,364,43,246,368,401,392,2,337,309
238,62,332,369,55,429,377,264,343,224,246,368,154,213,202,111,437,244,323
368,196,98,308,17,309,349,204,94,147,438,162,319,243,203,1,244,246,11
250,72,113,162,229,395,108,368,316,7,151,308,324,437,196,147,384,40,264
111,407,107,152,437,90,231,211,174,428,94,295,10,376,434,298,113,9,304
368,204,283,103,86,21,202,31,370,82,56,47,358,182,266,404,346,226,120
298,405,270,109,339,62,49,296,308,213,321,404,399,238,84,229,3,236,364
66,104,297,107,116,127,101,8,16,228,94,285,398,224,343,39,244,335,162
383,360,229,437,343,71,43,346,134,237,226,368,1,26,65,14,196,283,8
298,312,88,82,1,390,335,264,202,343,17,50,341,226,319,40,94,305,62
169,368,8,72,59,241,16,151,66,112,118,237,162,244,176,282,227,243,12
264,263,144,224,161,43,1,222,94,168,11,219,104,228,202,71,346,133,343
236,323,364,335,9,202,360,39,109,86,144,40,2,85,437,11,398,43,264
366,346,377,335,255,264,307,419,243,104,437,9,197,139,17,368,383,274,86
113,237,372,151,265,319,298,296,26,236,228,92,18,383,398,43,311,348,94
39,265,195,52,29,75,343,272,94,66,358,437,364,130,48,1,133,8,226
392,347,12,308,8,346,238,305,86,265,229,236,39,144,3,298,43,323,162
109,282,120,437,86,133,394,40,16,57,1,224,50,54,298,162,335,8,104
62,237,94,335,428,364,343,264,229,228,9,238,86,8,83,265,267,144,282
308,375,227,111,198,255,139,264,282,316,63,212,407,437,112,43,66,368,147
343,437,94,250,43,39,137,348,109,162,213,246,360,408,346,219,405,226,264
281,168,9,246,229,94,244,107,437,264,40,57,162,8,226,228,297,178,377
8,253,228,213,204,162,282,272,332,243,404,169,358,237,73,43,199,59,368
151,8,168,169,236,213,437,147,162,435,272,139,120,237,161,298,43,309,177
104,94,237,418,335,202,364,332,228,348,219,169,9,120,324,229,43,213,183
394,437,180,279,250,343,335,11,39,364,224,244,1,404,113,226,17,332,237
351,291,202,229,398,243,335,109,287,84,266,343,169,368,228,94,162,3,111
264,437,196,428,346,167,348,11,298,90,246,159,72,343,332,43,297,302,319
77,309,58,84,27,404,283,244,229,343,8,333,264,162,161,393,296,313,391
202,75,162,19,308,264,404,228,39,3,196,272,398,209,335,66,32,352,8
8,1,343,161,346,417,264,350,144,111,306,168,229,272,335,437,94,196,24
133,9,319,77,272,43,352,190,3,298,257,113,364,237,161,335,228,308,405
266,407,368,3,162,25,17,9,343,104,246,161,228,358,95,8,226,406,369
346,265,113,156,437,8,9,428,415,283,111,228,398,320,39,368,167,17,246
162,40,398,308,237,264,24,118,89,196,343,360,228,8,39,229,94,1,332
398,308,404,62,407,358,289,437,94,133,283,43,273,416,113,167,394,1,61
244,8,398,224,45,94,236,204,343,9,66,212,237,305,168,344,42,289,183
237,236,411,405,213,264,10,98,94,202,437,8,56,246,284,286,398,43,283
343,46,264,309,8,368,237,236,224,9,120,62,282,437,40,308,316,108,352
120,103,212,377,437,162,352,228,94,372,343,379,72,264,324,287,335,368,254
94,428,204,56,3,73,374,62,162,343,78,236,227,196,234,161,202,147,298
226,364,144,66,94,1,264,176,178,100,111,186,224,196,380,9,319,360,343
23,380,70,346,332,202,428,3,282,220,9,86,196,151,66,113,104,236,8
1,368,213,107,343,228,238,327,437,321,94,295,227,66,104,194,404,8,224
147,411,3,1,298,40,20,290,217,228,8,309,209,108,437,109,346,304,41
162,57,404,311,298,264,17,343,437,373,341,398,282,94,8,216,229,204,151
343,1,57,282,365,246,228,43,196,272,86,168,9,94,432,335,264,284,238
169,177,111,298,109,219,168,244,237,398,148,369,8,40,86,76,229,236,62
236,282,264,229,135,94,296,245,104,238,431,147,109,8,108,9,77,318,107
210,375,229,404,202,94,107,266,17,120,428,264,86,69,9,368,194,319,309
437,284,332,429,346,197,343,94,404,54,108,118,107,151,323,204,176,413,32
313,22,328,9,392,297,311,57,118,63,238,120,8,263,7,343,335,147,282
407,8,180,116,422,127,257,1,229,213,40,20,270,94,437,246,335,236,207
58,147,94,17,237,437,120,364,131,196,432,228,338,133,2,265,39,8,87
213,322,289,162,184,35,8,62,387,153,94,437,109,169,415,284,416,237,323
109,94,16,8,209,244,62,162,133,166,202,343,248,346,139,9,368,264,332
58,66,57,401,94,151,8,229,244,11,133,153,111,17,109,141,224,196,437
229,16,408,56,120,132,264,308,422,144,384,377,186,266,320,94,272,133,335
75,104,204,377,8,196,133,5,229,94,62,105,284,120,181,335,215,266,236
55,94,265,244,226,108,337,229,411,111,112,1,404,29,66,321,62,162,438
309,368,202,398,313,62,135,407,343,120,104,39,228,162,437,166,72,298,9
8,358,182,66,381,323,437,246,147,119,229,88,109,264,67,196,204,272,313
236,120,8,35,147,196,305,226,343,366,295,283,318,161,332,94,272,229,16
20,236,143,57,243,377,94,162,437,264,56,282,266,104,368,265,17,226,196
8,224,238,437,364,308,398,111,346,228,56,94,343,32,113,219,213,162,265
40,266,437,305,187,229,423,57,162,345,11,428,74,332,346,319,360,243,224
167,23,343,310,94,62,396,43,1,8,335,133,387,228,229,265,316,17,282
9,407,237,8,184,56,295,246,177,111,151,107,437,104,226,343,94,428,204
247,346,398,87,275,104,282,94,405,8,296,368,72,284,244,162,140,202,343
139,3,437,226,308,213,244,22,66,196,360,438,316,377,215,31,405,59,297
297,204,167,9,195,368,66,86,213,169,228,340,346,38,283,377,267,94,305
428,58,195,28,135,270,162,310,346,8,54,332,265,288,131,237,236,437,43
308,11,404,147,343,169,204,14,133,238,266,283,70,431,360,272,39,368,40
368,264,332,10,17,9,358,111,283,407,94,161,298,202,196,108,380,56,370
229,358,346,377,16,335,71,162,1,316,62,313,219,360,168,404,167,202,171
109,264,64,404,94,298,213,211,412,40,343,17,120,56,151,309,316,108,229
309,272,118,437,316,11,433,3,252,394,264,56,202,348,237,360,66,84,224
17,66,215,8,323,255,43,202,407,147,313,162,253,151,343,9,224,246,89
264,283,84,226,161,303,323,162,337,238,200,407,224,196,316,343,244,394,176
346,429,204,207,120,94,243,368,265,237,396,437,169,377,1,330,236,202,131
425,199,391,246,265,282,90,169,433,411,266,431,335,228,162,264,196,209,16
