94,272,43,332,8,56,25,211,405,196
297,15,228,275,108,58,364,9,40,229
282,346,144,264,8,272,162,301,332,158
226,142,133,99,298,94,228,284,236,264
8,97,364,293,169,174,343,422,143,437
66,346,11,65,226,236,388,162,405,308
246,360,377,350,213,431,264,282,343,113
228,11,169,162,226,224,144,246,227,243
305,144,192,76,17,425,256,8,111,223
69,335,109,236,144,243,94,120,246,117
104,217,298,321,169,1,5,69,177,364
213,62,178,229,17,199,28,377,8,237
144,343,309,202,282,229,256,183,120,283
213,99,109,8,204,305,265,360,282,405
16,250,162,196,335,144,298,398,354,272
262,134,94,405,11,104,196,228,213,37
107,83,91,17,335,228,323,346,351,109
62,264,343,162,120,360,236,274,111,142
343,224,162,364,227,228,248,314,213,379
31,238,133,228,43,343,246,224,109,169
398,162,94,9,237,319,364,339,308,229
377,297,264,52,332,196,43,219,162,94
128,431,228,266,113,282,147,9,90,360
437,17,430,335,162,16,283,246,8,224
298,324,335,213,161,431,57,120,236,266
308,238,265,162,3,244,40,228,229,94
437,309,306,142,236,108,387,162,238,364
44,244,354,107,284,226,377,368,398,4
176,364,94,288,8,16,346,138,404,308
168,166,224,160,147,88,237,42,335,428
196,16,272,228,229,337,219,284,273,246
8,317,9,94,104,398,142,428,405,407
57,102,228,107,264,204,229,335,161,316
236,343,124,404,8,133,94,437,229,9
266,183,297,335,228,428,86,8,109,171
144,313,246,244,120,404,346,19,170,229
48,172,1,229,272,309,437,263,40,265
94,162,398,161,228,229,264,256,346,404
120,335,398,40,346,224,107,229,379,358
237,264,133,86,372,305,147,75,405,161
343,287,264,246,377,319,151,168,404,298
265,229,228,437,8,94,111,207,369,309
73,305,308,264,168,272,385,56,8,347
284,236,209,229,146,94,8,346,317,169
265,1,368,94,9,412,104,224,3,86
344,111,162,9,8,196,71,395,56,264
236,319,428,100,332,186,297,94,8,16
49,264,147,66,226,437,94,86,343,398
62,94,246,227,162,104,229,237,189,438
348,284,213,360,224,113,108,343,237,94
107,309,358,404,346,133,94,343,161,227
213,398,332,343,66,108,346,199,284,86
162,228,289,324,156,282,1,212,433,364
305,52,199,236,335,272,354,103,404,94
196,236,116,237,309,126,20,120,57,335
264,227,316,229,335,151,1,224,181,169
57,144,17,66,335,404,167,139,8,62
321,425,436,237,227,172,272,297,13,56
343,43,40,282,66,228,12,211,366,39
115,120,94,86,229,243,346,368,282,104
62,250,111,154,9,86,343,66,224,76
219,265,224,230,228,63,343,244,237,405
56,368,193,31,43,324,162,265,29,94
327,1,313,168,305,322,431,416,227,282
62,139,24,332,368,40,9,224,219,243
169,264,431,360,229,139,398,352,404,151
112,113,229,109,398,391,43,202,54,228
204,226,298,343,428,246,348,264,213,27
316,111,282,65,343,86,62,39,66,358
168,120,111,335,139,86,368,224,11,287
3,437,88,228,278,109,309,169,265,66
147,368,335,405,42,183,264,237,118,288
66,39,109,346,437,162,229,8,204,298
109,40,371,139,377,264,227,95,120,335
265,62,219,162,151,428,266,229,437,393
360,297,67,62,228,231,381,94,236,147
204,305,111,228,104,213,246,222,108,57
8,404,33,437,340,162,140,283,86,109
284,181,229,107,213,404,113,228,264,272
211,239,236,365,224,348,264,364,172,332
12,4,344,400,266,252,8,218,313,94
360,316,162,309,284,117,262,308,34,213
1,219,198,224,303,366,0,109,201,183
264,252,94,8,237,226,302,62,335,398
226,332,428,282,183,398,94,229,204,265
346,52,304,407,437,343,319,373,268,86
398,316,7,120,162,260,8,438,243,437
0,202,144,3,437,226,8,19,224,162
364,167,19,11,17,262,313,272,227,236
17,108,94,399,162,316,56,159,113,236
308,313,155,284,9,147,348,437,8,316
202,436,282,236,42,309,266,147,29,337
204,120,56,398,405,237,250,108,94,246
332,404,266,398,114,237,264,377,120,162
279,186,297,66,213,162,309,46,237,56
244,9,142,8,335,202,404,343,237,246
228,364,282,113,86,138,343,404,432,398
405,428,162,264,323,213,238,94,43,196
343,381,346,407,227,437,246,156,219,316
162,11,264,196,437,407,343,94,153,235
357,405,204,415,316,237,48,343,162,377
230,346,264,236,139,162,419,138,57,404
226,86,219,343,144,62,108,264,369,196
282,297,434,236,244,66,266,404,405,111
358,249,431,1,151,278,72,437,213,360
419,264,202,226,426,168,11,133,238,364
133,332,264,246,282,346,162,360,436,151
368,341,109,17,232,94,111,42,196,133
132,332,144,108,201,229,219,226,437,162
226,167,323,244,364,227,113,282,284,404
264,24,94,8,228,83,62,213,298,346
229,8,224,162,94,238,368,276,3,104
229,107,113,94,264,43,196,248,407,9
17,237,15,405,168,126,8,112,224,346
343,246,94,264,162,236,368,316,392,437
244,224,162,108,305,236,335,298,431,120
116,308,219,84,42,11,246,228,264,229
407,343,368,43,111,201,205,399,237,224
8,266,130,343,94,101,162,346,237,108
26,213,298,161,426,264,188,219,164,104
202,406,404,264,341,115,151,231,9,438
355,404,201,149,428,56,94,68,31,211
246,167,224,161,8,264,323,387,108,298
293,343,428,94,298,405,319,297,346,161
229,1,246,117,42,108,40,366,192,398
209,39,147,63,404,108,265,94,368,316
428,243,102,335,176,109,149,346,8,94
151,120,309,313,206,203,305,377,228,437
428,147,111,228,332,94,229,343,238,108
120,254,221,167,237,111,387,377,90,196
139,266,144,11,151,62,108,66,56,377
11,108,43,365,272,437,151,228,316,348
66,202,56,431,203,265,244,229,39,416
204,90,398,16,343,371,168,229,308,377
213,286,341,398,224,343,272,131,411,358
283,229,162,364,360,219,204,227,234,169
284,43,94,56,428,324,128,147,8,104
213,316,264,237,364,136,222,245,57,151
113,17,9,398,151,243,152,8,343,202
94,204,202,142,8,229,246,104,169,437
210,237,360,364,308,86,120,265,238,235
183,229,62,377,364,196,308,139,42,94
249,377,305,364,120,360,358,229,43,297
266,39,17,264,40,375,241,133,335,94
343,133,244,376,335,408,337,282,169,366
272,94,88,43,335,398,229,431,228,8
108,111,227,172,264,332,1,431,8,144
229,298,237,243,270,215,204,61,66,161
147,8,95,358,204,143,343,364,150,227
244,392,34,404,229,264,316,227,308,17
43,308,264,57,379,227,343,246,226,280
393,222,104,94,162,266,39,228,209,166
107,1,423,368,40,104,109,94,394,56
94,158,207,309,133,127,1,185,227,196
437,167,39,364,283,228,377,115,407,162
227,398,437,62,243,118,8,151,16,238
243,282,40,167,264,161,196,377,346,202
10,117,263,91,202,346,228,407,151,229
130,341,167,363,343,133,202,229,283,94
402,425,107,163,405,202,375,437,162,438
226,348,250,202,196,431,246,40,219,213
56,226,129,17,32,151,422,343,266,75
343,66,222,8,12,162,358,413,228,332
43,94,237,104,162,86,431,268,147,404
265,204,219,335,364,236,264,343,112,86
8,228,422,17,368,161,359,363,229,135
264,236,94,38,353,11,335,237,246,366
73,343,335,8,162,346,369,133,88,229
355,389,161,346,63,428,3,431,139,120
282,227,243,162,112,148,43,358,364,107
434,3,346,343,202,265,94,377,117,43
368,166,431,19,233,139,8,428,430,265
151,298,282,264,390,109,236,335,184,28
200,8,368,358,139,104,40,228,309,237
364,428,38,66,272,158,139,279,190,107
66,372,94,404,108,228,162,243,8,423
213,144,238,377,147,146,310,162,54,272
244,413,109,224,253,144,19,229,25,309
87,94,229,323,162,296,312,404,8,392
113,224,246,17,167,147,11,265,398,309
150,50,266,282,198,319,135,8,244,94
428,266,32,202,108,332,62,437,94,139
167,196,428,264,237,236,259,228,111,57
9,243,88,237,348,104,297,431,66,228
396,107,319,283,167,94,336,62,213,364
108,364,413,120,118,107,309,109,405,45
104,231,58,237,57,346,229,265,364,236
237,94,290,31,321,246,227,377,238,229
236,246,297,109,139,316,407,9,133,61
364,219,229,368,282,284,272,260,414,107
237,319,407,229,228,353,368,343,272,231
31,308,40,323,144,437,169,162,105,229
8,264,364,66,111,9,54,377,41,161
8,17,282,313,237,167,266,358,265,9
272,10,284,343,109,62,369,360,250,17
335,160,16,264,360,368,43,17,22,201
428,316,219,265,57,162,151,113,229,202
204,161,162,343,238,4,147,224,16,264
94,343,368,358,426,377,154,227,111,162
236,437,272,66,316,404,392,343,411,151
364,343,8,151,309,346,283,228,163,437
290,108,296,377,264,21,246,238,82,437
377,109,169,43,50,362,155,397,66,237
94,224,43,8,343,405,437,297,360,407
246,264,437,392,66,424,168,265,324,108
298,204,161,228,437,348,114,264,343,94
282,437,220,229,224,335,311,361,348,205
264,147,162,228,316,17,374,308,437,404
253,151,16,64,272,213,432,108,393,94
66,196,26,61,109,8,292,162,305,107
8,332,167,169,133,162,246,202,357,303
407,264,343,328,244,16,431,346,282,249
346,332,133,219,229,228,94,236,309,405
237,263,219,204,83,169,264,228,431,162
368,94,162,297,213,374,335,102,437,3
120,94,204,229,43,88,11,8,9,364
229,282,191,396,246,204,222,120,224,1
179,284,227,343,377,236,108,139,425,120
111,264,364,355,283,405,428,165,17,282
298,9,437,368,423,43,83,109,174,282
284,201,40,243,202,364,196,264,108,200
8,7,298,167,108,404,343,247,43,176
364,9,238,389,204,283,277,151,94,88
298,297,398,151,184,224,313,237,228,417
437,282,272,8,34,143,264,364,144,204
207,43,94,16,227,152,288,280,389,104
343,9,172,86,109,332,360,113,393,40
120,404,62,228,4,264,431,8,21,108
62,45,94,224,364,213,127,144,436,437
39,226,108,319,282,62,8,11,413,238
144,374,310,224,42,185,11,66,94,335
397,228,237,162,398,343,320,308,246,8
120,346,437,16,221,169,375,40,265,202
40,167,228,161,346,25,284,43,56,202
9,236,282,147,159,335,94,8,238,133
375,167,377,246,108,437,256,364,62,176
429,237,229,323,74,437,66,335,104,162
120,308,246,436,244,265,346,202,437,229
364,95,57,425,113,405,111,398,94,40
236,364,1,343,8,264,305,213,72,9
108,8,284,1,264,120,133,94,113,265
348,309,360,335,84,8,229,108,311,228
228,377,428,39,226,296,234,305,246,194
387,4,282,236,224,368,437,335,8,319
265,437,236,9,133,224,295,325,368,162
224,92,162,228,437,84,424,346,265,202
147,437,17,400,282,37,264,266,1,104
377,282,154,202,360,437,99,111,108,204
282,228,364,94,213,99,244,8,377,152
238,8,335,263,264,224,332,345,323,94
246,360,431,343,202,228,147,144,377,229
8,273,224,133,212,407,108,341,56,162
32,346,94,161,261,237,228,270,236,282
162,213,297,368,296,347,86,284,244,266
265,187,224,8,40,167,43,96,108,228
85,224,407,162,405,14,308,8,196,213
323,43,266,236,108,386,226,224,264,402
343,407,40,265,113,303,308,364,153,39
111,398,162,202,411,297,404,437,360,387
368,120,358,196,319,144,298,1,171,197
244,437,335,282,428,308,39,264,253,17
316,169,19,104,373,343,147,335,263,246
9,147,62,210,120,94,308,305,229,103
219,198,213,62,343,67,162,319,212,3
266,404,9,233,147,120,111,56,377,343
345,104,8,435,229,412,264,228,219,149
151,120,111,254,398,237,22,73,197,391
108,284,283,9,236,358,332,400,237,151
370,139,346,152,238,213,335,266,39,162
333,405,364,431,162,308,201,200,120,179
265,342,94,213,144,228,17,313,172,284
94,196,229,109,410,58,306,16,372,405
348,405,392,431,8,17,43,227,187,162
405,368,335,167,58,228,222,343,207,162
228,398,265,264,269,43,108,282,372,151
94,9,368,162,298,349,107,308,86,377
431,109,94,158,394,214,228,358,227,428
264,58,77,196,11,299,161,243,1,361
244,229,368,111,162,298,431,437,395,346
86,368,264,262,169,132,238,324,283,39
9,266,162,151,86,94,17,133,102,84
120,94,375,68,62,111,133,1,227,8
243,278,364,266,133,398,148,228,158,162
295,404,229,224,8,244,191,62,343,26
261,196,428,120,437,108,40,162,17,282
319,404,39,9,162,246,219,399,437,144
343,240,16,66,283,398,107,94,272,429
236,264,8,153,282,45,139,316,229,437
343,266,298,9,412,246,16,56,40,264
77,171,343,345,237,227,183,17,94,236
388,364,8,9,407,162,87,368,109,168
377,372,177,437,305,66,139,17,8,236
237,40,266,212,66,243,335,343,284,358
237,305,231,346,139,404,377,1,368,228
9,86,58,313,343,148,219,229,336,107
94,162,119,8,305,313,139,96,308,86
168,284,264,437,246,202,162,214,343,237
325,335,235,297,224,404,313,86,8,120
162,94,407,213,147,17,300,202,226,244
3,107,244,212,66,236,343,8,368,213
176,204,343,236,8,264,169,437,181,432
377,438,107,308,236,238,199,404,156,368
179,431,162,164,208,57,107,310,437,11
147,323,437,283,272,358,120,213,70,199
202,8,94,185,228,162,313,113,335,150
15,229,57,322,94,346,45,139,309,168
167,94,287,333,8,316,309,395,284,224
23,183,227,228,213,198,229,57,168,400
343,377,256,264,204,282,94,358,355,276
167,415,17,127,204,8,319,228,40,343
219,407,89,285,243,227,111,343,94,267
346,17,245,236,404,94,368,223,134,42
335,346,437,285,233,228,16,17,162,338
17,182,73,335,343,43,57,224,229,407
404,62,115,358,422,102,219,264,159,256
147,431,1,368,9,215,264,94,405,246
396,94,26,202,341,227,309,11,346,272
254,147,94,229,8,308,95,236,232,284
236,219,162,308,253,143,364,272,377,381
17,108,267,282,228,202,229,265,385,404
167,360,104,316,229,257,237,358,298,224
222,335,213,136,309,339,94,88,169,265
40,224,213,157,229,144,68,266,241,264
104,276,309,108,120,62,8,76,335,226
264,272,407,266,246,309,115,343,117,284
244,94,335,147,155,162,226,146,62,229
43,213,157,283,70,284,133,417,109,229
134,56,272,196,335,94,70,343,368,146
265,366,283,264,310,204,111,376,428,8
144,196,162,9,94,319,377,282,236,48
360,94,1,272,133,237,262,62,104,8
56,86,298,246,107,211,1,43,309,233
8,343,246,364,431,34,43,195,40,1
368,17,162,437,308,343,266,196,133,11
335,111,358,17,78,151,196,404,113,319
202,362,108,335,51,161,224,243,192,377
282,264,346,335,104,431,173,253,308,56
119,266,365,162,183,377,139,16,54,282
236,419,361,364,86,316,113,368,56,333
333,16,168,202,237,284,162,238,266,319
348,108,358,46,272,63,404,338,334,360
162,86,264,228,94,10,220,40,287,270
224,56,120,236,128,17,376,169,127,226
364,264,8,11,377,321,303,390,272,249
58,395,52,437,54,139,309,346,62,149
283,236,398,316,431,245,343,111,162,237
224,109,204,88,368,407,56,237,308,108
56,357,111,264,265,243,227,118,343,162
431,238,264,227,94,1,236,407,133,144
272,224,213,382,113,1,346,87,151,94
94,228,133,162,287,308,405,266,213,360
303,204,319,108,151,94,54,343,246,346
266,108,94,169,78,410,98,127,8,115
133,346,229,43,430,335,387,264,8,398
196,168,365,147,252,213,343,69,94,202
404,437,144,381,1,202,168,264,288,237
272,162,87,120,398,144,94,282,405,226
66,133,8,321,1,243,149,377,343,264
309,437,404,213,364,347,94,23,109,359
107,343,236,109,224,17,62,162,377,147
368,428,3,43,246,151,222,236,162,438
244,335,94,9,364,282,358,362,106,136
388,53,94,343,266,50,1,377,204,264
437,57,229,227,94,308,343,346,21,56
246,94,343,388,56,236,360,8,437,366
298,330,186,437,264,20,335,417,224,428
284,417,305,380,120,75,283,264,243,405
204,306,219,361,4,8,90,246,16,162
206,275,43,94,202,409,104,38,224,144
74,343,84,364,227,151,107,39,266,163
398,431,108,169,298,343,109,272,66,16
144,282,404,368,43,379,58,264,372,48
332,224,282,437,147,196,69,360,264,16
398,346,43,406,335,437,309,264,109,168
94,264,147,228,302,206,133,346,357,411
335,196,213,17,19,229,227,348,436,282
204,308,407,229,243,281,9,94,43,49
66,167,227,213,84,228,264,266,193,343
313,202,404,186,407,246,147,227,377,94
151,66,360,111,86,341,246,17,94,364
346,194,262,246,303,265,101,94,8,11
3,343,169,56,398,369,264,346,228,335
335,94,9,233,39,99,8,11,62,266
358,147,86,376,360,162,264,407,237,109
264,139,297,17,368,211,2,405,343,332
17,162,191,248,332,224,364,335,8,375
40,94,284,177,204,62,8,162,132,120
346,213,227,66,266,168,241,377,162,404
76,265,213,430,120,53,266,162,204,368
323,56,398,437,381,8,172,284,43,405
43,319,264,236,358,387,428,201,202,261
428,374,343,395,104,202,431,133,178,224
297,39,27,224,428,246,8,332,236,120
204,283,206,71,335,278,332,226,246,151
17,162,147,309,57,161,215,107,428,360
113,420,104,373,99,297,236,202,437,133
428,244,377,401,266,272,368,358,238,282
213,364,400,44,403,113,282,86,84,227
387,213,237,341,6,243,264,348,171,343
304,187,10,346,335,319,266,438,246,151
147,26,108,39,57,151,113,56,159,111
224,227,437,94,346,215,3,8,70,343
335,237,243,9,228,11,411,308,50,238
204,66,133,343,111,94,284,227,437,104
56,196,167,162,94,332,238,62,202,316
8,11,155,220,224,229,406,111,43,147
40,1,318,169,17,147,368,101,394,360
75,8,224,169,213,228,147,219,43,310
66,224,162,213,196,437,28,53,228,54
264,319,9,80,438,17,428,243,196,147
97,39,120,208,229,225,264,9,226,8
85,272,246,329,62,109,236,169,196,303
335,8,162,298,319,384,120,377,17,279
437,107,202,364,360,298,377,159,39,361
107,162,218,55,94,431,8,377,241,282
319,304,236,110,94,86,237,283,10,405
346,298,272,108,167,79,162,237,284,94
366,265,244,104,46,1,94,197,8,238
111,158,437,167,342,15,323,168,151,17
227,222,246,177,111,107,109,437,336,43
282,120,358,94,224,144,8,191,155,437
163,144,264,222,8,346,178,168,162,339
147,343,346,266,313,353,224,246,228,374
236,309,298,196,83,282,94,364,207,229
94,259,264,244,431,437,377,309,162,228
343,335,204,243,57,377,264,332,282,133
412,308,57,335,246,237,244,9,405,236
237,161,224,352,43,1,94,306,196,162
120,1,17,144,404,431,289,364,124,11
272,246,308,147,226,224,237,151,313,169
8,161,264,272,424,305,243,364,358,298
405,339,30,404,380,130,283,8,196,319
335,343,283,368,85,162,346,94,229,404
196,229,8,297,332,362,213,431,282,341
9,172,43,244,109,284,224,343,111,272
422,305,246,42,319,394,368,39,134,437
167,133,437,267,368,273,104,11,56,272
94,162,151,228,428,244,364,8,272,368
437,367,343,297,111,246,196,45,94,151
346,196,16,95,246,167,31,17,298,228
150,31,417,364,1,94,3,65,343,228
162,161,57,335,185,265,224,437,284,407
399,162,202,138,358,229,313,265,238,346
16,323,204,305,209,407,11,152,283,368
264,191,204,221,167,219,376,228,428,346
246,9,346,115,3,243,294,312,283,308
118,56,17,43,428,196,246,398,62,109
109,40,343,8,14,237,168,94,196,229
335,226,355,132,265,224,228,22,426,243
202,229,431,405,62,72,94,86,309,227
431,161,8,261,411,9,309,43,299,111
135,8,213,39,360,335,94,264,402,398
8,437,96,66,120,264,62,323,406,295
120,434,227,401,237,162,62,323,265,23
217,377,48,358,224,133,49,144,219,39
237,17,398,9,111,196,341,309,264,204
162,404,208,62,104,11,151,147,57,94
12,338,296,3,224,335,196,144,305,168
62,316,343,36,377,199,94,335,162,264
237,17,323,109,19,161,437,162,94,120
106,343,85,426,224,16,63,405,219,61
229,8,358,109,323,437,335,268,298,244
382,27,204,309,78,298,62,428,160,375
335,120,105,151,265,11,228,66,8,107
377,12,343,17,437,226,238,57,162,236
428,224,354,404,343,284,196,346,178,333
377,4,86,338,437,8,276,323,229,264
219,404,196,246,184,62,226,229,167,437
224,8,157,86,236,429,237,343,155,284
342,305,1,108,86,26,104,111,343,248
316,78,114,42,89,238,360,229,421,180
229,243,221,264,94,162,147,227,282,358
115,335,364,113,319,229,244,437,372,139
31,335,285,162,272,229,224,117,264,265
27,43,272,407,116,262,226,228,48,84
39,437,376,227,256,284,407,8,162,275
237,94,421,358,213,238,343,58,228,108
264,162,266,403,332,169,106,39,229,346
308,8,346,244,120,392,109,158,151,262
368,94,207,66,139,43,204,209,282,40
364,404,305,325,282,266,86,43,246,237
7,229,346,8,162,182,227,43,12,369
119,9,246,229,364,212,264,86,161,377
8,229,437,405,196,224,257,162,66,260
323,161,364,16,346,437,425,213,423,229
11,147,319,56,266,228,237,146,204,431
377,296,162,17,9,177,198,204,40,332
264,111,266,316,3,1,5,237,94,8
39,377,428,282,103,207,437,9,213,43
212,56,426,17,245,202,8,354,308,405
317,108,343,368,169,162,94,109,264,284
224,377,259,431,229,405,8,69,276,168
219,43,272,237,228,196,405,107,388,3
237,264,319,94,238,8,171,204,404,120
407,309,238,111,398,66,265,236,233,139
86,405,204,337,113,147,139,335,161,167
168,162,1,8,286,307,377,108,237,404
40,43,39,428,404,276,381,272,204,335
43,22,437,332,335,243,116,79,40,246
83,108,364,338,8,343,246,3,224,236
398,151,362,56,298,229,381,236,41,228
282,287,162,247,9,151,8,320,437,109
90,237,3,16,147,17,162,104,196,8
238,343,94,43,286,377,224,229,386,368
335,226,360,94,371,43,246,11,144,16
196,147,438,8,309,255,224,162,39,377
343,9,360,197,398,39,8,437,213,40
3,437,27,228,426,243,94,9,226,168
3,237,94,174,343,368,213,196,431,309
108,104,428,62,228,147,266,139,40,227
398,298,272,82,258,437,68,109,228,196
343,107,346,202,1,319,368,428,8,213
405,111,332,244,206,8,174,272,330,3
368,405,272,132,120,113,403,3,335,72
377,9,224,282,227,264,346,237,335,154
8,94,309,11,161,284,120,207,237,98
298,266,437,226,237,9,86,282,364,404
433,8,43,162,266,435,176,109,360,144
431,405,120,73,213,341,1,43,57,204
69,404,120,337,236,332,309,283,111,94
404,437,120,8,56,250,204,283,264,236
113,437,59,94,130,228,114,202,196,237
335,94,17,86,8,406,437,237,313,398
363,437,266,255,137,62,111,260,308,404
229,435,264,246,437,297,1,202,66,94
9,309,139,229,237,213,109,244,265,272
162,437,226,264,229,360,409,54,346,213
335,62,284,94,56,151,264,162,1,272
313,358,94,343,202,439,345,272,229,15
11,86,17,236,316,229,94,182,1,139
8,176,229,346,404,246,290,373,107,236
264,162,290,202,102,229,179,94,390,213
383,224,237,228,416,4,283,335,431,360
272,283,250,94,11,219,228,398,120,155
45,195,271,364,1,9,191,229,404,196
123,227,16,229,228,243,304,370,368,224
3,204,256,429,272,162,213,56,343,200
407,147,308,403,204,228,246,149,32,244
214,28,94,34,407,368,291,265,273,131
368,324,109,39,436,358,142,428,70,377
94,178,154,56,284,62,437,1,377,46
346,343,120,144,223,282,319,4,43,431
57,428,224,16,39,298,236,265,8,162
360,8,126,208,399,59,264,244,431,119
264,238,94,283,416,288,40,76,8,227
211,143,343,80,202,204,184,213,368,418
236,335,43,213,102,162,272,104,408,8
243,120,284,8,43,360,94,169,139,259
437,431,422,236,213,46,368,343,72,8
52,229,319,428,17,272,169,282,39,328
364,8,151,346,316,264,28,213,236,360
343,345,379,437,115,288,229,398,169,28
11,316,16,231,8,335,343,238,133,377
213,133,283,219,66,308,403,228,289,229
343,238,8,3,94,304,39,196,243,228
2,52,144,202,425,56,427,219,167,217
346,228,298,437,8,266,292,39,94,111
3,17,76,66,439,283,437,108,266,264
335,161,298,208,238,229,214,431,272,282
368,9,1,237,108,196,111,157,342,84
290,107,329,368,8,264,113,66,108,237
269,86,229,343,321,248,333,162,282,133
151,316,8,213,364,196,180,435,204,162
284,264,343,226,26,246,294,230,364,39
94,272,309,217,360,313,237,150,16,308
83,309,44,119,264,162,226,108,11,228
264,137,236,238,437,94,297,9,405,144
228,392,272,67,309,346,94,335,204,381
9,316,187,219,346,370,364,223,204,94
237,169,52,337,343,231,236,297,168,61
167,17,151,358,204,341,428,298,77,161
259,12,228,264,17,167,162,213,246,9
94,437,224,8,228,62,380,360,151,368
236,127,335,113,244,17,64,161,368,16
22,73,167,405,255,1,111,94,264,119
84,213,398,17,203,133,282,67,151,90
343,246,86,204,161,266,162,294,219,74
111,244,264,332,321,236,266,162,8,279
412,423,120,308,167,343,236,107,204,298
437,202,66,73,151,155,131,335,316,40
229,220,308,383,57,364,415,163,66,108
314,11,56,244,113,333,428,9,108,17
405,289,323,227,104,403,228,42,372,167
126,66,40,229,94,228,255,298,9,162
343,325,133,409,224,316,18,1,236,400
437,62,39,224,111,196,343,8,201,405
358,78,346,428,94,266,19,176,320,43
352,428,297,298,238,176,62,120,16,360
155,94,3,332,398,246,252,375,57,264
323,343,108,228,224,94,109,1,272,11
213,94,398,358,411,8,238,227,17,265
343,309,264,196,94,220,40,17,356,418
164,204,147,238,308,43,8,3,246,237
57,8,298,213,363,253,238,229,308,228
108,64,246,162,178,196,266,335,120,133
222,398,133,236,94,69,181,113,343,264
10,151,163,437,308,305,87,264,113,219
228,94,62,8,283,213,109,343,57,162
169,346,147,281,20,40,39,211,343,213
243,293,405,228,437,389,56,120,62,71
103,43,299,372,368,169,437,364,62,161
316,113,17,104,319,313,272,428,255,297
305,78,368,346,168,57,272,308,111,283
133,11,227,127,343,3,162,1,246,341
66,206,243,24,346,368,9,95,86,162
407,66,335,393,228,229,297,428,19,284
358,230,238,8,274,62,57,404,243,149
199,9,16,431,238,398,343,202,298,219
437,308,162,360,4,368,98,246,102,220
346,35,9,377,316,340,30,243,162,192
364,5,94,335,368,343,332,139,437,248
323,316,196,228,335,361,227,56,266,204
161,172,228,43,439,346,398,8,61,343
169,8,316,94,228,343,238,437,213,192
368,169,182,94,229,266,86,437,115,43
203,108,264,8,228,282,128,57,212,162
237,405,266,94,373,204,376,97,229,329
272,339,203,204,109,94,335,175,86,229
401,151,392,86,246,343,228,433,169,78
431,9,227,89,59,78,46,309,16,94
404,264,94,213,321,160,56,282,332,8
162,56,196,404,204,283,265,430,237,113
224,237,332,113,28,364,407,202,319,206
87,364,236,265,377,40,358,306,343,17
404,85,204,229,141,264,108,41,224,370
204,236,246,347,94,379,316,53,404,437
108,202,70,279,229,246,283,66,404,213
298,318,341,43,111,243,213,237,415,94
309,386,312,323,284,86,128,407,113,341
169,8,272,303,343,360,110,120,106,228
298,185,144,407,94,30,62,264,162,236
167,132,284,62,8,412,11,94,407,38
202,62,428,9,1,346,368,224,343,16
66,16,39,147,308,238,41,224,309,329
224,66,43,133,202,264,236,143,168,8
298,297,228,438,305,144,169,120,32,8
108,334,332,200,243,272,246,48,196,155
358,247,298,244,385,212,80,335,104,237
94,266,282,335,406,139,38,8,202,109
1,111,136,94,377,431,286,40,297,66
316,167,94,202,120,169,265,172,8,110
144,316,128,302,264,226,107,169,309,342
94,21,237,213,8,43,313,107,151,229
405,166,108,313,308,149,111,26,84,16
305,135,228,437,23,225,74,56,147,404
148,153,335,264,377,398,346,316,43,437
133,56,109,217,228,94,305,9,186,8
276,264,244,148,430,133,94,57,2,316
24,238,264,204,40,215,335,144,147,437
94,343,407,196,272,8,346,162,204,405
120,8,224,144,151,316,94,284,337,343
368,8,297,437,17,407,319,144,246,40
264,162,108,169,262,9,360,224,107,229
8,308,360,282,304,3,343,228,66,162
364,316,224,42,124,237,66,46,88,202
238,434,272,194,282,228,437,319,343,360
71,120,147,309,86,168,428,264,162,259
335,43,44,63,227,282,62,298,8,94
360,343,358,368,94,298,407,229,208,209
43,1,236,368,196,264,229,415,39,364
94,332,437,113,360,403,377,8,3,298
57,13,94,169,17,428,10,228,229,8
431,202,128,224,323,156,99,109,343,167
198,292,428,204,343,94,229,169,325,89
264,213,8,66,360,236,82,424,1,204
228,82,264,108,343,237,368,404,346,364
226,133,265,228,224,283,86,84,94,147
62,204,76,244,108,428,196,9,94,224
1,222,202,370,54,226,267,229,46,120
111,323,284,244,326,94,377,215,298,236
57,405,404,9,308,161,109,316,104,133
294,229,94,162,141,228,243,39,266,236
423,84,244,282,406,428,269,283,57,108
405,24,167,161,373,292,66,265,431,343
229,111,283,176,321,428,244,236,265,113
335,364,162,86,237,8,49,405,323,293
323,233,407,16,176,9,364,94,8,142
224,94,51,17,72,357,137,226,9,377
158,68,187,218,282,94,244,431,325,8
343,151,264,115,8,1,107,9,377,129
316,8,272,16,437,226,167,151,243,283
183,375,272,322,152,264,28,16,8,437
207,264,169,188,94,202,176,109,404,120
204,356,343,228,244,17,8,360,233,272
332,41,163,196,346,237,343,284,167,9
284,437,430,8,196,168,368,313,162,43
385,358,268,43,264,8,139,156,437,17
61,193,358,283,94,266,117,436,66,308
244,57,226,162,282,309,343,336,108,111
160,8,239,229,346,94,144,113,40,343
168,267,1,368,265,228,17,104,400,43
335,104,28,94,390,309,377,162,305,272
118,83,236,9,86,62,238,111,158,66
84,107,346,42,56,282,143,207,236,284
360,437,147,244,238,332,295,316,346,139
369,113,283,196,368,405,162,282,18,316
8,413,167,228,272,264,398,144,343,236
94,266,126,316,335,345,237,43,107,265
127,109,161,69,162,11,244,224,432,167
66,111,229,213,343,246,272,43,358,113
144,282,104,346,40,94,162,313,316,432
224,26,94,1,144,305,228,377,120,319
94,332,17,66,151,58,147,213,265,393
235,352,228,264,162,24,404,8,133,39
133,413,94,8,168,387,364,236,228,219
57,325,437,86,304,243,61,120,316,8
147,298,305,300,76,428,427,73,161,24
167,247,236,57,405,246,377,263,343,42
198,17,151,343,264,169,265,323,283,204
162,267,256,262,84,220,266,313,368,97
319,237,368,204,202,200,144,229,298,66
433,1,364,404,161,9,237,98,297,431
109,120,224,360,94,332,61,136,9,57
381,78,104,43,428,263,364,305,14,332
246,133,343,176,226,229,314,236,431,1
108,346,219,305,57,237,358,213,228,107
151,215,405,111,161,78,156,94,11,308
8,126,406,407,156,404,284,151,364,147
407,109,167,163,377,3,176,229,112,359
309,126,418,272,8,228,213,17,204,437
398,59,264,437,265,52,229,309,431,308
113,17,213,335,227,162,108,297,224,204
297,9,104,224,111,237,98,161,282,229
236,364,52,133,404,108,313,332,107,9
133,162,264,66,8,204,348,377,364,246
265,228,316,402,49,257,94,282,346,404
9,45,162,265,23,377,343,96,224,229
151,332,12,377,437,43,171,101,237,404
133,28,120,94,306,398,172,404,431,347
104,57,401,224,204,333,431,244,94,202
8,368,1,227,108,332,94,62,226,238
162,360,161,169,272,192,305,105,3,224
224,5,358,94,167,168,1,272,284,21
343,196,264,364,335,120,437,267,266,146
400,228,8,56,16,176,139,336,151,391
360,343,16,346,1,17,356,8,86,56
430,162,398,196,17,145,94,287,282,246
66,17,43,284,293,229,120,104,238,346
335,309,399,229,313,62,343,434,265,360
404,113,107,316,40,1,167,237,271,338
104,86,368,308,202,243,40,224,9,94
431,347,339,238,246,111,368,151,40,405
148,94,360,120,173,228,196,411,96,264
14,204,309,229,120,284,354,358,17,56
426,368,405,228,234,372,56,243,107,398
1,109,324,358,196,11,264,8,224,228
343,162,194,407,244,62,316,139,224,226
57,264,56,120,96,294,346,109,111,108
94,308,151,366,343,162,368,264,224,272
151,17,343,371,68,108,236,57,265,319
282,398,264,9,57,313,335,17,161,219
8,213,94,196,120,229,308,66,168,143
229,204,66,65,15,335,238,94,147,1
407,236,316,8,162,94,228,169,309,151
308,113,428,94,88,323,213,264,162,20
120,358,323,136,264,286,316,237,133,219
169,228,107,308,16,343,316,273,297,149
111,405,204,404,8,227,58,316,308,246
343,78,262,94,155,387,238,137,335,66
111,346,26,94,282,151,202,43,147,176
213,308,108,264,438,196,93,15,202,332
343,431,360,335,308,107,178,144,237,9
86,411,147,82,36,265,356,104,343,120
343,43,179,346,264,133,266,16,147,335
162,17,437,228,224,343,104,59,138,40
43,8,407,19,3,108,323,333,308,151
236,298,405,229,228,376,425,309,161,406
363,319,243,431,286,92,283,213,298,94
4,147,43,272,9,305,116,108,360,398
411,292,415,297,228,155,1,104,151,246
335,120,398,133,416,377,437,227,438,66
19,151,28,226,55,202,23,49,71,437
284,354,238,358,167,264,196,202,335,120
308,309,226,61,108,202,335,332,8,117
69,39,229,265,348,343,113,323,266,432
162,228,86,94,429,431,113,417,295,48
173,431,224,266,323,147,405,42,237,17
404,364,161,16,346,157,360,435,62,120
227,343,118,204,162,332,238,94,139,246
162,194,109,157,335,16,313,58,407,153
246,161,244,282,305,40,272,309,62,224
120,162,308,66,416,320,229,352,40,400
424,264,364,324,275,113,120,343,282,272
264,66,167,62,40,69,109,162,391,11
327,57,343,335,66,94,266,162,238,236
8,64,202,227,229,12,364,148,246,204
9,238,229,203,120,291,416,167,204,153
224,343,94,110,204,229,316,185,66,228
237,423,142,309,45,111,335,62,236,264
40,437,253,243,309,398,118,394,266,8
335,341,305,398,59,364,162,264,19,428
364,86,283,109,172,346,162,39,319,358
346,377,398,9,404,154,8,256,407,62
243,94,16,264,425,29,428,298,71,295
298,236,428,332,94,243,151,169,237,86
437,368,120,228,236,273,407,66,169,309
398,343,162,428,57,316,346,151,309,23
204,343,207,272,346,8,94,147,202,80
335,263,86,364,171,405,228,1,437,213
38,86,1,244,313,284,147,133,9,437
229,3,244,104,224,94,8,113,346,180
206,364,9,94,264,17,157,221,407,343
280,226,113,306,63,360,215,329,237,43
196,274,313,94,227,305,203,346,161,24
346,392,151,140,70,229,359,246,217,437
133,224,15,264,237,407,43,214,94,354
144,8,272,256,243,94,229,346,17,218
115,113,94,202,295,335,63,433,157,196
167,147,70,264,438,120,94,431,229,246
404,263,9,224,264,169,316,17,43,199
147,368,229,196,364,282,167,360,169,9
246,377,282,196,217,236,266,368,298,86
8,282,144,224,343,16,238,221,206,338
202,8,377,324,120,185,437,398,17,204
243,202,120,196,4,370,343,76,113,157
267,8,94,368,39,324,265,77,425,162
111,19,69,332,435,409,246,391,316,93
264,133,196,3,267,272,229,120,16,213
104,70,323,204,236,341,151,16,108,246
10,436,162,11,364,295,319,62,99,335
382,113,43,319,297,204,264,227,364,398
224,435,229,17,8,360,107,335,39,416
428,335,200,319,147,94,437,62,264,107
266,188,313,144,437,294,319,264,213,162
62,238,97,213,8,44,39,405,343,435
204,313,161,219,104,437,109,162,343,224
162,346,228,373,35,94,388,62,167,313
196,43,309,336,332,16,377,318,223,361
172,84,398,365,160,264,272,187,407,229
368,167,266,244,161,9,431,177,40,389
43,228,419,282,305,237,23,162,236,275
11,422,204,377,224,1,94,132,396,368
341,108,8,323,329,227,17,358,219,161
8,14,257,264,39,180,196,238,328,167
227,349,364,59,398,335,228,405,264,113
377,189,266,147,229,294,11,196,168,316
243,438,169,228,30,265,8,380,94,108
272,243,153,115,309,30,108,183,161,110
325,368,164,265,244,219,202,364,237,316
237,437,8,57,228,39,226,10,166,109
94,343,229,237,130,102,428,109,404,272
236,319,8,11,264,162,343,228,94,1
335,43,323,377,151,343,264,204,272,206
88,437,368,8,332,309,264,224,369,144
17,196,224,162,236,130,74,167,150,319
264,219,169,316,1,388,173,86,90,332
8,39,104,335,144,111,358,43,86,9
17,404,84,122,224,229,228,332,56,335
246,147,94,43,201,133,151,86,62,108
9,377,350,202,428,321,308,139,56,346
437,428,224,136,246,108,17,368,381,343
43,377,16,8,246,236,11,94,31,228
228,84,360,364,108,116,226,368,8,243
150,84,176,335,377,213,76,437,282,8
165,282,9,298,155,111,348,6,62,228
237,264,109,86,265,1,377,229,228,398
354,288,437,75,220,249,94,229,113,9
111,282,335,234,66,196,223,346,39,222
227,88,16,8,13,236,1,346,120,86
353,169,404,94,8,300,437,343,62,224
343,9,261,84,8,313,395,264,120,316
264,1,32,196,289,329,284,94,185,405
361,298,247,227,264,237,196,167,437,169
337,237,332,293,407,94,243,336,246,40
187,346,186,120,94,227,228,43,34,40
358,151,360,228,226,431,305,306,351,9
111,309,62,282,84,115,108,236,343,94
264,8,354,169,229,11,305,66,228,270
117,266,238,47,161,58,439,349,94,237
319,162,108,8,228,238,361,297,104,16
224,244,404,1,94,213,431,204,338,66
56,104,89,265,297,364,377,428,11,303
196,332,398,94,48,400,335,320,96,111
377,8,108,195,86,47,220,335,94,246
437,107,323,365,213,266,202,398,368,150
377,209,155,161,280,83,167,262,113,168
228,309,213,238,346,43,313,39,3,398
353,435,265,398,219,298,103,203,404,94
228,352,266,343,297,437,56,246,264,8
264,224,346,162,298,335,17,9,171,133
271,243,335,62,427,360,108,167,204,348
272,244,87,94,204,346,62,361,360,372
437,228,434,407,94,202,416,9,176,11
226,229,312,361,182,147,43,407,204,109
421,1,428,169,94,437,161,162,212,33
213,377,305,16,226,95,237,316,398,121
403,272,8,222,104,228,147,335,282,238
335,264,405,391,332,228,227,162,94,197
343,8,437,246,238,161,40,264,335,371
228,358,252,202,62,265,303,437,237,17
177,407,8,272,309,305,208,283,335,437
243,8,181,309,398,94,81,7,332,272
318,305,226,264,227,346,120,89,52,228
283,161,8,224,272,360,133,343,305,113
266,1,162,346,66,213,151,403,207,237
358,43,266,94,39,104,246,9,335,1
86,224,9,180,94,213,23,16,307,87
284,94,162,404,265,171,136,386,346,213
305,17,246,398,313,244,272,368,437,107
8,368,40,109,237,144,228,264,202,136
8,309,264,408,227,319,19,252,107,9
151,364,343,359,246,316,377,138,62,308
243,435,213,266,133,161,204,104,343,162
162,31,343,8,11,346,375,323,219,437
343,162,213,219,428,265,94,377,368,333
17,154,62,120,56,278,284,428,24,405
237,41,332,266,94,176,437,104,9,204
162,246,43,404,254,237,243,111,8,272
8,246,229,196,94,343,228,377,162,248
238,360,139,425,398,62,71,43,226,20
111,319,56,191,16,204,62,348,308,289
398,56,266,364,167,244,109,1,264,86
411,308,86,431,161,185,404,355,196,20
283,332,126,228,325,138,109,144,203,365
8,410,111,213,52,264,428,246,396,393
162,62,335,358,360,264,101,11,309,39
1,162,398,360,358,17,104,9,343,428
364,62,204,343,17,82,368,407,56,179
224,264,16,172,84,215,213,437,101,151
167,16,94,381,196,265,86,246,9,88
204,243,139,8,343,148,264,246,282,428
309,21,17,3,244,158,431,264,196,202
264,318,181,169,272,276,366,108,151,236
94,214,243,120,432,11,335,162,236,238
63,56,343,404,66,437,246,227,120,377
364,425,282,39,120,8,59,407,343,237
237,228,343,308,3,9,398,155,272,66
377,86,196,94,343,41,151,17,39,264
33,238,17,323,84,246,8,109,244,419
400,8,390,162,86,368,265,11,94,226
437,380,43,282,3,350,244,248,111,16
77,243,429,151,358,343,196,17,1,88
272,162,196,118,239,94,398,107,56,308
369,94,62,169,16,202,360,316,9,431
162,236,94,332,224,183,430,227,184,108
364,236,28,316,243,305,133,428,94,228
246,228,213,11,283,308,343,3,30,428
17,131,228,264,346,8,227,108,332,213
213,220,204,302,151,66,332,57,437,43
92,422,75,162,17,120,9,266,343,404
42,263,229,94,214,66,284,278,324,39
437,208,37,1,94,196,162,101,8,226
41,56,289,147,114,228,244,364,172,346
94,328,298,8,213,365,343,335,398,405
272,237,1,437,94,162,337,346,332,120
202,213,316,108,226,17,358,162,40,9
224,202,229,422,66,368,243,54,323,127
244,227,264,226,196,267,133,237,377,241
1,167,9,94,237,364,263,272,203,398
162,151,353,246,363,238,94,19,228,85
109,162,237,228,297,202,298,196,364,343
344,346,319,364,390,151,398,238,95,111
256,326,226,206,182,57,49,24,316,204
1,343,272,108,404,40,162,238,26,197
168,94,209,55,228,144,213,431,220,89
237,94,65,264,407,222,39,226,229,57
3,168,267,248,407,11,278,343,237,335
162,8,3,308,131,243,204,94,227,237
343,405,404,104,169,111,167,188,364,237
40,336,282,196,162,437,213,94,185,298
224,386,229,404,8,236,213,353,377,16
266,265,282,14,169,343,228,43,264,86
348,224,1,394,113,272,162,54,169,343
229,335,176,336,133,52,270,349,95,83
398,79,1,19,433,283,335,358,94,189
293,248,377,224,71,264,162,8,213,204
238,316,428,104,364,229,162,227,83,196
325,43,236,355,343,437,160,140,66,204
94,377,246,196,368,346,298,364,213,155
229,17,120,253,57,66,237,163,433,224
83,226,85,400,56,343,169,133,204,437
227,279,244,162,405,202,335,428,308,437
341,262,167,229,219,346,94,264,96,213
264,202,161,120,335,404,151,238,252,224
266,264,335,17,244,377,226,272,12,111
113,344,56,111,343,283,377,419,347,266
46,120,370,377,319,162,204,12,86,313
264,398,351,343,94,377,238,396,62,136
405,66,360,358,162,428,236,213,113,264
332,173,259,133,391,437,9,228,264,111
364,360,407,56,343,63,43,246,204,264
379,404,224,428,62,243,151,364,81,8
245,226,162,1,113,169,264,104,238,237
108,388,155,179,266,142,8,297,94,169
252,151,431,343,107,289,404,1,254,108
151,377,1,404,40,229,316,167,132,94
108,272,9,39,151,161,407,265,323,25
224,229,403,204,56,94,104,264,227,254
432,94,8,153,162,431,43,343,26,227
118,360,343,236,94,133,3,398,202,162
104,272,343,319,206,265,110,109,246,281
398,308,162,227,264,228,237,272,58,104
272,19,204,94,297,368,109,68,213,264
58,335,437,66,243,229,361,137,252,202
31,17,138,8,220,43,196,353,428,57
94,298,428,169,335,108,162,83,161,146
332,148,104,17,237,358,360,40,335,228
364,228,407,343,282,69,308,398,358,264
139,226,19,94,396,236,229,144,9,364
246,264,237,107,8,229,412,405,1,377
