226,17,346,392,126,265,272,224,73,16,67,169,364
1,34,226,236,281,68,227,109,139,404,84,371,78
94,309,437,227,343,346,133,62,404,219,236,145,366
94,407,313,43,380,228,88,437,428,364,135,297,111
272,377,3,9,265,162,94,282,305,329,17,264,229
236,8,3,282,264,196,94,246,108,16,126,272,243
133,162,313,404,196,343,395,289,264,204,266,208,104
228,316,264,422,365,272,168,346,162,377,39,196,11
264,431,282,398,407,111,204,16,8,169,404,173,196
66,224,335,368,20,229,41,243,108,364,346,410,17
244,377,335,10,318,204,272,57,191,1,428,94,243
343,172,162,28,264,94,86,297,208,368,196,330,346
319,43,264,56,151,437,430,400,265,108,406,219,8
40,237,111,204,183,407,229,253,332,8,297,213,226
111,437,66,319,20,282,222,237,8,246,335,167,236
236,56,264,377,343,107,277,62,147,227,169,280,316
204,343,237,162,102,9,85,120,321,8,202,21,213
151,407,17,232,272,264,437,82,227,78,167,177,246
169,267,111,243,108,437,90,420,43,335,284,343,9
308,437,284,224,236,133,1,343,332,162,196,31,204
272,335,333,8,375,305,266,437,343,88,291,229,405
237,94,404,265,213,384,240,27,162,229,309,30,62
272,364,51,228,343,360,162,213,332,317,435,94,161
169,356,377,438,151,265,250,133,66,364,104,405,204
9,237,103,229,260,305,162,104,346,62,343,398,364
428,49,227,66,17,202,161,237,228,335,62,284,196
341,94,265,264,9,23,246,196,437,306,237,104,56
368,308,437,319,316,162,318,266,8,161,282,332,133
94,346,368,319,58,398,229,333,308,213,169,120,113
229,72,120,167,147,272,57,244,226,204,70,343,213
2,228,70,151,213,224,264,94,162,108,335,310,104
431,227,94,202,284,360,108,11,1,366,309,385,228
245,66,94,113,144,204,420,1,327,431,192,264,9
434,147,104,264,272,236,404,84,229,196,0,9,335
109,243,39,226,219,66,14,264,229,323,120,78,108
21,350,335,66,147,74,346,39,120,8,84,162,213
8,229,9,120,253,437,428,104,236,168,385,87,106
39,8,94,42,54,161,57,428,348,200,297,343,266
113,428,308,142,162,94,46,131,282,9,274,1,240
320,272,238,368,436,167,196,134,213,145,7,102,151
194,392,308,341,11,8,264,386,404,439,9,282,94
321,364,151,439,11,237,56,94,227,297,224,358,14
162,202,108,384,298,94,246,204,39,234,257,93,335
297,33,426,398,437,66,162,343,282,107,228,94,17
113,9,246,305,139,40,1,94,368,398,162,319,120
360,224,277,410,282,8,437,199,108,308,142,391,120
358,354,236,8,107,11,372,197,332,335,66,238,437
368,229,196,228,169,224,264,184,8,237,94,341,200
313,308,266,228,3,120,40,405,9,229,8,167,14
303,11,282,228,428,406,196,266,372,78,3,151,223
404,245,313,39,238,86,347,198,265,364,8,377,94
358,161,138,168,216,368,113,17,151,1,94,332,11
244,108,83,364,308,154,304,402,86,160,118,33,8
428,58,248,398,244,224,354,8,109,243,343,213,133
202,229,366,404,256,261,368,309,398,264,104,266,341
374,384,213,264,102,145,377,360,144,17,147,332,308
226,282,86,23,277,224,323,204,229,196,42,72,272
417,37,346,212,319,108,229,236,391,308,275,266,26
364,236,416,246,291,1,309,40,316,2,43,237,151
428,109,405,17,238,57,72,228,436,332,162,363,268
224,437,313,204,8,155,169,161,219,237,297,62,17
432,94,407,364,169,108,226,224,332,377,404,8,255
313,213,238,283,246,384,437,224,26,346,203,196,109
94,316,11,108,264,237,3,162,120,8,229,17,265
219,237,15,404,343,228,17,193,82,202,368,85,109
437,396,139,377,237,94,238,246,332,368,79,273,335
11,282,437,64,265,9,120,335,77,377,236,272,202
343,228,337,1,383,305,57,437,71,151,309,113,407
94,227,375,8,213,226,23,439,229,104,437,431,196
429,120,284,129,107,202,252,272,94,147,405,56,324
346,86,202,324,347,335,226,49,16,357,213,433,11
224,313,120,196,305,177,335,343,346,94,416,358,437
94,17,318,335,144,238,9,79,51,56,369,358,229
217,8,316,108,94,368,323,289,428,243,388,195,81
118,111,120,377,264,404,346,8,236,246,405,167,297
302,282,57,368,8,178,177,238,97,377,204,139,228
162,196,39,209,106,113,437,407,43,146,57,8,405
332,176,270,343,202,62,213,107,16,159,297,54,43
264,364,169,43,139,305,257,108,124,204,94,196,162
236,431,17,305,1,202,405,346,107,265,131,162,63
343,283,86,193,404,40,437,120,236,11,94,161,62
332,163,243,404,272,213,246,309,313,428,430,219,63
305,246,438,3,437,100,139,209,94,266,202,40,162
264,244,16,246,320,332,229,238,342,237,108,39,17
111,266,290,332,377,209,7,169,66,272,94,68,264
431,9,17,298,16,165,237,203,8,264,360,96,265
116,335,237,120,195,438,213,217,1,11,94,62,425
364,244,46,210,228,283,204,120,162,133,300,66,368
316,229,144,346,228,237,407,305,347,8,312,246,274
17,99,246,177,343,109,2,271,57,368,346,320,238
238,297,50,162,9,129,265,264,321,283,94,343,332
8,94,437,161,188,343,182,405,1,246,404,11,396
162,94,437,433,20,169,282,343,155,204,43,1,113
4,298,246,108,164,377,200,270,161,343,266,74,226
40,437,104,316,331,156,71,323,431,147,266,298,200
254,227,343,360,94,162,196,298,338,86,346,151,17
431,139,147,48,57,244,113,416,163,238,428,283,236
151,254,82,104,147,9,94,315,224,162,432,219,308
305,227,66,94,361,146,1,368,108,237,332,162,343
124,341,28,335,72,343,243,332,213,62,219,237,167
284,224,39,8,55,405,227,7,228,264,17,241,219
343,111,151,264,229,282,335,246,393,213,237,236,224
109,404,17,149,343,224,263,162,43,297,284,49,237
196,198,94,112,401,437,282,219,236,272,289,335,8
8,19,266,99,293,108,265,398,219,90,368,407,246
161,11,3,94,61,236,343,433,244,417,8,43,224
43,66,236,376,353,147,228,368,346,309,395,39,196
238,8,124,264,228,113,94,66,162,19,202,226,9
8,7,246,368,236,343,226,264,228,435,162,94,115
262,358,364,204,404,193,162,120,366,369,319,305,109
8,14,207,360,238,398,204,405,109,156,246,343,229
56,346,204,151,431,167,94,227,349,428,162,17,254
1,364,17,147,343,86,346,9,238,8,437,278,373
55,361,8,346,76,272,357,43,237,405,238,9,64
113,266,364,237,264,195,162,45,368,8,43,138,358
429,229,238,56,364,167,377,166,8,264,316,94,394
244,264,94,248,229,398,107,161,316,360,133,246,43
196,346,284,377,168,309,229,228,370,299,213,25,8
234,431,426,72,228,155,348,398,425,282,8,319,405
167,94,43,335,237,316,162,343,213,423,48,143,8
94,9,229,111,8,202,236,285,266,162,316,164,377
368,133,155,253,90,10,162,228,264,48,8,265,422
187,151,17,246,8,237,339,236,94,231,259,204,308
151,17,368,437,283,133,9,108,57,346,228,104,237
332,147,392,108,272,162,437,202,343,401,1,266,123
323,405,303,22,151,176,109,161,8,147,45,332,62
358,147,94,229,297,345,281,283,377,66,343,113,404
93,417,308,162,266,335,282,364,94,437,298,353,244
432,213,339,266,335,86,31,323,67,144,68,200,57
176,78,232,404,343,213,282,229,265,227,196,309,436
3,16,398,17,57,133,343,1,138,298,307,283,407
404,436,147,272,63,57,346,111,224,8,226,120,40
227,428,268,335,228,236,161,322,282,372,373,243,94
11,387,246,229,135,8,178,94,335,300,107,213,161
404,332,66,228,283,33,108,264,428,43,237,77,238
407,19,266,224,39,196,202,139,243,404,16,104,43
283,196,175,243,284,162,133,364,316,398,17,266,366
346,236,144,335,264,439,437,377,3,246,17,56,66
108,133,66,96,349,308,266,297,335,398,219,162,101
62,398,219,135,9,386,358,229,72,272,86,316,264
250,228,269,39,437,313,309,11,8,374,104,295,94
305,246,358,272,111,62,94,431,12,277,196,174,109
305,431,437,368,9,313,202,360,94,405,162,269,319
364,233,226,8,437,159,266,213,195,151,229,375,220
31,229,108,265,319,62,236,227,377,398,204,133,8
364,144,111,365,309,343,255,94,344,107,398,377,375
238,358,343,162,140,120,296,236,12,404,325,49,94
40,228,107,66,126,37,224,404,343,43,162,223,111
343,233,201,246,4,365,104,167,120,17,202,404,62
17,133,204,104,93,354,8,298,151,424,237,111,162
309,343,108,115,368,62,437,282,281,57,290,104,229
405,108,228,62,142,162,437,248,424,343,262,226,285
318,348,364,377,177,284,266,196,424,229,224,264,237
437,346,212,108,94,167,48,202,174,298,17,147,282
404,264,309,341,407,343,9,162,133,104,111,84,94
236,56,237,364,437,399,377,165,274,169,229,335,213
296,264,323,66,106,377,246,227,113,201,8,57,360
228,219,236,147,87,368,437,94,8,104,336,17,161
282,356,407,332,162,19,1,113,228,244,86,94,43
237,273,265,69,255,229,94,118,107,17,437,222,111
108,120,256,202,305,219,161,107,387,377,244,229,343
8,140,18,398,151,104,143,62,289,284,31,155,202
66,151,316,224,246,108,57,426,272,229,346,255,94
107,368,346,335,120,246,219,94,17,18,66,264,265
316,265,38,346,17,327,206,284,162,411,94,226,8
437,196,1,243,266,284,144,364,325,39,2,228,297
437,244,173,144,394,66,368,192,213,68,94,9,272
288,377,319,169,139,297,167,212,437,237,228,111,282
111,229,437,358,343,11,220,431,162,316,368,151,167
261,43,237,398,343,213,162,437,293,196,147,8,111
358,272,151,332,246,43,228,161,236,360,305,264,9
241,3,120,161,229,39,272,343,169,228,246,133,140
44,62,437,302,162,11,104,224,350,66,332,8,360
0,107,405,238,66,228,11,246,94,358,264,111,385
97,238,343,439,283,39,162,236,360,8,237,295,203
309,8,224,377,167,413,94,283,162,242,166,407,335
237,228,372,120,278,323,162,43,309,264,6,94,138
86,204,228,343,66,211,94,141,323,9,381,435,151
298,405,387,94,108,283,17,284,33,39,246,346,228
435,43,398,297,228,139,264,284,120,404,224,243,368
94,120,111,16,308,86,229,404,407,264,17,8,56
161,435,227,264,17,280,423,237,108,196,238,9,332
213,361,229,294,243,244,9,246,264,202,167,237,108
257,266,120,113,343,213,43,360,39,368,31,264,224
346,17,149,161,31,229,305,109,108,243,358,43,8
264,283,94,236,139,272,108,219,8,238,237,360,346
144,377,43,62,416,398,45,244,9,108,361,94,394
398,297,284,117,308,264,1,66,224,437,4,8,39
180,151,365,68,196,364,227,66,108,244,437,246,142
309,295,437,236,162,40,243,188,265,219,169,78,113
343,39,147,229,226,219,23,120,116,308,243,151,228
309,169,266,437,11,133,8,323,298,229,264,226,392
394,202,120,126,404,8,133,1,364,228,309,224,323
1,364,358,236,368,94,220,9,343,162,297,335,229
86,282,264,213,196,346,65,254,364,111,167,283,226
343,17,358,136,377,346,284,246,308,52,131,162,55
222,8,284,108,346,244,94,43,111,106,161,53,323
62,108,9,40,162,109,387,346,364,436,283,218,343
57,276,419,93,307,162,224,229,377,66,8,88,283
273,104,161,94,405,398,364,343,227,404,264,246,224
151,224,115,227,226,8,187,400,298,429,431,405,343
139,266,224,213,340,284,163,343,147,358,413,333,5
305,435,227,162,94,56,380,8,107,228,246,429,66
104,169,343,255,229,264,213,228,108,284,309,436,236
224,66,8,308,86,229,196,377,109,107,282,219,17
204,151,343,364,428,144,86,264,282,94,319,168,237
238,94,139,265,343,202,428,39,264,167,183,227,394
229,39,24,328,3,167,147,359,202,224,238,155,108
213,162,1,169,431,420,343,437,227,224,8,229,226
24,40,223,228,264,368,360,218,1,428,332,377,246
61,323,55,187,113,12,108,236,282,284,25,273,213
111,29,8,343,162,289,368,94,224,335,396,308,165
398,43,144,308,94,332,108,335,8,252,151,224,120
57,69,237,196,343,235,213,308,108,303,102,162,228
343,11,282,379,204,196,151,16,229,349,238,236,40
343,353,224,22,362,120,144,108,109,86,411,139,305
238,272,121,87,377,167,228,232,19,11,396,263,229
39,264,335,298,364,94,57,142,343,431,211,54,133
348,8,358,204,272,228,211,264,56,11,229,238,111
1,343,398,94,204,264,439,169,246,272,87,346,319
66,345,309,335,316,8,17,202,213,162,169,1,377
228,17,94,19,1,66,398,246,109,202,227,78,282
108,244,368,150,404,346,268,230,376,1,43,297,229
40,8,108,17,266,316,243,107,109,213,229,246,305
238,167,17,335,437,43,404,84,94,109,8,282,385
305,120,204,308,419,144,229,283,168,139,398,236,264
8,437,246,323,237,147,264,17,317,321,238,272,398
108,162,335,368,243,431,262,183,434,308,264,8,167
264,94,108,297,76,407,219,266,343,120,227,213,332
319,398,113,52,43,40,204,431,377,229,346,224,144
107,223,197,405,272,308,169,17,282,204,228,236,320
283,108,352,368,229,428,346,16,204,264,306,213,266
431,8,222,66,437,377,209,435,108,94,257,418,168
432,319,229,202,103,228,354,199,265,86,162,255,23
228,161,227,19,431,282,428,144,160,364,213,188,332
169,405,31,162,224,374,30,272,40,226,254,238,9
8,335,149,364,437,224,322,283,228,262,343,264,43
316,230,437,42,1,358,204,313,282,16,63,50,222
316,227,167,223,8,437,277,134,368,264,111,3,428
92,94,236,120,431,219,264,228,40,346,204,48,246
229,162,343,8,272,243,174,147,120,244,361,62,261
283,390,363,368,54,403,435,433,431,236,196,272,94
392,33,323,133,34,162,227,437,213,151,343,306,120
346,162,43,62,86,194,236,108,169,226,335,401,143
265,23,385,17,181,433,404,204,226,335,213,94,9
111,228,364,224,383,213,57,278,26,404,377,407,43
8,139,229,224,284,62,358,16,108,162,61,60,206
319,169,243,437,16,346,111,229,403,236,9,202,332
358,56,161,78,364,224,94,228,104,183,147,62,48
406,266,377,398,282,162,343,144,404,401,224,219,289
136,236,9,43,332,246,24,104,211,213,398,229,61
204,133,206,404,368,69,229,8,43,223,3,398,65
120,107,433,271,111,368,334,16,437,264,407,168,174
56,264,227,94,343,16,385,84,266,358,71,66,431
362,377,237,16,219,55,437,44,246,39,358,1,94
428,17,8,305,405,120,229,437,113,282,246,316,9
137,266,66,345,236,246,346,51,42,161,437,330,431
260,264,400,94,9,404,162,108,430,56,66,228,246
417,368,405,237,246,298,8,264,17,94,169,162,119
283,298,162,404,313,236,284,303,237,389,262,433,243
360,94,398,364,169,204,39,358,162,335,305,107,428
293,261,437,244,266,236,120,102,229,137,11,335,157
229,26,309,272,109,56,228,94,202,213,1,219,368
294,244,266,89,316,118,56,9,309,212,8,314,424
144,368,319,43,147,229,17,294,398,108,203,377,302
264,69,437,364,113,16,94,95,8,128,385,144,332
229,58,264,94,364,84,368,310,343,243,228,398,428
313,437,392,229,97,227,404,356,56,398,39,368,416
86,104,17,94,284,264,377,226,411,33,250,171,236
282,62,229,264,17,404,241,162,147,40,16,346,355
228,202,169,319,94,282,237,335,196,226,8,167,178
358,219,238,227,162,405,9,39,368,404,8,202,63
118,264,111,84,227,228,405,377,373,62,113,104,236
144,335,317,229,377,66,162,246,228,11,218,109,155
346,158,229,149,43,343,323,111,113,327,162,283,94
331,272,246,416,151,60,319,227,8,9,162,389,217
11,264,321,244,204,180,120,162,229,94,297,8,196
266,8,236,104,309,364,211,270,229,86,43,368,376
229,282,17,358,204,202,16,298,364,155,222,236,24
109,363,108,151,398,265,236,343,21,226,224,111,162
133,3,340,237,229,272,221,242,196,162,151,305,332
94,62,298,360,272,300,264,108,151,437,17,35,334
3,151,364,335,264,1,9,94,224,16,332,220,284
196,305,364,368,198,43,346,332,228,1,202,236,213
364,9,211,237,246,109,204,263,94,10,133,368,253
364,109,43,272,112,346,228,8,213,108,316,411,323
136,236,283,264,282,43,308,437,219,8,343,404,213
65,364,250,54,298,196,395,343,204,9,400,198,353
108,249,360,213,219,8,77,144,46,229,358,437,202
316,282,162,66,264,94,25,417,68,265,226,309,62
162,272,262,364,394,70,404,113,56,40,308,431,149
343,196,346,18,4,227,8,283,31,228,394,272,94
360,393,229,236,94,161,346,405,162,237,407,9,158
101,108,377,428,366,94,229,272,62,113,398,162,431
1,437,368,401,398,346,380,343,217,246,227,370,226
343,162,196,147,437,228,407,312,120,94,264,223,203
309,434,169,3,229,111,27,246,162,364,343,377,411
319,63,8,147,360,155,150,368,406,259,13,364,343
214,401,289,213,66,8,437,133,228,94,377,361,246
322,226,248,67,138,438,437,154,398,343,43,45,95
17,195,323,61,162,171,357,269,264,191,94,236,398
364,313,8,224,253,11,104,141,9,305,17,168,204
172,428,238,343,11,309,8,196,147,299,404,168,377
167,11,94,272,297,229,8,428,413,411,110,283,161
224,343,109,56,237,8,138,238,141,151,437,431,368
382,43,264,169,229,35,162,31,368,9,268,204,388
350,196,238,33,377,272,144,323,161,224,266,226,244
147,204,85,113,178,95,94,224,343,124,74,30,199
428,272,404,343,219,162,1,224,308,111,109,282,101
161,9,358,94,121,43,162,335,192,226,359,246,202
437,358,264,204,238,54,302,229,9,162,144,96,355
236,8,204,40,162,137,246,398,229,144,66,244,335
298,104,431,87,234,136,94,8,229,263,144,204,238
213,368,282,346,84,324,228,109,436,309,19,246,284
364,111,245,109,393,337,0,238,162,161,149,226,243
229,193,94,370,108,38,162,113,73,343,86,236,62
377,167,202,196,111,218,368,431,113,437,346,358,360
120,265,224,8,332,111,144,61,437,62,162,346,17
428,266,120,430,213,1,420,348,31,343,370,229,208
421,343,308,246,407,405,39,298,94,364,316,228,276
319,139,282,108,202,155,360,343,364,411,272,227,94
391,54,377,16,202,139,343,364,436,274,94,284,346
167,237,11,40,151,169,133,62,388,162,370,114,8
264,367,346,313,413,305,337,8,219,236,343,368,229
162,109,228,404,305,252,407,124,167,284,365,16,281
204,218,264,81,266,194,94,368,246,431,167,303,364
202,246,40,405,264,128,332,437,94,265,229,65,290
346,244,246,377,167,8,298,111,360,341,237,405,71
237,370,335,56,398,422,313,266,151,9,204,172,159
265,346,264,237,133,404,437,202,224,396,332,297,16
213,398,31,118,84,266,205,258,355,437,264,12,335
86,120,437,264,16,305,413,266,243,151,133,9,111
431,266,298,332,437,428,389,360,244,120,215,106,161
343,43,227,151,1,19,162,32,167,232,213,147,398
111,272,343,383,224,202,428,437,266,297,169,335,8
343,309,305,147,9,377,404,389,265,43,364,196,172
43,363,298,133,86,267,431,231,147,3,404,82,320
3,335,65,431,308,319,120,143,282,283,8,133,227
358,9,203,94,151,40,305,266,227,8,71,335,431
370,169,132,313,264,375,428,79,288,8,109,43,94
169,396,204,388,62,308,235,11,264,255,16,109,9
264,108,213,313,335,66,428,343,377,238,282,217,368
404,313,56,364,229,236,332,94,64,149,165,9,213
94,360,289,309,272,323,229,167,261,66,228,8,224
385,288,437,202,161,346,377,323,229,332,204,111,108
298,69,111,272,17,162,237,264,325,202,120,196,266
161,343,43,272,86,229,34,221,111,335,193,323,437
364,224,272,94,228,147,337,8,265,111,229,237,114
191,428,238,229,3,89,8,42,51,168,16,246,302
259,33,404,224,3,55,39,403,109,142,364,343,272
346,8,343,236,58,196,305,133,266,107,237,101,167
162,43,284,55,386,264,8,94,266,324,167,402,1
104,39,213,76,404,437,187,243,279,253,137,319,313
161,152,243,3,84,19,49,167,108,335,188,383,120
41,108,1,316,16,109,231,162,56,236,398,94,4
432,228,428,237,108,239,313,298,0,8,56,316,437
9,133,182,8,94,309,95,298,246,346,237,115,264
368,196,405,389,264,167,62,265,104,217,57,236,360
403,114,289,233,199,228,226,283,415,213,1,211,42
219,31,238,162,398,120,224,8,437,277,94,237,264
422,224,229,228,94,161,162,272,204,244,346,236,11
62,266,66,229,404,368,139,391,228,244,255,94,108
8,224,62,94,282,246,431,213,411,368,309,109,38
137,196,246,346,129,158,94,237,8,150,11,162,238
319,16,346,106,377,130,133,113,272,230,222,66,364
404,265,202,364,431,346,152,349,219,316,66,264,322
282,345,431,94,437,224,57,120,398,37,434,246,379
335,87,435,22,373,228,0,428,56,9,319,196,237
231,398,84,346,224,86,120,56,82,151,8,229,162
343,335,202,246,319,151,267,62,90,437,323,227,346
437,167,332,270,229,305,43,56,227,398,149,11,407
238,319,398,94,343,147,228,162,437,229,283,8,328
264,94,56,280,437,11,169,84,224,145,243,202,120
256,348,9,377,107,229,46,236,108,151,120,272,17
58,360,1,392,228,144,437,94,17,243,3,225,237
377,417,147,120,219,264,8,238,282,244,94,162,43
407,196,94,237,58,244,229,61,224,257,266,238,246
17,94,169,270,29,226,297,108,228,229,237,405,27
283,9,48,348,66,227,298,404,262,237,162,428,196
224,76,431,364,236,151,148,39,8,66,147,335,298
364,265,208,369,246,304,18,62,318,316,137,219,204
190,360,264,266,108,94,261,304,272,104,236,162,120
58,227,155,272,8,265,86,16,188,108,125,343,244
162,21,39,16,213,228,438,358,404,17,334,94,282
213,284,108,169,209,264,362,111,404,377,272,200,341
120,8,97,419,161,335,316,266,297,102,40,305,253
437,289,86,25,412,56,415,43,348,162,181,377,124
229,412,162,96,228,20,437,216,108,416,8,203,174
416,286,167,222,351,224,40,57,204,39,368,132,437
144,94,11,266,120,8,388,236,264,422,319,428,167
404,99,94,346,213,202,144,84,246,237,437,222,196
57,11,28,367,341,309,202,144,343,94,204,120,118
313,56,151,291,99,377,224,404,347,335,264,246,94
238,151,305,332,34,229,308,222,437,272,214,161,204
319,378,264,377,398,316,187,17,366,227,204,425,70
9,398,264,43,126,151,218,131,202,346,169,57,120
109,153,358,39,407,319,213,196,366,308,151,264,343
57,224,133,94,202,244,9,430,398,39,431,66,1
133,226,62,309,243,319,120,137,8,264,204,153,147
313,34,360,264,148,123,217,9,343,358,309,364,201
229,323,284,335,332,54,1,358,84,94,120,244,437
287,282,57,229,8,431,337,284,272,219,162,265,94
142,1,360,178,72,16,133,246,377,236,237,81,17
368,84,86,31,17,43,246,264,116,346,111,237,188
202,94,229,343,70,237,238,213,162,431,428,196,86
64,40,109,224,9,204,364,343,308,243,1,377,7
308,305,217,169,39,358,126,282,364,41,224,62,94
16,437,213,438,9,411,368,229,358,431,147,226,224
61,112,24,228,120,305,385,377,16,8,94,308,204
17,224,228,213,437,283,120,8,305,162,3,43,196
297,266,40,391,246,343,283,335,352,58,431,196,204
57,162,145,244,64,104,357,283,238,30,237,147,364
43,113,16,8,323,272,266,237,332,162,364,229,346
224,151,362,411,264,141,229,253,213,343,94,237,335
415,229,428,335,224,62,151,259,213,167,113,305,308
364,63,162,237,74,213,236,108,340,426,151,8,1
265,272,332,335,202,224,236,24,429,343,108,367,167
316,94,437,310,435,308,162,298,343,282,237,199,109
94,237,3,431,365,236,261,286,43,227,437,204,238
197,343,104,134,57,32,55,265,358,305,204,162,313
264,335,241,298,238,39,136,51,437,229,11,398,183
57,209,272,162,362,323,229,38,283,8,353,398,335
437,56,229,237,305,265,16,364,224,139,299,162,107
147,94,256,319,360,346,272,343,162,17,177,302,66
161,195,227,386,357,204,8,155,368,246,39,107,364
309,213,224,39,346,62,316,335,16,332,368,243,180
309,87,332,236,298,437,253,235,229,288,386,151,204
252,368,309,291,404,250,343,162,9,62,363,407,264
335,20,272,133,224,39,185,225,236,433,229,162,228
20,237,343,3,97,169,401,183,110,1,94,263,8
62,16,323,224,81,150,335,272,316,219,72,358,2
431,398,224,335,3,169,8,213,364,82,206,437,212
436,156,57,437,398,425,219,238,431,111,346,8,94
16,109,373,370,229,111,374,213,9,332,294,103,66
230,20,244,337,272,283,358,237,265,264,282,343,404
94,176,155,58,124,109,368,229,346,219,282,162,308
284,94,11,405,169,246,58,369,310,430,245,8,188
162,40,52,43,238,67,110,282,260,102,371,94,16
228,3,61,305,416,202,289,438,264,111,88,151,8
127,8,323,238,200,308,227,9,78,43,228,335,259
132,94,398,40,368,120,224,173,162,204,335,84,424
207,138,428,343,224,204,437,375,407,246,202,133,9
84,1,364,57,127,94,266,23,428,243,355,283,162
8,204,28,313,162,1,201,316,368,437,10,346,264
57,226,213,161,424,354,94,259,404,384,308,199,256
8,113,16,392,149,162,266,284,176,169,108,368,218
244,438,196,202,243,94,224,284,9,211,246,96,43
220,112,66,263,319,404,282,219,43,204,229,292,17
369,112,246,3,204,343,94,297,95,1,264,88,11
162,94,106,405,57,284,324,8,238,1,141,236,428
343,368,111,265,346,404,244,94,11,104,427,405,424
343,405,94,213,39,360,224,404,162,437,358,57,202
142,149,3,308,266,229,364,167,26,335,163,94,238
126,319,263,377,51,56,358,370,139,113,236,162,335
298,19,66,8,341,264,360,196,238,266,343,147,428
144,226,211,437,66,248,8,39,346,405,183,120,364
369,86,377,151,16,346,297,162,226,43,437,218,305
106,86,256,416,133,162,120,343,1,172,398,94,377
164,111,17,1,194,28,94,265,196,151,403,231,174
298,418,94,431,238,71,111,8,346,287,28,437,196
162,229,151,43,11,81,108,316,94,16,9,62,39
57,224,373,227,89,263,284,437,407,411,93,316,8
104,219,11,237,229,284,107,4,282,8,316,50,304
422,229,343,283,265,8,94,306,216,308,431,196,3
120,8,88,169,151,213,52,364,264,237,308,108,204
236,43,196,404,432,162,263,309,213,57,246,310,405
312,309,229,3,243,144,405,290,162,332,298,56,202
264,404,202,406,107,340,40,158,343,169,432,151,398
158,403,56,8,237,16,407,236,61,120,359,364,228
428,229,219,212,16,144,319,169,147,120,368,341,405
236,1,368,264,272,213,30,309,162,228,347,120,346
223,9,43,107,264,343,111,348,156,229,241,346,399
229,11,243,368,343,133,244,16,93,158,224,196,284
308,332,109,238,272,336,227,224,264,368,86,215,8
381,94,212,227,412,437,202,120,264,196,214,9,238
229,332,241,360,319,364,16,266,1,368,94,120,111
246,343,30,204,355,134,24,227,150,161,162,332,211
108,17,40,264,236,66,265,313,219,164,405,364,272
184,110,322,213,299,313,228,3,133,264,225,305,282
343,435,291,40,282,94,358,9,308,338,437,260,169
238,228,346,364,161,151,309,389,264,162,169,237,319
18,202,437,109,16,94,168,62,1,8,335,162,9
246,403,43,272,264,243,88,237,8,94,120,58,228
187,224,264,8,305,207,57,169,39,139,250,16,199
107,278,435,300,284,323,360,272,319,202,264,350,196
224,437,308,358,364,176,16,150,387,343,272,282,88
377,437,174,272,111,105,319,364,416,238,246,280,160
429,43,178,265,224,66,340,86,316,272,282,368,264
439,361,196,238,62,419,405,284,204,346,229,431,228
298,228,356,226,264,204,229,266,110,240,343,219,120
228,89,162,120,206,95,346,335,254,265,43,82,407
316,346,433,116,139,266,204,3,236,343,202,437,9
107,4,9,404,264,169,358,229,405,204,196,383,238
17,8,40,405,64,224,196,428,420,244,103,291,65
104,283,437,436,68,94,167,162,346,43,62,266,358
265,190,289,196,108,213,246,107,398,133,109,229,343
283,343,368,362,169,17,412,224,120,229,155,99,8
108,266,8,413,297,346,407,94,113,368,438,364,62
228,199,117,377,363,286,229,238,1,226,19,437,58
108,105,155,66,402,254,113,1,346,162,87,238,211
351,368,383,94,335,1,8,343,298,207,332,319,437
236,332,213,265,264,437,283,57,319,158,162,404,94
266,368,107,250,1,358,313,144,272,43,343,437,8
27,298,310,183,343,154,94,62,435,224,373,196,237
17,237,165,153,102,94,384,297,161,437,196,229,66
9,364,428,435,83,112,194,8,176,343,144,108,167
74,228,335,9,264,181,244,161,272,214,94,227,313
364,284,47,419,197,162,117,229,108,224,147,343,96
404,335,139,243,94,58,1,246,8,377,384,181,161
229,162,398,94,313,169,428,16,228,147,332,93,144
237,346,161,94,437,226,264,272,57,171,404,61,284
120,1,395,196,161,364,382,30,203,319,111,169,246
8,358,228,178,219,266,320,436,137,147,323,377,389
227,400,321,228,208,368,431,236,346,316,23,435,237
94,346,313,128,40,111,282,246,1,202,9,238,162
226,335,94,111,392,57,86,168,167,128,162,405,301
56,332,156,308,360,266,398,172,196,383,161,94,237
109,113,108,275,411,224,282,343,199,229,265,266,283
326,346,223,94,213,8,238,72,1,113,335,268,377
1,398,8,431,207,61,11,257,437,202,275,370,147
139,238,151,242,176,17,192,431,1,335,347,113,272
54,368,11,62,56,224,94,213,28,332,340,343,335
62,264,213,348,297,276,227,298,228,144,93,437,86
234,43,162,168,431,435,224,108,229,40,237,66,198
238,127,94,243,139,213,404,244,167,43,120,236,237
111,224,94,238,431,282,43,308,264,272,229,298,40
94,405,66,100,113,228,377,148,316,272,406,120,196
332,120,196,343,399,229,224,264,18,238,235,360,162
17,284,84,264,352,238,297,169,108,56,213,265,99
166,167,368,398,94,218,17,236,399,316,202,343,39
204,213,282,4,224,237,219,368,323,66,94,120,223
94,265,162,246,224,308,364,426,306,343,236,358,368
228,335,282,437,433,246,346,156,120,300,329,109,149
264,237,111,113,94,66,389,17,316,257,348,161,238
94,56,323,219,319,343,429,9,277,196,62,384,161
151,17,437,144,295,11,57,108,343,94,162,16,104
246,104,228,358,432,161,238,428,38,343,16,94,120
248,398,437,377,282,405,226,229,9,95,139,105,107
368,437,404,309,111,270,11,62,332,399,343,282,194
335,62,236,76,144,53,238,377,109,111,149,264,314
404,244,252,111,188,319,70,332,144,162,253,12,316
144,284,335,94,203,227,109,323,1,8,120,316,437
349,3,94,16,266,169,371,364,361,133,343,313,90
316,387,94,66,247,437,8,266,436,358,226,134,43
246,111,133,43,264,339,113,266,398,8,307,62,224
162,5,84,62,287,111,57,353,308,332,66,109,246
364,404,264,213,20,290,401,8,244,104,377,336,309
17,308,236,147,323,439,94,428,398,224,104,283,167
8,139,196,304,404,228,47,437,176,62,288,284,52
224,108,227,323,321,179,309,282,437,162,246,272,264
404,429,407,282,265,52,216,147,168,309,5,323,343
169,332,120,289,437,213,406,386,392,140,36,348,400
309,253,8,224,284,94,70,398,364,264,348,272,108
305,104,283,227,319,302,368,43,428,228,398,335,111
108,198,82,40,196,90,169,156,224,364,111,240,94
312,202,94,305,264,84,133,11,85,62,364,276,113
229,243,9,34,111,341,246,17,284,86,109,319,26
169,308,162,343,222,226,431,38,264,133,224,94,86
62,161,17,360,56,368,228,226,289,146,319,236,162
39,401,360,358,265,407,398,10,169,237,309,368,264
211,137,284,37,437,3,347,8,368,358,229,227,238
94,332,353,264,288,162,296,343,314,133,158,104,131
112,133,181,147,109,238,168,162,266,224,335,9,243
426,405,280,437,117,202,169,226,39,264,43,323,219
228,139,313,11,264,29,427,246,226,305,94,265,377
147,126,228,162,332,204,208,309,343,29,219,264,297
404,236,109,139,372,62,335,9,8,35,228,284,308
274,199,313,162,164,1,264,437,43,431,291,246,364
343,229,94,426,282,169,213,309,185,236,29,113,227
379,343,117,17,335,387,149,437,86,287,319,94,58
236,343,23,308,377,389,259,40,365,407,431,398,437
305,8,224,353,86,169,179,298,437,228,309,196,424
319,348,202,104,196,39,9,117,1,373,17,244,267
204,224,332,40,39,393,233,237,260,383,99,335,202
224,244,360,272,303,262,246,319,255,8,428,236,133
238,155,377,298,161,151,297,333,104,120,196,56,360
231,120,104,94,152,39,161,398,43,8,202,162,111
343,368,282,428,108,151,140,407,418,308,44,8,94
120,437,316,368,264,286,196,181,284,20,272,8,249
308,437,371,431,237,219,368,404,392,8,86,151,305
98,94,316,404,108,346,43,167,272,343,228,17,202
337,229,282,17,264,374,437,187,308,243,94,202,162
113,11,179,204,264,107,404,238,224,1,385,437,237
332,404,422,335,204,108,360,398,94,237,3,43,202
437,335,343,264,272,104,227,111,66,224,32,283,161
28,319,205,213,264,411,255,298,162,228,316,161,390
264,43,221,265,334,229,335,151,232,253,54,351,428
368,346,439,198,94,428,343,129,1,162,246,360,387
343,242,86,147,39,228,196,238,43,79,8,243,246
346,360,237,17,109,43,111,120,62,302,151,437,94
33,274,35,264,181,223,284,43,343,104,147,346,238
283,62,228,8,418,3,56,113,234,66,243,364,108
236,237,366,43,233,8,244,405,144,86,311,436,346
319,264,108,266,238,62,17,66,433,86,151,113,31
169,207,335,246,229,16,405,204,110,1,398,343,332
236,392,296,120,407,204,319,431,162,237,8,62,437
162,72,1,234,244,361,346,213,52,108,219,176,237
62,108,224,127,17,229,204,94,109,335,56,361,246
268,43,228,237,439,226,428,111,186,120,229,289,368
11,66,151,364,264,368,250,161,169,432,229,204,8
246,29,264,17,358,9,8,229,94,364,88,333,343
431,309,111,213,316,226,312,276,162,364,368,88,62
43,409,428,368,52,166,162,298,176,144,343,58,250
22,243,162,43,25,391,237,318,8,35,282,204,281
298,43,17,120,282,407,323,335,9,35,313,158,368
34,86,113,346,309,283,57,94,284,16,308,8,196
162,246,282,232,229,319,266,104,9,272,8,219,10
313,40,173,162,8,321,437,240,264,226,57,404,335
94,238,1,161,284,45,391,316,224,16,8,168,108
167,213,368,243,162,94,108,405,377,272,343,9,269
61,86,398,432,243,149,195,161,62,229,404,204,213
272,330,196,11,291,113,264,220,297,282,299,244,115
204,236,237,316,358,309,111,398,289,43,133,9,167
8,236,177,246,228,272,229,66,309,288,264,120,266
128,343,213,8,224,360,43,368,319,162,120,332,264
279,246,238,335,381,28,236,343,431,31,433,284,17
152,272,207,384,346,264,17,287,339,43,66,283,162
228,112,335,244,161,332,120,364,265,56,196,108,437
1,294,115,171,405,169,213,219,94,346,266,298,162
8,287,9,151,236,86,88,43,120,243,226,391,244
8,117,169,43,120,237,313,229,398,66,9,35,224
377,405,305,151,104,266,226,94,262,8,106,1,265
437,94,196,323,347,31,16,415,29,144,404,120,38
390,89,31,187,422,86,437,17,8,39,335,107,389
437,226,220,94,332,62,202,360,204,228,385,234,80
151,148,47,437,111,224,228,308,236,86,16,264,398
264,94,20,306,280,263,272,229,360,404,29,213,11
437,39,111,227,338,11,229,69,120,319,151,108,358
266,94,243,236,162,215,169,437,86,229,360,343,368
139,83,147,116,377,17,398,73,253,70,313,108,57
228,377,358,148,282,73,244,196,437,66,8,335,360
202,309,431,111,148,94,343,346,437,391,107,244,46
398,196,341,297,9,316,215,153,213,244,113,292,8
204,229,144,381,269,94,356,346,3,111,282,104,26
264,358,313,120,73,109,404,256,265,107,437,418,360
316,140,213,264,228,202,10,8,94,198,246,309,113
266,297,358,246,141,437,181,17,310,32,313,369,204
109,56,284,169,118,15,128,404,271,298,341,62,336
120,108,283,57,224,66,398,8,204,107,309,133,297
377,327,62,177,203,196,94,382,229,343,151,155,108
9,48,330,120,126,405,78,94,43,346,238,283,335
313,162,264,240,346,334,68,296,168,229,280,109,361
319,124,217,168,266,147,76,167,297,9,37,343,348
166,244,398,147,388,8,220,316,120,405,16,229,377
162,28,94,282,228,151,20,305,343,237,143,246,238
219,264,213,323,144,34,167,297,143,353,246,233,94
272,343,428,437,405,17,227,134,58,335,282,127,40
133,237,86,407,153,264,94,399,8,364,323,343,144
283,274,1,57,282,17,94,227,43,244,162,437,335
139,437,39,147,297,346,94,224,178,428,107,382,266
264,437,94,228,104,319,244,368,161,130,8,282,283
364,213,226,120,1,437,168,398,219,8,407,358,283
229,19,39,175,404,202,85,120,246,387,104,265,118
229,398,358,151,86,8,196,320,62,394,431,94,347
404,346,224,284,238,358,113,16,162,332,437,217,8
165,343,104,136,94,377,392,264,236,57,284,146,215
224,17,264,169,282,363,109,56,267,323,162,1,151
323,213,3,305,186,243,284,151,162,298,238,24,94
133,86,343,66,264,94,17,162,360,333,16,431,252
407,224,319,398,310,52,167,20,282,253,109,226,335
108,31,272,94,202,67,120,295,196,228,8,358,56
236,364,151,11,94,313,343,130,131,253,105,213,181
437,16,169,429,58,33,404,341,368,282,227,43,9
252,213,94,104,196,201,35,1,8,96,229,17,400
184,392,202,17,404,108,162,398,229,8,169,437,66
1,9,202,237,94,264,57,297,147,335,151,228,276
356,308,360,298,104,237,266,319,343,428,368,8,200
237,284,229,183,324,227,56,219,323,405,309,407,94
297,343,351,111,300,398,197,332,437,109,167,151,346
406,224,265,284,162,335,70,109,228,238,264,437,231
1,101,62,358,224,400,227,120,343,248,8,426,204
250,16,60,85,196,405,346,377,404,151,218,308,343
319,313,282,109,386,280,308,228,335,9,176,22,283
272,130,1,186,52,213,17,107,3,319,40,342,94
313,86,133,257,319,284,360,379,332,162,264,428,226
265,133,151,8,169,113,285,334,233,39,343,46,94
86,8,107,94,162,364,343,203,229,241,238,431,9
405,109,111,304,8,236,81,266,404,346,298,94,143
340,229,167,343,332,21,43,392,214,285,162,117,313
437,363,368,62,185,264,8,147,346,431,162,226,24
264,204,236,58,20,335,165,298,224,54,104,389,284
288,272,398,236,238,335,3,368,204,282,343,94,144
48,111,109,213,332,303,16,227,17,246,3,8,104
162,337,343,149,385,86,437,8,154,43,276,286,226
97,437,219,109,167,229,347,43,377,162,213,404,346
43,404,437,17,5,57,151,3,106,248,144,368,291
228,302,308,264,283,109,404,238,43,353,368,196,375
305,380,40,346,309,227,9,8,162,120,332,237,356
113,343,407,364,335,266,219,435,319,184,237,398,346
169,377,343,17,72,269,162,111,120,226,227,66,309
316,377,283,265,226,368,343,44,229,309,147,433,264
66,418,94,335,238,173,83,56,243,329,104,264,246
406,196,1,264,162,324,287,308,17,360,56,398,226
237,226,17,404,228,428,97,204,196,407,358,8,224
94,437,343,243,191,356,213,176,398,224,36,9,266
229,352,316,196,204,372,8,9,213,40,86,39,243
62,17,120,56,94,308,327,227,142,313,298,224,343
162,282,133,86,94,437,364,309,244,284,213,431,8
211,113,186,28,162,43,168,437,364,436,34,404,228
180,236,162,381,377,107,167,309,95,386,297,43,105
235,185,337,236,94,1,144,86,346,43,264,17,243
3,213,224,54,405,229,346,94,428,266,316,151,335
111,377,229,94,181,86,236,309,66,120,368,162,437
144,246,8,368,264,167,226,3,321,94,229,56,407
162,201,169,196,9,16,286,335,108,75,117,94,7
224,24,415,108,297,104,213,56,229,109,377,316,151
57,368,16,108,428,227,169,213,298,81,167,54,95
28,360,43,343,341,229,224,228,368,151,265,323,196
169,319,335,398,238,224,236,8,264,158,298,260,162
437,167,113,262,162,87,226,405,202,264,346,265,40
8,212,236,305,168,358,77,398,209,147,407,3,108
228,332,370,120,343,264,265,17,109,108,162,111,196
62,104,8,437,237,169,264,162,313,361,147,28,236
238,323,196,133,94,11,309,3,346,337,8,40,264
202,151,58,120,368,112,1,85,437,83,133,332,343
9,346,237,308,194,16,228,327,332,204,24,264,398
94,246,229,266,237,162,283,228,108,107,437,86,66
290,113,224,94,228,282,43,264,162,316,407,283,238
8,375,147,162,86,43,299,264,388,19,297,335,343
437,335,39,144,94,9,226,213,66,228,282,165,167
164,300,8,411,133,66,113,151,316,246,88,335,139
351,229,309,377,176,108,237,283,236,332,196,343,368
108,196,264,39,296,368,358,437,213,246,343,46,32
202,62,364,162,398,196,264,237,229,17,309,343,1
313,330,213,76,343,364,162,58,346,147,94,229,39
335,58,5,368,305,17,236,8,346,204,323,144,196
343,266,226,161,116,86,298,167,204,437,335,305,39
346,335,358,227,3,405,428,431,213,275,56,407,278
224,143,323,364,335,377,107,167,85,431,202,343,398
38,172,323,223,10,8,237,86,219,266,212,168,272
88,162,384,287,387,238,428,48,405,228,35,94,437
297,266,107,319,58,437,322,358,32,43,236,237,381
278,162,120,437,3,308,40,265,108,8,94,211,16
169,203,238,11,104,111,272,133,431,284,282,236,49
204,368,346,120,433,227,196,347,361,62,337,213,332
227,9,33,111,335,305,358,284,107,266,104,228,407
246,264,120,202,262,237,259,17,282,210,316,94,111
94,264,128,109,224,17,39,343,196,162,368,8,183
94,147,81,104,162,346,405,133,56,416,362,282,168
108,237,94,57,111,8,213,229,64,264,120,17,200
8,139,428,40,120,148,404,162,262,150,304,316,108
398,11,360,316,229,319,264,323,282,335,104,277,330
169,17,133,147,346,409,94,282,20,39,181,86,109
58,17,272,73,237,262,319,162,335,16,431,229,404
94,107,275,405,404,8,346,62,358,226,335,162,104
9,43,346,431,63,364,8,309,151,237,398,407,26
213,151,66,78,364,405,265,437,428,377,12,202,264
201,131,39,343,371,139,11,437,202,51,8,229,430
107,9,162,346,17,417,109,161,343,436,169,52,111
283,202,135,162,227,335,346,10,398,167,108,265,385
66,346,282,213,147,232,398,161,264,430,165,1,135
228,377,8,308,196,94,237,437,120,264,161,139,111
246,8,218,66,94,298,226,95,91,103,262,184,308
366,120,228,109,204,299,437,1,86,316,159,377,343
62,246,335,142,183,227,162,8,126,364,416,346,104
109,202,107,305,401,264,437,94,162,47,428,387,229
407,104,335,298,201,94,343,434,59,83,228,202,86
66,264,297,94,202,306,343,237,364,213,43,341,89
437,228,111,266,8,196,50,346,229,264,343,181,282
405,109,196,17,343,111,219,323,335,437,169,1,226
297,3,266,405,161,428,204,272,39,140,107,101,151
368,211,364,144,309,183,264,343,104,17,411,224,180
151,43,437,243,265,9,196,431,311,8,109,162,343
276,309,9,341,73,234,228,25,311,8,348,94,237
282,161,319,10,212,308,409,266,404,76,94,377,43
57,266,364,224,264,272,319,228,94,428,343,309,404
118,393,246,244,224,202,398,308,348,283,404,94,229
264,48,246,316,62,8,404,236,202,398,360,272,297
264,62,266,343,213,309,413,132,227,226,16,244,204
14,343,109,298,314,385,272,229,287,398,304,236,437
162,264,213,228,196,283,246,226,218,111,426,291,42
364,1,264,66,13,227,439,108,94,21,15,316,319
8,17,179,343,223,119,104,368,319,111,44,316,86
66,219,341,404,176,360,407,213,265,139,9,77,16
109,437,364,111,354,213,117,313,108,305,3,385,361
6,273,343,405,1,358,104,264,66,57,153,39,282
94,335,343,49,109,437,43,104,419,17,62,377,162
238,229,168,224,413,318,120,162,123,107,17,293,360
168,148,213,332,56,346,215,66,38,368,411,62,407
431,108,104,437,8,266,102,167,213,224,264,17,56
238,407,320,236,439,264,101,184,209,343,104,364,377
348,162,272,144,407,139,16,56,137,377,358,229,86
198,113,323,111,224,289,266,11,17,94,319,70,62
202,151,437,3,8,316,133,265,343,49,56,244,167
108,283,186,313,238,246,204,338,385,50,8,352,343
238,104,42,244,264,94,377,43,219,149,162,65,62
282,353,94,30,264,358,321,167,262,377,202,229,9
308,278,187,341,94,238,117,346,282,227,161,9,243
309,191,343,94,405,56,204,314,398,147,277,265,404
166,224,94,404,309,234,346,153,11,246,298,171,147
228,162,253,297,368,255,341,168,343,58,266,208,309
358,198,196,280,319,9,368,16,39,19,162,297,403
226,305,236,166,224,8,335,332,161,283,108,253,343
109,177,10,372,335,311,246,428,343,104,196,243,268
404,405,57,80,377,162,224,228,140,8,309,115,202
162,283,419,94,202,222,264,237,17,104,43,71,1
364,16,17,343,276,196,313,236,264,362,43,273,101
73,94,343,362,213,325,412,272,11,346,310,202,43
161,207,11,147,202,343,108,237,34,252,228,364,428
104,9,431,17,194,39,228,229,404,8,66,368,224
282,8,151,161,111,16,147,209,343,228,297,196,405
343,3,144,264,62,236,151,120,244,360,94,108,398
398,282,204,316,320,360,109,8,110,380,377,368,162
358,187,343,272,302,94,225,377,2,228,335,431,120
227,56,320,283,17,3,244,107,86,224,398,335,294
402,39,228,43,234,222,229,11,120,94,161,111,113
229,377,235,93,162,264,308,108,156,113,167,1,335
437,236,162,346,94,348,343,377,316,228,183,285,309
24,213,264,66,30,94,198,58,172,335,321,162,57
431,81,62,227,104,404,38,308,377,17,413,215,213
313,316,224,377,9,109,343,113,176,335,161,428,57
62,348,40,162,204,265,34,120,328,242,237,3,111
155,17,398,162,58,94,8,282,246,319,370,204,104
94,41,107,101,364,66,8,58,43,343,113,219,11
86,368,8,360,343,437,57,298,411,357,12,316,61
9,404,297,265,126,202,252,191,237,94,238,186,360
343,437,8,198,213,233,84,377,246,272,431,223,66
396,167,431,213,264,437,43,48,17,151,229,332,255
228,120,264,144,398,108,227,246,219,305,147,8,118
273,316,227,133,108,405,432,332,186,219,147,120,197
9,398,282,228,352,79,244,151,98,332,213,50,238
396,309,16,9,196,213,60,43,257,8,197,248,335
229,437,144,19,252,1,162,221,249,204,312,335,328
343,377,264,191,360,8,195,437,104,226,56,162,404
112,80,224,228,343,151,430,368,136,264,420,411,364
229,274,216,11,282,308,34,305,94,39,8,228,358
365,143,265,305,162,431,264,309,11,368,362,94,69
377,9,246,66,364,162,229,43,324,56,109,8,238
308,94,1,86,358,169,162,229,167,194,56,104,249
286,94,108,228,112,1,274,57,427,167,74,56,250
39,237,246,437,343,406,229,72,40,80,332,226,199
228,360,236,151,224,437,120,204,240,161,2,109,352
162,62,265,222,17,255,94,126,120,413,224,64,202
207,104,246,311,228,161,362,358,394,243,416,346,108
224,94,26,1,56,227,162,120,167,320,343,237,122
11,253,272,133,8,1,227,335,228,431,43,394,264
343,237,404,229,243,228,168,238,17,309,86,298,167
213,237,94,1,162,303,17,265,8,57,308,161,371
47,111,213,202,277,425,355,54,377,368,405,229,147
272,62,244,294,338,162,21,364,316,237,264,57,246
265,94,228,143,407,398,198,246,86,404,309,358,243
228,236,343,313,316,283,266,377,151,62,364,8,162
94,16,364,229,282,372,109,66,8,168,316,407,410
1,213,94,235,17,8,66,308,437,252,343,151,236
429,228,404,126,360,265,274,343,266,111,237,282,112
236,335,144,246,316,405,268,224,159,283,8,238,151
224,335,243,16,94,135,169,282,62,271,383,400,23
144,282,113,109,363,399,332,391,308,228,8,244,53
162,323,37,309,343,120,298,272,88,302,200,377,193
228,65,8,86,104,257,68,424,199,404,219,94,17
265,162,244,62,364,94,335,39,168,236,295,172,398
437,309,358,404,114,66,133,349,228,361,229,354,162
359,8,264,94,9,1,238,332,183,360,346,313,148
111,358,158,405,94,72,283,270,272,280,237,264,228
237,229,120,437,298,346,213,8,58,244,313,133,94
282,151,57,226,377,29,404,339,163,84,40,437,332
56,224,243,57,332,8,349,264,213,398,94,104,343
11,404,99,16,233,3,228,66,94,376,437,284,202
9,40,16,133,45,264,8,213,228,162,144,226,224
9,177,238,133,265,112,264,75,404,162,246,140,169
298,407,316,386,50,308,35,120,39,43,111,236,305
308,394,79,169,38,231,202,362,108,162,9,238,144
104,204,244,437,235,24,213,72,164,228,11,16,377
200,343,360,56,227,264,57,137,338,234,299,8,202
272,334,94,264,57,213,162,120,437,227,17,204,377
9,195,237,265,238,283,66,111,231,364,329,77,399
107,402,108,316,227,337,398,343,272,94,218,147,204
111,3,162,238,358,398,318,218,364,17,104,309,8
368,358,377,309,284,266,1,3,343,272,57,86,128
309,196,308,147,394,43,437,237,282,213,313,17,169
228,109,437,229,107,364,161,264,221,319,432,368,335
42,8,229,17,94,272,151,358,246,241,162,22,268
308,283,94,328,108,433,8,98,347,9,267,233,237
226,321,94,355,282,200,305,39,309,265,6,371,283
358,146,8,179,398,360,309,17,244,404,433,282,133
133,3,183,66,237,9,8,204,94,196,86,111,335
284,437,398,120,308,420,237,111,133,229,127,431,272
8,66,43,17,243,94,357,34,83,161,405,272,1
120,369,266,246,229,377,12,364,94,407,1,42,334
228,169,94,184,147,97,238,109,9,17,86,133,113
335,346,238,109,264,196,343,383,8,57,437,62,377
335,346,227,332,1,204,94,437,283,229,8,316,223
1,204,94,224,73,162,400,264,437,407,305,144,17
187,109,120,271,272,107,265,57,335,94,340,104,1
147,338,257,113,52,139,228,133,243,8,430,405,364
343,237,162,335,246,272,264,56,161,422,183,3,308
343,39,377,335,246,412,162,227,272,229,17,222,319
16,114,94,168,162,108,358,17,266,246,264,86,313
405,398,437,9,284,43,244,298,428,226,332,264,368
162,257,151,238,83,24,81,346,202,244,181,94,236
222,39,308,88,437,335,244,364,94,319,313,360,236
264,73,169,94,161,437,335,133,316,152,179,377,283
17,405,415,8,309,237,226,244,161,3,210,11,131
201,319,17,94,162,157,246,428,426,169,252,250,437
8,228,237,94,51,343,14,246,40,10,96,272,368
207,35,237,398,300,343,317,236,196,291,120,17,220
377,94,286,335,362,309,296,343,237,438,433,113,168
72,243,313,343,196,377,57,76,264,226,9,31,94
195,335,107,364,272,144,169,320,106,229,238,196,437
9,8,346,212,266,404,94,48,118,377,229,265,437
62,213,8,109,229,207,238,368,161,245,113,335,246
236,287,407,405,111,58,8,162,368,82,279,1,101
282,313,264,346,94,9,151,358,56,108,227,397,335
229,120,404,304,310,406,90,316,237,360,227,380,139
1,104,225,8,236,237,244,305,229,411,390,168,224
162,358,120,139,360,228,346,439,86,77,8,226,168
418,222,428,8,229,9,210,213,94,50,88,338,202
86,346,280,11,437,264,84,136,237,404,161,107,94
17,316,62,63,93,284,163,162,8,174,204,221,246
271,364,229,64,264,17,133,237,161,282,118,227,84
332,28,266,309,168,233,229,237,334,236,247,337,68
266,308,94,272,39,245,379,244,162,236,358,139,332
407,264,332,398,169,381,291,226,1,144,364,162,394
383,150,246,48,233,364,343,169,276,238,202,9,375
213,147,407,108,343,282,219,224,437,229,9,377,133
262,343,151,196,43,368,237,332,439,39,431,8,120
256,9,321,237,39,377,228,282,358,288,8,346,264
95,225,229,86,204,264,238,11,435,246,162,343,1
224,298,9,133,360,229,162,377,191,335,151,86,394
162,364,335,168,309,62,407,323,229,40,365,47,150
437,228,204,108,146,236,56,265,405,282,237,334,398
335,305,111,155,86,54,105,172,94,437,246,237,202
368,282,60,162,264,283,161,319,198,223,9,236,104
203,343,11,337,46,237,151,224,120,113,1,264,434
196,86,112,313,228,107,213,108,8,120,298,368,343
39,316,213,181,21,3,313,228,224,162,425,368,31
243,229,272,71,266,94,224,227,43,427,120,104,393
115,364,131,319,111,272,139,228,335,194,361,229,242
227,151,31,213,283,410,243,343,196,204,11,223,94
377,335,169,237,248,298,319,343,108,87,57,309,236
368,62,407,272,226,107,380,8,9,335,284,343,213
212,133,335,244,201,109,343,1,377,424,398,284,224
40,229,9,309,168,83,266,405,162,246,1,62,196
343,139,266,187,107,405,297,108,364,335,224,377,332
264,236,246,86,94,313,162,56,39,320,120,8,297
236,332,104,237,133,323,213,266,284,70,358,229,360
236,238,69,38,194,364,423,283,62,104,61,237,120
133,213,298,94,104,343,131,35,229,147,390,370,335
284,298,228,108,433,177,377,229,57,213,237,364,343
62,437,120,138,151,224,147,213,398,282,238,182,219
335,161,87,224,213,151,282,216,111,8,284,229,243
264,8,47,213,335,316,108,368,227,137,161,404,433
437,335,213,162,347,11,167,78,265,151,56,224,257
1,226,94,91,11,398,146,229,282,404,323,162,161
265,66,342,358,225,431,9,377,3,27,161,39,428
395,359,282,86,352,349,346,107,250,43,332,405,56
127,202,282,213,423,404,2,159,226,108,368,400,341
1,405,237,398,228,319,120,298,368,168,282,169,19
8,205,272,224,94,120,236,101,17,108,437,268,228
229,282,147,167,297,368,109,226,224,237,364,104,16
227,9,191,264,321,346,398,40,199,364,162,159,273
272,377,316,8,437,94,3,56,202,246,321,161,224
1,332,162,431,228,264,368,3,398,133,9,418,120
364,120,319,151,155,111,224,40,346,309,335,282,8
3,162,335,25,282,20,238,368,229,437,316,1,111
308,301,335,264,253,360,109,104,94,305,108,47,334
238,319,169,162,111,246,437,245,8,346,156,213,420
380,8,16,364,398,285,309,227,144,103,437,343,111
422,102,364,108,225,377,162,237,365,111,323,8,269
283,272,17,282,364,360,213,316,257,113,295,57,417
111,229,266,16,356,312,254,243,8,332,398,224,360
169,57,9,236,224,120,264,323,94,229,343,213,43
176,109,358,408,343,416,147,373,148,246,168,355,311
169,167,309,8,111,343,9,358,151,284,401,264,323
8,343,151,364,158,1,3,298,196,113,437,162,111
405,241,168,39,8,243,335,139,62,9,147,319,226
229,204,224,202,257,8,94,246,316,227,437,343,19
94,244,43,237,73,318,266,282,364,56,120,11,228
305,343,139,127,213,364,237,97,40,202,76,94,398
8,433,335,238,213,284,227,44,25,237,272,228,1
246,151,213,237,24,437,161,109,120,169,398,9,368
145,372,243,340,323,265,226,66,161,224,9,72,324
213,368,202,94,104,264,8,43,404,291,387,113,237
162,43,66,343,8,231,94,272,144,377,120,404,84
21,8,264,224,305,31,108,272,7,80,43,196,416
246,40,408,109,229,376,352,437,364,395,272,265,264
437,108,350,264,430,120,56,308,319,368,227,405,169
398,319,109,20,17,404,377,243,8,162,282,309,4
358,246,377,151,8,213,423,266,209,264,120,110,398
437,266,17,343,34,159,428,246,224,404,147,202,114
87,377,416,185,373,264,272,94,77,109,303,343,404
377,228,191,224,297,216,388,398,66,308,215,364,265
229,196,228,364,377,252,283,110,17,202,66,368,104
246,226,213,94,237,264,113,12,56,120,229,377,224
66,437,17,358,282,284,202,58,144,86,139,219,386
162,99,437,94,39,236,43,332,264,368,238,227,165
243,298,57,394,404,343,437,229,1,167,113,385,94
372,204,162,185,368,39,255,282,88,81,139,147,308
161,213,246,224,139,236,272,94,316,343,162,229,319
335,1,83,295,17,405,428,246,94,120,49,328,236
229,1,112,109,82,309,343,111,113,238,8,209,388
113,8,368,428,1,3,243,343,264,319,272,162,335
229,66,236,29,224,335,220,191,272,266,243,264,228
437,9,57,107,10,111,40,405,368,204,264,94,156
167,169,17,343,213,246,111,335,284,377,227,224,228
364,8,228,246,171,224,417,323,229,213,264,17,167
1,237,94,196,169,398,343,39,111,364,32,66,358
373,404,79,229,120,264,133,305,9,94,57,213,295
264,202,228,305,364,283,9,43,343,335,198,17,167
8,17,393,229,419,58,149,308,135,203,364,297,213
