108
309
400
272
368
377
224
104
373
8
329
86
208
437
39
160
162
159
43
228
437
227
231
266
343
213
353
113
309
368
16
157
229
343
335
224
358
162
8
9
8
236
264
238
196
168
8
229
187
106
252
204
11
63
319
144
428
431
288
246
237
428
56
114
80
169
266
219
337
133
343
127
405
229
335
204
264
43
31
142
401
436
44
213
437
8
139
110
246
15
284
298
162
266
9
265
202
94
108
435
66
204
8
94
94
271
23
335
284
162
358
8
228
8
330
147
94
407
213
298
224
147
316
171
381
10
166
429
17
264
43
11
343
57
264
167
132
108
8
437
172
162
8
228
264
353
56
237
335
58
300
94
289
155
233
1
94
343
133
224
264
376
222
229
202
364
256
364
265
228
109
391
94
120
113
417
146
237
111
343
272
346
229
39
229
437
17
437
224
264
383
57
86
40
183
309
109
94
228
236
11
224
238
94
66
229
398
69
111
144
154
213
355
403
223
398
236
437
8
139
364
204
224
151
227
431
236
94
237
437
399
43
113
398
343
94
245
324
94
165
272
238
8
94
120
264
26
437
120
283
243
277
39
338
229
57
43
69
229
413
246
332
169
204
237
404
428
244
343
404
219
431
346
120
5
357
1
246
224
229
94
208
8
186
437
202
404
289
264
264
62
2
59
437
364
94
12
282
370
438
265
407
404
284
282
227
135
343
280
56
402
21
364
263
168
200
228
437
265
167
109
74
338
107
364
272
243
57
224
213
78
162
224
272
316
1
94
75
49
94
213
310
17
264
228
86
50
196
126
195
207
228
264
162
335
144
224
169
243
120
70
392
264
202
316
109
309
264
109
168
229
120
346
213
168
404
162
161
168
120
8
265
323
224
133
202
86
94
244
114
346
335
246
237
313
264
40
104
202
8
66
264
399
298
217
360
43
283
151
108
1
161
140
272
27
40
66
230
387
62
7
298
168
236
192
254
8
162
224
437
265
304
264
360
147
111
226
228
238
83
16
43
265
264
284
332
84
343
368
162
388
264
66
309
251
244
264
56
8
9
343
345
264
219
196
109
228
298
162
238
8
9
9
404
213
107
298
39
368
335
243
398
243
265
48
358
246
323
243
17
431
86
108
343
238
62
43
94
202
184
111
405
86
228
94
120
95
17
10
202
227
16
227
236
211
66
109
237
381
358
439
3
8
16
111
8
264
358
246
16
182
228
8
404
219
9
45
9
229
332
108
120
250
6
391
144
272
196
147
71
11
237
287
113
343
152
343
358
366
246
341
153
66
238
257
386
84
224
102
151
8
321
237
330
11
229
398
108
405
202
305
228
77
224
246
332
335
377
94
162
198
9
388
368
237
43
86
307
67
109
346
167
437
358
297
404
284
437
9
82
111
1
167
308
238
132
161
107
243
94
335
84
346
228
273
346
411
43
108
17
128
227
228
107
56
16
264
202
169
16
55
266
319
133
411
86
346
94
323
309
346
343
95
294
169
62
75
151
228
66
308
238
211
39
162
343
229
375
360
437
284
8
9
204
308
231
8
313
308
94
133
305
364
410
269
224
10
8
335
257
296
316
107
385
226
286
196
243
162
228
398
264
237
104
282
236
343
94
366
8
389
161
60
46
20
219
343
428
316
316
202
244
407
56
437
219
111
16
94
280
372
430
202
431
266
167
377
438
431
265
228
398
112
8
268
246
227
43
151
335
94
321
40
275
202
305
204
0
219
330
335
404
158
246
202
135
94
266
236
295
283
113
351
167
341
0
167
286
365
343
319
248
191
309
265
40
226
3
196
16
335
368
227
43
113
289
76
364
389
343
264
404
335
323
381
404
72
213
12
327
393
213
264
40
17
113
16
60
94
11
1
39
241
69
169
228
267
144
162
213
272
206
236
115
126
86
243
94
17
56
180
283
339
264
2
94
1
229
338
227
226
162
328
227
290
169
202
263
82
431
47
1
387
169
423
16
17
162
346
274
316
219
298
364
202
266
236
298
147
237
162
266
147
309
282
196
437
9
56
346
346
39
360
229
39
127
345
8
387
266
224
343
3
213
343
304
101
377
48
108
162
222
424
40
266
77
353
264
113
108
1
146
162
204
411
332
16
8
8
162
191
8
94
109
309
437
244
228
298
115
253
107
29
169
349
196
332
133
16
56
276
108
55
358
179
229
246
144
84
309
104
405
264
9
377
238
151
183
161
1
437
72
364
229
202
365
40
282
291
213
398
133
48
272
66
111
265
8
17
147
228
282
343
9
73
264
204
265
309
230
