162,66,369,111,343,120,167,75,168,45,362,11,113,277,179
332,313,266,400,49,264,245,228,335,237,122,310,210,241,17
361,133,144,302,162,182,224,153,283,147,377,227,111,64,161
243,264,282,8,54,358,196,246,104,111,108,411,228,226,405
398,346,46,319,224,368,335,8,9,353,11,111,147,343,3
284,82,343,14,265,246,264,202,404,108,405,378,422,1,224
2,94,282,398,336,17,346,404,120,9,437,419,111,62,364
17,3,9,358,94,108,151,66,149,162,39,377,236,386,28
151,377,162,364,1,376,109,8,246,405,407,360,297,34,380
94,9,16,250,241,193,255,335,437,229,228,428,350,238,108
335,282,224,308,398,147,297,358,169,78,236,1,153,229,104
107,206,282,308,40,237,244,202,120,66,204,332,316,8,372
237,343,332,346,39,266,310,151,351,108,120,197,316,412,113
343,227,167,57,17,371,226,346,140,368,9,229,43,237,267
264,66,237,358,16,255,306,153,9,167,229,196,313,108,8
167,196,284,398,147,247,9,1,229,402,282,8,368,67,86
435,137,282,94,224,346,265,51,236,283,255,428,228,162,86
161,364,437,8,343,265,144,43,238,310,298,40,208,368,228
413,162,167,109,45,151,86,372,191,364,407,67,428,323,241
398,162,62,343,390,335,316,299,319,131,298,176,53,9,8
228,187,368,111,333,332,405,7,320,56,161,8,428,252,264
76,377,437,244,40,319,48,293,318,56,70,94,103,264,343
120,8,187,424,151,236,164,313,94,372,268,88,364,155,360
149,400,144,335,227,332,272,377,407,83,364,305,282,228,226
385,120,236,26,255,168,227,246,162,364,8,431,384,167,228
151,403,228,9,196,94,39,144,162,1,265,7,104,351,427
368,381,343,202,120,243,253,426,219,335,264,361,111,204,405
113,111,319,313,16,346,3,339,168,151,8,411,405,224,266
162,70,94,203,323,411,313,404,409,169,364,229,272,89,319
147,335,238,70,9,316,229,162,281,43,437,264,282,405,107
323,407,104,228,58,377,265,282,264,346,368,8,332,111,229
226,168,420,431,282,227,40,94,17,224,43,139,335,144,294
16,3,1,377,107,246,227,343,369,405,94,364,133,9,264
161,43,346,139,224,228,437,151,66,17,335,358,33,403,211
147,1,246,405,111,100,219,224,151,338,398,162,388,346,437
161,237,430,346,17,364,265,19,229,305,202,396,162,62,437
229,343,309,162,94,355,323,386,151,224,39,9,133,109,216
94,319,97,405,72,213,8,428,149,12,308,236,266,133,283
101,169,1,346,120,185,224,226,219,428,162,332,147,168,57
167,227,202,431,264,364,56,8,1,272,94,104,373,120,162
213,283,329,229,72,56,108,343,139,8,246,224,377,237,282
228,8,162,231,244,348,213,346,17,343,368,120,272,167,62
398,284,8,407,246,160,286,366,131,88,343,436,56,266,169
272,112,4,120,343,8,265,358,219,368,229,437,236,346,284
280,283,377,220,229,257,346,17,335,111,161,422,434,391,56
131,234,405,243,11,43,428,162,308,336,63,431,407,437,272
437,358,264,263,405,245,151,431,86,158,295,428,298,346,107
82,246,107,312,162,398,437,305,40,43,229,360,343,1,39
66,364,237,238,109,332,162,52,94,370,120,28,77,161,283
203,398,8,238,109,368,40,11,237,133,346,41,272,227,405
224,66,219,389,437,120,1,142,11,308,404,152,8,355,86
243,224,103,116,437,161,316,346,368,8,343,272,384,233,57
343,202,298,196,109,238,272,161,133,319,266,22,204,236,213
238,8,259,437,228,111,17,364,133,213,391,268,264,358,151
224,284,112,107,156,282,233,83,196,1,236,377,214,373,259
162,65,265,340,332,229,272,264,169,62,8,252,224,437,111
346,238,9,332,266,343,437,34,272,368,305,94,86,11,227
243,40,17,174,343,162,297,94,264,358,237,2,11,392,284
346,311,147,94,206,368,43,107,437,435,335,8,298,237,151
243,198,437,282,228,316,246,135,404,224,226,252,323,266,237
437,405,346,241,8,151,62,193,228,254,169,246,335,368,217
238,111,254,207,151,272,308,343,377,416,120,204,389,298,368
94,178,51,227,264,282,244,236,332,161,293,109,8,196,162
284,341,308,368,120,228,244,56,266,364,137,437,432,360,162
39,264,332,56,9,398,11,167,64,198,280,138,49,35,8
39,228,364,9,72,320,244,308,377,334,237,438,202,343,94
282,111,377,241,305,360,236,347,9,108,246,229,4,43,1
346,8,111,61,428,139,1,335,272,342,94,157,15,249,282
56,228,364,120,349,99,283,62,95,8,437,196,348,343,226
196,227,229,162,361,213,224,305,246,133,344,39,204,355,62
401,243,162,411,86,213,167,9,133,391,368,8,28,31,109
41,8,47,332,17,404,32,158,237,161,193,405,343,246,398
17,437,373,368,274,346,111,66,109,78,335,317,212,264,56
244,43,246,196,169,338,335,405,151,437,404,282,161,264,11
283,104,236,280,108,43,398,237,227,266,294,235,262,221,303
246,346,162,228,17,243,264,360,343,94,213,398,359,332,202
358,298,246,43,16,369,229,280,94,118,284,401,5,319,243
204,431,62,108,8,437,120,343,346,238,298,39,309,272,335
101,131,16,118,404,402,108,162,161,244,437,2,156,77,364
282,41,0,319,335,404,196,57,162,437,229,377,259,228,309
297,213,62,346,166,229,8,368,358,39,328,364,237,335,238
43,364,109,407,345,17,352,343,324,211,133,229,365,383,9
52,296,266,319,237,437,272,224,8,254,358,284,111,86,34
169,224,272,229,213,343,238,398,358,278,368,133,316,431,246
332,83,320,8,144,120,238,179,16,274,56,228,297,378,1
213,16,323,62,56,8,17,227,264,428,266,272,108,111,237
404,133,120,161,56,229,311,8,264,169,237,3,246,343,94
405,17,165,431,332,335,398,56,81,40,8,266,229,111,373
343,264,111,196,94,296,335,358,364,4,224,219,341,198,405
432,398,66,224,335,346,108,246,323,343,213,332,151,360,166
407,14,84,368,429,133,118,405,432,8,20,323,151,431,282
161,162,328,181,243,404,204,369,272,309,107,94,9,16,188
213,43,11,139,377,437,368,229,120,41,228,196,360,39,358
343,224,219,151,213,437,264,202,236,168,272,243,407,316,204
8,133,111,272,282,202,19,66,226,115,87,107,125,377,86
23,161,196,246,341,169,94,149,347,264,168,62,244,255,272
131,334,161,282,246,321,332,163,437,43,374,228,57,358,383
246,332,43,284,302,297,346,9,381,229,44,164,104,272,94
109,266,377,207,336,264,144,133,17,161,428,309,368,108,236
343,219,9,264,313,8,109,1,111,404,309,120,265,62,308
416,139,144,377,120,398,335,266,180,51,285,238,360,236,113
237,283,264,134,162,282,392,343,108,117,169,436,437,9,229
347,11,107,32,405,109,124,137,423,305,416,437,8,147,284
323,229,196,169,224,57,332,108,319,81,407,39,111,94,62
375,11,94,335,104,192,180,120,111,321,204,228,162,226,356
246,180,346,264,211,9,305,313,360,368,343,94,237,404,196
264,243,94,169,9,1,108,144,308,162,399,113,398,8,40
332,216,313,316,377,229,101,202,104,250,405,120,58,237,226
94,162,398,364,40,332,139,3,111,104,108,264,339,236,399
237,168,196,128,229,323,120,266,43,298,228,404,431,313,214
94,66,228,108,103,151,52,229,163,264,265,272,364,11,319
238,364,162,264,398,272,333,92,139,8,228,109,56,343,16
16,437,24,108,94,162,3,196,201,86,31,19,332,343,8
264,94,104,229,120,66,272,358,56,168,213,89,196,398,305
228,147,238,8,50,416,217,86,66,162,253,199,94,90,382
368,169,108,104,39,332,335,405,196,360,111,343,401,147,354
139,316,151,289,66,1,162,335,182,343,243,266,283,437,323
332,432,4,329,113,415,305,377,111,416,404,437,316,236,92
40,161,284,9,272,332,313,148,43,17,244,309,162,265,196
107,133,246,228,9,346,63,377,111,139,343,162,43,169,237
120,340,396,127,9,162,364,31,282,8,244,298,256,3,149
131,229,407,196,94,431,58,76,335,404,437,133,425,346,39
283,204,437,196,308,155,405,431,94,162,215,335,368,107,410
269,39,8,364,17,57,94,1,398,124,305,344,162,66,332
43,236,150,139,146,264,162,243,228,246,346,213,253,347,24
229,8,188,368,335,57,134,249,266,94,437,264,66,167,116
224,437,408,93,151,237,161,142,343,159,162,299,418,428,213
218,94,405,10,40,117,433,368,16,80,62,166,431,204,377
94,130,163,162,213,309,151,237,11,343,358,17,399,210,229
204,104,228,264,337,305,243,2,437,377,272,360,108,298,133
335,264,16,94,337,437,8,246,224,86,52,147,62,169,298
377,236,253,153,243,161,229,169,111,364,8,335,108,66,437
39,308,268,247,264,343,404,233,56,107,94,93,346,228,396
131,139,405,17,43,284,368,94,167,343,161,62,246,236,88
224,169,111,437,335,266,113,162,137,358,228,264,8,283,11
346,343,62,204,335,308,168,332,202,151,305,390,120,385,236
381,360,169,40,120,14,282,264,244,16,272,224,236,348,226
39,68,8,17,335,104,69,398,40,439,229,31,33,75,323
283,108,228,9,255,305,437,407,246,8,404,86,368,133,109
297,238,59,284,244,51,227,224,167,266,282,151,162,43,219
184,431,228,368,392,9,282,84,94,43,224,17,51,200,153
17,368,229,161,404,34,237,405,370,59,316,364,224,76,104
129,94,346,88,245,136,343,65,272,289,398,109,115,11,404
56,238,343,139,231,398,377,179,282,323,405,437,309,193,431
398,317,264,291,162,150,147,94,343,431,394,388,246,102,228
246,227,8,9,437,94,330,66,107,133,383,238,247,71,109
162,405,8,39,86,224,377,398,438,9,107,3,57,284,322
237,58,368,167,246,224,357,153,40,107,43,433,343,259,335
238,264,236,109,404,228,120,161,162,343,437,196,305,55,368
57,343,108,358,86,94,437,264,282,237,62,272,256,418,40
16,368,108,226,308,8,84,229,437,162,17,264,111,9,94
133,94,8,86,370,335,84,16,313,343,264,377,108,405,411
233,52,228,346,237,238,116,229,109,360,17,368,162,343,358
16,324,146,111,8,43,360,119,346,127,6,264,151,236,398
425,94,162,109,370,120,343,309,404,288,8,17,167,153,266
248,346,8,169,279,171,51,246,437,237,265,164,227,167,139
398,332,17,246,57,4,86,437,95,224,376,9,358,109,228
43,282,360,365,196,213,272,108,343,374,244,62,407,346,226
162,358,282,229,118,120,236,109,201,8,165,398,168,20,111
39,364,282,86,16,120,224,40,229,8,109,147,257,94,162
362,202,17,309,161,119,364,169,66,347,346,264,437,55,111
229,236,94,24,433,377,178,202,139,211,368,224,66,316,151
266,236,9,131,305,272,407,39,66,377,398,229,313,228,237
83,305,62,243,438,196,264,343,410,108,39,9,437,344,227
204,332,155,282,52,437,376,394,9,253,56,224,323,244,113
431,94,222,283,367,437,86,313,227,162,8,298,62,187,5
162,108,316,120,289,208,43,139,57,229,56,437,224,94,1
349,67,224,43,108,211,259,266,90,392,213,86,57,264,40
346,364,343,144,17,9,324,377,94,0,169,213,66,360,272
228,167,308,73,227,97,229,237,335,109,299,1,387,416,272
406,343,377,66,48,323,313,38,244,94,120,320,439,381,308
113,94,398,407,109,243,9,266,16,337,196,53,306,316,246
202,213,111,162,83,264,358,346,332,196,246,223,272,293,237
196,343,8,178,348,161,368,373,438,298,163,272,377,162,228
94,133,226,120,437,108,264,151,364,227,62,16,219,369,40
94,343,9,427,437,151,428,86,404,308,301,319,256,107,39
8,346,258,146,301,272,202,110,350,437,371,335,147,264,120
398,238,404,308,421,346,437,162,112,11,246,17,368,219,187
219,437,89,264,113,313,71,69,161,398,65,377,17,108,343
29,8,19,133,169,150,162,40,352,225,213,57,138,94,227
377,86,57,408,104,62,196,272,139,72,202,398,94,368,120
1,158,13,237,169,407,127,184,162,238,113,244,404,66,368
438,412,243,8,233,380,335,108,213,282,273,406,308,162,57
321,1,298,256,8,17,204,428,437,364,264,432,43,400,391
305,8,308,346,39,404,169,108,48,437,377,244,94,348,229
4,162,155,376,264,8,346,9,67,244,202,284,358,398,360
264,236,405,133,54,346,300,246,295,88,144,9,196,308,125
94,56,228,57,343,381,305,87,202,335,28,8,398,204,108
1,283,437,358,86,129,282,264,246,162,405,109,377,295,11
405,151,305,113,219,264,9,60,23,8,323,10,283,244,104
316,227,398,187,100,259,8,16,9,229,289,236,224,244,237
107,323,8,384,346,238,358,17,28,94,88,303,66,219,398
52,16,108,343,244,309,8,246,200,144,151,227,346,228,44
8,228,169,428,284,131,151,343,115,133,162,94,380,323,236
109,346,272,213,99,169,368,3,238,407,339,192,161,8,227
8,43,196,202,94,422,35,133,187,26,168,364,328,162,246
335,8,94,358,341,9,343,162,236,300,43,107,40,204,266
47,203,161,339,76,113,360,39,40,224,284,202,398,305,335
9,131,43,357,236,204,335,246,162,377,238,282,104,229,196
41,293,264,283,238,94,204,307,390,437,151,368,196,9,405
404,45,264,8,3,9,94,236,56,84,213,224,332,337,284
120,419,108,202,343,264,323,335,345,139,437,103,229,94,162
244,335,188,377,431,368,4,202,229,17,111,40,228,398,428
78,348,255,43,94,358,431,9,370,133,263,8,56,265,40
282,404,8,182,221,117,346,343,305,398,47,416,140,407,162
161,87,16,272,226,284,147,324,159,236,265,108,120,96,169
12,202,229,80,238,431,332,284,94,407,308,236,133,9,325
243,43,133,226,347,246,228,264,86,236,284,219,62,8,439
298,343,17,174,360,272,436,151,196,238,11,4,108,359,385
244,207,343,313,8,214,237,1,120,25,162,139,405,138,57
246,366,64,368,228,162,17,43,8,263,227,224,404,264,62
374,109,437,16,309,327,94,343,211,335,8,224,237,213,244
284,40,308,120,398,176,428,343,385,196,219,330,377,407,167
161,107,282,204,17,335,428,224,147,255,188,108,162,316,226
224,111,278,343,162,398,94,264,272,47,199,219,323,86,193
229,343,298,319,63,162,272,163,1,370,204,8,9,43,12
368,48,343,264,94,8,283,39,11,120,404,43,238,224,107
90,94,227,321,162,368,11,147,431,17,167,160,266,109,278
343,151,141,298,94,132,120,282,377,265,196,246,11,9,64
229,66,222,431,228,94,180,297,237,107,143,298,219,183,364
167,272,144,147,368,425,344,405,108,120,236,271,94,407,62
32,228,55,236,203,224,167,362,17,29,264,431,436,265,9
151,246,66,437,272,56,237,117,360,39,54,278,87,219,11
343,167,416,437,358,17,128,196,389,221,264,66,8,100,147
358,335,64,284,437,282,196,342,223,362,162,244,265,204,104
162,343,266,283,407,8,94,437,213,332,229,316,224,431,227
99,380,86,64,57,282,264,110,180,400,8,343,151,229,309
246,392,407,3,94,162,62,368,84,8,109,161,313,151,152
11,246,228,162,43,4,332,317,111,297,94,265,237,78,428
108,8,398,113,265,223,346,237,309,167,115,228,74,57,139
39,246,337,405,162,196,369,368,111,72,364,398,287,17,264
368,8,300,66,57,120,16,219,181,127,94,433,227,1,9
201,308,236,317,404,213,204,40,8,309,241,398,144,108,335
343,373,75,1,109,152,383,39,246,104,298,439,16,202,266
428,246,162,111,142,66,438,94,228,272,8,9,120,398,316
8,213,343,133,364,244,237,111,167,183,358,66,264,238,224
168,179,244,343,437,246,58,308,227,316,202,120,17,404,155
228,319,246,238,32,213,335,9,254,113,348,358,377,136,265
310,243,143,289,56,404,104,281,237,405,219,242,226,238,437
184,269,274,437,147,215,358,368,56,9,224,308,43,229,228
207,94,308,153,17,169,176,111,393,237,343,162,368,346,120
229,200,203,266,313,348,9,272,161,246,368,224,298,162,144
111,266,404,66,423,428,283,248,431,227,43,89,16,196,99
94,39,128,43,229,62,139,58,327,343,186,106,224,204,377
274,346,282,226,308,246,94,431,264,213,343,109,238,368,398
71,8,332,264,237,17,346,415,295,168,9,202,398,109,133
309,226,162,379,17,169,407,244,437,398,224,264,167,343,229
425,162,94,111,228,104,215,16,246,321,46,40,109,32,316
407,168,272,107,226,422,428,113,11,108,204,237,109,437,131
404,237,94,196,309,107,282,229,0,192,151,9,335,305,176
264,348,144,224,85,360,283,108,398,171,211,133,323,86,343
228,70,343,264,358,427,64,167,238,17,196,237,246,323,58
360,224,29,244,111,196,272,428,240,107,323,343,404,66,284
228,3,151,402,253,108,336,224,350,144,229,39,217,107,335
238,62,237,360,246,272,88,80,343,266,72,227,224,393,264
9,104,84,8,112,237,11,113,196,415,86,144,339,162,228
228,226,224,283,32,86,359,287,343,335,346,421,404,246,364
424,238,388,364,343,111,311,161,160,360,74,332,213,169,183
155,45,296,199,94,305,43,9,8,3,229,132,327,264,162
8,364,99,57,343,332,11,112,107,424,207,385,105,335,368
8,164,246,73,89,172,84,343,111,161,107,57,284,321,353
335,437,213,398,8,97,62,272,139,31,282,40,94,228,343
225,202,297,364,151,236,238,228,97,196,94,229,415,237,143
368,202,287,343,346,147,213,266,8,196,224,437,236,228,391
1,57,229,282,107,346,323,56,195,94,264,377,224,337,198
364,437,151,167,426,66,17,147,1,313,229,8,25,254,94
372,393,266,213,285,335,109,43,437,246,108,434,343,179,192
162,238,227,343,17,316,264,266,57,335,24,302,405,377,237
431,17,266,213,114,94,61,31,255,8,179,161,131,71,272
264,152,108,283,113,104,246,266,224,365,343,298,404,335,204
107,431,81,405,8,62,202,373,308,224,264,144,238,204,332
264,62,229,368,162,284,196,343,222,167,57,8,405,43,120
147,229,264,196,120,238,228,202,323,308,407,433,405,348,346
162,66,224,3,12,351,398,213,8,167,368,196,107,244,332
244,162,229,20,167,313,158,6,316,8,398,104,109,120,147
169,244,346,313,237,283,229,246,369,287,226,159,364,57,9
391,8,335,17,133,364,196,266,120,398,86,162,43,111,3
139,161,238,428,8,272,43,226,111,360,325,385,364,218,229
343,65,282,403,437,307,234,227,17,102,422,90,9,309,377
144,213,384,423,263,86,238,283,8,282,368,432,333,407,349
8,219,343,354,229,297,437,283,109,237,111,385,9,439,236
147,68,428,264,120,162,8,167,341,272,282,224,213,228,211
437,60,405,214,204,283,108,123,94,75,398,244,297,236,328
109,265,377,62,237,407,243,196,230,321,8,316,162,228,437
250,437,343,39,384,398,11,17,120,243,224,196,260,107,386
316,343,368,110,40,297,111,209,208,346,335,387,133,8,108
62,218,191,16,236,229,343,9,368,438,264,183,282,228,8
343,381,227,335,237,264,313,149,243,3,420,118,266,120,228
213,72,377,111,94,298,107,120,113,104,39,283,305,169,309
151,1,162,237,152,9,34,84,120,246,211,202,407,94,255
86,115,284,313,24,317,147,237,107,46,94,426,66,236,31
271,246,16,86,243,282,404,358,286,319,221,383,322,196,316
1,84,316,43,398,8,320,343,201,241,313,66,364,300,108
161,219,228,428,364,431,435,168,76,343,8,43,133,246,377
364,8,401,180,319,228,162,437,405,118,229,167,283,169,358
10,264,117,3,196,377,38,43,95,309,9,437,162,120,56
266,162,107,343,62,368,8,264,66,237,243,161,286,252,398
94,360,196,343,431,113,238,39,19,282,358,151,332,437,368
3,405,196,360,9,284,8,316,338,264,272,93,236,94,120
151,229,167,111,3,194,313,405,432,1,116,180,346,204,238
246,264,364,346,266,219,360,62,272,64,335,204,361,237,404
272,153,17,179,43,94,176,66,151,298,224,342,246,211,70
346,228,264,62,316,309,21,236,335,8,308,237,412,111,147
222,8,389,43,61,39,17,217,437,224,229,343,204,332,136
364,162,264,335,229,94,86,343,54,404,202,387,206,281,224
265,31,268,224,368,266,112,147,237,226,366,154,23,108,282
265,89,202,57,162,228,282,39,308,324,374,180,17,284,420
428,229,343,108,86,360,1,111,227,79,431,243,437,226,169
264,439,120,141,1,431,228,57,282,8,229,109,86,210,386
9,243,374,74,161,237,43,162,227,109,108,437,272,364,360
237,66,104,88,241,62,227,343,272,169,264,37,162,332,8
421,202,370,321,162,335,111,338,236,309,94,8,333,437,377
228,94,431,79,283,227,215,237,437,8,316,45,246,71,1
213,162,32,308,150,350,398,437,264,94,109,377,356,81,9
94,55,229,318,407,133,238,362,162,132,105,224,17,282,346
40,57,87,62,16,94,364,284,113,433,229,236,35,266,196
46,9,322,382,228,120,172,272,8,251,364,234,109,196,147
15,335,40,111,108,437,333,229,250,332,226,17,308,224,227
167,229,202,264,243,133,28,219,162,368,224,111,431,272,360
360,144,335,151,364,167,209,237,224,162,272,328,105,213,9
151,316,94,12,167,16,264,437,237,282,321,284,385,8,56
246,110,348,313,416,147,94,228,86,161,95,9,243,82,109
405,196,404,167,58,91,236,110,76,86,282,227,66,319,385
147,437,227,196,309,109,297,364,93,384,176,228,108,153,187
346,233,94,284,8,11,252,237,220,437,139,219,66,428,319
84,1,272,343,162,229,11,204,237,207,202,111,354,284,266
349,213,343,131,104,56,345,167,228,405,147,266,86,178,404
108,197,101,257,398,265,368,238,334,196,139,178,364,285,94
236,407,1,309,243,228,332,358,282,144,428,62,343,298,346
368,377,323,78,238,264,343,272,202,265,236,407,58,9,404
202,162,229,377,437,8,368,365,148,43,268,398,161,116,104
308,39,96,162,405,154,298,228,272,313,169,265,147,87,404
162,405,401,343,360,298,269,16,316,290,282,166,68,273,118
167,60,117,236,17,266,257,8,43,9,40,168,244,309,335
368,335,196,139,264,358,313,360,113,204,219,9,8,75,365
282,265,398,94,238,187,167,264,266,17,437,204,226,310,229
198,430,86,183,9,282,158,207,66,110,343,187,94,107,227
196,229,66,39,309,151,319,43,94,8,111,264,162,62,104
171,266,297,282,147,364,335,197,46,343,7,407,404,108,270
343,368,225,8,428,309,335,237,101,113,316,264,334,94,17
182,61,364,358,62,56,109,57,308,428,94,83,108,228,264
226,224,213,143,437,433,364,167,368,335,334,342,19,272,357
437,1,407,272,62,377,404,358,195,50,73,305,17,8,264
319,344,428,409,343,9,264,94,16,158,229,377,298,364,437
346,161,227,162,377,108,34,354,125,358,343,309,431,360,21
16,264,319,238,364,133,265,32,431,196,375,80,332,323,343
411,254,282,346,8,335,229,412,167,62,53,120,139,355,196
147,3,246,9,360,11,341,221,309,298,308,228,62,405,162
253,341,283,332,437,8,288,166,309,346,126,244,120,226,228
266,282,45,236,17,131,111,404,196,265,89,246,42,343,147
203,323,319,113,237,8,405,128,368,168,120,332,94,284,109
415,43,360,8,17,104,9,227,425,94,11,358,164,161,169
8,298,405,304,169,282,43,40,237,377,265,142,346,437,228
104,57,48,404,265,101,343,169,266,282,43,1,224,368,207
162,3,256,236,45,202,431,229,158,305,40,297,342,8,30
227,243,238,213,335,94,8,93,368,264,235,424,282,120,346
384,313,224,168,71,94,58,237,204,39,265,241,202,1,62
161,308,204,229,45,120,227,62,70,66,19,219,43,59,405
8,266,211,300,17,94,343,228,364,382,214,39,253,310,320
358,109,343,168,12,113,377,333,107,144,431,103,309,272,94
62,109,368,227,219,16,298,303,9,224,172,94,104,370,108
377,8,11,404,375,109,302,264,339,162,243,120,181,265,295
108,120,103,384,151,311,404,144,438,279,207,309,168,377,148
43,266,163,120,343,8,282,233,224,264,229,437,431,238,167
31,316,346,295,94,368,364,305,109,158,17,242,236,111,163
343,332,364,87,139,368,1,309,437,297,282,237,377,151,128
168,66,365,243,202,313,113,282,169,9,196,224,161,377,316
120,202,289,228,249,346,83,377,57,259,212,362,281,264,17
343,229,309,405,431,368,113,264,323,437,308,364,56,17,335
153,16,228,202,1,284,139,335,146,224,94,236,227,108,167
391,364,416,358,423,108,243,104,139,66,57,437,169,368,17
300,282,332,265,313,9,236,62,3,215,161,227,16,224,107
52,108,94,237,415,236,377,62,224,247,238,182,436,17,302
157,246,94,243,8,120,162,66,221,217,236,309,364,264,62
237,196,213,282,167,243,335,94,229,23,62,162,17,226,184
437,8,40,236,321,380,196,130,120,244,62,144,407,162,246
404,213,364,66,229,419,134,264,265,275,162,43,84,104,196
368,297,204,227,264,169,229,274,290,107,202,104,226,99,372
219,308,94,264,335,104,250,340,120,343,17,283,86,8,40
17,236,264,309,213,335,364,62,343,228,202,391,8,94,285
8,94,358,86,364,241,51,346,236,185,196,162,128,227,52
202,377,272,308,94,323,375,107,238,264,72,335,209,224,237
118,343,56,161,133,40,58,94,237,284,107,264,228,57,437
313,319,308,167,341,266,224,108,246,256,243,324,343,186,151
264,289,219,94,412,343,377,87,248,9,246,266,236,228,73
94,43,229,246,162,131,263,244,219,404,399,432,282,113,423
266,134,219,283,404,364,229,282,147,227,398,372,343,93,323
377,229,224,298,57,264,86,266,313,162,11,343,133,151,262
343,262,364,120,405,151,309,202,332,219,108,234,266,365,437
195,237,133,416,196,108,398,120,236,309,406,44,313,246,228
94,437,229,167,186,316,244,62,8,404,40,9,308,319,379
109,364,434,94,309,226,358,48,437,346,90,264,62,308,404
431,16,238,39,196,224,229,213,293,40,42,308,169,246,219
290,62,437,399,429,120,266,319,0,211,431,3,265,147,8
266,237,236,113,108,355,335,274,343,404,147,1,17,22,62
108,346,404,261,437,94,366,109,308,144,86,297,309,343,323
224,437,62,66,273,335,309,29,158,433,11,133,244,16,17
233,283,335,1,383,265,113,108,282,395,228,303,406,387,209
111,198,264,159,236,284,407,8,298,244,234,157,439,30,204
398,43,169,372,229,162,346,228,313,9,343,69,273,355,202
398,227,148,169,386,228,10,428,167,404,298,56,196,264,94
328,405,94,431,275,167,346,319,1,16,243,204,423,9,282
376,212,237,168,274,94,197,162,86,332,364,236,308,284,84
111,306,305,31,94,346,196,316,398,298,412,229,277,17,243
168,202,224,174,167,16,94,111,308,169,61,219,166,264,248
113,246,346,2,120,437,262,364,17,224,111,133,169,8,107
108,120,364,149,437,246,388,316,204,107,335,82,398,62,227
291,219,118,284,308,16,398,8,260,437,228,343,431,204,17
151,176,162,431,1,94,109,343,360,361,228,116,437,346,167
66,360,321,398,16,111,147,323,343,151,365,437,228,236,8
39,43,404,120,244,17,439,238,364,346,237,228,375,284,32
309,109,401,31,43,282,437,3,66,133,9,213,11,264,219
238,8,406,425,389,405,56,404,437,202,264,110,308,320,151
229,316,383,8,437,264,11,174,95,283,162,299,133,17,243
17,405,332,11,432,439,298,308,9,94,147,156,335,228,196
16,8,168,360,17,51,302,332,263,147,264,11,364,162,44
144,246,308,57,43,161,213,410,108,104,229,298,398,297,16
404,228,1,431,63,162,227,309,407,196,216,264,224,437,167
16,437,307,364,348,86,332,347,162,264,228,204,369,246,222
365,58,144,204,147,264,108,282,219,161,273,392,343,318,49
17,226,298,386,238,335,423,213,40,56,32,54,358,228,261
372,154,133,266,405,343,307,377,282,263,265,272,62,354,204
403,250,8,364,264,40,103,255,94,323,43,196,433,62,437
221,202,256,1,162,319,437,332,104,358,94,169,219,428,368
377,9,368,343,237,16,144,403,157,284,228,401,176,438,113
120,387,244,415,185,343,256,194,104,227,17,133,346,398,238
111,437,191,424,2,346,118,368,211,319,272,313,281,17,162
283,237,362,264,229,9,151,227,358,62,169,66,291,348,16
17,40,66,112,343,61,228,94,437,272,246,243,9,139,297
237,377,432,409,94,118,343,133,264,162,229,111,108,363,313
343,228,40,313,151,8,335,264,56,94,266,407,243,229,62
88,11,264,284,161,437,229,346,428,424,1,3,224,207,104
365,405,224,193,108,196,139,11,346,358,404,437,226,10,431
264,43,39,431,404,161,120,144,313,238,104,387,210,8,437
200,432,202,229,71,62,1,431,343,272,337,282,57,16,66
266,219,213,86,206,162,111,1,120,8,313,151,437,17,316
377,229,264,407,213,151,94,343,43,236,316,8,335,360,162
111,398,272,66,363,162,84,405,224,368,101,335,346,246,43
11,111,335,236,437,293,344,144,264,337,94,167,243,74,34
243,86,237,364,405,8,128,282,213,120,432,319,421,133,40
229,8,151,369,158,224,319,343,398,282,222,346,86,111,94
57,113,316,228,162,433,63,123,78,272,360,40,135,109,108
254,246,39,300,188,323,8,68,437,229,86,3,308,62,108
304,237,282,264,309,437,377,229,368,3,64,111,283,7,224
237,437,229,272,43,371,275,377,346,58,403,66,309,358,39
3,264,86,319,56,237,21,120,238,348,150,403,211,107,16
313,243,228,11,238,319,266,398,377,54,272,335,437,8,162
433,37,107,413,162,202,17,283,272,323,411,51,43,62,94
144,202,39,111,316,155,58,149,229,213,264,8,110,221,337
66,246,194,133,220,341,109,124,94,162,16,358,319,335,385
237,8,229,431,236,272,364,169,358,57,219,227,62,161,264
346,324,226,162,3,120,16,343,39,319,218,17,228,168,116
319,8,162,24,191,147,335,57,86,405,94,364,62,5,43
364,282,120,229,244,39,264,272,8,360,69,284,169,416,227
166,108,17,66,86,236,107,176,323,264,196,332,368,398,229
120,405,424,358,54,202,8,228,272,229,435,137,343,368,151
237,8,52,264,199,229,168,346,209,133,161,360,40,302,157
8,343,196,97,229,3,309,162,226,237,108,30,145,62,438
431,17,337,14,407,264,405,437,343,108,313,348,417,116,40
40,116,147,424,282,405,428,94,202,364,229,264,192,151,247
343,169,111,213,227,9,229,2,309,391,368,120,162,0,1
147,238,313,94,108,8,9,266,111,232,437,398,183,404,167
196,139,228,8,288,319,343,229,323,161,352,291,147,48,398
222,218,265,169,108,23,264,94,9,284,405,229,282,238,161
151,236,238,191,364,56,144,208,362,162,398,9,107,219,316
39,94,264,238,273,297,204,66,319,229,228,399,391,272,233
94,237,243,236,212,196,266,336,265,309,437,368,298,73,319
415,319,265,236,328,35,368,89,66,40,11,405,335,58,336
242,377,347,346,333,169,335,222,332,264,282,151,226,97,265
94,332,1,109,162,298,345,8,77,283,407,279,219,327,243
269,335,224,113,226,94,147,9,229,219,204,264,298,407,61
404,319,383,111,162,228,343,298,272,177,43,358,324,265,323
162,120,272,225,340,227,309,44,266,346,11,147,9,1,204
228,94,163,132,346,39,226,246,229,285,219,244,54,437,438
9,94,52,343,213,176,402,86,57,372,274,237,17,151,211
167,94,108,39,241,343,120,219,109,335,428,107,17,188,437
8,109,309,151,135,319,61,210,211,238,435,71,66,224,104
226,335,264,272,343,43,151,350,181,304,369,111,377,167,213
202,167,228,196,282,66,237,162,120,226,404,426,346,104,354
308,305,407,284,23,228,431,358,8,335,146,113,282,291,405
398,437,261,346,113,309,80,1,319,265,264,8,120,260,272
128,58,305,227,224,1,238,161,308,9,57,94,192,272,113
15,94,139,246,204,338,169,43,228,133,360,1,3,41,346
346,364,84,43,33,109,309,144,368,8,162,428,11,120,384
343,50,398,15,313,113,127,142,151,172,9,308,236,309,346
368,335,404,364,162,16,272,218,377,236,224,196,332,112,17
17,9,346,377,76,190,109,437,235,202,368,172,160,111,229
107,167,10,237,113,40,305,228,104,385,20,202,162,8,183
224,265,43,9,151,94,335,403,228,307,17,341,8,343,377
383,364,49,108,86,120,11,204,5,62,196,94,8,26,297
282,56,335,131,374,237,104,221,309,228,168,73,169,229,8
72,135,264,162,308,239,343,364,54,237,316,113,398,272,238
161,169,28,428,147,425,238,12,343,8,204,236,7,61,264
83,62,56,185,167,40,224,437,208,244,17,349,276,169,219
237,144,86,94,17,204,346,282,308,141,129,405,8,107,120
236,284,1,9,8,408,229,332,151,107,364,437,377,264,162
120,8,167,335,107,240,104,272,433,169,56,343,282,316,364
57,308,66,437,384,428,32,358,237,204,156,62,1,343,283
238,184,308,94,316,109,264,104,1,267,294,211,135,188,398
167,162,431,153,361,225,94,308,437,11,151,346,227,229,360
255,57,94,111,319,228,160,8,229,151,88,332,17,368,1
360,439,167,8,343,377,204,236,335,228,316,213,109,264,437
264,228,94,357,236,204,4,66,88,213,113,358,114,8,48
169,377,335,139,346,229,162,398,368,241,167,161,94,64,266
305,313,237,264,229,308,343,204,188,238,56,40,43,428,384
86,275,151,17,264,8,313,259,229,343,237,201,105,246,316
109,237,62,228,161,84,319,343,11,332,86,297,40,118,420
316,8,264,108,217,104,360,282,96,228,309,343,236,244,5
346,264,437,133,162,402,141,377,111,316,298,398,202,228,16
398,341,133,384,8,62,237,392,283,377,108,66,266,249,246
246,308,307,229,237,120,437,316,94,19,297,81,109,133,217
335,148,360,168,56,154,22,228,332,110,308,298,224,222,370
343,224,298,359,104,370,40,17,308,115,1,334,147,94,332
224,161,282,51,8,144,398,305,227,169,405,94,241,133,319
120,204,131,176,335,416,40,165,437,11,293,57,343,213,313
20,309,246,196,8,228,347,111,364,226,343,133,94,155,401
238,220,228,287,176,297,370,305,364,433,426,104,227,343,66
364,229,300,150,86,196,219,435,204,101,8,168,151,343,158
407,291,94,319,173,309,343,431,272,224,368,346,236,199,86
179,244,387,17,9,400,133,229,298,12,264,398,335,368,39
364,332,26,161,323,43,287,377,262,407,430,231,224,9,76
298,422,238,358,333,111,45,243,313,147,437,368,237,229,224
343,86,172,377,8,323,133,264,66,30,437,16,337,238,9
347,360,94,213,16,284,39,229,272,348,236,341,219,276,244
335,162,113,62,228,43,167,178,368,358,346,354,226,437,332
316,79,117,56,264,346,3,111,86,21,335,16,162,246,94
437,246,224,111,62,8,204,237,281,11,16,343,335,358,368
404,118,104,151,193,362,343,228,283,262,398,162,16,183,196
223,229,290,343,204,8,94,437,161,238,202,264,169,371,237
332,282,196,352,111,305,198,151,94,176,9,8,167,357,12
204,264,272,282,224,227,17,162,82,86,202,359,246,38,404
162,94,17,264,224,229,102,343,111,368,289,9,8,120,335
229,66,228,204,404,237,17,147,213,5,162,94,22,167,109
264,237,236,346,204,309,360,43,17,111,308,191,284,120,244
263,246,47,287,94,238,237,29,133,8,196,404,168,264,162
17,377,94,266,61,111,19,104,428,245,161,323,68,28,101
17,162,107,437,361,368,66,343,398,377,1,328,16,133,21
186,316,272,329,228,227,264,152,211,34,103,377,407,169,213
264,104,108,56,313,335,343,127,66,113,123,202,14,418,437
236,229,176,244,113,343,7,264,362,120,309,8,86,368,89
385,372,360,115,358,8,219,204,133,7,298,111,151,377,107
108,120,104,168,364,11,8,226,345,109,338,162,224,437,56
342,264,169,237,43,151,57,398,364,343,139,108,360,118,437
343,246,360,8,437,290,404,19,68,134,272,298,171,229,238
109,224,204,324,138,264,202,377,108,297,162,358,219,272,213
174,162,437,420,272,94,316,366,428,108,134,304,335,66,368
264,308,118,177,417,287,17,56,377,364,246,335,167,238,67
8,266,282,19,58,94,204,236,237,229,9,308,405,84,224
323,204,437,377,144,62,343,161,162,94,407,109,156,308,224
257,428,243,229,196,377,8,113,107,225,147,59,171,335,228
226,66,219,58,40,161,118,405,398,402,62,375,1,78,162
108,333,361,228,8,94,377,309,138,227,295,343,73,242,161
8,94,364,264,213,224,405,238,398,109,346,181,377,16,68
17,167,437,405,2,283,94,62,39,332,108,9,140,335,57
405,31,238,109,56,213,151,256,236,62,343,229,377,347,362
161,364,246,270,390,94,144,43,229,62,35,17,305,264,88
94,332,298,198,385,159,185,437,229,308,272,261,162,264,431
248,43,168,265,42,411,133,368,196,272,229,335,57,9,304
343,151,35,86,236,207,266,298,238,224,11,69,105,9,46
66,40,387,95,111,152,71,283,204,84,151,162,364,56,93
229,120,364,335,111,162,37,343,8,368,316,437,224,237,303
376,298,368,108,94,109,284,9,99,242,224,3,264,346,52
287,66,17,405,312,8,196,281,94,437,61,264,111,228,360
162,94,8,127,199,264,108,288,213,407,362,226,289,236,219
8,431,147,192,238,265,437,345,324,169,94,109,204,202,186
202,360,309,260,364,377,213,335,238,219,423,56,437,343,379
346,264,427,73,162,34,309,313,43,228,368,145,8,238,11
406,337,236,120,8,319,108,405,224,111,196,266,16,282,202
1,340,238,272,229,336,244,113,202,8,108,284,9,210,94
243,196,162,8,237,368,120,439,226,338,200,428,323,202,266
54,8,83,111,264,9,282,17,364,209,368,407,151,398,1
108,78,219,237,243,227,71,75,343,224,404,213,282,394,104
335,8,229,405,305,264,337,346,94,111,213,404,143,120,89
244,202,288,109,437,43,323,9,228,31,225,313,224,196,16
44,309,8,94,238,391,202,364,246,56,321,229,313,228,147
282,192,162,78,327,8,94,176,40,151,377,17,368,264,11
8,181,320,264,83,162,437,94,377,64,398,390,224,17,360
368,285,168,8,122,47,229,393,309,246,264,144,437,305,167
383,120,244,358,230,243,266,167,66,346,48,94,298,202,236
364,431,39,151,109,406,66,184,214,43,15,256,424,94,107
72,335,228,204,86,404,94,39,369,11,200,407,398,226,405
43,104,229,133,113,115,299,56,238,404,120,368,93,244,94
316,372,335,94,404,60,86,394,368,244,360,229,17,196,437
40,66,375,319,431,144,272,343,85,196,32,55,127,408,309
243,56,439,398,57,8,66,246,3,282,266,86,94,9,343
231,133,109,309,111,319,343,8,62,332,9,431,398,429,43
298,341,161,196,120,238,56,229,107,17,88,309,62,157,379
358,399,343,224,144,162,191,1,76,108,437,237,246,229,266
94,407,404,17,84,246,229,317,8,343,226,272,417,364,56
16,309,62,111,162,109,156,299,280,202,264,167,238,338,17
8,17,66,94,282,207,246,39,343,431,313,108,106,97,323
323,162,256,100,335,147,202,282,213,94,39,264,196,320,284
162,213,376,407,92,224,111,257,346,264,229,95,335,298,168
431,5,209,228,398,296,94,324,39,190,85,162,31,264,107
377,167,306,229,54,213,204,282,233,94,346,283,5,368,398
104,398,107,360,365,213,111,284,204,66,124,316,17,309,335
162,120,309,94,40,365,404,229,86,405,246,255,364,298,305
354,256,385,433,319,264,437,162,345,297,8,202,133,265,40
161,111,109,17,224,264,229,398,358,213,360,312,243,226,108
147,9,202,319,139,66,113,168,204,144,368,405,162,398,56
62,161,297,368,107,308,66,94,48,265,9,144,284,111,246
151,167,398,377,28,108,266,368,94,346,219,335,364,308,196
298,364,368,49,107,196,246,229,377,31,72,43,120,57,187
4,272,8,94,89,417,162,56,332,221,346,109,196,305,264
309,385,148,437,147,229,86,343,182,151,204,398,8,404,79
218,272,229,228,9,346,147,94,111,151,437,236,176,108,202
120,227,2,94,246,405,411,343,162,368,407,253,237,228,111
298,57,204,291,40,39,133,139,404,16,227,229,8,437,244
308,94,263,167,375,71,109,284,405,57,151,204,266,404,299
12,177,40,227,8,313,162,343,17,133,107,346,118,341,95
437,332,218,386,43,9,226,1,428,236,313,62,137,162,207
57,151,227,346,17,236,335,237,228,107,407,404,272,377,62
283,9,229,187,102,308,162,411,101,237,252,43,236,282,272
343,228,364,196,136,16,398,8,74,264,404,169,229,308,139
429,229,246,224,204,8,120,283,226,266,264,280,94,109,237
237,343,283,390,423,196,43,162,153,228,297,133,363,219,11
104,368,139,264,431,355,437,62,236,226,243,266,9,113,219
55,107,246,147,335,238,162,244,202,264,94,140,127,368,33
357,32,309,332,135,40,343,404,229,435,272,298,317,57,8
432,196,313,237,11,228,57,400,238,213,272,300,219,346,62
343,40,93,243,104,21,101,19,264,236,95,224,86,172,428
244,265,8,25,107,246,238,308,202,196,274,272,398,266,264
405,404,94,364,40,138,43,298,343,250,224,229,265,36,282
219,333,228,346,8,418,439,149,222,162,428,437,273,407,364
264,9,368,435,361,364,405,236,204,437,176,266,237,259,400
343,224,377,364,392,40,70,404,191,229,213,266,3,57,227
66,229,407,284,109,87,162,43,272,255,108,120,113,308,283
335,186,11,150,9,368,127,323,166,16,151,343,358,305,237
94,243,17,120,346,264,147,266,111,433,263,407,57,228,358
62,204,111,316,11,94,102,43,56,404,83,227,437,8,16
94,96,1,43,95,58,261,246,118,79,56,298,8,162,202
407,237,343,40,162,294,147,43,308,265,305,111,196,204,337
283,404,253,246,107,43,111,16,363,46,118,8,318,346,94
404,427,120,109,236,111,17,66,308,264,94,169,8,388,398
94,237,62,289,167,346,204,228,285,162,387,111,264,368,56
346,173,358,428,398,51,405,229,84,21,195,196,386,246,4
71,162,398,281,151,437,264,111,427,15,422,207,144,319,185
111,139,272,1,17,321,335,299,309,11,237,62,343,151,86
309,224,319,161,9,368,52,86,94,229,227,162,404,255,432
144,133,224,94,168,308,332,139,358,346,226,343,148,130,217
196,86,343,56,298,391,282,39,104,224,202,94,335,90,404
316,282,264,313,8,431,310,343,94,346,151,436,147,311,235
248,343,346,168,88,236,219,282,9,224,264,94,272,120,298
204,231,367,213,224,9,107,40,84,168,162,116,298,188,428
147,229,259,236,14,162,264,297,283,58,265,57,377,226,407
162,56,308,297,144,229,103,377,282,176,196,319,416,265,266
50,313,317,377,144,236,94,346,109,264,74,120,323,229,437
266,147,8,133,368,83,104,228,43,120,404,335,332,124,264
360,39,227,437,212,11,343,213,264,162,16,364,317,303,405
120,335,377,141,297,316,319,246,405,308,305,133,437,266,282
229,236,309,368,213,272,377,104,130,29,379,316,112,94,8
84,264,237,316,282,162,437,1,308,66,3,147,360,229,363
147,228,202,109,264,162,113,234,377,111,23,133,161,213,144
133,266,8,226,46,244,332,335,162,343,228,139,379,309,155
2,144,282,228,108,56,221,323,343,246,377,204,10,368,437
151,113,373,437,161,120,313,243,264,162,111,229,364,298,426
282,256,335,328,113,226,0,191,297,94,394,431,86,8,168
404,368,229,377,94,8,108,235,120,437,309,228,221,237,1
398,26,238,89,2,24,162,115,304,113,16,39,3,17,120
297,437,3,94,49,113,298,238,377,348,305,118,243,309,107
404,398,437,309,246,272,264,111,377,332,308,9,219,265,343
94,42,255,246,316,181,237,93,339,56,62,264,4,343,405
204,410,334,246,343,120,226,224,228,415,94,332,162,264,17
198,9,282,17,224,343,377,70,390,435,264,16,84,272,62
246,377,229,265,147,162,346,196,313,228,363,431,298,343,308
36,236,246,346,162,200,11,364,66,151,12,57,264,17,377
17,335,113,86,204,3,236,398,1,94,162,303,120,158,224
343,120,192,94,308,145,229,244,213,147,161,246,428,431,346
383,162,282,178,270,190,246,281,346,111,370,264,43,238,17
39,83,227,228,266,8,94,108,244,398,56,107,428,369,162
272,346,213,107,237,284,305,394,86,266,62,28,290,368,404
237,404,94,242,266,328,69,1,267,334,229,162,108,405,264
162,229,144,343,238,204,266,298,264,398,402,8,202,39,96
226,8,368,27,219,319,283,237,147,85,282,23,346,250,224
113,8,212,244,227,1,66,17,308,207,56,237,196,121,264
439,62,86,3,66,309,177,437,109,335,151,133,139,404,94
323,264,228,437,24,226,147,16,131,8,308,368,227,237,202
358,219,362,162,161,436,62,108,237,147,246,94,222,176,346
229,284,144,8,118,84,264,69,404,223,309,228,265,437,282
40,94,243,410,8,162,411,300,353,319,423,264,343,377,405
1,79,298,213,401,255,43,369,226,57,305,212,196,94,104
364,39,282,43,437,305,56,272,298,376,120,405,108,200,224
368,308,136,284,246,161,357,151,56,11,139,9,324,437,264
204,227,424,83,282,109,167,337,405,162,93,160,346,150,264
272,319,343,335,104,297,226,151,8,2,43,407,310,266,1
272,17,107,39,169,416,58,62,57,117,377,309,343,198,94
407,358,17,228,9,404,104,224,316,227,162,108,109,238,364
19,335,343,39,437,66,62,422,122,358,312,404,168,346,264
83,282,237,323,284,94,109,434,192,202,108,151,316,64,8
11,107,227,26,108,191,43,86,343,133,208,237,8,417,120
264,184,407,283,249,364,437,324,161,94,404,335,111,229,308
398,42,437,229,66,343,404,56,237,108,144,204,297,309,147
343,437,305,85,213,219,144,204,246,161,80,264,107,384,86
283,372,8,62,1,282,244,12,238,264,77,389,360,9,214
62,94,405,282,246,111,66,227,377,364,379,104,343,9,219
109,8,335,196,242,309,11,377,141,287,80,29,346,138,282
62,6,431,57,246,162,128,346,8,95,16,405,202,86,374
17,120,392,312,248,228,313,27,320,319,309,108,8,437,264
1,298,219,283,86,107,213,246,404,300,387,94,346,428,343
8,39,204,360,437,196,351,272,288,309,377,139,263,264,228
346,238,139,405,8,435,147,133,236,335,108,226,196,284,431
243,431,111,62,94,272,8,196,373,435,377,66,1,147,343
283,238,39,437,266,107,8,343,284,94,236,264,313,272,423
162,161,203,196,149,235,147,74,237,94,256,358,3,84,226
229,308,319,40,17,43,147,377,227,8,222,343,144,335,11
383,407,104,120,151,264,335,420,265,107,368,8,343,94,57
151,107,224,228,104,437,422,94,332,8,180,272,111,39,349
236,343,43,335,7,204,227,264,161,224,67,265,431,94,338
343,335,162,264,298,332,407,196,111,147,428,368,437,213,377
343,282,161,335,234,113,162,155,123,8,94,368,11,124,199
377,111,300,169,120,219,108,17,316,109,272,398,313,186,113
437,316,246,237,236,43,96,101,56,265,86,404,168,244,283
236,224,295,50,287,9,8,108,368,437,227,335,282,365,3
398,72,118,104,167,213,233,162,343,229,246,94,340,138,364
308,94,70,111,213,343,246,153,275,9,358,11,226,207,336
139,255,113,108,224,264,219,307,138,257,437,107,313,94,110
404,142,94,204,265,229,107,228,196,283,108,237,117,316,136
39,162,326,66,213,334,229,108,437,228,133,368,17,8,265
107,335,264,238,298,8,343,151,94,43,196,191,265,377,120
9,94,229,57,62,266,108,343,104,45,243,339,120,337,204
282,236,244,183,27,409,196,437,360,275,202,161,262,8,194
319,272,380,434,167,39,428,162,282,11,316,313,266,213,332
61,113,237,343,256,372,300,228,202,219,8,94,264,57,48
39,376,228,404,246,204,303,287,368,437,428,72,229,307,56
94,431,237,89,320,405,48,0,229,226,102,171,377,265,360
229,404,56,104,343,266,303,228,270,14,282,167,423,9,431
108,94,111,172,87,298,188,350,255,8,254,219,228,236,377
364,272,428,109,137,227,284,9,398,204,379,392,23,405,76
10,343,265,219,39,66,264,358,295,428,167,162,364,202,237
309,119,382,237,224,364,9,238,16,431,104,202,56,86,108
113,212,109,358,16,225,62,236,8,196,422,272,151,108,423
262,226,322,120,358,57,28,237,229,437,94,166,264,404,348
428,161,264,162,360,9,115,437,309,236,238,272,204,151,229
246,111,62,103,364,9,17,94,43,407,256,244,57,404,1
204,437,224,7,323,39,295,272,402,377,244,309,398,246,196
337,431,8,398,202,236,1,364,280,305,14,56,227,16,120
357,323,48,324,40,224,346,77,62,109,204,221,193,9,219
162,104,237,86,368,167,264,204,139,266,213,219,335,391,108
94,283,104,296,332,323,266,224,343,90,305,377,196,238,57
332,437,196,202,86,295,398,377,401,226,151,228,266,407,284
368,357,360,155,109,43,298,58,167,246,364,152,227,274,265
33,226,244,151,12,111,66,40,96,437,104,162,94,368,82
248,202,43,9,228,279,284,37,282,224,214,404,3,229,142
340,266,337,169,211,246,421,264,94,437,349,229,309,184,11
305,87,108,343,283,437,431,408,62,313,162,324,335,104,17
343,94,0,264,109,385,43,151,159,347,407,294,246,62,213
86,120,422,377,144,369,167,360,362,108,161,113,17,58,229
308,126,377,264,1,160,289,284,266,162,229,332,120,407,366
74,298,335,115,11,94,204,133,237,316,236,266,226,106,222
364,196,162,120,8,243,17,377,236,343,344,284,227,9,264
318,147,266,277,94,219,358,180,120,283,437,343,407,309,17
5,189,236,269,335,8,16,161,201,56,237,108,9,224,89
238,162,40,255,431,8,377,298,237,19,229,107,236,133,228
111,168,227,357,238,62,284,261,120,226,1,265,308,162,58
224,407,134,282,215,167,437,332,3,161,10,343,309,94,95
305,229,272,431,265,11,404,282,120,86,380,40,94,109,8
298,437,94,283,404,8,238,60,161,319,346,229,377,343,169
227,137,439,194,234,66,332,343,229,431,437,94,108,1,54
298,148,162,133,22,264,149,238,265,17,308,94,113,246,181
266,56,343,308,204,401,94,136,26,297,15,284,243,346,151
56,405,229,62,111,96,246,338,364,316,264,162,94,319,309
431,404,199,104,260,50,86,265,94,343,57,58,273,405,8
335,351,167,94,263,363,224,17,179,398,228,226,57,265,108
284,1,162,104,8,131,196,243,400,139,438,377,11,238,128
237,265,196,309,437,39,308,305,86,260,364,290,57,226,332
111,193,380,8,404,113,19,385,305,343,405,160,90,437,272
368,149,335,113,162,133,377,94,343,259,437,265,392,35,264
202,223,309,225,332,222,226,377,196,236,238,8,213,346,272
364,343,204,117,111,39,213,243,8,16,31,341,228,319,327
428,246,264,94,209,236,335,368,142,438,224,343,43,16,151
94,112,16,305,1,309,264,221,335,139,8,306,145,86,224
437,211,346,62,343,11,266,308,39,167,202,274,8,162,9
343,437,180,168,404,151,229,377,9,3,196,226,219,212,73
237,238,404,377,70,159,11,58,2,57,40,316,319,56,243
144,187,398,364,404,243,64,319,248,62,180,120,234,416,246
264,407,298,200,39,214,202,108,209,255,8,338,364,94,1
390,162,309,264,267,237,183,24,324,266,111,213,151,11,360
240,319,343,37,305,224,213,43,346,269,398,219,264,167,108
62,415,316,407,222,437,294,308,404,94,282,133,276,204,109
8,428,38,358,284,343,364,17,62,162,272,265,266,104,354
330,377,56,335,266,213,43,8,343,236,114,177,283,35,364
404,343,140,227,316,104,224,115,282,377,111,8,113,66,321
282,377,224,8,319,17,264,368,436,136,372,328,233,238,403
162,40,104,243,241,244,1,151,8,309,246,343,169,264,229
237,404,111,343,56,264,162,364,8,86,229,68,204,323,62
343,84,162,4,147,111,228,10,8,94,316,284,373,229,377
8,66,16,319,284,282,358,162,431,224,88,229,316,332,255
213,284,195,266,8,97,151,162,7,273,237,411,111,9,66
368,228,8,66,358,309,2,16,343,227,346,404,224,151,286
76,11,224,407,428,228,196,109,264,241,9,210,162,377,168
300,172,198,167,316,343,368,405,313,272,213,237,431,266,200
66,238,377,431,63,8,368,316,345,256,162,417,343,196,332
57,162,167,224,144,284,278,368,147,41,405,113,31,319,43
343,204,114,162,236,81,311,219,94,3,88,265,128,323,353
383,202,428,196,17,377,355,162,266,398,168,94,212,238,43
26,266,94,227,8,402,343,335,224,243,236,213,104,398,244
238,207,328,147,108,346,298,8,237,343,264,1,272,167,398
8,94,108,113,41,214,234,39,1,105,15,377,169,43,109
238,349,162,237,204,8,431,437,405,231,177,266,244,263,236
223,94,253,229,120,266,90,246,109,9,411,11,17,238,40
428,407,62,246,343,217,316,88,213,17,147,94,57,377,8
384,368,204,438,94,120,377,16,226,228,263,266,264,43,202
68,346,282,62,368,284,358,171,94,162,39,343,228,196,237
20,316,102,202,183,16,229,86,94,228,108,11,162,358,265
298,332,12,56,111,236,162,238,94,121,144,110,142,120,410
347,113,8,9,104,319,346,110,349,189,215,147,237,183,94
207,102,404,287,17,323,56,343,237,86,229,220,385,16,9
343,368,87,17,319,246,94,139,111,403,56,120,365,43,66
39,283,230,316,229,271,364,377,207,73,147,86,50,226,196
435,343,196,8,104,9,405,1,348,305,226,220,111,198,5
359,113,289,40,224,169,274,237,404,196,264,437,107,87,204
152,423,104,244,398,238,437,229,236,411,346,62,243,202,368
302,368,313,204,283,94,202,437,288,19,8,161,83,309,308
343,109,99,196,224,368,213,243,404,437,228,158,246,1,8
137,147,39,213,94,4,43,57,162,8,204,180,229,167,1
9,8,224,43,94,202,162,149,264,405,353,343,298,266,437
332,298,265,219,404,57,120,94,368,364,84,204,113,272,115
8,94,159,304,194,111,31,428,107,298,280,17,284,272,398
266,162,237,10,120,224,238,241,385,231,226,283,437,196,161
412,94,168,316,54,89,202,368,282,319,224,8,12,204,1
368,204,151,70,86,54,120,213,83,40,369,176,157,407,133
407,47,229,335,224,213,264,27,182,169,126,244,228,151,162
364,177,57,437,120,255,416,228,169,332,17,129,237,109,111
187,238,204,1,282,264,168,196,407,108,94,109,162,437,229
224,104,121,118,305,62,246,229,271,391,237,202,274,332,41
428,39,9,358,162,202,272,266,343,284,196,391,54,161,88
108,398,272,134,313,346,364,236,118,229,196,60,282,162,248
364,57,8,405,335,202,228,213,107,264,340,43,226,151,66
398,94,428,229,264,326,82,403,368,17,346,15,437,167,218
104,246,224,94,265,346,252,343,335,57,35,66,243,238,229
335,323,319,266,284,94,282,343,2,419,364,72,113,161,17
364,8,39,11,272,226,151,104,346,237,147,168,162,57,263
282,305,368,243,373,94,169,213,237,294,167,156,437,332,343
224,308,64,94,361,171,110,109,253,228,335,62,342,120,147
40,162,224,364,1,238,332,313,368,323,334,246,358,52,168
377,238,196,266,282,151,66,89,324,9,389,338,144,437,343
244,113,316,17,167,62,343,309,66,257,161,229,332,43,1
358,57,17,319,202,332,407,424,19,264,309,39,238,228,177
151,18,437,213,162,265,351,405,62,398,121,17,169,428,8
94,229,431,147,3,17,163,120,86,408,7,182,313,150,268
246,228,16,76,289,162,405,341,161,151,355,43,8,3,62
147,377,151,309,341,362,17,343,428,398,94,39,229,162,264
264,237,337,120,404,228,66,94,306,346,335,50,342,309,246
9,437,151,228,297,43,255,61,246,319,404,244,264,229,224
213,237,229,0,1,43,3,277,236,404,279,313,144,282,264
111,202,246,207,135,332,323,381,404,94,224,62,120,108,364
162,238,224,254,120,237,264,437,246,282,346,40,332,309,354
316,213,158,308,94,335,243,264,272,377,104,228,437,13,368
151,168,362,195,216,316,0,228,94,243,219,11,343,213,265
387,337,94,213,142,56,343,228,368,246,104,264,107,404,8
3,318,436,389,275,202,264,151,343,244,113,437,139,8,390
162,411,238,244,229,343,11,297,264,86,282,428,106,176,169
264,316,309,185,305,229,297,398,216,238,1,230,40,219,236
118,437,282,95,236,43,284,228,79,224,60,360,59,8,335
392,305,349,9,346,213,57,226,16,264,194,272,94,66,19
368,228,252,437,204,62,327,323,343,298,236,247,297,168,40
213,264,18,308,272,360,437,94,9,418,323,220,229,246,343
141,405,358,8,202,196,108,94,116,223,264,204,218,229,86
238,348,373,335,161,8,226,167,94,57,404,56,339,332,144
288,282,364,57,167,236,169,107,43,3,16,94,319,305,125
332,9,264,342,16,271,437,112,111,246,287,243,229,20,265
28,281,40,120,228,169,196,136,246,340,264,226,227,428,368
231,162,298,236,297,66,219,264,282,428,39,229,167,435,11
81,236,437,16,389,17,161,358,213,8,343,374,284,57,428
419,364,167,363,180,282,1,213,5,94,323,17,358,368,404
437,82,108,162,43,62,1,284,272,8,343,238,377,228,111
166,246,66,287,153,343,8,43,141,70,107,364,346,398,431
265,347,343,398,437,373,236,313,428,162,202,39,297,346,40
309,343,97,204,146,256,368,421,11,54,202,398,297,17,285
339,9,1,2,227,162,19,66,8,377,335,108,224,437,17
8,23,346,282,266,377,332,437,17,404,94,364,361,162,309
1,202,39,299,405,272,343,213,236,284,94,228,431,108,283
225,288,162,264,419,275,308,108,437,144,86,56,39,431,377
316,211,298,66,206,86,8,162,104,16,246,15,56,36,140
236,215,40,282,85,369,398,303,133,284,254,248,229,16,368
381,0,377,264,162,108,431,323,394,24,237,332,309,437,315
213,246,270,57,343,86,8,346,11,398,120,305,108,181,272
124,238,226,364,210,8,84,104,346,60,286,66,309,86,407
226,112,313,308,265,161,1,194,168,106,139,109,120,43,283
162,133,272,16,94,264,8,398,368,288,146,280,169,39,228
237,285,398,272,323,228,99,275,94,311,358,284,355,364,109
284,144,228,94,111,192,8,53,299,428,390,267,435,82,113
431,229,111,84,151,95,183,364,373,330,204,114,86,435,264
283,316,34,213,94,228,108,306,104,343,377,8,58,346,272
107,94,84,404,350,343,109,8,369,316,368,3,346,358,226
435,272,437,209,228,229,94,404,224,17,227,8,111,193,108
368,267,40,66,219,144,8,94,346,108,428,236,107,283,11
407,252,219,354,108,265,246,17,358,178,323,69,304,346,147
111,385,43,169,11,407,109,62,316,433,8,343,411,423,264
57,437,22,364,10,11,243,133,313,264,56,24,8,297,238
416,297,120,432,346,332,147,107,343,224,428,17,323,358,237
309,40,8,387,228,17,104,167,428,266,348,162,264,227,368
332,29,139,309,17,316,108,204,236,387,310,368,224,8,94
272,94,266,244,284,197,236,66,56,238,343,229,282,224,377
323,229,162,238,198,298,80,433,266,225,228,94,404,151,236
266,404,229,319,144,332,272,8,94,213,405,343,364,48,282
305,405,335,8,160,224,62,43,347,337,226,428,377,364,266
356,27,240,360,117,162,161,77,341,8,437,179,213,264,308
259,305,236,346,17,43,341,86,335,309,1,283,364,3,108
319,43,70,174,139,9,262,17,40,340,104,437,358,377,397
244,71,146,343,8,162,14,169,264,151,319,404,235,227,398
298,196,162,353,228,62,365,309,282,207,328,335,133,343,425
224,163,263,112,343,437,308,196,139,346,162,113,377,272,264
147,94,358,428,162,297,398,229,407,246,43,108,144,298,273
236,368,398,9,364,332,94,169,224,305,151,110,43,152,109
377,343,161,335,238,111,109,162,12,247,71,229,341,316,224
22,264,39,266,332,133,335,62,17,163,229,56,4,368,109
346,304,265,8,368,264,364,366,128,427,288,381,162,297,9
229,107,126,335,158,359,216,264,237,227,320,284,35,343,8
43,151,323,179,346,94,162,229,358,270,219,57,139,104,8
94,343,108,71,437,229,104,332,84,411,398,228,237,335,368
34,104,133,17,58,323,56,382,237,75,263,332,346,94,437
151,343,104,8,108,111,263,219,213,302,424,156,405,60,368
309,246,244,1,411,360,341,62,385,237,229,17,94,265,103
405,66,196,28,236,298,432,314,237,166,8,302,217,241,398
94,344,296,268,364,236,337,33,404,437,237,229,1,368,57
437,282,156,259,407,404,335,346,243,29,161,343,377,224,9
86,107,213,17,199,398,428,228,196,201,266,405,282,438,236
346,9,8,1,368,274,147,73,55,404,374,219,246,226,237
162,437,40,332,343,139,213,147,358,111,151,377,62,226,57
57,323,364,13,150,39,8,398,17,54,428,309,284,94,224
238,93,8,176,284,437,364,265,428,249,343,346,86,404,228
8,111,236,364,228,94,11,437,288,264,70,95,78,144,155
196,404,415,147,292,40,228,283,133,107,94,259,213,308,8
9,204,88,237,431,39,57,111,8,353,17,399,226,377,56
94,368,162,43,364,403,228,66,62,431,266,204,237,1,23
407,62,73,319,58,202,213,377,384,230,265,40,219,8,17
264,265,199,431,398,104,9,229,26,228,343,202,226,282,81
377,343,407,155,88,308,282,264,17,309,45,227,368,129,106
47,340,272,85,156,339,167,294,282,308,343,401,394,398,264
335,43,94,202,62,431,196,327,109,213,8,220,108,229,343
115,85,271,308,264,272,162,346,437,111,305,8,237,26,144
364,228,266,297,8,284,86,312,246,243,42,338,433,95,335
316,237,153,151,428,10,162,313,343,163,229,1,265,368,86
162,62,8,391,284,246,297,308,193,437,264,343,172,435,111
8,202,423,232,172,15,358,169,204,56,227,364,69,324,368
151,229,227,8,57,43,120,169,107,172,162,195,394,309,282
168,343,243,56,94,63,238,323,269,15,228,406,84,236,346
162,272,236,431,39,117,346,368,66,372,258,45,24,360,73
162,407,8,316,404,220,324,225,264,266,120,244,167,19,109
368,113,169,137,305,407,8,104,343,58,405,93,78,236,215
151,57,108,236,224,66,113,265,343,162,8,364,380,169,238
8,16,94,142,144,9,334,319,111,300,237,335,172,357,213
343,204,264,439,9,43,111,360,398,335,422,309,236,213,66
228,343,94,383,203,1,284,224,285,68,44,8,196,3,264
109,401,343,264,246,229,323,398,202,237,12,9,346,404,94
162,151,224,407,94,309,56,343,419,243,3,8,14,106,237
133,308,126,9,43,428,108,343,30,3,437,316,407,226,358
368,213,16,94,8,229,376,120,246,50,226,282,200,405,354
151,8,69,133,209,377,35,360,43,428,224,249,313,308,282
360,428,108,201,85,120,31,282,99,3,19,273,346,11,405
276,217,17,358,343,155,8,236,39,62,368,224,298,185,319
229,370,162,151,237,264,9,8,120,360,57,148,369,16,4
401,204,291,82,236,8,39,62,168,161,364,3,228,264,343
219,8,62,237,246,310,369,94,343,229,109,428,225,435,12
343,368,39,19,236,40,162,8,244,266,51,346,147,265,284
237,309,120,162,229,227,264,436,219,196,114,70,144,111,94
139,134,151,72,310,94,109,1,89,43,437,107,8,335,68
341,169,166,1,162,218,282,9,244,191,202,398,110,66,313
8,19,107,309,167,117,224,237,106,243,274,275,104,57,101
246,396,57,228,147,236,346,229,17,316,16,360,277,1,167
9,437,284,295,151,387,423,343,202,11,8,229,94,226,139
226,253,161,423,335,144,40,305,193,358,407,140,400,68,272
202,8,196,428,400,17,264,360,312,9,113,62,108,405,107
9,229,7,368,111,332,272,147,334,279,407,16,62,161,341
413,405,108,190,94,377,343,111,437,16,8,319,283,431,237
144,226,383,94,27,43,166,227,111,437,155,140,236,57,66
437,332,228,316,416,162,264,272,16,39,229,66,8,121,111
104,343,162,237,201,437,251,133,284,14,94,432,151,431,226
228,8,203,407,50,336,343,319,17,244,204,237,221,272,398
75,272,343,94,364,8,389,377,335,111,133,265,73,34,237
238,377,282,1,161,17,79,300,94,3,35,148,346,360,162
343,161,162,118,238,247,70,106,333,405,109,38,7,16,111
66,272,188,273,309,152,161,308,120,391,237,343,33,8,373
229,246,104,224,226,211,138,208,283,133,238,299,124,86,39
426,407,428,92,94,373,56,43,417,364,243,272,228,162,346
319,104,272,127,346,202,264,109,17,1,201,43,213,8,365
178,266,305,66,219,437,3,162,107,313,405,133,228,387,272
123,346,267,196,377,323,213,264,365,368,402,207,244,227,235
62,167,335,282,377,147,224,164,364,11,338,196,8,161,372
343,297,374,236,1,213,238,94,282,86,244,271,398,316,162
9,305,43,108,162,94,109,168,236,57,377,398,1,346,17
343,137,1,8,162,39,266,196,93,238,94,348,262,404,151
358,383,9,343,8,228,359,78,94,364,246,163,196,95,84
111,40,139,316,86,43,133,398,335,368,204,298,353,228,31
298,343,432,318,8,238,56,358,39,11,437,60,17,246,162
341,343,120,94,17,361,192,338,147,176,437,167,8,368,326
369,133,323,111,346,282,219,68,147,437,213,39,404,227,27
364,59,405,108,341,238,120,62,324,244,229,66,224,228,134
3,265,244,111,267,8,377,305,343,196,98,266,83,109,52
32,1,437,412,267,384,86,343,108,377,8,236,298,404,196
229,9,294,377,108,172,343,204,237,360,17,43,246,265,136
62,309,282,265,167,9,264,246,424,8,31,421,420,11,305
9,133,43,343,364,437,405,308,238,103,213,228,401,12,430
113,346,431,319,227,147,364,8,236,151,377,9,94,399,107
236,264,246,405,282,9,169,309,398,49,341,94,305,89,196
226,9,161,108,332,167,204,364,358,157,162,346,238,43,196
162,58,372,63,11,264,428,237,377,133,204,398,225,313,236
228,346,94,333,213,192,264,266,308,332,151,323,144,413,246
169,265,62,213,264,8,316,377,204,411,319,162,183,94,343
