407,319,377,358,404,283,117,194,94,147,198,360,343,131,297,405,309,264,83,17,282,8
217,111,299,243,237,389,82,343,108,272,346,404,360,335,39,358,283,226,107,228,120,17
66,228,144,319,108,265,120,151,437,360,343,305,404,259,335,272,358,107,377,71,94,264
264,86,343,112,265,282,133,56,272,66,377,226,94,313,183,398,162,360,219,9,284,266
244,94,180,196,111,264,377,213,1,162,407,341,437,202,228,8,308,104,237,385,266,405
238,62,264,147,162,54,282,228,343,205,57,229,317,313,151,284,388,368,431,266,19,407
274,237,297,253,94,204,163,236,161,282,267,8,264,228,432,113,176,66,150,412,51,229
305,327,405,16,237,117,364,66,398,57,346,282,113,228,94,335,224,136,111,229,2,25
335,372,404,398,94,237,157,265,8,139,185,161,167,309,162,66,359,108,133,361,271,236
94,204,436,229,332,213,237,161,264,415,335,437,434,224,147,265,255,360,84,51,169,8
66,133,246,94,8,298,228,57,265,377,360,343,113,120,213,108,97,313,167,255,293,229
436,47,238,133,289,264,246,313,8,17,368,265,351,126,237,3,229,141,57,284,432,11
66,346,358,43,256,62,228,272,404,34,120,309,305,147,298,244,9,207,5,94,213,8
11,8,94,191,16,228,17,227,104,196,313,405,161,224,368,3,123,346,335,46,343,265
398,213,58,384,264,360,8,113,370,167,162,169,224,40,234,180,246,283,238,9,364,2
89,56,302,9,437,171,151,368,178,284,263,407,394,262,169,316,219,299,358,16,332,196
113,343,94,162,8,338,319,196,246,253,340,38,407,229,283,284,244,169,56,228,86,151
264,392,8,437,196,257,364,224,151,86,244,383,56,377,304,368,346,213,348,360,371,236
264,282,39,229,58,297,309,343,172,319,262,238,40,228,113,353,147,17,62,346,115,284
139,246,264,308,104,146,48,162,433,272,229,56,94,228,238,309,192,17,3,401,167,75
94,404,335,8,168,405,393,396,282,323,162,390,151,40,1,316,297,76,39,398,423,9
364,40,169,229,398,305,56,66,133,226,196,319,1,33,8,428,335,177,368,437,264,137
31,319,195,62,219,398,354,228,104,346,316,8,17,94,167,334,142,56,360,265,251,196
31,111,113,56,360,264,335,94,179,169,266,265,308,108,16,298,398,236,213,309,147,404
264,169,28,107,246,196,238,377,8,284,288,343,201,76,94,62,138,435,265,244,437,398
56,43,104,12,238,324,62,218,273,227,333,94,283,8,354,11,147,108,364,228,162,109
8,272,366,298,250,16,151,56,229,432,113,109,11,94,342,284,87,85,213,72,319,169
272,25,437,162,431,228,227,120,427,108,404,343,1,133,203,35,316,8,204,202,223,266
3,323,376,151,405,243,40,437,398,246,335,202,430,332,371,8,73,264,250,272,191,176
9,43,236,133,437,169,309,338,404,62,94,144,323,250,213,237,167,400,361,246,416,66
185,80,83,139,305,437,283,214,316,108,133,323,284,213,343,236,264,398,246,144,289,422
113,1,343,9,358,56,377,298,17,4,240,264,266,438,244,8,360,86,229,224,280,169
228,305,188,411,229,343,264,151,56,430,377,335,236,163,213,307,94,282,204,238,9,139
43,237,40,213,241,343,243,335,398,31,162,108,284,8,376,323,437,405,94,224,364,39
437,86,104,229,224,405,264,368,111,113,172,161,94,162,70,398,98,343,62,226,9,319
364,66,343,407,115,319,418,229,282,264,385,111,237,109,377,8,335,161,20,3,86,94
308,162,298,196,108,219,131,236,107,305,233,62,335,228,220,241,280,437,89,224,11,360
398,147,377,1,167,282,306,211,11,8,94,437,196,364,13,343,168,89,297,204,229,226
139,17,346,1,120,202,313,146,109,167,329,243,316,437,43,236,162,407,196,29,264,298
1,364,260,224,9,246,16,405,168,43,17,237,358,22,94,172,343,162,213,47,72,107
57,229,284,162,16,364,332,66,272,29,226,56,433,40,304,343,129,224,202,371,86,43
424,330,8,219,196,118,88,200,191,265,283,266,411,238,229,272,83,23,113,204,62,236
40,229,377,227,237,8,1,9,264,398,223,116,94,253,431,282,236,168,224,368,407,198
17,405,151,203,343,148,204,364,98,94,437,266,313,9,62,309,0,194,219,86,255,265
2,142,104,211,236,9,66,204,266,4,162,405,316,85,39,144,8,404,346,1,343,361
236,375,94,3,398,386,335,111,50,162,404,57,265,228,219,48,266,56,286,227,102,343
346,313,368,227,437,104,211,271,107,309,94,244,224,162,238,144,229,54,282,202,428,193
343,94,313,8,43,309,14,168,317,235,346,167,352,282,169,202,144,393,284,161,348,52
368,8,343,246,229,360,332,68,392,364,104,39,398,272,228,162,212,131,204,243,428,109
176,71,94,11,405,196,237,17,246,266,8,204,319,238,401,368,360,164,167,437,43,224
284,45,57,167,176,226,52,272,8,93,224,343,120,407,264,229,377,104,139,364,156,94
20,8,228,162,238,78,282,107,244,265,109,377,284,39,335,384,287,404,386,167,340,229
229,404,339,1,94,319,16,65,388,228,107,246,332,349,264,238,234,210,108,17,437,57
282,283,323,84,346,305,246,94,228,319,192,368,272,229,364,308,407,390,358,243,264,43
47,213,57,308,237,249,109,29,94,368,381,372,257,120,8,332,227,204,16,343,174,319
8,167,395,94,246,360,237,228,229,400,61,332,204,140,405,305,9,151,308,162,210,346
340,43,57,84,111,354,151,133,264,229,297,8,86,437,316,120,172,219,346,228,108,107
264,240,38,94,167,437,309,111,62,132,34,70,135,436,247,8,343,434,404,107,1,283
213,282,97,111,241,265,236,227,94,264,229,9,364,354,164,68,193,224,134,308,39,144
360,332,284,407,162,219,8,111,227,423,299,335,191,120,104,257,94,57,283,109,43,237
11,332,266,113,62,246,108,147,8,312,264,223,219,437,335,298,120,107,276,228,0,229
284,285,3,358,437,244,184,147,374,237,388,148,81,162,206,228,343,10,366,346,265,17
114,314,41,120,282,264,290,204,335,226,398,229,238,133,323,265,40,368,254,343,305,2
120,325,439,405,243,366,147,237,335,372,229,266,238,264,167,196,225,111,425,202,8,204
332,9,343,415,162,229,222,111,133,360,109,168,39,120,204,33,247,335,265,431,316,277
151,8,277,266,437,109,316,431,204,196,57,284,94,324,209,139,66,283,226,75,26,309
213,368,304,346,282,229,335,196,40,237,3,298,244,269,427,167,407,224,8,21,398,404
133,227,358,405,169,57,237,59,377,202,162,204,360,226,305,102,224,43,182,372,137,61
309,17,346,336,272,343,139,12,237,151,339,262,168,162,8,404,255,66,319,332,120,397
144,238,135,246,294,364,236,358,139,256,46,377,429,404,284,343,229,308,380,111,17,155
39,120,404,131,8,305,343,264,360,341,104,335,437,111,284,408,288,309,228,62,393,282
304,238,17,161,56,316,430,266,319,364,346,252,300,283,236,228,144,232,8,62,309,11
404,229,66,266,272,246,437,398,57,84,213,120,219,94,135,361,243,228,107,162,332,190
162,228,138,97,265,283,272,346,227,309,196,94,104,437,274,66,332,238,16,8,335,264
229,8,139,305,297,423,113,171,204,405,282,40,338,158,41,224,246,311,107,316,109,215
12,379,96,56,238,3,8,405,226,346,162,319,88,343,111,120,305,407,360,264,192,237
8,282,94,297,3,264,81,17,147,237,303,343,40,1,139,265,337,162,228,246,437,428
75,113,272,407,229,264,343,428,358,94,398,246,16,310,151,237,104,437,109,194,249,107
8,411,224,400,37,335,343,274,1,246,34,120,264,428,433,266,11,398,244,167,307,116
405,238,283,169,213,224,305,316,20,244,437,209,107,279,1,196,43,432,147,56,82,272
358,267,237,323,169,192,224,316,163,228,263,43,2,202,66,360,407,272,62,416,39,281
8,202,120,228,219,111,398,9,282,110,323,43,246,431,345,169,266,144,407,139,343,104
8,1,169,359,282,398,133,249,188,151,343,107,237,405,335,31,366,202,236,43,109,102
346,309,284,17,437,316,297,147,133,236,109,428,266,40,246,160,85,228,383,323,187,121
346,343,437,321,68,204,264,213,120,8,246,108,368,94,9,244,226,364,39,42,140,282
162,246,39,136,56,219,404,164,437,69,9,229,261,94,139,161,10,358,346,43,141,144
192,149,110,8,343,196,432,146,369,428,80,86,431,133,145,264,398,266,62,94,235,335
108,228,227,346,377,3,243,133,151,8,103,297,343,111,162,167,364,264,238,386,316,282
227,94,368,431,8,19,11,124,272,62,43,109,224,49,167,333,341,169,238,243,264,96
40,94,358,165,178,16,341,162,111,246,280,377,237,169,360,244,224,72,17,66,254,139
313,282,297,201,228,360,364,104,172,8,343,431,71,78,377,213,283,10,94,252,151,264
58,364,301,313,8,131,252,228,282,104,266,165,246,237,94,265,272,431,236,111,332,162
290,437,113,17,349,144,193,9,303,108,133,343,313,262,160,8,82,213,433,204,272,1
56,408,228,405,213,316,427,377,243,229,305,394,9,368,12,66,43,196,151,168,365,111
360,264,196,368,183,94,243,66,9,417,126,308,8,42,56,268,11,162,346,202,332,220
126,87,346,162,398,437,136,48,167,364,432,77,8,97,360,370,139,343,17,264,229,33
34,405,133,75,228,224,267,108,404,237,407,316,162,368,57,94,282,196,207,417,437,107
227,229,282,213,8,196,94,335,66,398,438,25,351,133,345,341,9,108,120,226,62,264
224,248,343,120,259,360,206,228,113,341,3,377,1,204,346,109,235,265,305,172,309,48
108,213,229,439,84,10,343,246,19,161,178,364,298,111,109,11,377,308,120,219,39,264
108,39,40,224,86,316,308,8,162,151,348,264,298,398,343,161,9,111,202,229,368,43
102,431,8,279,364,360,151,309,162,228,52,191,392,204,224,146,246,237,377,324,94,19
271,202,38,219,181,104,76,229,404,94,196,388,364,398,162,11,57,407,290,214,308,246
56,8,424,111,209,430,328,134,377,76,202,346,96,404,246,17,380,298,394,416,196,335
266,9,8,257,264,398,224,228,162,368,283,84,167,329,377,404,151,347,94,139,405,86
229,428,213,413,162,109,368,284,215,68,59,341,398,309,433,224,228,147,226,39,62,319
147,407,196,308,101,358,56,309,437,298,88,86,264,334,220,167,398,1,335,198,282,110
401,94,9,8,298,19,238,266,265,56,139,243,335,398,164,332,3,204,66,151,43,224
169,343,168,372,162,43,200,219,83,190,243,11,71,264,229,265,437,111,58,167,377,266
228,8,237,17,57,288,162,358,344,133,40,309,108,109,316,437,94,364,331,104,428,196
130,265,346,246,56,94,17,243,39,16,178,57,228,204,111,61,165,86,323,169,224,8
404,213,207,224,289,228,162,199,264,284,66,295,94,343,15,377,265,194,75,297,272,104
108,428,402,43,1,244,300,213,424,151,66,8,341,343,405,204,65,264,319,284,94,16
1,94,144,343,335,374,58,404,309,264,282,162,157,431,229,196,368,17,104,417,39,266
118,224,168,272,228,407,109,311,75,120,264,162,346,432,17,169,246,308,9,229,94,243
226,272,159,213,229,133,8,346,438,266,16,39,335,109,373,368,282,162,349,377,228,146
43,228,288,236,38,272,375,120,404,246,364,224,227,0,192,439,9,273,398,283,45,368
50,111,169,366,264,363,162,8,282,377,309,133,437,298,236,43,11,17,202,237,204,407
181,346,392,162,237,437,335,8,361,3,57,16,166,413,272,31,213,139,431,167,227,172
305,17,228,347,4,282,265,42,226,139,43,108,246,272,224,104,126,416,343,1,204,244
8,264,62,133,151,335,228,227,313,405,86,219,364,265,212,309,2,272,244,94,269,358
40,151,16,229,17,282,264,358,209,4,94,107,167,224,432,43,213,8,339,236,332,437
309,219,113,343,197,335,305,264,120,196,362,319,17,371,229,101,56,107,283,365,437,420
120,358,56,316,387,264,111,213,405,13,162,220,335,360,1,193,151,246,237,221,368,398
435,127,236,8,3,56,55,237,224,157,335,101,162,144,16,346,343,213,264,109,66,12
313,60,227,181,428,62,346,224,161,300,167,178,56,320,1,107,404,214,236,228,219,8
8,325,9,162,360,224,264,237,139,51,168,107,309,252,104,238,94,183,284,227,65,11
168,368,57,196,237,204,407,144,360,289,364,202,1,229,167,86,285,93,56,169,11,111
237,53,266,86,244,8,207,151,332,196,78,111,272,40,252,343,1,364,228,229,227,57
19,398,4,236,224,95,196,39,94,284,245,111,8,373,151,341,265,368,379,437,287,217
17,113,1,95,94,324,133,272,335,431,131,368,11,108,364,437,362,246,227,238,8,83
309,343,184,305,58,224,144,237,33,107,346,62,246,219,430,108,8,404,358,133,234,403
340,437,144,343,264,282,56,246,120,265,23,309,240,76,104,226,431,237,132,316,272,94
17,94,343,8,202,9,218,192,304,237,264,280,199,407,354,158,238,207,437,267,377,283
358,236,430,113,9,172,229,8,316,13,308,147,364,238,341,16,202,224,98,66,111,237
84,428,298,284,240,433,11,117,86,424,196,437,3,229,8,0,9,272,332,282,57,227
56,238,244,343,358,17,405,246,229,11,196,430,282,243,169,202,3,271,368,407,224,297
113,224,264,162,244,206,377,23,257,187,1,265,147,222,282,56,343,120,8,100,109,115
48,236,431,139,243,94,43,17,312,179,437,1,369,8,360,113,343,282,264,377,242,400
227,94,243,332,151,325,368,235,237,3,154,187,341,226,39,404,8,136,229,346,58,1
161,169,340,373,298,335,264,194,89,107,111,130,309,40,110,108,364,16,431,163,28,305
8,76,37,29,17,316,236,228,246,437,16,266,133,273,405,199,364,108,213,404,284,202
62,19,3,147,352,8,40,94,144,328,282,228,16,405,407,162,272,226,204,238,229,406
264,298,309,94,161,346,324,343,252,84,162,38,9,8,156,3,435,238,412,47,21,173
343,17,188,264,386,25,358,66,301,40,94,431,236,167,398,335,278,138,364,233,39,120
437,404,428,323,341,237,264,309,339,280,319,43,352,96,238,431,282,16,40,111,350,295
101,437,237,2,243,94,264,227,319,213,113,337,364,370,309,8,255,39,284,56,17,346
9,108,297,437,309,246,368,151,162,364,86,236,8,94,226,302,16,168,43,228,266,154
70,62,108,282,237,9,96,147,120,313,202,40,56,323,222,369,8,17,111,12,228,407
264,182,391,305,8,332,162,84,19,57,269,204,9,272,43,407,415,309,104,368,48,224
424,437,215,298,337,266,226,257,19,229,282,346,384,410,271,37,259,151,359,109,213,316
305,167,377,398,236,219,111,272,9,284,405,196,404,316,222,437,94,66,162,108,79,346
8,335,111,404,308,211,438,398,243,61,162,297,437,319,236,272,228,139,246,113,368,104
335,319,398,167,120,16,8,153,405,404,305,377,1,428,229,104,93,94,57,197,272,15
229,139,264,404,161,228,162,94,244,11,246,196,298,272,8,104,110,204,402,151,283,39
158,437,94,196,309,58,237,224,235,346,172,118,56,219,1,259,168,364,229,89,169,374
43,17,412,80,364,162,8,244,84,437,147,236,265,9,131,360,1,436,368,229,237,335
364,94,246,97,9,196,227,324,106,162,40,380,8,225,243,332,229,34,346,204,338,437
264,51,311,303,388,273,366,204,305,17,346,308,1,309,340,298,237,348,8,377,428,431
293,21,335,120,108,313,17,346,204,111,162,169,272,8,224,103,167,23,42,133,196,246
204,346,8,377,229,343,368,94,133,256,168,31,109,238,84,1,383,316,266,167,212,349
265,229,237,396,228,272,8,246,309,368,387,364,109,94,111,17,303,120,107,334,226,437
196,328,358,412,431,282,405,257,85,40,343,237,266,39,313,305,52,298,316,9,265,90
226,16,43,63,229,264,224,204,66,241,236,45,27,283,346,431,1,213,284,52,437,335
106,343,8,75,104,368,318,246,108,62,302,383,264,272,144,168,244,425,229,245,17,102
204,265,343,237,123,404,305,20,8,17,111,151,9,346,110,389,39,335,94,319,236,152
243,62,74,94,360,250,226,431,109,282,117,11,227,213,298,437,309,264,66,283,104,238
109,228,17,400,298,202,9,66,264,230,196,213,39,229,398,43,86,98,335,35,405,115
169,343,3,88,323,154,377,231,109,298,264,111,357,428,104,94,305,265,9,113,335,76
226,264,436,16,236,9,167,17,66,368,94,148,313,213,346,25,364,104,272,8,266,437
219,290,284,94,246,309,364,264,282,229,228,319,254,404,168,358,384,213,86,111,19,437
94,228,346,422,111,224,16,437,8,167,3,129,368,264,246,68,196,86,438,229,52,109
346,39,9,204,0,384,364,334,94,299,316,319,335,429,282,398,264,17,196,35,243,11
143,343,94,233,398,345,353,241,182,226,202,435,407,332,120,264,269,437,360,405,162,282
264,66,313,162,272,229,169,107,24,404,196,104,228,428,70,133,295,69,343,284,120,236
190,8,226,9,104,43,95,3,308,224,405,169,32,434,253,213,264,41,313,219,358,436
8,104,227,282,202,272,407,398,250,437,113,94,213,436,11,168,392,404,358,3,176,33
11,437,62,243,394,170,10,226,284,427,156,229,343,162,411,224,8,319,120,133,148,103
161,368,346,43,157,323,328,85,196,99,94,108,58,293,144,168,360,243,11,133,162,264
236,115,229,364,354,248,368,111,109,11,62,161,266,113,313,264,265,207,405,228,91,237
398,282,108,133,246,238,255,2,335,407,193,17,28,264,384,66,266,120,62,87,88,404
270,80,265,345,204,348,62,246,332,151,298,272,335,86,364,377,429,437,69,113,358,346
264,81,387,120,437,282,74,7,377,183,316,346,115,265,109,66,16,404,219,236,246,9
8,111,104,227,316,368,264,5,213,437,308,9,297,384,346,43,282,196,162,224,333,236
185,308,19,147,246,264,17,165,120,202,151,243,237,229,183,283,169,343,13,372,398,115
9,162,364,403,218,228,209,224,40,264,229,39,4,246,283,343,43,395,237,94,272,341
438,237,402,204,377,229,437,264,346,364,94,169,29,266,368,8,321,135,433,45,268,163
253,343,147,94,89,213,237,377,161,398,40,139,246,236,229,8,266,298,380,113,369,56
272,11,94,34,162,368,16,305,414,9,52,343,289,267,309,229,196,224,151,287,264,428
240,264,95,335,437,332,357,1,56,86,181,147,62,133,283,416,343,398,8,111,169,405
224,229,136,62,433,11,272,227,264,88,368,94,219,346,405,104,313,316,39,391,137,332
343,9,115,282,7,8,246,228,108,107,346,313,360,319,168,94,134,215,437,219,264,229
381,162,297,229,390,377,44,335,266,273,11,117,272,8,86,227,308,353,368,109,202,226
298,264,57,73,244,8,213,43,224,16,284,107,94,3,62,168,66,98,332,226,133,144
364,407,15,283,405,227,213,228,8,18,108,139,39,167,346,112,309,431,332,343,385,243
386,214,169,284,377,57,365,146,58,282,94,398,283,246,346,236,410,141,264,368,272,228
162,224,297,407,227,343,422,62,238,370,272,252,291,135,319,165,428,373,437,8,386,298
142,316,343,204,8,229,368,120,248,308,109,3,151,28,66,364,9,407,409,377,298,94
56,162,111,343,436,43,377,255,225,151,135,17,86,155,305,309,109,11,161,244,127,4
300,204,316,11,8,16,94,62,266,398,431,343,186,298,241,264,246,377,309,323,52,147
404,57,236,133,94,343,437,121,100,102,368,9,297,361,335,349,162,8,377,171,264,405
309,264,94,108,45,224,16,319,428,229,28,305,187,360,343,346,104,102,133,398,162,388
343,284,162,56,204,398,309,243,202,219,94,238,229,111,39,144,270,369,360,431,405,59
57,9,322,229,403,16,213,237,267,52,343,264,437,323,431,332,111,106,94,39,346,162
9,43,428,112,8,377,58,188,386,196,139,332,229,405,403,34,400,161,282,266,343,226
246,57,94,306,224,407,61,162,213,283,129,359,360,43,264,229,109,342,56,284,227,243
264,35,377,343,272,191,183,162,224,94,282,229,17,77,104,220,84,319,57,219,167,405
246,43,20,244,424,323,391,196,403,364,264,155,214,228,377,235,167,431,335,298,161,19
102,437,384,360,237,162,236,427,338,229,62,113,346,228,335,289,309,139,16,405,248,43
157,229,79,99,309,17,95,308,2,383,224,118,56,11,108,94,297,335,405,168,133,8
364,167,305,204,283,16,11,168,94,361,405,236,369,272,40,343,207,8,26,147,224,398
1,238,93,372,226,323,309,336,320,8,348,30,411,158,204,335,62,405,169,108,255,39
428,343,335,323,229,151,3,109,55,377,1,264,43,270,111,388,153,202,57,17,213,84
57,264,284,220,58,229,404,4,422,113,282,11,407,162,392,8,319,132,283,202,116,151
76,213,295,144,168,282,346,343,202,121,62,43,204,360,403,162,57,264,229,358,248,99
9,385,437,61,282,162,224,111,117,226,8,266,109,405,236,204,377,139,94,166,77,1
365,313,319,437,38,358,229,404,196,1,17,8,316,436,347,104,3,282,323,387,246,121
358,404,116,392,234,431,141,265,228,352,340,368,256,147,15,55,8,213,282,343,94,323
273,350,43,202,404,94,368,436,16,283,316,8,364,1,289,264,213,398,265,304,108,346
194,224,94,407,372,8,404,39,42,437,264,237,73,9,337,238,405,104,309,335,168,266
100,335,343,237,162,407,289,364,303,202,54,94,437,84,6,57,161,52,122,151,284,17
120,265,299,144,255,229,177,228,9,343,272,358,224,237,66,366,264,363,162,169,332,256
297,72,237,111,118,343,360,246,228,431,167,430,384,94,266,437,257,109,62,39,368,8
364,255,404,113,411,9,368,196,168,104,167,108,56,226,265,316,144,266,229,407,8,107
9,298,94,437,88,265,332,229,335,219,370,313,391,309,11,3,144,244,282,108,397,246
335,437,62,264,343,238,94,295,213,113,111,196,144,19,316,168,147,323,8,426,260,70
415,202,343,168,147,74,50,272,111,94,226,405,308,398,264,238,169,149,120,224,368,236
364,17,219,11,111,323,437,72,8,265,138,217,264,83,136,346,337,243,368,236,316,398
343,66,94,407,133,9,60,277,435,147,332,398,39,111,341,151,309,204,229,313,236,275
229,228,11,233,264,2,404,431,141,308,94,246,112,24,86,186,394,407,204,282,332,437
298,31,162,196,368,364,120,266,202,264,151,238,308,386,237,213,369,407,398,172,316,169
108,111,42,94,145,337,109,398,347,228,113,333,282,229,278,57,70,319,429,167,75,358
10,398,9,368,431,228,196,43,237,437,62,226,335,305,8,246,238,162,227,202,12,256
343,66,151,169,104,224,313,364,162,360,120,272,219,238,237,94,1,213,246,176,369,111
244,88,264,272,226,290,8,202,368,250,151,196,169,364,156,17,274,299,109,204,283,266
237,62,382,72,213,396,228,8,309,226,192,405,437,238,407,58,229,298,274,346,360,54
3,236,168,364,224,436,151,108,196,398,99,162,62,49,238,437,395,302,343,404,113,71
107,362,275,264,9,113,152,335,68,345,368,364,213,365,437,202,194,45,109,360,404,265
170,8,66,220,62,341,147,305,3,272,297,377,360,309,236,65,84,94,337,335,313,238
343,45,43,418,377,246,196,74,265,17,229,89,407,120,8,405,94,238,272,309,226,11
94,9,404,380,117,17,360,316,62,246,358,238,128,83,265,398,214,210,368,39,266,139
130,383,162,437,39,426,104,107,356,8,313,43,335,238,264,343,300,151,228,174,244,94
120,366,368,167,438,343,212,9,43,237,264,113,62,244,272,81,246,202,398,407,8,308
162,344,151,132,264,94,437,196,233,247,103,319,213,364,243,286,109,147,392,224,377,293
343,224,308,368,50,95,407,169,393,66,332,140,128,283,196,7,404,120,398,3,111,160
104,291,368,162,45,298,87,236,323,129,94,437,155,174,1,244,377,335,120,282,264,272
343,43,94,384,66,309,40,1,437,169,62,228,404,111,227,224,289,147,118,360,345,236
94,359,365,208,405,162,88,238,167,401,224,8,298,17,348,420,4,133,437,63,343,284
139,40,398,16,377,305,32,431,94,8,244,265,343,43,133,256,204,264,274,57,202,229
66,43,162,313,369,8,120,348,437,264,16,428,224,236,229,86,343,288,108,257,207,202
405,109,398,343,335,94,156,289,204,216,142,17,226,50,107,396,188,228,8,120,420,282
246,236,229,264,115,377,323,120,407,231,317,393,334,360,227,416,161,404,57,224,192,144
8,298,398,21,43,224,264,57,151,222,282,16,147,58,343,144,229,113,66,335,17,368
238,377,169,237,332,93,94,21,151,343,297,43,111,264,1,172,160,319,143,11,335,133
264,383,231,385,352,308,133,243,238,161,343,169,66,246,437,1,424,88,8,196,405,43
438,8,108,149,368,11,162,386,227,236,101,246,398,255,113,169,237,133,346,343,305,184
219,94,278,437,58,43,366,237,332,113,9,226,31,104,264,213,266,343,282,287,117,107
8,144,266,343,398,374,228,358,237,229,227,438,437,282,71,94,243,264,235,316,332,9
238,9,169,358,162,141,104,324,343,308,133,244,263,202,368,266,346,3,229,335,284,228
377,9,86,228,147,11,437,94,238,424,246,309,161,66,171,89,177,68,144,330,169,265
94,283,108,431,384,9,201,335,66,246,46,425,43,86,240,144,17,334,1,416,343,437
227,247,40,348,308,428,328,405,9,265,139,264,94,8,27,56,11,312,116,284,213,346
62,229,266,241,162,14,334,282,8,344,383,284,109,168,1,66,94,196,280,107,9,59
264,120,43,64,246,168,219,338,335,94,32,228,17,244,298,323,201,86,84,297,282,202
358,4,282,324,236,264,1,237,84,162,161,30,224,398,343,308,332,238,18,8,233,229
45,245,8,176,42,346,266,227,333,233,270,107,111,133,54,128,343,94,66,405,134,348
94,109,84,236,318,428,243,195,332,335,162,1,8,40,86,10,343,11,283,237,250,246
94,147,255,226,133,139,43,305,433,377,237,125,346,398,327,113,407,319,162,120,169,8
11,167,265,308,181,8,229,17,357,108,228,405,204,66,343,163,107,309,144,381,86,398
25,368,266,94,151,9,8,265,283,228,81,346,17,437,57,243,183,196,11,264,41,16
109,9,162,343,309,387,360,389,398,207,147,255,307,282,219,272,149,211,313,350,244,50
246,196,161,148,8,178,410,237,133,329,343,228,66,107,368,297,298,428,199,308,219,285
94,23,224,264,167,8,364,120,57,226,332,430,246,17,319,9,323,204,266,237,132,277
213,9,86,150,62,28,424,196,107,236,202,1,341,264,398,66,377,104,219,246,309,151
264,107,407,405,313,79,8,358,360,94,265,288,84,133,228,381,104,78,229,343,50,120
335,343,55,431,236,228,226,266,9,413,264,151,196,293,394,227,167,58,150,133,238,219
228,404,9,1,360,196,44,94,111,237,161,43,202,295,264,71,238,432,109,296,377,226
162,48,69,219,343,94,11,8,229,305,17,62,228,9,66,139,64,264,113,78,144,312
8,377,159,283,94,33,108,398,428,405,305,102,84,150,272,343,162,10,308,298,213,16
86,264,9,94,8,162,428,282,364,338,238,133,346,285,224,147,17,108,66,316,57,124
8,298,11,404,266,162,230,202,6,272,43,323,273,226,56,316,405,181,284,343,333,147
265,343,327,282,39,107,8,264,407,9,309,57,323,79,161,43,226,62,17,40,250,237
252,16,364,94,1,155,162,265,57,319,404,111,228,17,226,427,297,256,369,12,343,231
237,360,264,3,228,94,437,151,207,238,405,398,319,180,139,376,16,346,117,231,243,377
206,17,9,404,437,188,27,243,120,228,229,66,94,168,374,108,40,162,56,244,1,313
8,377,437,289,408,343,438,94,368,246,220,243,213,398,422,228,372,9,229,169,40,120
167,337,94,227,298,9,151,309,57,16,20,229,8,2,264,228,52,299,108,391,83,56
229,377,90,120,1,151,237,316,376,357,167,14,172,435,9,285,265,341,57,125,31,213
57,43,343,86,346,147,264,431,219,8,88,227,94,360,309,56,404,246,305,437,161,17
42,204,312,358,139,94,25,119,297,335,368,144,169,275,299,437,8,9,66,346,152,17
169,266,17,219,8,280,343,229,437,323,265,34,398,405,226,308,282,162,227,283,237,9
309,360,431,143,353,224,358,121,109,147,86,169,196,136,134,377,8,141,108,62,343,264
116,290,238,144,431,237,297,256,8,43,229,107,128,265,404,133,377,94,323,394,360,283
405,7,253,264,437,109,151,16,236,233,368,147,257,8,335,225,250,162,67,208,213,111
323,432,1,243,162,66,346,332,272,168,264,343,246,236,348,17,16,165,133,405,297,298
237,246,228,351,162,94,274,179,332,187,309,346,151,282,56,429,224,335,243,394,168,252
133,266,38,358,19,349,147,437,94,335,78,162,226,227,108,377,202,272,407,196,264,103
177,135,262,228,401,151,316,246,305,244,17,104,297,364,219,238,346,120,279,193,319,332
343,162,149,264,56,1,118,368,103,168,420,120,394,17,229,398,272,407,346,238,404,204
414,264,309,9,364,249,343,308,8,335,305,198,213,265,431,346,16,94,104,155,316,284
31,148,368,407,57,62,120,343,66,271,316,94,40,238,284,264,1,428,263,267,147,360
94,151,196,358,162,343,208,133,264,238,398,404,161,243,319,266,308,439,57,202,120,145
287,139,1,318,168,219,437,272,95,265,229,439,3,227,343,246,9,284,224,186,319,228
360,212,213,318,224,437,227,368,263,246,120,17,31,138,406,60,109,144,238,402,94,343
264,43,48,319,204,120,162,130,104,227,368,313,220,11,246,144,366,437,309,94,1,219
30,246,168,328,107,43,157,39,62,162,17,360,377,324,86,111,398,346,120,11,407,264
229,313,224,9,335,161,244,11,113,120,94,343,360,381,388,243,8,16,34,226,157,202
213,86,398,266,37,226,377,343,384,264,229,3,56,272,120,228,265,178,62,437,40,151
228,130,404,236,144,9,264,346,319,411,433,56,86,237,75,196,343,289,313,57,229,12
228,202,120,298,246,8,183,346,282,56,24,292,94,266,364,168,57,229,201,330,107,377
338,265,5,198,238,8,270,168,57,94,120,407,151,121,368,162,246,398,17,282,364,109
358,94,144,8,415,194,107,229,246,254,266,407,283,323,238,392,215,139,239,237,282,377
57,169,148,210,228,240,319,109,264,196,56,94,229,309,17,437,1,238,368,108,298,343
66,429,108,222,404,160,428,200,226,238,407,227,57,437,304,266,224,3,104,332,83,43
335,40,17,162,110,368,324,428,9,120,360,309,264,8,141,395,94,343,369,316,1,431
151,8,243,162,196,265,238,343,272,236,266,17,297,213,264,335,308,169,84,364,284,237
431,11,388,428,387,229,437,282,94,83,343,358,56,59,178,283,308,214,43,298,8,106
416,88,307,227,229,364,94,309,323,360,224,237,201,104,213,358,332,282,11,343,346,66
17,1,246,112,265,237,335,354,73,346,313,358,8,334,236,9,43,133,196,151,428,437
228,229,319,48,32,332,202,59,9,360,252,236,272,90,368,43,404,203,133,358,227,79
111,246,228,8,308,291,235,424,237,56,333,229,62,196,43,86,323,167,282,98,364,39
433,120,262,87,13,147,39,109,131,437,408,290,8,224,107,264,86,108,159,206,168,17
17,107,120,58,364,8,94,163,272,229,343,431,433,162,244,350,190,401,428,11,284,111
86,161,167,147,139,111,94,428,431,196,437,207,213,308,358,168,394,335,162,227,229,264
9,213,343,168,432,185,56,297,282,345,51,360,43,346,89,236,237,227,437,19,21,411
17,45,264,284,238,349,437,139,368,94,111,358,282,11,229,8,39,9,237,131,228,62
434,224,343,237,16,162,133,246,12,113,243,147,284,202,316,9,61,1,282,108,149,335
120,246,346,39,264,437,305,44,186,144,394,94,256,349,237,8,41,198,364,213,139,243
309,335,169,233,171,213,62,197,360,1,9,66,266,115,246,229,394,269,19,219,398,139
246,120,227,238,366,213,257,244,364,224,151,343,202,431,9,368,111,204,264,237,266,226
107,398,264,147,89,228,17,294,273,379,162,332,8,360,198,94,429,196,167,9,224,318
272,437,111,214,108,237,346,433,405,419,162,8,266,236,120,78,104,219,229,264,40,17
147,264,244,229,284,265,402,204,252,228,323,346,413,213,88,398,360,196,416,407,126,298
364,212,8,377,332,163,102,316,16,343,126,40,224,65,133,229,57,207,292,312,437,213
229,279,55,162,323,271,404,343,111,204,227,94,364,17,43,167,316,144,129,42,196,398
3,437,238,229,246,343,264,334,50,57,8,11,297,265,243,298,71,226,431,368,66,94
407,16,377,320,94,202,298,283,56,246,343,282,335,169,162,264,161,387,272,57,406,62
107,337,8,272,100,404,377,237,109,368,94,43,308,168,297,428,9,226,436,56,246,243
86,343,282,104,284,194,238,264,226,95,298,151,101,392,62,346,243,102,224,9,171,317
398,274,94,55,404,8,168,284,337,228,151,197,343,383,437,237,308,33,226,162,62,370
283,298,428,368,1,187,42,8,86,416,264,266,63,334,107,364,219,111,304,94,212,181
83,237,358,365,319,144,266,246,313,244,335,1,68,39,162,272,253,181,66,431,228,24
360,126,333,244,204,264,228,9,302,286,237,8,107,226,43,229,272,127,398,148,5,11
273,284,219,228,196,282,108,264,368,355,8,162,385,197,265,104,244,111,223,3,253,213
364,316,94,169,189,289,17,89,300,107,72,162,90,358,139,11,228,97,133,173,144,222
9,343,11,204,227,183,368,238,354,364,437,229,377,8,228,86,107,243,161,162,308,237
169,120,226,236,224,202,237,43,83,62,229,377,111,264,238,368,50,16,406,139,162,332
337,264,120,8,341,351,330,405,313,428,228,404,196,219,319,147,224,343,364,162,237,272
398,237,343,120,17,99,2,329,40,163,57,431,360,9,8,283,39,266,229,189,213,103
428,73,219,214,236,392,229,226,437,17,9,237,188,77,109,197,377,3,246,62,305,108
256,405,75,108,335,246,236,437,9,162,66,360,272,39,25,8,282,109,368,211,266,51
422,236,1,161,213,346,147,30,370,52,424,308,405,211,386,343,169,243,196,70,39,309
108,368,404,343,3,227,56,437,43,220,151,39,139,358,238,405,208,309,162,285,104,120
3,194,408,226,133,234,294,238,282,332,431,264,40,219,343,298,228,284,399,409,364,224
1,113,228,8,224,265,237,398,11,144,39,284,406,78,282,264,236,120,94,40,2,368
94,51,282,8,169,404,161,413,12,284,107,227,142,162,159,237,335,153,9,120,310,43
224,56,243,237,8,167,309,368,360,201,405,120,227,39,229,219,111,282,213,226,398,431
94,428,202,9,147,282,272,437,229,169,379,298,351,308,406,19,238,302,209,162,196,161
1,213,305,418,229,169,264,107,219,437,246,196,313,94,200,226,147,351,360,335,40,204
158,8,113,94,224,368,133,252,358,242,108,211,377,213,109,398,151,162,351,111,71,190
202,229,405,66,9,264,144,244,246,94,404,162,267,236,237,84,272,35,309,257,8,104
23,139,398,224,346,169,402,312,264,282,107,213,272,162,297,110,266,323,16,147,313,332
228,40,131,379,437,343,405,308,9,297,17,430,213,62,66,358,364,428,104,224,94,377
152,17,237,428,229,62,107,342,434,321,66,8,358,224,94,147,202,283,246,196,437,168
343,305,159,181,113,1,229,237,16,219,108,428,33,151,270,213,224,344,9,436,62,364
227,162,269,437,43,375,377,316,364,40,58,8,264,237,133,17,430,112,365,151,66,283
162,343,246,226,17,8,428,360,136,11,107,264,158,308,266,433,62,56,183,209,289,236
428,236,108,39,343,338,282,62,226,87,144,104,377,398,228,265,224,139,266,86,246,9
236,151,104,238,8,255,224,66,266,120,346,17,335,428,243,35,185,272,9,162,115,141
335,265,398,437,75,94,226,247,316,332,30,62,29,253,213,439,313,99,343,43,35,57
335,146,291,162,272,404,109,368,3,264,243,322,1,94,233,265,227,398,310,236,202,323
377,343,358,266,86,244,162,108,76,8,332,398,43,272,167,335,151,209,94,341,66,290
108,433,43,309,237,62,229,50,22,204,410,287,308,157,297,226,404,17,238,56,368,437
266,8,193,236,250,431,184,108,94,56,117,238,346,241,275,196,336,264,428,244,162,315
377,8,144,348,108,94,433,316,272,343,275,398,229,145,437,151,298,17,381,16,202,162
284,278,233,3,62,237,390,437,116,343,228,319,104,162,346,335,9,398,368,283,229,168
308,153,228,19,147,8,236,306,319,431,435,202,116,1,118,313,111,199,369,237,151,265
157,437,428,108,224,313,94,30,264,266,406,289,176,309,246,144,404,226,119,106,438,199
377,86,104,62,364,94,264,168,162,343,237,74,16,147,271,84,405,346,11,369,437,66
437,43,343,273,94,264,418,11,133,229,120,201,162,236,16,8,196,180,111,368,168,272
8,297,310,360,237,109,162,48,107,39,427,346,309,319,219,272,431,316,246,332,364,43
356,43,151,196,228,104,229,297,346,133,404,264,54,32,308,8,332,112,84,274,42,299
364,176,196,186,228,111,308,335,400,263,219,238,17,264,437,67,407,229,323,360,135,109
405,143,343,2,282,1,348,169,407,120,246,377,228,89,431,177,236,151,104,66,196,224
25,283,148,161,39,59,224,364,94,316,377,266,226,66,228,343,144,335,120,358,218,147
161,246,313,400,229,8,316,308,266,94,287,335,104,99,343,368,264,386,358,57,86,404
10,364,108,94,194,265,120,246,284,377,305,88,383,185,151,17,264,206,308,227,286,316
282,39,94,157,335,168,147,229,236,31,67,139,266,364,237,11,361,437,224,80,9,297
323,238,202,272,297,94,152,56,285,149,405,71,104,9,224,398,127,111,368,55,169,136
86,244,238,56,224,264,343,3,404,346,332,213,8,136,298,107,139,437,272,162,43,235
213,151,343,8,312,219,229,9,77,374,167,282,346,107,11,428,62,5,264,266,364,94
176,408,237,72,249,369,229,57,227,198,343,94,108,15,297,431,264,368,246,203,43,266
364,124,108,238,380,219,226,264,365,346,297,308,298,229,16,244,309,11,109,38,172,228
147,297,8,111,202,187,266,308,1,323,360,319,272,381,243,162,307,218,151,428,116,431
284,9,228,229,188,181,16,246,94,264,44,56,313,243,62,128,257,437,204,249,282,374
237,62,94,264,308,266,109,110,11,403,111,8,113,104,265,316,151,152,226,202,52,398
305,228,264,282,377,213,308,8,147,309,220,346,265,86,94,162,316,244,17,196,107,360
213,339,94,364,147,169,237,424,437,113,404,257,398,196,365,309,286,1,393,261,287,39
74,226,398,8,202,335,346,407,222,437,282,169,228,120,238,368,283,340,111,108,219,167
21,8,224,204,246,437,272,39,173,319,343,428,41,167,284,139,108,346,404,375,243,407
162,8,246,373,332,108,39,437,366,316,227,308,345,272,407,306,202,428,265,90,237,1
147,7,292,417,246,204,343,17,353,324,228,1,213,40,155,8,104,284,46,229,207,9
343,39,259,120,402,282,94,289,316,335,8,139,88,162,137,237,377,204,13,66,43,31
348,313,373,11,236,196,245,282,368,226,421,243,410,131,162,437,3,66,264,169,68,343
321,428,282,437,167,210,143,66,346,259,62,8,70,76,228,431,197,311,229,319,94,37
229,228,120,147,195,335,264,405,224,237,39,14,238,404,94,157,111,305,104,272,202,284
266,11,386,316,309,297,264,346,360,49,244,228,104,238,162,1,169,52,431,9,229,424
437,109,56,66,94,264,113,224,332,62,120,3,86,11,398,360,259,368,377,433,104,63
364,229,43,236,8,169,426,321,309,368,76,335,196,295,355,437,241,436,151,56,111,346
323,9,20,238,30,21,161,246,362,431,243,244,113,228,266,120,8,282,335,404,265,11
72,273,364,305,246,76,9,43,224,218,162,219,1,319,92,62,66,297,394,236,377,111
104,131,358,387,43,127,3,111,116,291,224,94,167,343,162,264,346,268,65,377,113,309
120,181,84,108,319,17,162,309,94,8,139,63,20,62,394,191,16,161,265,80,86,284
164,8,368,383,385,244,336,43,313,17,243,213,139,12,169,437,346,282,113,39,407,308
28,343,316,210,305,229,66,388,309,294,62,111,368,243,9,236,31,431,133,162,126,297
212,298,346,94,8,9,43,364,296,353,324,162,151,358,265,306,323,360,13,3,16,229
437,72,161,40,86,218,229,58,238,335,94,17,265,213,57,407,261,8,246,43,346,413
428,40,94,228,43,9,57,419,405,237,398,374,187,151,332,213,202,120,284,224,216,229
202,308,238,236,313,17,8,147,408,357,213,108,332,126,196,237,309,266,54,94,62,228
93,120,244,368,8,226,343,81,377,237,349,94,228,282,236,297,70,323,364,111,229,147
323,311,309,343,196,248,169,298,266,120,43,86,335,377,213,375,229,8,368,185,202,272
265,228,202,108,368,286,305,264,246,162,3,9,88,237,377,364,151,343,114,224,120,169
228,264,368,377,56,9,407,111,224,343,1,39,113,404,3,141,405,66,168,104,17,360
94,353,143,343,346,108,225,86,282,229,113,305,40,196,361,336,437,364,313,243,265,368
364,284,62,31,319,360,49,264,151,338,8,229,70,120,377,109,9,213,43,236,358,293
40,227,168,319,104,343,42,58,196,237,151,305,332,11,87,226,108,308,139,394,297,229
428,16,206,49,202,398,8,299,210,12,404,297,244,48,144,84,193,264,282,313,201,3
264,229,167,247,86,437,242,32,228,9,137,372,335,19,237,213,319,196,149,332,112,151
52,94,435,418,437,147,56,229,264,404,133,290,236,407,402,265,244,8,323,377,319,16
121,161,109,113,266,8,298,377,426,305,187,380,368,227,312,162,264,16,196,229,9,93
282,318,246,164,428,41,297,8,169,377,109,227,232,204,161,168,404,379,17,259,49,243
266,120,229,167,343,272,409,11,398,8,309,255,416,417,246,368,103,43,269,377,236,3
187,398,196,64,169,56,162,202,316,237,364,343,62,94,107,108,224,211,313,303,109,244
8,224,305,358,371,343,283,94,59,238,309,11,348,280,237,302,244,147,282,335,347,151
148,162,264,227,133,309,431,39,404,398,318,204,149,131,346,118,94,147,151,209,368,168
8,216,398,368,111,439,407,404,272,2,246,196,346,387,161,224,236,298,283,282,332,147
94,151,283,238,437,393,139,43,142,40,11,272,264,144,343,196,213,62,61,9,407,162
111,9,285,431,8,344,304,169,244,236,343,437,234,43,131,0,113,75,305,226,364,238
196,303,392,264,201,86,438,364,9,272,405,335,346,377,94,229,246,3,283,219,39,224
377,307,149,202,151,298,228,48,277,279,237,332,213,224,229,358,162,266,374,437,416,283
411,348,1,9,264,300,265,196,238,169,343,272,389,228,161,244,237,17,219,282,358,202
209,197,224,108,8,308,252,86,202,231,437,94,125,9,343,319,111,246,284,264,305,161
161,328,237,319,196,42,94,431,149,9,8,47,370,313,335,346,298,432,392,416,236,309
148,318,19,39,343,88,117,224,141,236,284,111,62,377,437,8,298,360,361,387,265,89
16,204,147,383,437,138,202,364,115,246,319,377,97,283,11,8,9,94,162,34,111,343
16,343,162,213,214,264,111,329,428,266,202,196,204,1,416,398,256,151,9,169,108,57
411,316,8,377,343,256,161,39,120,213,431,437,3,196,373,1,384,229,104,109,323,65
398,309,284,8,114,163,237,204,335,227,297,229,202,226,133,265,225,304,209,169,104,238
94,56,305,293,17,107,358,437,39,264,404,133,224,265,66,148,1,228,246,405,114,243
346,111,1,162,319,147,8,358,202,86,297,416,57,93,142,213,411,31,362,58,343,168
438,1,313,147,94,95,282,229,257,264,364,308,343,265,162,283,297,352,144,109,16,261
43,65,1,145,437,237,162,56,228,288,377,309,405,62,283,109,168,40,272,316,264,227
8,91,9,226,66,229,257,227,228,147,1,341,120,121,209,16,50,404,398,309,162,272
368,231,147,94,343,316,175,56,407,57,272,264,8,120,224,1,226,431,437,176,162,148
428,243,364,265,264,1,169,183,228,229,201,420,283,62,261,237,373,202,266,226,377,437
264,282,162,213,139,348,313,308,133,244,335,246,437,228,316,151,343,347,237,107,109,231
379,11,264,1,364,342,398,161,222,346,237,169,43,291,246,360,282,126,16,71,343,335
308,94,196,147,151,66,276,323,346,229,274,362,113,134,226,8,207,32,202,69,241,56
343,8,289,57,94,264,98,405,49,17,404,229,146,386,436,203,298,238,224,223,360,335
204,343,304,386,358,120,133,80,94,207,294,335,139,219,248,17,437,104,224,238,346,111
16,150,213,264,272,364,62,227,169,408,145,1,332,40,24,8,9,437,162,90,54,404
243,48,168,305,1,407,343,236,94,72,62,335,377,313,229,227,284,376,150,70,398,9
368,108,266,133,284,328,272,40,319,86,94,265,308,218,404,243,107,346,167,8,330,428
219,211,40,230,8,228,356,319,364,238,240,94,346,396,360,264,173,401,113,202,236,272
343,169,8,94,162,86,368,29,139,200,332,16,229,257,236,224,295,133,176,1,151,227
281,280,148,437,229,227,193,181,135,94,275,104,297,246,236,308,333,213,377,228,237,84
186,283,437,94,368,343,398,167,168,11,3,84,95,104,162,165,17,298,97,201,238,266
161,228,99,39,133,8,144,264,120,111,236,285,237,364,404,174,204,196,45,140,370,17
94,236,398,264,229,167,237,405,196,62,66,36,385,8,297,226,57,109,40,156,228,358
405,213,162,404,167,426,54,228,8,40,66,191,264,94,417,17,108,2,236,11,308,319
229,103,236,228,264,8,255,312,224,345,309,49,67,346,11,227,19,297,405,375,404,358
343,43,180,405,17,321,330,197,206,8,109,292,224,237,65,169,364,402,398,358,288,243
316,138,343,436,335,294,227,309,141,323,229,108,405,56,346,201,394,356,8,265,117,162
213,377,360,224,313,346,145,162,229,362,139,265,118,144,404,202,376,38,308,237,113,219
335,236,272,346,416,147,394,410,8,229,227,181,237,266,109,343,228,308,67,132,226,316
1,431,108,17,364,404,343,120,264,73,319,233,248,162,56,213,282,94,335,228,202,284
226,94,128,229,346,111,294,398,228,107,412,86,236,8,9,358,162,408,264,404,151,328
229,437,319,213,383,120,358,109,8,343,309,162,411,46,376,79,66,150,147,136,272,228
17,411,133,343,16,109,335,258,111,265,65,116,368,264,162,139,165,243,300,229,94,405
186,94,107,248,224,283,8,151,113,21,168,74,264,109,419,161,237,9,13,377,352,66
428,272,151,94,263,319,377,8,24,213,228,50,392,179,343,423,332,1,227,338,266,246
282,9,224,17,437,284,238,148,40,84,159,104,8,404,298,139,94,265,109,120,43,415
369,17,62,71,238,94,437,364,144,424,226,252,228,162,319,106,236,432,346,63,328,151
437,202,319,1,219,213,244,102,404,364,354,377,27,284,307,86,167,151,8,429,224,204
8,229,224,110,1,368,237,309,236,120,204,343,227,9,228,104,323,163,17,151,144,321
411,377,335,8,437,228,227,142,66,305,337,358,282,364,162,246,229,109,62,313,24,167
313,108,418,227,83,43,428,120,229,228,272,368,161,212,202,335,324,8,40,236,346,343
343,377,8,405,229,162,238,117,169,43,56,66,264,266,111,375,184,142,243,11,398,213
266,120,264,404,162,236,332,346,17,364,94,298,304,335,238,211,322,343,107,282,1,86
17,316,346,191,313,343,237,133,319,222,272,225,266,66,107,265,236,335,169,213,84,8
0,276,174,346,111,433,405,120,246,305,429,94,428,377,113,272,213,267,66,358,167,151
246,88,120,86,264,179,305,282,437,343,332,65,204,405,71,196,57,265,283,364,3,119
11,108,76,62,200,229,169,26,360,265,107,204,405,398,193,113,61,236,243,364,264,271
243,204,282,236,229,404,430,355,428,167,133,228,335,431,8,324,237,162,108,309,437,246
1,8,94,255,284,228,266,309,229,144,404,43,381,66,237,111,437,168,319,308,227,145
346,264,94,40,306,398,400,373,213,291,313,246,323,66,229,405,133,86,236,29,407,3
291,261,219,297,162,8,259,85,213,43,431,130,56,389,360,346,332,168,147,238,229,236
133,62,236,343,183,358,274,246,57,224,283,252,237,162,43,253,144,17,428,151,134,332
9,343,226,350,160,431,283,404,246,219,108,34,407,391,370,395,107,62,364,360,266,162
437,88,3,161,94,229,298,147,308,167,346,343,162,227,8,302,398,144,17,202,368,238
94,339,52,266,161,1,211,395,332,288,323,196,393,398,224,159,8,227,19,108,9,394
407,360,94,358,243,108,73,8,323,220,264,62,402,431,368,294,405,231,196,57,343,162
40,364,407,1,224,320,236,305,368,313,8,167,264,283,411,94,323,270,120,228,111,104
120,387,264,17,219,335,229,113,9,202,151,246,163,162,397,272,150,168,94,305,293,111
37,57,341,437,335,297,162,62,103,86,47,136,343,213,104,284,176,244,54,264,111,8
8,151,308,11,120,161,94,390,58,431,404,360,323,87,1,377,411,107,246,226,174,62
229,162,259,358,116,94,137,263,88,264,284,144,308,169,298,81,377,104,66,207,43,319
398,108,66,264,52,56,265,335,213,9,437,266,144,162,169,298,407,405,229,19,346,139
368,94,238,227,176,66,102,8,437,346,43,264,391,428,84,151,228,283,138,144,83,196
343,214,94,111,63,8,196,286,40,229,313,433,266,224,295,256,187,69,84,218,219,227
70,16,229,17,104,298,407,189,343,316,236,264,151,282,234,237,147,323,66,437,319,8
309,9,219,83,246,40,1,430,8,236,422,298,266,55,264,364,405,435,94,335,358,62
17,40,224,343,94,346,11,104,438,200,290,62,360,1,358,266,204,214,185,316,147,227
11,404,43,86,368,264,162,400,341,243,394,168,319,139,360,398,151,310,229,236,437,93
407,96,431,236,228,348,202,162,21,226,437,368,117,97,423,141,229,363,246,335,47,317
243,16,196,253,146,17,309,1,246,244,316,360,227,229,142,113,104,228,56,120,109,204
83,316,369,8,161,346,308,9,271,389,108,404,162,435,104,246,227,238,297,237,255,437
338,335,298,65,319,368,394,21,228,168,5,17,227,272,321,202,111,411,256,43,39,109
16,266,237,243,305,212,323,236,169,17,360,407,377,272,108,368,428,364,104,94,282,335
316,111,246,257,78,226,66,196,206,108,43,94,219,337,39,224,104,264,9,191,8,377
313,196,343,151,377,264,284,228,94,111,147,57,316,62,385,169,197,266,437,372,113,323
181,204,58,219,341,144,428,62,66,243,319,266,111,227,244,213,94,107,364,431,162,272
120,9,260,377,343,1,8,266,403,398,224,428,243,392,236,88,113,6,404,98,142,237
246,308,437,229,264,330,272,152,358,405,17,162,238,228,204,316,337,207,282,72,226,428
111,332,424,4,165,213,60,323,193,15,398,144,243,249,368,272,163,17,229,297,360,8
228,332,246,368,335,416,404,224,428,284,343,236,264,169,346,282,390,316,378,351,46,227
162,394,425,305,104,214,8,72,237,236,332,9,213,437,335,272,346,17,282,388,246,313
284,364,368,186,261,108,231,407,148,157,404,151,343,8,94,43,266,29,39,226,398,204
248,364,167,266,233,39,227,404,111,343,332,303,244,93,162,11,16,102,104,66,94,229
405,90,282,150,308,108,358,359,404,265,86,87,49,431,432,11,229,94,8,368,329,284
66,204,51,299,264,94,69,144,237,203,152,313,227,62,89,39,343,202,356,418,393,238
8,162,16,58,308,160,343,265,264,168,9,286,40,428,405,244,259,202,437,139,45,236
228,126,84,56,3,273,202,11,169,308,229,343,246,94,52,162,437,58,174,313,213,90
62,238,405,272,235,168,11,43,401,282,277,8,437,266,298,16,243,9,196,308,28,364
335,272,358,144,88,196,94,374,310,108,147,305,265,237,238,236,284,332,220,431,264,394
238,11,428,275,264,297,8,298,229,151,38,9,169,437,162,147,204,86,384,415,94,398
236,364,264,346,402,377,147,343,209,19,368,437,404,1,57,204,161,120,43,162,420,9
431,228,131,246,219,266,335,151,334,40,343,227,226,101,224,370,43,111,368,48,377,95
133,228,8,60,224,66,181,229,204,437,431,272,319,68,368,236,242,144,196,151,332,422
393,52,104,30,39,297,236,332,398,162,335,265,176,43,404,234,346,277,377,437,407,405
407,101,161,228,133,368,430,43,404,16,111,219,264,437,21,237,306,309,343,246,308,1
224,100,364,113,237,241,309,104,270,8,228,346,332,255,297,57,107,282,323,316,3,335
3,405,272,368,236,308,431,17,435,264,229,386,204,88,398,320,377,228,181,57,8,94
343,126,224,246,162,133,346,168,398,308,265,298,306,373,17,196,238,229,264,382,427,158
196,213,407,398,404,31,226,343,229,335,1,144,437,151,425,435,237,162,332,358,385,25
423,308,120,112,272,57,407,236,282,424,265,86,237,8,43,66,94,335,238,176,11,9
224,437,193,204,407,161,398,262,243,40,139,377,86,283,316,149,128,94,52,39,58,313
424,8,108,332,228,9,316,86,196,405,364,3,407,226,437,139,169,224,39,428,94,229
264,346,392,282,162,337,246,280,17,244,9,120,343,202,319,8,437,1,94,431,405,377
430,253,266,8,107,316,41,196,426,337,238,57,105,130,213,264,313,404,335,224,308,162
368,213,309,0,202,94,383,352,199,332,348,169,8,43,264,393,266,228,10,364,377,109
224,130,282,386,402,105,196,368,94,9,358,238,210,204,213,404,109,354,250,107,431,21
437,343,368,94,66,238,228,364,57,108,332,313,264,161,213,405,236,306,117,101,319,229
142,313,8,109,107,78,308,265,31,177,139,29,228,282,226,407,1,280,377,17,162,272
226,34,282,134,162,238,246,229,311,343,368,8,73,228,86,3,40,243,94,71,213,62
237,212,1,8,324,11,66,246,297,395,227,56,346,17,229,115,147,236,94,33,196,283
169,151,104,76,437,343,332,108,297,213,377,396,51,66,43,39,215,17,200,229,150,35
237,219,8,392,398,23,431,94,407,236,296,264,343,243,229,238,40,409,313,298,210,411
168,133,305,229,398,361,23,228,294,147,66,338,418,213,343,368,164,43,196,8,428,136
348,398,346,319,62,213,246,428,226,244,343,104,161,364,437,411,165,309,8,236,184,287
425,308,102,133,282,264,229,398,385,437,116,227,62,368,343,358,332,237,204,305,8,246
346,120,147,431,273,228,407,167,323,162,62,61,8,343,302,227,37,358,365,357,202,209
104,226,3,341,199,264,137,28,266,228,45,237,246,343,366,1,309,328,162,196,305,227
316,424,56,16,319,346,113,264,296,8,409,152,100,237,332,377,17,66,149,358,111,283
437,121,168,298,368,147,9,272,94,398,219,11,246,229,308,405,169,266,256,111,316,144
196,421,224,139,86,368,43,8,113,17,238,111,161,298,237,282,284,229,228,309,219,108
108,196,428,1,383,264,237,111,107,224,272,8,208,9,17,229,226,148,228,282,213,133
246,437,139,109,202,43,147,1,228,4,224,306,383,62,282,438,272,332,237,162,8,226
246,264,309,229,405,104,11,107,144,313,265,236,343,92,8,237,369,196,323,169,120,228
405,229,437,297,147,272,1,196,224,57,360,169,228,237,202,58,94,380,72,398,162,197
368,358,24,360,435,37,94,335,411,0,405,238,3,244,8,237,66,17,437,253,264,43
94,236,411,62,147,161,272,120,428,169,113,415,437,111,17,57,109,155,227,407,8,299
404,155,11,437,144,343,431,56,94,291,264,120,284,346,266,133,360,308,162,62,151,423
319,25,151,334,271,214,228,335,340,16,94,299,219,377,248,96,120,431,109,229,38,211
284,282,308,1,238,377,342,243,264,196,204,162,237,11,208,94,226,316,332,246,232,236
264,368,39,428,313,266,183,244,405,228,209,8,47,407,12,167,404,94,437,343,237,188
335,120,298,319,57,282,162,8,246,297,404,351,316,405,224,202,343,272,410,86,346,40
264,162,437,120,108,31,56,176,238,47,44,106,210,403,335,294,94,111,343,379,49,81
111,43,332,360,87,263,228,121,162,146,309,237,437,404,62,66,213,11,17,229,108,345
343,227,191,305,266,179,161,56,229,284,139,62,433,120,264,308,9,375,167,66,16,243
162,120,168,163,224,213,62,204,343,298,383,305,417,9,266,319,56,66,308,297,72,335
272,435,108,238,229,196,282,169,11,23,204,8,29,346,294,420,343,404,228,9,309,246
228,289,8,264,238,358,437,226,120,236,316,343,272,308,156,161,162,224,118,332,428,398
285,39,309,94,224,343,157,416,283,56,246,398,316,264,244,431,229,228,272,162,304,135
335,58,104,72,237,108,204,1,264,238,362,9,272,107,246,377,343,215,144,298,437,228
111,17,94,226,169,151,335,237,9,162,8,282,343,407,23,66,405,228,404,161,236,264
437,431,237,57,94,353,282,246,196,65,286,272,305,206,386,364,8,391,228,398,360,169
94,283,151,319,272,356,250,266,1,40,407,62,368,304,64,80,167,3,89,264,226,346
1,248,238,109,298,364,343,346,224,324,139,176,202,377,285,246,108,404,204,10,243,295
169,57,229,79,200,364,151,335,202,237,40,228,437,368,360,162,346,147,84,29,211,167
229,204,167,162,298,272,405,428,398,8,335,368,213,39,5,16,94,228,236,323,185,88
424,405,12,252,246,124,196,185,56,94,115,162,144,346,431,429,202,227,9,168,343,120
229,111,238,8,94,244,311,108,204,57,176,282,330,310,236,272,297,109,224,284,358,227
131,213,104,66,162,238,358,3,228,202,94,266,346,111,17,404,236,377,276,45,185,435
226,377,346,308,178,167,109,137,238,162,9,309,364,343,262,228,94,16,111,227,272,237
364,162,40,1,161,298,108,296,236,19,153,17,196,66,62,169,94,272,77,139,8,9
320,246,272,202,8,308,162,40,309,142,167,213,62,428,219,238,133,94,335,168,323,343
158,272,229,308,235,99,8,95,139,343,62,237,246,289,368,326,398,437,407,402,160,111
335,147,343,8,229,398,255,120,272,51,176,133,66,404,228,162,323,169,237,264,107,324
348,428,227,343,437,66,162,108,228,400,33,347,40,237,312,236,169,364,229,224,120,147
236,384,224,437,431,109,266,62,168,8,94,308,162,404,228,368,416,213,298,147,11,265
297,433,298,324,104,222,97,202,2,236,282,229,309,266,144,404,86,335,158,151,305,17
94,345,62,8,17,244,332,224,236,11,319,434,39,139,405,86,358,196,266,237,238,142
323,264,9,133,46,431,366,224,226,17,229,383,86,11,313,62,267,398,377,39,8,277
93,243,377,238,358,368,8,73,312,1,289,282,151,285,26,283,228,308,9,246,335,264
8,269,226,162,283,343,66,419,109,407,272,358,229,290,405,16,120,246,213,319,151,237
84,297,108,204,264,244,332,9,139,435,272,229,282,8,100,140,196,109,309,94,405,245
196,407,264,139,1,332,8,310,202,56,284,17,9,281,31,229,113,94,55,426,266,404
8,167,308,368,266,309,207,246,346,62,191,40,259,24,229,282,437,224,204,108,237,272
360,308,227,264,183,437,1,11,111,94,229,246,144,228,8,9,346,143,224,332,219,56
112,224,227,17,8,343,180,62,266,348,84,202,94,264,308,147,95,162,52,168,282,34
94,173,228,398,330,282,352,358,272,368,56,236,264,9,308,313,219,183,128,144,196,57
220,343,407,219,404,311,244,169,40,133,28,264,111,15,78,62,65,108,107,246,196,280
264,8,292,204,332,309,313,228,187,284,134,151,377,120,229,40,272,39,162,343,9,94
151,226,406,227,237,335,308,297,299,395,63,229,338,195,368,17,70,56,62,86,284,298
289,8,138,120,409,431,104,308,332,398,351,226,67,161,343,364,76,1,109,319,204,377
224,319,161,361,94,437,46,238,264,358,312,88,66,298,401,266,368,229,159,169,283,284
137,272,343,62,228,432,316,285,284,109,40,108,246,358,229,390,161,413,66,309,389,94
11,284,272,94,213,238,257,229,285,144,360,42,224,109,176,346,62,358,107,3,120,196
167,182,9,213,108,436,224,168,229,265,162,62,56,11,282,266,244,423,227,364,120,109
24,108,407,86,338,103,404,364,121,332,437,11,111,267,308,3,56,229,435,319,227,222
343,346,323,428,377,117,12,119,144,266,405,407,141,228,8,354,108,151,128,316,169,272
196,1,298,309,361,8,243,228,17,227,272,109,343,437,244,316,238,369,264,380,43,428
246,283,17,364,308,47,181,229,8,312,265,11,162,295,264,161,398,197,94,431,303,237
407,368,319,183,332,133,17,311,382,266,224,358,343,196,364,213,405,11,162,202,94,1
358,159,59,133,9,104,155,71,335,213,196,224,408,298,94,237,19,343,184,21,108,139
405,264,17,192,8,272,377,323,313,398,94,357,108,160,66,161,62,340,235,163,368,107
8,183,244,228,109,94,404,335,432,108,240,83,420,386,364,405,126,151,243,343,276,224
94,8,398,266,109,431,404,228,335,264,11,407,115,287,437,202,118,162,368,246,237,3
86,31,40,62,309,284,56,8,228,368,400,94,107,82,323,335,219,9,398,43,80,226
346,298,213,139,181,272,228,99,166,269,246,169,368,86,237,94,229,236,43,407,404,9
108,19,283,343,259,1,11,360,8,264,228,377,437,161,396,66,238,213,227,309,243,405
109,264,360,246,401,229,243,147,431,94,11,39,8,196,202,228,56,17,377,66,9,224
309,368,8,94,224,238,43,207,405,147,33,355,66,11,152,56,151,228,335,221,204,179
244,202,398,31,364,107,226,84,120,43,267,212,8,42,433,358,264,104,437,236,219,432
316,244,402,238,44,264,144,43,295,237,328,300,167,72,204,248,213,341,127,202,332,211
250,332,109,284,69,298,335,162,309,203,99,57,108,94,433,175,111,228,1,266,56,51
57,142,47,204,94,264,282,110,2,343,10,313,8,162,224,31,129,120,407,11,431,147
368,237,290,335,377,62,332,224,283,433,437,207,388,16,84,17,196,156,8,45,323,407
94,278,8,364,213,236,244,162,282,169,431,264,305,296,108,43,57,227,228,284,133,1
343,247,94,264,167,228,298,8,408,237,375,243,17,120,417,196,162,282,266,424,324,204
200,264,272,172,104,229,30,108,316,16,8,113,398,179,107,343,86,282,139,213,365,308
94,272,404,332,377,213,228,236,264,65,62,40,9,162,104,431,319,433,196,139,83,238
282,319,272,437,346,120,11,229,111,266,169,109,228,77,113,313,62,56,162,196,227,94
305,40,297,63,229,56,219,282,9,264,70,115,333,120,298,283,285,335,162,159,104,328
264,323,213,431,272,220,147,9,94,83,405,266,309,308,246,343,39,16,58,240,11,8
1,94,261,174,118,8,294,398,43,86,139,437,275,202,282,124,204,107,224,297,264,332
398,332,377,185,296,104,139,8,303,111,343,155,260,120,151,84,202,228,323,94,147,204
39,292,2,343,338,63,162,94,319,204,8,219,49,167,282,213,243,303,289,34,111,370
17,177,228,319,433,368,158,272,428,238,243,9,237,94,1,266,120,126,394,404,284,8
284,309,39,264,237,8,335,437,424,128,272,66,169,368,62,157,204,358,246,133,341,356
162,17,86,236,246,109,379,155,219,54,43,437,298,229,358,439,377,237,404,107,147,297
1,80,282,302,108,62,346,57,147,169,437,229,139,144,227,237,21,84,134,11,17,405
237,284,264,213,8,66,101,117,425,112,280,16,120,343,104,298,219,244,10,332,111,405
196,179,309,222,313,82,149,165,162,120,17,405,244,161,343,377,410,107,358,1,66,168
94,377,169,323,332,9,305,162,167,360,354,264,226,297,343,109,237,282,398,39,210,151
66,246,244,297,162,364,360,283,161,237,56,298,431,142,317,58,94,164,257,323,83,284
219,8,111,264,108,17,381,374,57,227,44,94,180,316,404,133,1,62,192,266,431,113
283,3,222,228,21,108,107,404,264,410,437,246,9,16,343,113,224,229,196,305,94,86
17,335,213,285,346,266,219,71,343,8,62,398,305,368,1,272,252,15,405,244,264,283
163,439,17,246,225,1,56,16,162,404,39,43,133,166,346,229,42,313,437,257,108,243
46,264,40,237,167,94,143,151,346,108,343,213,309,327,272,229,136,404,233,8,238,283
28,94,346,317,176,62,7,364,83,377,8,17,237,238,297,319,167,207,113,229,332,266
272,98,133,162,283,8,228,386,335,377,107,298,398,404,113,284,169,168,1,17,346,40
58,335,109,360,368,403,3,261,237,57,298,56,168,94,431,204,323,319,343,437,224,246
369,202,341,236,426,309,238,228,142,27,94,287,76,87,346,226,57,162,237,316,364,257
8,33,398,94,76,227,236,411,360,225,359,212,120,343,377,274,354,283,237,404,266,364
419,229,238,343,133,17,233,89,32,8,243,368,61,391,308,309,204,382,282,299,237,4
437,253,162,8,319,66,107,246,191,427,229,56,94,167,366,85,264,219,283,346,108,297
16,368,284,387,264,238,162,414,437,265,309,398,213,298,169,323,94,246,17,171,39,198
198,162,372,428,377,332,343,360,147,131,120,202,229,272,109,437,284,228,94,111,246,86
43,287,169,107,111,377,50,35,8,162,224,167,264,130,346,336,66,237,431,407,58,39
364,224,272,11,437,167,313,108,376,343,305,215,404,377,109,319,39,131,282,193,284,219
108,228,422,358,152,16,167,9,265,377,62,405,40,437,337,26,283,335,284,162,144,213
139,346,8,360,429,107,343,94,368,309,162,358,196,57,41,133,229,16,335,365,77,404
400,17,162,305,16,332,272,108,113,308,405,368,284,264,246,202,133,437,354,321,363,104
62,332,437,161,144,364,104,111,308,226,108,147,164,94,224,405,360,28,120,204,431,50
40,8,346,167,38,70,437,368,202,264,364,308,229,282,416,275,161,31,224,236,272,57
151,428,243,437,94,213,358,369,39,237,262,104,19,407,196,404,167,193,147,364,109,272
104,230,343,264,224,24,8,109,108,50,319,4,134,94,103,364,347,86,244,358,246,402
252,69,430,227,162,40,228,65,13,8,43,405,229,298,1,431,158,342,236,108,346,224
4,58,94,48,343,162,366,9,8,213,11,1,148,272,144,368,264,243,364,398,238,62
236,233,398,377,343,316,229,204,162,272,437,107,94,264,297,345,8,260,224,213,384,11
228,436,86,227,343,94,167,120,226,107,21,276,246,129,405,133,151,57,416,272,14,278
2,98,222,219,272,108,264,309,49,94,9,360,169,404,162,428,405,266,433,151,104,437
228,303,229,267,288,398,8,109,177,226,266,236,377,309,244,105,346,16,17,40,196,364
335,424,266,109,111,343,151,336,9,213,290,66,108,3,435,145,104,346,284,227,305,354
108,139,246,181,377,29,264,398,256,229,368,335,298,408,94,147,437,133,416,196,287,213
8,213,360,405,407,399,9,323,236,17,43,321,437,265,111,350,151,226,237,110,368,243
438,8,360,94,319,356,66,167,343,323,309,162,437,289,169,265,17,405,190,351,404,155
141,162,335,309,431,151,332,94,244,289,62,437,354,147,8,308,186,87,219,430,316,404
178,94,9,265,343,39,126,72,354,398,437,377,337,284,133,309,15,226,31,8,341,58
335,364,264,297,120,281,404,94,405,167,383,316,56,365,84,244,266,407,144,319,227,221
346,280,43,71,377,227,94,229,204,111,418,284,219,316,39,246,404,16,244,437,424,335
404,86,94,264,341,399,199,237,294,255,196,265,343,364,437,8,213,162,308,332,335,224
305,185,319,94,388,391,368,9,162,404,8,204,230,202,436,263,183,115,107,266,211,236
70,224,264,84,297,202,151,94,273,77,364,144,109,21,360,398,213,126,108,358,377,8
94,265,228,151,253,64,343,368,264,204,305,391,62,40,341,404,104,111,9,224,66,428
111,1,305,254,109,272,389,108,437,204,308,228,377,388,3,283,404,365,224,104,309,229
99,309,437,405,120,229,8,108,162,343,196,172,237,394,94,9,325,320,314,133,213,151
11,204,244,87,3,39,144,94,40,335,138,332,43,358,350,305,264,368,162,9,161,147
107,264,346,262,104,309,431,306,412,290,207,144,244,305,358,169,428,279,8,246,282,43
161,316,57,236,65,323,266,147,398,196,17,149,353,62,228,94,377,183,229,264,404,169
196,343,437,107,155,227,377,264,108,213,405,168,111,162,8,109,7,232,94,368,57,348
148,244,368,266,226,343,61,203,236,8,4,272,332,416,284,229,16,3,364,265,305,107
75,236,196,8,381,364,120,343,282,17,246,21,161,94,228,227,368,42,213,264,313,237
193,108,8,9,377,358,309,114,229,16,56,120,162,413,335,431,343,332,398,269,151,238
284,213,308,31,57,304,255,229,377,303,108,243,17,228,343,227,167,335,282,94,202,236
364,335,162,111,237,9,346,66,264,347,202,8,272,94,437,0,316,137,319,398,90,266
368,332,437,266,104,237,111,213,9,246,343,364,283,3,424,162,135,144,204,17,224,360
228,104,17,83,343,162,161,377,66,8,243,272,238,437,202,3,265,319,147,346,309,113
224,8,346,3,348,207,216,228,167,66,162,308,364,250,241,133,343,298,111,1,213,238
111,169,238,1,272,228,8,94,404,343,335,229,108,224,66,346,219,71,364,168,234,319
104,94,305,297,404,227,16,432,12,265,405,78,224,151,236,266,134,191,383,246,162,43
9,147,437,3,62,319,332,89,144,282,423,264,94,162,360,196,57,204,308,316,75,229
308,368,62,237,144,348,417,57,162,209,346,16,411,228,147,204,94,424,8,264,265,39
213,264,319,313,109,282,227,404,284,407,151,358,113,416,346,26,323,229,111,375,412,222
3,169,66,358,84,229,349,343,120,94,113,131,309,405,39,167,196,145,0,263,368,353
101,293,229,236,284,25,185,46,398,151,364,133,287,9,113,405,43,352,167,283,246,266
388,137,428,387,246,335,109,99,323,188,298,405,40,97,313,111,213,135,11,72,244,1
332,346,192,49,220,28,237,117,1,196,56,398,302,144,272,84,308,94,204,16,62,368
361,266,404,265,309,323,264,179,237,300,8,20,365,43,283,94,305,147,16,308,272,437
228,319,309,244,437,396,219,16,147,229,264,431,317,368,104,243,94,8,202,226,282,241
335,229,162,364,161,384,244,264,111,104,9,158,3,204,415,86,428,377,411,431,113,39
108,88,85,228,86,398,335,223,181,52,323,196,248,204,282,202,213,113,219,57,139,104
204,264,1,120,335,413,438,343,228,213,16,267,305,297,247,381,377,332,211,266,111,370
327,19,313,228,3,169,94,316,298,1,159,343,107,47,368,224,156,284,243,247,213,227
228,86,120,316,246,16,104,133,437,224,163,237,11,335,343,323,183,297,8,278,108,57
94,335,114,213,368,200,227,9,319,266,343,38,1,39,212,352,364,61,284,253,56,224
111,264,266,69,341,358,107,108,337,368,146,229,272,237,246,48,349,56,104,404,265,405
229,39,56,298,343,204,332,86,407,3,319,213,392,404,255,108,222,406,26,1,17,228
246,147,94,8,324,224,272,305,335,316,431,265,358,314,66,264,151,284,298,1,323,16
437,431,9,229,282,265,433,368,435,264,162,107,381,237,236,158,84,405,171,428,349,0
86,155,431,72,284,113,244,8,207,246,1,62,169,139,56,120,109,187,119,264,358,340
224,377,404,229,52,431,196,407,202,8,151,432,94,274,237,43,386,348,308,358,85,282
364,167,335,309,8,379,237,297,124,94,58,179,213,204,108,33,298,146,161,144,17,56
172,347,332,16,201,437,313,308,163,144,162,346,8,161,368,159,202,89,26,335,94,120
16,204,94,358,20,264,8,202,364,203,108,338,283,298,17,236,332,1,308,343,246,437
42,364,308,133,229,226,264,9,95,266,94,132,405,167,428,437,398,86,332,139,17,287
388,398,9,236,229,360,85,353,246,368,372,202,428,264,176,237,412,204,265,432,108,38
437,248,133,246,14,360,120,109,95,265,264,62,66,167,309,237,227,404,147,282,111,162
76,11,1,266,335,38,239,8,94,264,43,349,98,308,223,66,243,227,4,40,9,167
16,358,282,431,39,373,437,162,66,398,283,144,9,8,229,196,231,428,51,407,94,368
191,283,264,120,346,86,9,368,94,198,263,404,237,377,43,151,40,111,238,272,57,177
43,374,202,94,346,23,191,46,266,361,237,224,66,437,8,213,398,204,227,1,166,172
62,265,255,39,28,305,283,309,168,17,56,50,196,94,437,226,403,368,323,167,224,429
237,142,360,196,437,139,228,335,313,147,94,8,144,246,401,405,327,282,308,167,343,95
8,94,72,313,297,309,246,335,204,341,1,224,238,39,92,437,62,385,228,282,16,307
209,17,377,319,374,236,66,437,264,1,398,213,149,104,246,392,238,12,16,113,438,116
118,16,109,229,298,17,133,222,8,238,297,65,282,120,266,68,44,43,9,213,223,408
243,346,9,291,151,265,305,187,407,108,437,133,272,168,404,238,43,167,94,255,147,229
120,43,219,335,58,56,124,229,133,264,346,431,104,283,313,109,94,358,169,21,244,144
309,8,284,169,202,431,196,213,249,134,109,233,6,224,168,332,368,64,32,291,343,204
16,298,299,86,297,247,8,254,398,392,66,43,221,243,111,346,262,237,68,202,162,264
94,51,43,41,272,319,186,8,144,411,162,236,405,264,368,167,108,243,247,428,120,398
407,198,358,108,128,62,224,88,8,437,237,282,238,343,283,111,1,57,94,89,319,56
298,263,264,8,377,364,213,196,346,168,343,360,159,389,169,282,72,261,39,353,162,133
437,162,284,360,404,17,66,229,168,94,196,358,37,265,417,144,44,429,343,219,335,70
162,330,298,343,8,348,246,219,266,264,227,404,147,71,236,350,107,17,384,94,104,228
429,272,360,313,108,246,196,167,284,24,99,229,416,204,264,226,162,109,62,3,308,107
368,17,120,8,398,213,228,323,162,167,313,11,358,107,45,377,407,428,169,403,264,238
225,388,377,343,162,96,237,8,405,257,358,370,9,224,308,94,219,244,108,316,302,111
439,282,246,437,316,335,332,297,66,376,229,162,343,405,82,435,94,300,428,158,168,16
33,134,104,40,148,437,76,308,167,430,358,310,316,62,90,347,202,346,196,287,224,229
8,21,319,81,437,236,316,405,229,398,117,219,264,266,111,34,360,375,238,162,309,113
404,204,162,40,8,346,407,417,398,144,437,416,377,94,196,343,339,1,111,389,283,151
431,94,16,356,208,404,284,229,159,364,133,428,391,264,429,377,343,107,309,39,162,172
25,209,162,118,243,256,62,66,131,54,265,264,229,109,272,120,343,134,204,368,94,1
1,323,17,247,139,151,246,227,129,256,31,305,8,9,144,394,16,153,108,309,204,24
56,272,30,108,343,109,407,332,264,146,9,229,162,62,78,11,39,248,237,8,404,274
266,196,361,226,410,272,214,236,244,213,241,319,66,332,431,178,414,95,284,377,322,404
8,237,172,335,107,139,224,141,238,108,120,358,43,241,244,94,431,282,162,343,29,437
228,226,17,439,332,365,79,199,222,8,283,94,377,83,10,236,147,358,287,404,62,298
94,133,9,228,8,305,265,111,282,62,335,428,105,182,308,58,266,368,236,343,227,224
120,228,404,238,255,8,86,173,332,58,62,272,341,17,165,43,386,161,236,377,11,104
1,313,237,226,86,298,405,151,17,229,8,169,368,272,161,144,88,196,7,374,343,97
52,8,43,213,120,1,94,9,133,364,319,84,39,108,211,404,341,353,335,332,316,151
244,1,375,308,162,9,359,264,16,120,335,186,167,377,304,202,360,237,297,219,305,151
139,202,388,404,229,438,168,224,40,9,66,266,180,154,398,335,11,256,308,236,69,8
437,228,201,133,54,284,266,379,101,264,94,404,183,219,312,367,196,40,216,162,280,123
304,17,343,266,237,56,302,313,229,162,54,377,383,139,196,9,3,228,167,191,43,66
237,25,162,283,147,398,9,11,8,349,43,94,17,294,133,343,434,224,266,437,264,141
374,343,360,359,11,108,144,346,405,43,169,232,283,350,66,9,3,334,40,94,147,282
368,76,8,236,9,343,346,33,353,94,111,224,428,169,159,431,11,438,298,226,313,136
309,103,8,265,298,227,398,229,236,335,108,237,194,85,162,297,84,94,266,238,404,316
384,8,264,364,244,346,167,332,94,283,343,305,238,177,282,224,120,161,403,39,222,169
30,299,202,237,265,229,16,377,228,400,108,8,283,287,264,66,162,224,343,161,204,73
346,264,168,1,257,161,246,80,40,229,368,207,266,298,211,196,437,8,364,166,183,377
303,147,162,266,335,227,343,66,246,305,346,40,348,265,243,308,94,269,161,340,282,226
17,284,343,236,313,246,144,257,149,368,62,224,147,266,39,228,9,43,73,8,238,11
107,284,66,437,344,228,39,62,111,224,264,219,165,94,8,48,58,9,272,29,407,204
427,368,224,196,236,437,168,169,266,162,298,73,385,428,398,346,17,272,9,94,62,335
404,308,346,343,16,94,283,162,431,305,169,266,109,8,237,176,56,139,32,229,202,196
111,417,298,343,40,109,16,200,389,421,229,265,272,162,202,8,20,404,94,147,364,60
227,86,104,196,165,9,313,349,264,305,94,45,195,237,265,316,271,8,198,405,162,228
94,162,298,113,161,437,111,56,369,272,313,28,289,335,364,227,10,229,9,125,398,228
428,236,248,147,266,219,238,419,1,109,113,332,398,283,246,116,272,235,196,86,11,369
32,26,431,264,238,266,208,158,437,228,361,213,360,1,300,341,381,8,307,405,316,332
264,335,8,377,319,162,272,421,243,213,2,204,216,283,1,398,40,57,314,347,341,308
94,9,39,394,236,162,55,297,219,294,66,232,398,360,24,323,416,91,277,11,61,368
139,213,104,228,226,229,111,280,340,298,227,349,19,46,246,377,437,39,133,158,431,183
266,346,237,264,12,246,177,229,144,219,393,270,92,236,283,204,213,437,162,226,343,335
39,346,94,305,204,202,335,405,238,228,364,316,162,64,298,161,224,394,437,313,333,282
66,263,204,284,431,111,283,71,9,264,363,227,404,373,17,162,48,167,221,253,62,346
360,204,335,196,280,265,272,404,417,227,264,224,62,273,428,282,162,308,309,8,358,244
224,128,264,80,404,66,8,390,151,282,399,202,335,17,108,377,360,120,358,236,204,57
94,381,201,167,267,318,353,83,224,128,407,204,213,151,364,284,62,207,332,160,9,31
323,65,369,168,264,343,364,346,309,104,8,1,282,266,238,120,228,428,377,431,213,113
308,264,77,382,285,407,94,377,266,145,346,9,437,337,405,117,210,428,162,159,295,8
94,179,39,310,229,373,360,343,284,238,52,407,271,111,162,96,346,272,332,71,17,309
120,431,66,147,213,398,151,172,114,404,308,341,346,423,8,196,379,358,264,43,94,56
145,17,405,299,66,244,310,162,213,284,316,72,39,8,343,377,266,161,94,403,61,237
8,70,16,305,10,57,39,343,227,66,238,86,220,237,226,94,104,199,368,319,127,241
12,229,120,309,377,364,57,236,151,59,8,407,144,161,168,11,223,94,272,265,412,224
305,3,62,228,377,385,78,404,1,346,437,238,66,217,65,368,179,316,288,383,229,242
368,322,16,229,226,222,167,151,219,264,8,19,62,282,407,265,346,305,204,272,424,14
243,299,364,230,162,244,237,272,286,229,377,109,101,319,278,373,335,56,133,48,94,381
8,107,111,435,228,377,162,437,87,84,323,264,386,57,9,238,416,89,133,49,196,428
151,0,196,107,332,202,37,364,343,243,257,39,139,147,111,422,331,84,265,43,335,161
224,237,417,162,17,228,238,407,94,185,240,266,168,332,246,87,56,107,404,161,377,343
9,264,226,368,143,335,108,162,139,229,332,246,145,96,437,56,120,14,343,62,283,228
133,343,297,229,224,162,319,308,335,244,382,259,421,197,113,213,437,368,58,108,255,236
238,39,364,204,264,361,377,139,316,404,159,206,224,428,147,256,161,263,7,253,407,26
358,107,229,39,36,70,162,120,308,139,272,332,228,360,237,74,416,264,168,8,377,90
237,162,265,285,404,8,151,17,84,35,235,94,213,343,229,246,104,405,283,56,1,346
8,202,390,272,264,297,228,161,138,346,398,196,213,343,113,257,246,335,108,313,405,364
348,407,70,266,265,228,229,227,308,8,238,224,162,346,204,368,377,341,145,343,62,323
8,335,40,11,343,405,246,1,65,56,272,183,17,437,400,12,66,264,196,43,265,14
227,437,62,17,348,284,228,264,213,316,431,324,243,419,161,229,94,113,202,84,272,364
16,364,196,224,9,437,298,229,20,237,66,228,350,202,398,215,162,358,108,238,138,284
343,169,147,308,94,224,437,237,346,133,319,282,229,124,335,135,377,120,269,433,368,101
169,153,199,107,272,267,8,343,391,437,94,43,220,56,38,139,144,265,1,227,411,235
109,437,431,343,407,89,335,354,290,1,282,244,24,238,8,153,264,104,196,220,272,144
337,265,94,407,404,368,264,346,19,343,226,360,429,111,431,236,398,229,283,1,202,147
236,8,94,109,66,162,404,16,202,398,298,227,213,237,248,380,244,377,436,428,107,286
236,319,34,343,213,309,297,196,428,346,308,237,265,437,9,264,398,332,200,39,158,111
162,322,62,153,11,40,213,253,57,229,237,8,437,111,196,346,104,17,39,283,343,147
66,39,235,402,143,56,313,107,118,266,423,384,254,180,282,94,346,316,226,231,310,228
272,264,316,8,40,43,56,11,204,96,377,346,224,176,66,133,361,358,246,113,282,431
11,360,151,343,437,236,428,43,407,346,64,111,284,368,108,228,308,358,113,196,246,265
43,39,17,323,147,244,229,81,8,120,168,1,220,67,343,58,111,237,62,224,368,364
29,335,219,272,435,162,11,324,246,368,9,213,238,398,151,437,169,236,312,224,109,390
115,377,338,204,383,162,169,323,226,339,109,224,147,201,94,298,142,1,343,431,3,202
202,9,428,57,316,10,266,346,108,264,343,44,6,151,265,243,377,104,229,224,43,332
161,8,84,264,293,282,389,386,437,169,204,4,111,298,237,343,244,213,303,243,398,226
364,360,238,232,434,202,272,15,237,161,62,291,32,228,343,229,104,402,139,3,298,196
313,264,94,36,270,112,219,168,43,196,228,227,336,323,46,434,327,419,176,162,224,298
251,94,343,346,43,265,405,345,264,74,388,133,225,147,438,115,335,3,107,250,12,254
162,94,284,350,228,0,428,17,431,1,9,343,246,39,316,305,8,144,139,297,126,264
169,309,335,266,289,236,224,238,151,246,144,51,316,120,167,136,196,94,62,162,264,398
295,413,113,176,264,172,246,120,319,162,226,343,227,66,116,43,3,104,213,308,238,266
8,120,3,147,144,283,9,40,94,351,272,202,111,237,343,346,404,243,56,297,162,86
94,264,58,275,281,162,226,43,228,305,227,139,195,437,320,51,286,343,404,323,147,106
355,398,57,309,308,94,126,86,183,284,74,431,144,120,16,358,439,133,56,162,213,226
147,383,249,407,333,72,431,228,151,428,309,335,264,17,437,213,3,16,284,46,364,323
305,310,202,229,266,183,243,246,368,366,40,332,108,237,227,437,213,57,374,313,343,265
308,236,335,94,328,343,162,133,111,213,283,43,128,55,437,8,284,168,348,364,227,224
283,431,162,264,94,238,121,309,368,437,299,177,34,113,144,297,172,196,302,204,323,219
306,8,365,335,358,253,308,364,151,368,244,437,264,398,282,196,12,17,415,86,297,265
46,343,202,11,58,204,227,417,332,151,346,260,161,166,218,282,213,396,177,309,139,17
302,130,43,236,368,264,219,9,3,343,116,57,256,407,335,272,266,8,229,309,308,222
21,264,94,8,229,224,404,282,16,405,346,314,7,162,343,246,335,89,62,313,196,431
113,346,8,1,67,228,345,112,9,204,417,398,144,107,343,94,246,7,202,238,62,236
303,227,228,225,9,267,224,206,308,17,196,147,226,316,107,272,364,248,166,358,162,133
229,368,343,405,272,94,346,335,213,66,332,377,168,226,413,62,15,169,228,243,199,396
228,346,404,284,236,226,38,316,86,147,66,264,431,205,144,120,309,416,43,377,219,437
298,226,323,246,388,3,266,309,314,86,283,112,142,219,407,229,147,162,272,8,89,404
107,75,264,8,227,431,3,435,332,437,228,43,62,237,229,297,162,86,11,352,309,174
66,213,58,227,283,19,407,236,3,404,361,264,202,16,43,108,8,284,224,246,343,113
224,346,133,354,43,358,162,246,31,297,265,436,238,131,264,111,286,17,229,394,266,282
95,204,335,73,319,346,305,94,56,116,229,385,226,162,69,40,368,9,66,320,377,113
428,72,404,110,228,120,151,293,54,224,17,343,368,1,435,108,272,264,250,169,295,71
318,224,272,181,215,358,28,264,345,283,162,196,335,265,434,405,17,398,368,377,133,244
39,370,221,244,377,228,94,217,313,323,224,335,308,162,403,272,141,316,222,229,85,312
108,246,150,229,9,204,237,312,398,264,436,179,39,120,224,94,167,381,364,360,430,40
237,8,343,113,19,272,335,228,229,308,161,162,213,346,224,246,94,297,86,411,143,196
107,305,17,228,169,120,202,229,332,343,405,72,308,437,161,245,76,66,94,213,196,265
94,368,199,346,104,147,196,46,89,50,69,40,21,404,391,151,246,162,86,272,437,167
236,88,214,297,134,172,343,335,219,16,120,162,108,313,348,279,377,44,346,419,410,264
272,141,55,8,219,368,308,360,161,298,236,237,16,113,407,108,437,346,167,255,162,323
110,181,229,343,17,337,319,404,176,55,398,148,9,194,346,85,405,8,57,367,377,139
9,264,337,196,428,120,34,169,272,86,243,151,222,237,404,17,343,94,87,346,241,283
229,237,411,8,283,335,62,144,438,343,284,151,272,309,203,108,77,243,147,110,169,437
167,62,358,147,249,17,7,377,11,195,246,346,343,94,44,149,212,9,267,43,398,364
343,237,94,435,411,348,360,163,305,104,243,139,398,407,56,430,196,341,147,364,272,297
410,264,404,297,104,377,45,346,244,388,108,302,228,282,368,8,9,162,305,86,212,43
113,316,332,272,108,283,377,336,17,228,120,162,372,264,151,265,62,319,368,346,309,161
3,11,429,368,169,316,62,345,244,17,405,337,226,86,43,202,116,227,229,364,108,437
224,437,272,428,16,110,162,229,86,405,138,94,120,43,219,40,297,58,346,403,187,377
219,316,368,229,243,297,57,377,437,261,248,8,319,398,264,157,11,111,350,196,144,162
224,219,59,360,8,335,196,417,264,17,346,398,16,371,298,229,309,238,111,55,18,306
11,304,8,226,109,320,272,17,204,58,225,369,346,405,260,264,196,155,358,40,237,120
108,316,58,236,111,162,284,94,368,8,243,56,213,169,431,266,133,63,14,9,307,332
139,246,237,196,437,151,8,284,297,94,229,335,40,426,377,31,24,228,169,202,243,66
410,304,94,229,159,76,147,213,282,305,11,358,162,377,12,284,343,437,348,109,237,168
358,104,236,433,226,405,438,228,167,425,308,339,108,332,204,224,213,382,265,219,1,272
283,228,263,155,62,196,437,97,8,272,343,264,104,9,94,63,226,405,341,16,303,93
161,60,17,154,266,236,264,70,238,8,43,404,39,16,346,364,335,282,162,120,149,147
109,3,228,404,202,343,406,229,90,264,368,346,17,360,94,437,120,48,405,204,198,9
40,219,264,339,9,8,228,246,415,377,343,236,319,204,113,147,316,335,41,437,120,162
8,9,272,343,40,282,202,377,229,346,70,405,266,385,109,402,437,358,265,94,411,17
120,343,162,298,438,126,319,398,176,86,8,237,309,172,284,161,273,238,304,358,385,108
189,264,243,133,405,43,227,236,435,337,398,238,282,212,358,160,94,345,83,162,61,39
368,133,196,298,108,238,1,147,366,228,120,17,244,8,404,346,407,398,243,154,324,316
8,237,183,227,18,354,133,297,224,407,343,87,244,106,398,268,361,228,62,52,429,388
1,398,94,437,238,8,368,405,282,364,241,219,144,62,54,254,393,298,169,43,172,305
162,309,332,146,111,346,137,8,196,224,213,226,335,75,86,108,206,57,264,228,246,343
343,298,313,48,229,246,94,224,107,283,196,39,226,266,113,43,202,108,264,86,16,236
264,62,94,237,284,105,238,304,196,243,308,118,360,136,339,95,43,131,115,147,162,202
272,309,133,431,76,56,428,246,343,305,241,368,228,8,351,139,204,94,17,244,285,162
8,264,151,39,50,324,266,335,94,238,308,85,111,225,75,246,146,204,286,115,24,113
224,319,157,191,94,86,284,282,343,226,335,111,364,265,228,236,62,244,213,313,3,346
238,431,319,191,309,104,11,16,224,2,243,17,246,304,343,8,211,4,365,379,147,308
368,204,246,214,274,86,94,264,401,405,439,179,158,377,238,108,57,343,4,43,131,162
313,86,147,368,162,153,343,139,167,237,298,196,398,40,210,362,437,268,228,8,94,161
9,343,43,237,377,272,8,236,94,113,360,437,85,306,228,39,162,224,246,30,196,139
94,57,161,358,17,8,224,323,437,213,404,210,1,169,346,316,341,31,38,377,11,109
284,78,145,109,428,1,147,264,334,66,296,162,238,407,227,237,180,133,437,255,57,332
9,196,298,437,162,404,264,89,309,407,100,428,237,161,335,354,26,431,282,87,256,141
246,377,398,219,229,224,264,128,272,16,8,104,343,385,202,316,213,0,75,287,111,365
162,243,344,8,94,360,373,104,379,17,264,332,343,86,9,204,333,213,236,335,137,368
8,264,66,144,346,280,21,169,368,364,94,228,377,347,308,366,363,151,236,370,360,224
282,151,40,266,343,297,246,94,278,104,228,204,408,400,237,346,265,229,17,9,272,16
244,308,13,94,319,202,316,381,33,231,335,282,246,423,343,358,276,144,265,224,298,11
224,94,62,17,319,229,264,227,237,335,153,316,43,226,272,368,108,377,426,228,365,364
272,196,204,335,3,364,167,1,57,113,238,222,9,413,94,151,133,213,144,340,97,8
343,404,360,108,151,145,57,168,348,167,398,284,86,361,346,229,335,371,437,264,1,204
243,94,419,308,263,238,309,3,255,368,377,343,183,213,152,236,11,204,407,420,364,113
308,28,343,202,226,237,431,162,1,111,8,169,293,94,24,168,56,437,234,224,298,282
39,9,94,338,3,24,272,168,32,280,335,437,364,120,162,372,57,243,343,137,62,264
47,148,173,147,31,236,43,264,298,156,12,94,9,104,404,346,229,272,128,368,39,196
62,162,219,126,236,43,161,57,335,8,213,243,227,176,264,180,431,224,272,265,281,256
167,162,109,58,404,224,308,94,63,229,244,212,133,108,398,364,220,377,8,128,111,228
109,56,343,111,1,209,62,204,308,162,357,139,8,260,228,229,43,237,107,17,66,108
404,266,340,8,299,15,9,398,272,52,377,360,104,282,297,115,204,264,1,346,255,437
107,238,332,86,284,309,400,343,335,266,377,213,393,11,196,111,323,228,272,133,17,439
213,94,327,226,224,229,8,151,405,39,437,386,57,332,9,282,439,364,1,246,120,360
11,371,9,437,398,411,309,336,211,219,335,302,236,23,84,266,175,40,343,213,316,196
98,3,237,62,12,94,161,51,238,405,120,437,364,8,208,246,396,211,146,338,435,343
437,346,343,196,46,335,162,313,8,405,224,229,282,248,236,332,16,167,264,86,120,17
8,40,111,284,109,131,196,228,32,133,266,405,377,310,66,147,107,17,162,129,204,264
183,228,264,111,343,316,431,225,229,282,120,204,377,63,364,147,332,387,39,110,57,404
309,120,90,229,224,66,217,243,437,390,316,8,313,388,228,323,11,202,355,264,169,364
335,147,161,202,405,66,162,46,377,298,431,176,226,418,325,40,231,196,7,264,107,94
404,401,398,316,201,94,168,162,297,43,118,364,144,244,290,139,407,1,237,65,196,92
228,308,360,433,168,150,55,264,364,71,161,335,243,403,425,113,229,370,437,9,162,238
162,424,264,118,369,282,311,259,313,237,12,352,153,66,4,29,255,432,84,437,204,423
265,243,264,8,104,73,136,162,404,348,86,11,282,33,228,9,111,94,188,151,108,246
214,343,1,254,56,431,229,391,120,219,234,237,243,155,26,264,416,57,316,8,226,276
213,169,253,316,111,39,50,120,437,333,94,17,208,30,352,414,57,176,361,151,276,1
264,17,40,265,398,237,384,407,212,319,328,43,259,94,437,56,66,62,142,377,131,243
219,39,40,109,374,167,161,162,158,272,75,57,343,213,335,368,133,297,66,405,145,111
227,43,335,377,221,346,213,177,56,196,238,204,298,272,198,11,309,246,368,342,108,9
437,282,316,66,169,1,299,308,265,94,335,305,224,264,398,196,83,199,297,162,343,8
283,298,86,227,94,202,9,243,209,66,8,428,316,346,133,237,168,343,297,305,229,398
265,162,177,343,229,372,66,346,368,437,324,204,109,146,272,28,8,56,94,31,360,398
66,316,224,265,76,40,219,227,368,196,404,256,298,246,43,162,427,3,8,94,176,332
229,398,264,284,133,280,234,162,364,346,161,226,343,181,377,238,62,228,8,431,109,190
1,396,8,11,348,144,104,255,319,72,265,229,147,3,228,343,264,437,31,407,237,51
265,357,346,259,284,84,224,28,312,147,297,404,8,246,104,81,264,49,308,213,413,106
195,209,423,94,57,108,121,56,298,86,282,204,343,358,197,427,309,120,283,40,151,104
227,282,364,224,272,157,61,343,161,104,117,48,107,113,236,73,358,62,298,212,335,428
151,346,377,368,335,1,162,435,319,360,20,313,29,332,8,298,289,407,255,139,309,343
9,264,431,437,417,238,86,229,94,174,237,56,144,335,227,15,4,120,360,196,428,405
266,57,11,165,226,437,144,348,213,19,162,403,368,228,335,39,161,289,224,349,288,377
283,264,310,94,358,46,437,43,265,198,104,405,153,72,16,8,236,229,398,213,343,147
229,8,94,202,108,437,104,237,264,302,243,214,309,343,296,7,43,405,377,99,151,346
24,162,120,211,213,323,42,167,308,224,358,1,86,229,343,111,204,94,212,398,238,237
94,343,8,272,227,120,364,377,86,149,196,57,335,28,224,1,264,40,431,204,313,439
94,151,202,238,18,437,109,236,162,343,108,426,158,39,287,431,269,169,237,228,8,143
264,405,104,202,428,43,141,56,198,308,413,263,343,329,1,437,169,155,433,120,94,9
282,323,437,382,51,335,229,346,227,278,147,348,73,109,280,431,161,8,213,84,151,368
40,119,257,404,407,202,283,8,31,319,162,3,164,398,266,52,9,107,237,284,272,70
120,204,343,227,265,111,229,260,162,368,56,66,39,244,8,337,43,407,137,358,228,224
42,264,246,284,428,136,228,332,162,237,148,398,236,335,173,139,48,313,217,204,351,106
202,108,139,168,364,130,8,120,264,40,244,228,343,101,107,66,9,3,57,309,94,162
252,17,118,404,405,1,264,16,227,62,8,9,253,116,305,431,66,352,197,23,226,398
246,377,375,168,360,264,213,272,120,43,24,323,94,348,273,139,298,407,284,209,368,111
224,246,167,204,56,84,5,200,227,360,147,168,358,264,229,162,63,237,364,13,86,94
69,298,204,360,196,252,343,120,272,335,94,403,358,264,84,113,86,133,342,398,144,46
1,377,8,16,151,341,94,111,229,360,226,364,62,313,283,242,114,343,407,368,410,236
161,228,428,67,404,253,86,405,343,145,437,157,8,58,411,364,4,313,282,236,1,207
346,368,39,404,229,398,224,162,266,147,151,14,120,94,433,228,8,62,246,437,284,342
151,113,424,343,377,210,213,229,405,94,162,437,368,264,236,172,313,309,58,1,11,255
196,162,108,204,236,211,322,308,371,215,94,84,226,335,282,109,39,66,120,111,56,86
266,1,108,428,437,104,224,377,343,162,9,109,168,237,256,335,57,126,43,8,284,94
264,309,126,335,104,203,229,437,332,1,246,228,57,346,94,162,398,133,64,196,53,205
227,398,168,432,301,162,364,39,407,229,309,236,266,264,237,437,40,335,304,369,267,133
62,237,108,8,94,360,1,319,415,268,236,372,224,282,40,181,9,226,297,266,161,229
265,237,266,332,431,368,226,335,147,161,66,360,57,40,246,405,343,229,94,162,107,264
133,162,343,120,213,196,437,272,407,150,370,312,282,202,66,8,398,27,86,62,228,246
360,48,108,151,391,224,57,202,319,435,265,64,249,169,358,227,346,335,94,165,104,238
169,168,236,229,109,246,55,8,238,343,11,162,404,94,368,35,259,335,428,341,181,40
86,162,111,264,171,335,368,104,316,434,9,94,229,436,221,266,236,308,139,279,431,109
241,237,101,284,388,11,360,9,244,368,264,229,8,108,305,199,94,50,39,111,171,109
57,204,407,94,360,282,302,224,17,404,343,264,237,9,298,325,8,101,272,346,243,117
8,364,162,343,27,1,151,17,78,282,182,309,133,316,195,357,404,224,412,335,109,23
35,428,347,272,248,217,236,94,227,151,9,418,265,266,109,107,1,207,57,162,282,137
176,369,235,162,266,243,224,437,108,22,343,142,229,114,316,169,144,264,282,404,309,8
229,71,343,284,255,265,94,212,319,358,8,266,364,228,89,247,335,50,224,209,162,107
