8,139,43,12,39,428,229,94,407,272,233,11,110,348,221,360,393,228,335,1,204,62,346,111,145,295
94,243,229,319,147,403,234,120,343,8,40,244,368,360,346,264,162,404,398,204,126,324,111,272,284,335
335,313,407,346,243,342,8,108,237,204,195,124,49,437,404,283,246,360,314,120,66,95,323,308,358,343
377,167,169,404,229,151,237,283,147,17,343,346,94,43,84,172,364,368,373,234,52,204,39,219,431,308
109,264,309,101,409,387,412,398,437,346,62,226,243,391,335,284,246,120,238,227,229,308,358,168,204,165
1,282,83,398,343,437,133,402,212,162,243,147,202,423,49,8,431,404,237,87,346,151,272,335,109,298
162,349,228,151,335,316,111,56,319,237,264,324,224,320,265,226,202,272,273,17,313,207,346,305,145,348
213,264,108,272,404,8,364,335,94,398,191,16,244,60,322,151,63,323,266,162,368,9,405,297,346,138
120,348,56,65,49,244,94,75,373,108,231,66,308,282,260,43,202,309,437,237,97,121,174,111,233,192
343,316,192,94,5,368,213,118,180,338,404,244,428,147,168,272,107,133,41,298,48,274,8,162,283,437
328,368,352,266,305,207,218,86,436,196,227,161,60,228,8,332,238,225,398,405,309,71,1,162,9,240
374,270,9,84,28,229,305,264,335,109,66,162,111,167,113,377,3,343,266,228,316,346,16,40,94,180
404,238,407,201,266,114,316,343,56,199,297,335,162,294,368,108,228,43,433,305,204,265,2,226,185,139
9,382,423,343,428,284,161,2,405,407,229,309,237,297,3,131,332,196,429,377,66,244,272,313,253,45
264,151,46,204,377,404,148,66,48,343,3,144,237,57,405,309,147,8,224,43,236,196,52,168,358,265
236,40,319,369,305,377,404,264,309,86,17,368,8,282,213,246,51,193,418,162,202,238,383,224,204,420
295,346,219,67,377,104,405,229,8,151,169,227,209,332,237,192,202,111,283,162,236,204,196,439,358,335
227,286,332,215,238,313,377,407,8,111,264,72,282,272,133,94,213,62,168,1,343,323,161,360,412,364
8,246,254,390,224,404,108,236,264,51,19,346,94,381,377,48,391,62,35,298,9,272,313,309,308,382
398,405,385,202,404,86,368,228,213,40,431,162,131,264,243,39,9,17,224,107,11,57,369,94,28,343
237,377,108,169,368,107,144,431,94,332,219,437,213,308,62,303,209,162,196,178,414,110,9,17,266,147
120,269,176,152,227,431,3,345,226,224,57,398,317,11,437,38,108,94,289,368,377,9,346,228,343,161
264,219,52,272,291,151,437,62,57,94,209,389,407,282,71,121,346,43,107,226,202,283,79,335,319,404
46,21,266,236,384,89,313,106,64,101,120,39,94,8,228,364,264,62,224,335,28,360,237,110,238,377
334,120,364,398,204,323,163,335,8,360,343,237,3,221,244,155,94,100,316,162,213,184,309,264,201,437
360,204,229,139,298,346,210,224,167,56,237,133,9,259,104,120,111,226,305,364,282,324,39,404,27,94
8,391,358,335,94,9,11,308,214,299,238,316,196,437,211,61,305,412,273,84,56,167,343,139,162,66
226,111,289,236,66,368,196,162,17,229,225,335,427,255,120,43,316,94,109,323,9,8,28,217,309,435
428,341,3,86,297,343,32,229,377,40,181,107,298,266,360,9,286,404,244,429,433,162,211,169,204,72
120,131,228,437,416,94,309,219,264,17,246,11,104,336,176,368,398,162,1,405,364,319,64,3,113,147
264,8,298,303,429,437,94,428,308,164,398,364,255,148,360,196,133,266,66,430,161,343,368,111,309,127
364,19,151,228,23,429,368,298,264,229,120,404,272,193,144,284,412,162,17,204,139,297,243,111,227,234
139,275,213,298,94,368,346,358,416,404,8,107,264,437,260,55,111,115,113,392,56,228,309,158,236,162
31,238,428,313,377,66,266,227,336,264,398,282,345,404,272,367,229,364,265,94,202,43,120,8,370,343
86,313,94,264,398,120,228,400,229,377,361,43,133,208,8,305,213,368,96,360,151,76,244,335,421,243
169,288,316,327,346,377,246,360,189,15,237,109,343,229,8,88,383,144,25,178,298,381,199,426,230,264
162,272,316,8,284,417,227,319,104,335,199,151,207,103,229,204,3,398,94,228,190,309,429,196,419,218
437,9,134,237,142,169,364,94,56,208,72,125,133,401,380,272,104,305,309,335,109,346,360,147,139,111
248,94,346,282,364,267,236,243,224,360,161,298,107,305,151,264,272,325,255,246,229,17,343,43,213,196
56,94,108,405,282,269,109,346,237,213,196,335,343,390,309,24,228,333,162,3,227,437,439,17,408,8
133,24,62,289,151,252,275,169,100,111,358,104,237,4,162,228,431,405,377,298,148,353,316,437,177,213
266,350,8,437,251,57,238,94,282,264,348,272,109,398,62,236,284,141,17,227,368,298,316,224,425,377
151,368,237,313,437,161,264,204,431,45,343,94,142,162,169,266,430,19,120,229,358,62,398,17,111,167
285,264,335,105,176,346,17,6,297,162,308,166,228,39,237,161,241,236,272,373,354,224,266,112,227,32
16,43,202,229,244,8,66,214,228,427,213,405,283,112,94,237,225,284,437,176,4,3,162,377,343,185
11,228,162,368,43,229,108,94,272,364,305,168,9,237,31,196,332,346,264,423,1,8,219,335,404,167
282,181,168,229,264,94,9,360,297,316,108,428,343,227,236,272,238,54,221,246,202,1,265,262,237,2
266,227,228,145,39,9,56,238,52,256,335,176,243,343,120,282,1,67,368,265,212,364,237,163,405,116
24,89,169,151,120,431,319,16,368,313,346,433,377,264,1,224,86,244,204,298,23,66,335,407,418,389
67,108,247,8,59,213,377,17,228,162,398,272,94,227,428,236,40,265,346,66,196,229,197,43,104,62
162,94,40,151,358,222,309,227,274,113,56,372,8,22,380,109,57,343,362,323,335,196,219,147,226,17
364,405,377,431,346,358,17,94,226,111,162,8,428,229,343,265,228,117,167,102,236,316,368,250,323,199
246,227,244,404,1,424,332,237,405,284,8,40,139,62,3,12,309,25,119,435,316,17,120,117,272,196
282,437,309,31,104,319,271,17,162,228,57,229,308,435,41,284,298,34,10,66,169,94,62,264,151,343
282,437,358,237,141,272,66,353,228,360,39,62,312,204,190,169,264,43,431,136,322,266,316,227,108,128
8,283,325,308,88,343,144,229,169,272,162,335,158,111,168,94,120,228,1,196,108,332,214,276,297,39
235,304,69,398,368,94,343,335,403,360,25,229,237,236,86,266,332,17,404,291,428,109,3,313,113,264
277,398,147,57,377,72,8,284,222,26,313,111,272,58,227,144,246,75,66,204,404,228,264,107,316,299
62,358,162,39,3,309,83,343,155,16,252,282,58,226,144,224,57,407,47,142,102,229,378,264,335,266
208,56,228,147,127,369,348,264,7,219,428,323,34,71,224,8,235,244,309,120,266,66,316,364,332,108
264,297,284,266,39,120,380,196,151,30,282,426,405,10,202,161,323,213,175,135,176,335,237,437,3,9
283,8,272,343,144,338,219,437,368,66,228,86,308,255,161,264,424,256,358,250,167,108,104,224,3,39
196,334,437,358,252,219,16,40,120,94,401,44,63,162,148,136,1,368,316,335,213,217,87,8,309,346
387,213,228,168,139,346,404,229,8,43,293,207,264,377,94,282,193,17,62,220,237,343,151,337,393,202
282,332,62,211,405,343,204,364,294,402,228,237,388,284,148,77,144,298,66,398,335,57,346,406,116,8
108,284,437,162,264,161,398,321,332,237,43,323,131,8,53,319,287,19,94,181,228,309,238,214,227,380
264,398,104,58,228,272,167,196,343,133,62,227,388,17,403,309,8,257,11,404,236,288,244,431,284,415
58,62,8,94,162,283,57,167,240,404,260,120,224,262,437,332,431,343,335,151,282,227,136,360,264,56
265,17,244,419,162,42,120,368,237,203,437,104,264,228,147,58,238,9,282,257,431,1,169,204,229,11
96,377,237,308,340,213,16,9,111,1,3,368,104,244,168,313,193,309,84,229,272,283,431,282,109,257
202,1,108,42,368,9,219,264,62,161,61,94,144,407,385,323,226,308,343,139,120,309,192,213,405,49
284,40,61,335,264,8,111,228,14,212,120,431,229,305,210,254,313,272,42,62,144,398,231,43,283,20
323,57,24,9,282,11,295,381,147,369,246,405,354,94,5,364,8,307,407,327,245,185,264,204,437,168
228,62,144,405,286,226,246,94,309,437,34,346,204,332,401,343,185,107,265,360,151,162,237,342,9,436
133,256,167,343,377,43,226,368,29,323,262,130,168,358,264,162,63,177,388,94,422,139,17,113,213,273
254,151,40,107,91,264,228,162,185,2,340,265,293,56,196,66,84,360,237,114,346,244,62,1,308,321
437,229,264,8,12,213,283,57,94,25,39,224,405,404,1,161,335,120,400,66,364,267,238,111,323,272
101,244,272,288,226,156,316,195,343,238,196,162,31,283,3,335,1,10,9,11,84,266,94,161,29,213
94,114,308,17,358,323,377,370,162,431,319,316,113,243,168,43,343,228,341,8,335,1,404,3,213,16
398,272,109,228,8,265,108,323,237,162,78,415,335,213,345,9,151,428,69,167,161,217,229,246,107,332
346,226,282,364,169,264,404,393,284,94,227,414,343,368,303,204,11,57,266,162,319,104,28,17,224,130
360,338,335,229,404,298,57,283,139,162,270,437,303,272,265,310,16,8,364,237,9,264,213,368,74,37
56,161,407,9,437,246,316,380,108,237,196,319,405,66,208,94,298,224,284,8,151,43,365,404,368,111
11,169,40,385,39,213,228,142,244,360,16,3,343,107,437,303,62,151,298,110,224,316,404,335,86,133
66,227,266,343,176,160,398,308,21,340,364,282,162,222,437,431,224,133,335,289,229,168,9,204,365,56
8,297,47,335,168,358,228,343,368,113,43,298,161,176,437,272,405,177,162,296,236,104,202,284,282,229
398,9,80,236,227,377,323,282,313,155,335,225,161,304,3,360,196,153,104,57,271,162,437,272,204,1
1,229,228,356,94,365,11,89,162,368,309,238,111,226,437,272,64,169,109,246,151,360,431,305,332,304
337,158,224,229,94,313,196,265,368,244,264,9,178,236,243,144,360,176,437,162,207,343,346,17,68,237
274,94,83,26,167,135,8,343,405,360,76,178,1,228,401,2,213,224,104,43,3,346,364,244,284,162
167,104,404,343,348,229,94,213,312,1,368,3,150,437,8,9,398,283,17,111,282,433,228,236,57,417
35,193,283,264,237,99,167,309,16,404,57,162,358,272,107,343,407,228,398,179,94,219,169,58,8,192
343,213,196,398,309,151,431,108,265,250,428,264,332,308,290,312,150,162,84,229,246,43,94,437,241,3
108,57,219,398,202,94,434,332,237,244,377,67,368,161,8,228,130,45,229,335,364,9,227,162,308,107
17,344,246,8,313,139,370,277,266,49,325,264,111,84,343,364,340,397,411,308,75,109,219,89,298,19
404,297,237,196,224,332,227,428,213,50,43,204,39,426,9,151,319,8,16,120,363,305,335,111,176,167
346,202,144,283,200,313,357,8,17,108,162,274,43,264,213,229,120,406,437,265,1,285,224,118,196,11
238,98,162,147,226,396,108,406,237,209,343,229,227,213,305,94,57,265,224,228,9,137,368,407,298,266
240,120,228,237,345,333,246,368,266,224,284,134,144,264,375,28,364,319,346,107,8,56,202,1,348,265
8,162,81,202,120,236,229,377,264,108,321,94,225,213,224,215,117,88,323,243,358,169,139,111,221,335
253,259,62,272,398,332,346,364,82,162,361,282,237,202,343,246,394,224,392,9,219,57,69,94,244,133
104,147,264,120,57,43,404,431,368,308,20,394,84,428,139,3,225,9,288,437,274,109,8,229,343,108
377,38,246,410,358,196,122,431,297,111,105,94,282,321,437,222,364,350,266,8,237,3,404,120,405,162
17,8,202,94,404,240,57,332,177,229,56,298,43,172,394,283,286,162,10,161,35,343,428,433,323,213
343,377,120,195,84,314,362,94,151,211,244,43,11,264,341,265,181,405,404,389,88,437,309,86,372,308
360,282,345,17,269,1,86,46,272,202,8,104,43,368,332,162,404,305,249,39,425,224,205,279,94,264
229,224,343,196,332,151,52,305,94,290,335,254,226,377,265,266,243,437,1,358,368,152,433,97,250,167
237,332,226,364,343,246,133,111,244,66,120,35,437,266,94,282,8,57,316,227,431,368,115,264,168,58
246,8,228,398,113,94,264,167,161,343,332,43,282,237,56,364,431,266,107,272,98,73,323,219,139,183
226,274,111,94,346,8,115,361,311,231,437,167,237,161,264,196,238,343,57,17,219,424,313,109,228,104
144,8,405,265,151,120,237,147,335,417,46,309,264,94,219,28,365,236,162,229,84,284,226,169,11,364
366,339,348,343,319,108,335,1,103,215,231,309,162,364,39,139,298,326,313,111,228,8,297,57,60,320
309,71,198,108,316,228,117,111,407,332,358,57,127,43,120,86,262,343,162,226,219,196,290,6,288,265
162,282,192,12,220,185,118,224,9,46,229,78,16,283,428,8,437,398,364,323,188,343,237,228,163,295
309,145,308,271,229,238,241,113,70,57,368,119,343,147,284,108,346,437,54,8,264,377,20,428,162,39
346,8,335,17,286,428,162,305,109,102,133,43,213,375,113,405,236,228,437,104,354,66,301,266,264,231
86,56,204,368,237,162,111,316,9,8,437,104,343,40,298,213,428,151,228,337,313,338,16,169,236,75
37,405,228,398,8,424,332,295,343,238,94,255,227,437,350,120,43,377,15,157,272,264,202,355,144,163
16,9,437,343,313,62,94,167,139,332,368,66,151,204,335,433,358,264,57,228,395,316,202,291,41,298
237,107,312,429,404,162,343,297,323,213,8,203,282,298,368,144,195,236,407,85,66,264,313,428,43,431
168,94,8,169,227,244,117,297,226,316,68,137,9,119,228,229,237,264,350,236,368,147,305,335,343,243
108,75,377,388,9,130,62,428,215,8,324,115,264,202,323,66,3,236,437,96,111,50,229,266,404,360
196,255,308,238,313,229,264,109,8,343,377,282,162,335,120,108,437,228,263,346,202,9,363,368,17,328
362,66,9,8,377,335,62,136,316,358,227,202,111,109,433,375,1,245,139,169,94,364,186,166,229,17
43,437,90,313,428,309,272,346,343,108,104,282,226,228,386,297,283,264,120,219,237,332,431,8,236,295
265,411,343,20,362,358,316,161,66,227,151,113,162,346,8,272,246,394,431,266,94,226,39,382,407,437
264,94,308,167,323,243,380,57,368,224,83,343,377,107,428,309,98,196,202,1,415,272,62,162,437,43
292,54,308,437,309,435,224,94,9,343,408,282,126,82,157,57,168,419,196,228,439,263,8,433,104,16
227,282,237,94,162,265,204,151,368,343,272,147,11,238,398,424,228,264,167,8,298,229,290,389,302,17
70,406,229,151,16,358,13,133,346,298,224,228,120,405,17,305,407,297,75,196,309,377,246,284,308,265
404,76,113,229,264,430,146,343,167,226,377,398,40,56,364,309,360,373,332,168,11,319,431,8,111,272
368,401,399,335,246,115,113,111,364,134,94,344,16,391,202,377,147,282,360,406,264,120,272,229,213,428
246,264,428,323,151,67,109,86,38,94,132,272,26,228,377,335,17,346,368,399,35,168,437,237,360,196
204,111,17,236,343,237,284,167,265,246,43,323,56,308,341,39,151,162,219,407,244,185,266,298,139,120
282,8,335,66,162,343,398,292,364,202,204,264,435,229,237,144,161,111,424,228,84,241,9,437,207,151
229,323,267,377,8,321,343,219,204,309,116,108,107,252,162,73,308,169,282,211,9,156,264,340,280,111
162,161,264,368,251,272,167,237,169,11,236,305,144,219,343,282,398,238,360,99,120,52,358,335,94,133
57,40,264,6,107,224,228,151,134,108,120,237,272,162,377,132,368,282,341,19,431,196,297,243,238,30
358,111,238,3,346,357,229,428,168,308,309,255,343,8,169,94,228,202,162,40,54,246,323,167,336,362
313,8,70,428,405,312,404,264,57,204,40,377,369,106,236,3,356,309,347,155,319,14,284,94,195,171
343,272,431,9,229,305,273,197,360,224,4,377,437,196,8,208,144,219,380,94,158,11,202,253,213,311
368,108,16,264,398,151,10,158,1,94,104,195,43,168,244,291,364,216,56,308,139,120,14,84,407,8
284,385,423,259,348,196,141,343,332,144,47,16,437,15,108,151,104,107,228,120,28,62,272,229,60,224
168,207,264,219,312,46,391,284,151,377,163,17,379,346,62,150,224,147,133,308,43,11,113,8,228,236
202,111,229,1,134,264,405,297,284,94,39,57,269,144,17,236,266,398,360,228,207,343,323,204,196,244
111,228,224,264,308,40,307,309,116,139,323,284,5,148,8,87,405,237,17,246,128,364,147,319,282,169
8,111,313,305,316,139,265,213,66,341,229,86,261,102,243,75,323,295,368,147,272,219,369,246,108,192
308,343,228,335,360,398,316,283,368,56,238,35,43,94,26,196,11,297,235,229,113,139,243,224,86,411
162,343,377,3,163,161,79,94,56,229,328,11,40,142,201,237,28,204,316,151,8,368,109,17,224,95
144,246,264,3,368,437,377,295,139,308,351,431,9,8,272,16,56,289,346,224,419,228,73,156,169,229
243,162,246,276,316,348,398,62,238,72,346,111,237,282,94,134,1,165,4,229,313,319,226,377,141,194
219,346,335,8,382,404,246,431,66,204,151,332,43,368,31,364,236,1,396,323,56,133,113,437,212,166
272,139,332,377,284,360,57,335,364,141,224,8,282,133,351,94,271,310,17,66,405,331,229,244,144,168
66,386,134,227,8,62,248,224,104,1,11,411,346,108,272,316,428,213,266,144,335,238,200,405,57,308
158,364,229,162,332,151,156,111,266,20,8,227,437,243,387,224,431,246,398,346,196,238,404,43,358,386
147,1,9,120,385,335,245,8,346,168,428,279,167,213,196,17,183,151,377,56,237,386,437,16,281,332
88,162,224,48,404,1,265,336,215,84,104,296,437,54,364,346,283,390,266,338,227,113,73,335,243,127
316,253,404,228,17,94,264,213,252,9,437,244,338,272,394,237,227,84,8,236,224,431,337,4,92,331
237,8,203,229,238,90,120,321,207,365,73,368,159,17,206,169,304,346,9,398,282,360,255,358,319,264
40,94,266,51,264,368,196,147,398,139,162,151,422,305,109,168,8,335,400,244,405,403,360,15,218,256
208,323,265,384,309,25,264,108,437,57,237,2,245,282,39,228,89,168,227,428,224,161,398,3,364,360
43,266,138,437,298,361,377,22,8,213,94,113,238,282,283,335,33,55,126,368,229,274,5,1,237,428
266,94,219,238,56,368,8,3,405,246,242,439,147,237,259,332,419,282,286,118,312,316,298,407,236,362
97,229,424,228,364,305,94,309,162,35,16,77,17,351,237,432,383,431,438,147,3,373,437,39,8,333
196,141,227,17,343,154,224,111,8,162,94,238,113,306,35,178,69,171,129,66,9,31,424,358,433,368
17,244,266,94,391,8,343,299,120,264,50,204,128,228,213,144,152,439,237,319,437,243,238,305,245,308
343,46,310,74,151,334,243,3,30,196,113,347,55,300,228,227,86,397,305,335,425,316,264,120,298,244
148,196,107,305,43,377,405,237,272,368,151,264,313,236,303,104,227,346,300,343,39,1,437,109,113,8
264,19,86,172,8,309,308,341,377,168,9,107,343,236,204,212,111,266,169,226,162,147,368,256,39,94
104,169,368,284,377,16,341,43,161,228,370,412,144,42,237,229,162,1,153,305,2,94,297,364,167,261
9,39,229,161,134,104,218,162,404,120,265,321,244,227,236,12,392,248,309,168,266,386,1,377,98,8
343,62,247,229,265,69,246,264,282,318,236,61,202,134,8,1,309,346,196,204,437,377,168,17,93,221
9,156,17,266,333,213,226,309,377,94,172,30,308,346,323,196,204,1,316,282,66,161,437,263,335,332
144,11,265,402,130,66,171,94,17,93,200,213,346,224,284,62,316,360,88,8,228,9,272,162,404,86
428,196,238,110,151,364,8,112,202,213,343,411,287,246,52,17,244,161,162,272,377,173,348,332,137,63
111,428,167,196,104,202,228,266,343,56,116,9,355,139,377,398,60,39,335,147,213,305,324,82,120,229
104,167,428,219,120,196,264,162,9,229,236,224,158,237,266,343,335,368,284,400,84,151,360,424,66,8
109,43,228,202,229,57,371,104,368,120,236,162,316,8,1,360,265,343,139,178,254,34,246,437,39,148
283,398,79,68,108,8,107,236,238,113,11,368,420,1,343,393,272,213,226,14,229,94,86,298,120,104
168,169,358,94,31,63,57,309,237,84,405,236,284,382,377,335,187,257,351,8,323,437,83,416,229,172
151,1,343,94,332,86,244,272,43,358,398,224,9,246,162,407,238,264,285,113,335,120,415,387,196,255
219,413,8,437,120,207,343,66,228,229,196,10,56,197,54,62,377,360,346,370,199,428,368,284,162,324
107,244,227,196,202,437,228,348,297,204,8,271,147,404,16,229,364,319,219,323,57,92,4,101,335,151
264,297,153,226,151,383,8,396,62,335,437,343,407,237,17,332,246,209,364,427,162,289,360,94,29,228
125,162,407,317,62,9,361,227,313,433,404,316,86,272,237,104,94,405,283,108,323,437,229,434,243,196
343,323,368,196,62,360,94,202,86,9,108,45,265,67,209,398,215,233,437,224,237,377,346,56,264,109
404,224,407,233,437,9,17,8,343,110,85,231,264,266,130,282,237,108,377,196,265,335,109,270,39,177
348,321,62,358,264,284,335,63,313,237,40,265,423,108,204,54,133,228,196,244,257,155,319,407,9,1
266,309,282,238,161,27,298,43,112,246,104,319,374,224,83,111,196,202,335,141,407,62,265,162,316,169
394,202,167,16,43,151,377,152,274,213,228,346,305,57,343,204,387,144,8,84,102,23,323,219,332,68
412,32,236,368,265,139,109,224,405,202,86,266,272,113,343,304,169,167,147,162,367,8,181,264,358,238
305,143,8,224,204,405,66,9,120,55,431,332,272,23,228,347,346,434,162,437,398,169,40,43,108,12
346,348,437,8,349,243,135,162,31,320,202,276,237,353,343,368,138,372,364,373,213,272,218,62,362,196
287,17,111,1,316,24,282,113,0,188,102,259,298,313,50,368,308,265,162,335,437,54,94,228,108,8
246,264,86,109,160,120,343,104,265,243,9,139,31,17,259,429,332,282,360,346,94,39,161,368,169,108
224,437,323,284,168,127,297,236,94,120,26,213,417,308,233,111,237,335,266,137,343,243,265,1,196,40
290,43,162,20,39,227,358,229,418,120,323,73,8,264,169,365,94,196,317,86,368,343,58,341,90,238
264,45,358,169,244,225,404,265,120,213,266,73,407,86,335,84,11,23,15,168,438,375,272,40,319,346
39,40,317,176,237,406,8,265,224,139,335,368,427,107,319,182,168,17,66,268,244,262,305,286,147,365
224,228,179,284,96,213,108,332,109,265,11,163,147,31,107,346,243,343,229,161,133,66,282,272,264,40
94,232,8,1,246,223,39,237,393,437,62,407,224,160,43,321,377,309,346,162,31,271,343,243,16,229
94,102,139,9,8,162,202,238,161,283,377,97,435,360,309,52,264,1,3,224,346,343,228,181,272,236
17,213,94,437,8,386,39,236,335,366,368,1,343,108,151,72,272,404,120,9,264,229,111,62,16,34
126,228,39,319,62,94,113,252,191,9,346,1,322,8,368,118,174,224,61,364,204,86,377,270,264,111
415,8,9,213,405,219,224,368,186,202,402,236,259,290,229,11,66,246,151,437,187,62,428,335,210,43
266,285,437,264,86,78,237,238,404,226,213,343,236,94,62,7,43,240,119,407,346,17,108,26,246,147
266,56,8,72,46,437,420,264,162,10,343,57,252,11,202,309,120,90,213,368,229,40,111,114,130,228
144,407,22,229,264,398,316,60,282,113,8,244,266,377,11,16,139,127,183,226,339,162,48,262,94,75
147,161,319,363,264,16,66,428,40,228,312,237,385,187,104,241,119,244,113,343,162,11,48,23,282,57
243,62,94,151,147,229,120,332,1,405,269,133,196,213,308,23,109,97,358,8,169,368,246,343,297,407
282,335,34,17,346,309,113,77,224,212,229,343,353,58,437,9,248,111,213,438,264,94,62,144,169,237
228,282,94,346,8,323,437,111,120,151,259,244,335,213,17,63,389,238,224,319,233,264,401,108,237,86
107,266,265,104,358,272,94,264,188,236,401,213,343,62,364,197,8,407,298,130,271,9,111,406,377,300
94,113,236,282,277,418,202,264,204,17,416,423,364,104,429,394,398,228,305,298,8,265,108,16,343,162
229,272,404,411,108,343,4,305,1,335,200,124,213,111,196,228,319,422,212,209,202,9,437,266,359,62
274,275,437,127,262,117,3,162,108,264,243,282,151,237,346,219,133,43,1,94,149,109,11,283,144,120
272,43,139,162,237,229,213,118,265,399,108,84,282,196,332,18,398,297,377,340,385,437,12,343,266,1
43,113,368,343,70,196,246,407,162,86,266,308,94,89,24,238,431,267,151,9,8,270,297,226,313,237
43,264,19,282,3,335,265,343,312,309,120,1,167,246,204,139,94,108,313,8,337,202,322,229,284,211
66,437,335,226,229,23,57,84,56,172,428,261,251,332,104,282,268,8,17,157,94,228,272,237,169,32
360,213,229,262,168,266,134,368,162,319,111,364,264,69,236,108,227,243,8,246,9,94,228,138,398,343
243,358,257,244,73,404,72,343,305,94,1,352,299,406,43,309,335,211,183,437,62,405,422,39,86,204
219,407,358,94,8,266,297,264,238,437,288,54,104,308,398,369,213,244,353,316,368,343,325,121,309,109
405,111,238,240,437,169,200,104,71,1,244,343,224,53,108,9,120,100,364,219,56,24,94,431,377,264
155,264,316,162,229,297,238,335,237,161,246,3,8,69,274,368,437,86,284,346,404,283,110,111,377,323
94,282,338,226,162,144,346,308,348,87,227,57,264,313,337,131,39,246,296,191,428,113,43,219,405,238
204,368,72,8,389,272,11,10,111,269,398,162,57,86,295,120,88,113,62,9,359,94,196,107,26,150
431,151,244,346,162,229,437,305,236,8,364,275,40,387,407,308,56,167,224,237,9,94,429,169,345,124
43,283,229,162,68,66,236,372,111,3,437,196,345,272,266,224,294,398,343,169,107,11,94,161,88,298
428,224,8,43,16,4,227,343,237,283,144,266,109,241,308,316,54,172,376,89,66,151,236,264,72,364
43,229,219,104,196,107,118,343,316,292,339,224,11,282,155,76,368,264,113,147,319,298,416,360,17,20
437,56,282,308,99,162,8,224,364,226,379,329,259,237,305,106,228,247,213,335,71,211,58,167,140,343
12,229,364,404,34,1,89,176,109,236,94,111,204,227,377,346,213,237,333,437,384,162,431,392,108,104
111,8,305,57,272,51,309,108,148,410,368,437,222,94,266,358,282,204,319,364,228,246,264,237,135,298
213,364,1,237,341,94,358,305,24,11,40,108,265,133,39,403,56,228,62,8,107,437,269,307,113,66
267,169,8,111,268,241,431,66,346,161,424,196,265,238,213,377,335,284,151,405,343,17,319,411,437,237
316,272,202,437,229,62,309,161,266,253,11,335,9,95,162,43,297,171,8,118,282,237,265,346,377,108
8,272,299,237,228,316,358,279,405,364,323,246,74,407,94,335,66,43,404,1,139,144,243,39,236,238
264,265,220,58,8,377,11,62,189,224,397,139,426,131,15,94,398,133,316,424,344,120,364,237,229,39
86,377,393,162,346,229,382,260,5,165,144,266,16,127,17,276,272,273,11,3,88,398,343,364,219,264
282,120,226,84,398,364,247,289,8,335,313,38,237,360,229,236,57,32,283,94,147,161,224,228,238,266
151,393,404,72,364,351,228,343,263,134,329,358,318,437,284,298,62,313,66,305,208,431,88,405,98,243
368,437,66,222,8,10,428,94,229,278,5,9,284,120,404,358,236,35,283,353,207,327,183,168,161,213
219,298,229,343,43,94,316,246,16,283,244,39,237,297,360,1,191,407,196,264,226,38,9,151,358,12
364,346,235,298,120,431,108,106,377,297,133,224,94,196,316,437,319,422,57,70,404,32,109,17,42,66
264,383,57,94,240,364,424,332,227,12,1,405,111,377,246,346,43,213,172,17,224,437,343,104,89,9
264,291,94,272,305,43,108,254,335,187,71,285,346,229,377,16,82,134,364,109,437,383,8,247,349,107
368,84,204,169,109,42,260,285,313,177,166,104,346,45,111,309,202,228,162,40,226,280,57,8,324,94
346,293,398,226,113,266,224,264,162,8,213,120,130,94,343,228,4,229,348,36,131,377,57,316,282,2
229,428,343,94,120,335,252,8,54,207,236,246,3,302,147,139,104,52,309,1,167,424,314,228,377,224
10,298,1,116,57,236,40,162,120,335,94,264,237,404,303,43,27,196,428,227,283,313,66,17,133,213
371,104,39,430,264,22,8,308,224,94,296,237,162,86,228,299,273,144,343,350,346,49,108,226,202,64
319,59,323,368,346,305,343,237,242,283,17,49,308,113,313,334,224,8,383,320,213,214,428,298,228,235
196,404,204,218,99,219,9,385,343,8,78,236,16,10,237,162,144,333,400,88,435,437,377,398,374,233
94,275,202,348,237,1,9,113,244,264,228,224,108,199,342,431,169,364,351,56,129,219,12,227,162,19
297,104,12,246,263,381,309,8,437,56,228,84,108,55,238,283,377,360,361,293,169,368,40,284,332,17
228,240,297,416,264,162,213,374,9,1,346,316,17,332,321,387,94,359,404,319,364,246,305,169,272,323
213,227,8,94,346,17,162,14,111,133,358,229,360,117,84,177,2,66,335,169,156,398,57,236,192,297
236,62,151,228,207,398,343,319,428,104,335,58,272,266,332,9,224,364,113,376,11,264,131,204,97,346
76,404,149,364,17,431,266,243,176,208,224,229,213,228,348,94,437,246,9,343,313,309,272,336,111,186
272,94,269,238,437,365,358,8,407,348,185,428,161,335,7,436,321,305,162,290,248,17,275,346,72,343
23,282,364,35,308,235,244,335,237,57,185,8,343,1,246,86,358,229,94,339,120,392,236,266,167,161
229,303,160,192,264,428,346,246,398,335,323,17,16,66,228,345,309,43,75,332,437,343,94,352,282,147
283,9,400,358,11,379,168,94,8,266,156,107,405,265,332,264,132,147,10,108,377,162,213,282,229,364
267,4,9,404,94,237,8,226,309,298,265,384,264,244,84,167,120,416,343,169,113,305,308,202,274,228
329,40,335,104,294,312,202,43,94,86,167,338,26,67,272,412,284,244,431,266,275,237,298,16,368,236
147,229,219,83,431,162,364,332,161,398,437,94,96,407,250,167,404,388,313,66,373,428,120,34,43,237
219,246,359,120,213,226,265,329,335,319,224,434,343,272,8,427,405,266,124,364,298,237,368,437,264,111
84,242,155,435,368,17,266,248,133,428,8,398,19,113,107,335,264,56,164,228,238,332,237,285,94,224
411,17,178,202,226,8,346,227,424,34,343,213,243,162,111,236,282,215,335,303,398,9,409,128,313,108
108,147,224,437,238,381,308,130,231,162,45,309,305,266,377,1,433,407,114,43,107,84,94,319,17,141
88,62,343,7,213,56,238,298,437,113,172,3,244,246,8,428,346,221,94,44,272,404,43,59,243,17
243,2,377,151,364,232,327,390,202,144,32,213,162,428,323,134,118,274,434,259,34,8,224,335,344,227
139,8,56,151,202,196,246,213,62,316,284,283,437,40,108,428,224,265,343,377,360,404,264,168,57,353
421,319,8,402,220,325,213,3,227,11,316,398,172,162,5,222,108,332,348,56,265,167,229,431,357,407
372,244,94,398,162,224,9,368,405,219,431,266,278,107,228,265,86,359,11,113,264,211,404,1,57,282
8,193,321,62,335,237,318,243,227,313,360,203,224,104,419,236,229,213,428,17,238,168,323,161,111,81
213,258,56,113,332,8,264,309,246,298,125,423,354,437,313,16,439,108,295,411,274,299,408,94,306,346
229,213,264,319,437,265,58,94,40,224,309,332,398,284,8,343,153,113,56,417,298,62,147,335,9,368
224,368,144,104,282,437,113,15,94,318,169,108,226,390,407,344,8,428,131,431,213,346,1,404,162,246
238,45,133,16,162,159,392,44,437,272,323,360,39,264,368,244,229,309,46,335,228,151,111,86,57,227
1,8,313,266,398,377,273,108,272,94,56,343,62,86,243,358,40,229,57,55,120,144,213,402,263,404
405,94,421,404,238,236,368,111,229,202,438,10,343,174,332,228,9,8,37,272,71,108,43,45,168,264
109,66,437,241,360,343,309,222,8,26,71,335,281,346,3,333,204,108,316,264,229,113,163,172,60,431
56,319,197,120,236,8,343,360,305,42,147,9,404,228,45,264,39,139,400,191,282,213,162,48,428,346
113,431,229,394,89,142,364,202,1,266,86,252,404,272,162,40,9,228,115,227,368,236,104,377,283,237
236,224,313,213,323,226,332,112,364,58,196,204,168,343,62,120,159,437,57,161,10,309,45,76,282,346
316,244,177,161,94,162,264,398,113,381,238,438,437,213,272,107,11,202,151,283,242,335,110,343,104,144
120,7,4,213,266,3,136,2,6,237,94,66,236,368,346,11,298,332,147,164,243,86,264,169,308,74
86,293,47,305,139,359,221,419,246,428,282,199,66,76,94,48,167,405,151,8,17,272,304,12,284,133
229,104,17,66,399,54,377,9,343,404,94,202,41,324,246,153,238,228,346,428,83,298,282,437,281,52
337,94,55,325,437,422,108,309,351,9,264,133,162,360,246,220,109,8,282,4,308,377,17,57,343,202
233,213,226,236,422,196,8,151,104,84,162,282,289,343,111,144,428,228,298,360,120,39,309,109,204,43
43,128,266,56,9,346,162,196,377,406,407,113,161,138,109,111,169,431,17,236,437,264,228,76,11,66
94,319,147,282,111,224,335,243,200,272,228,364,377,266,264,62,8,107,204,139,164,26,305,74,244,343
8,114,237,62,133,17,9,364,70,120,335,162,246,76,229,168,104,308,75,343,368,11,40,151,80,319
323,181,405,147,404,9,371,94,144,286,66,237,120,428,43,262,1,47,8,5,339,56,272,343,84,109
237,144,410,8,109,282,66,407,147,236,80,162,16,94,356,161,308,19,140,266,395,437,312,128,52,360
199,236,431,62,213,9,265,283,343,11,161,282,398,17,246,59,264,183,8,437,284,309,255,346,411,424
146,202,111,428,40,9,113,227,368,272,246,8,222,236,172,283,94,176,62,374,328,108,229,95,185,224
335,262,263,24,297,94,321,162,17,328,364,8,264,133,266,228,180,113,282,319,224,429,166,360,437,343
93,266,9,224,332,204,346,62,131,78,264,151,168,107,237,161,282,162,368,8,416,335,227,313,323,117
147,151,237,282,264,39,213,43,175,38,229,94,431,88,398,246,404,297,343,377,172,162,113,335,228,346
406,243,398,264,66,141,130,428,335,236,222,343,346,94,272,151,332,168,162,419,308,227,8,176,368,405
237,227,364,144,213,43,8,162,62,151,24,224,161,128,204,265,319,228,343,373,169,321,107,368,202,179
28,203,9,94,224,16,147,355,437,168,364,169,348,316,57,40,309,8,366,86,308,293,133,48,360,305
94,236,229,204,196,364,38,388,11,161,8,437,133,227,228,298,265,404,213,172,118,162,264,346,40,266
364,308,94,59,305,236,428,437,264,343,276,17,162,9,8,313,282,266,16,377,191,173,316,355,19,113
297,265,52,84,252,152,46,120,266,57,66,43,360,125,250,264,38,94,158,162,246,343,364,62,8,339
264,439,111,94,224,162,422,93,120,398,343,139,169,313,134,167,244,16,228,272,437,407,144,404,405,316
17,313,246,167,169,359,383,316,168,238,43,120,107,158,42,366,284,181,335,14,62,343,40,236,224,16
202,265,430,196,272,167,56,17,298,44,308,40,16,94,313,360,370,284,8,151,120,341,377,3,264,227
314,364,8,308,343,178,244,228,108,94,368,332,266,161,264,151,398,229,419,284,272,423,9,346,282,309
319,73,384,43,387,229,264,9,377,8,343,94,226,246,16,40,115,305,297,196,358,323,272,347,346,11
229,266,17,237,50,272,94,391,264,364,407,39,9,43,101,224,111,244,108,62,332,265,8,253,403,147
71,9,266,168,235,50,398,94,323,108,57,111,147,68,368,1,437,8,230,255,219,225,343,28,272,257
9,365,264,313,167,358,438,266,41,282,104,86,229,31,398,94,283,56,238,434,16,236,139,284,237,25
1,3,120,108,168,228,343,62,227,162,151,368,78,57,210,56,167,305,265,94,243,104,377,8,111,33
200,162,227,66,39,104,224,207,264,213,272,287,358,262,246,252,111,237,151,11,86,94,274,343,120,133
47,277,8,305,405,213,221,313,167,169,358,248,17,215,196,224,94,50,88,66,162,360,332,412,219,298
8,99,425,101,162,184,405,120,428,229,332,38,147,398,377,346,246,108,225,276,237,219,266,335,228,388
162,204,228,308,202,363,237,168,62,159,12,147,264,309,94,272,3,9,46,19,235,404,224,151,115,437
120,228,263,12,204,22,196,264,243,238,109,161,272,266,94,169,364,305,227,244,8,343,162,322,108,437
368,56,32,168,17,308,309,224,343,235,8,59,377,57,298,161,237,313,29,202,66,109,265,204,220,115
133,16,364,11,104,236,151,238,319,108,197,61,298,43,437,377,300,229,343,244,200,94,8,70,169,431
226,228,151,428,246,335,398,341,213,162,161,229,353,377,70,297,264,143,8,107,192,9,66,169,188,309
204,3,229,348,423,343,8,431,297,162,437,227,335,1,86,338,17,309,65,264,257,321,19,73,332,237
162,31,167,283,305,108,404,264,236,94,364,161,219,368,56,387,246,267,226,43,437,282,204,183,332,398
158,316,94,162,58,213,151,120,219,405,102,348,202,368,252,335,180,270,305,235,51,398,17,361,161,155
113,162,8,130,147,335,94,213,405,160,246,109,343,17,364,133,163,202,185,155,57,318,264,219,97,282
17,384,108,3,319,11,219,8,236,360,107,394,66,364,139,199,6,246,16,133,282,196,399,405,398,244
332,343,229,365,61,276,361,65,366,298,19,437,8,309,162,264,377,136,308,146,121,266,94,398,431,66
437,241,111,335,14,236,358,238,151,404,227,244,47,298,228,8,133,126,104,316,9,431,266,272,346,144
57,113,161,62,244,358,243,332,133,402,322,224,437,151,334,108,66,398,316,405,8,404,43,236,229,346
8,196,237,17,1,246,282,52,128,162,224,305,209,77,35,95,436,264,319,343,104,39,227,120,191,377
437,94,62,266,264,108,297,316,83,168,110,405,377,9,346,223,368,227,162,250,245,343,237,282,244,104
8,364,196,167,346,279,151,237,386,229,139,94,374,437,202,343,108,101,398,124,381,25,368,120,272,9
75,196,108,136,407,219,237,288,94,437,313,231,377,332,202,118,120,62,264,229,286,39,305,224,86,343
343,66,32,45,46,335,8,204,16,139,94,309,284,213,162,431,358,264,144,84,48,244,407,109,228,153
66,1,139,228,368,437,244,120,313,140,272,343,94,392,8,48,357,358,219,226,196,431,224,335,267,16
109,368,167,437,265,17,343,8,413,86,316,147,194,405,139,10,113,408,238,133,309,377,237,332,188,56
162,264,8,202,358,246,298,237,189,346,109,229,398,412,276,133,17,236,67,108,1,94,405,80,283,213
360,8,237,219,213,228,244,300,43,427,168,335,431,282,316,203,196,16,111,324,437,113,346,236,162,207
297,66,437,368,16,358,238,236,11,219,400,391,120,229,343,111,360,224,129,225,126,169,319,435,431,282
343,162,246,237,434,151,56,415,229,228,201,368,1,89,364,437,120,227,339,110,272,264,202,48,177,404
437,142,224,316,129,192,227,62,237,94,198,229,9,358,8,152,372,108,167,38,236,405,162,169,338,204
148,142,162,228,437,171,43,238,152,111,410,219,8,133,282,223,224,377,368,16,11,323,213,313,86,335
94,133,144,196,236,120,171,437,186,77,343,338,9,415,243,237,290,25,358,47,204,125,341,319,86,136
402,431,229,238,39,44,415,405,159,316,151,40,109,436,56,404,319,224,199,335,237,407,382,94,9,236
343,275,78,364,228,96,187,415,246,236,332,229,264,83,283,89,1,238,436,94,12,39,107,298,108,145
437,385,309,229,241,316,403,94,368,57,207,151,144,162,213,302,142,108,31,389,313,335,188,360,111,297
155,11,308,109,437,348,151,282,111,219,255,8,264,368,162,343,319,243,66,271,3,246,227,108,364,156
39,438,172,8,358,166,316,420,244,291,62,109,405,88,11,368,353,335,428,104,107,185,272,365,309,343
107,196,237,40,321,398,86,204,2,432,17,387,3,214,322,43,364,283,78,73,162,431,437,308,1,202
243,8,364,264,238,80,255,1,437,104,3,133,161,127,319,363,297,191,244,147,395,431,39,224,55,62
94,168,104,229,228,66,145,282,162,226,40,88,362,355,202,438,404,212,405,87,25,113,196,368,398,58
273,94,264,57,8,364,437,134,74,9,335,343,305,79,193,237,332,198,224,120,127,228,111,72,204,5
162,364,332,343,213,147,139,282,94,161,16,227,9,107,268,204,297,169,219,120,226,358,257,23,264,185
124,196,94,139,264,377,305,11,406,309,263,319,244,307,346,144,172,236,304,86,8,104,169,298,349,335
311,94,169,398,219,358,266,405,133,3,238,244,101,28,437,431,11,246,196,162,354,8,319,67,227,247
343,8,94,184,162,62,237,368,204,334,34,3,112,147,226,246,308,151,24,9,238,297,351,228,298,264
298,404,236,16,14,94,31,398,139,343,246,294,147,8,120,437,37,12,428,282,244,405,215,213,238,95
229,437,400,162,283,8,224,428,101,243,39,57,377,308,346,202,237,343,111,56,319,405,43,213,151,94
236,17,218,35,120,104,143,147,202,16,29,11,9,313,133,346,272,377,294,108,72,52,138,8,136,428
213,109,17,244,104,228,236,437,319,227,266,237,335,204,94,120,194,430,345,169,264,340,1,113,212,431
332,94,161,364,264,404,107,316,237,368,108,437,113,16,229,86,102,67,13,282,17,323,343,111,236,266
243,94,4,238,58,109,15,246,11,308,62,334,313,416,32,196,320,113,120,282,407,43,256,364,229,224
439,183,169,283,237,244,88,94,360,308,84,62,151,264,108,236,370,422,228,43,202,346,196,120,8,204
266,108,150,246,237,204,238,168,8,111,94,17,213,100,16,196,332,207,264,261,181,62,405,343,58,228
264,94,362,303,26,8,227,162,169,9,246,335,104,267,323,212,219,364,111,56,108,70,136,144,398,109
39,9,358,162,111,343,11,228,151,204,164,127,437,229,1,227,351,150,37,196,415,353,283,431,115,341
203,147,323,305,54,109,221,94,196,229,161,88,343,264,335,346,96,43,405,237,308,228,266,79,213,292
8,237,81,272,88,365,346,202,161,57,229,17,343,335,144,366,364,368,308,9,4,148,104,407,96,264
246,9,8,358,162,305,18,94,55,231,355,144,368,291,323,393,252,360,236,298,343,113,309,313,220,407
180,232,264,284,167,162,139,144,229,57,262,40,297,66,407,107,398,165,404,405,108,266,249,94,39,246
147,266,11,238,17,228,348,8,371,283,335,162,369,133,284,54,297,237,361,246,49,120,431,19,66,346
94,308,59,237,112,264,61,380,265,17,228,377,368,241,236,405,229,393,226,404,248,266,272,162,144,305
358,404,377,343,94,437,130,162,284,127,34,107,364,204,11,144,8,1,169,265,308,272,108,264,238,24
113,8,252,265,284,286,246,162,139,229,415,161,349,117,368,398,238,120,94,57,335,122,66,9,412,323
62,1,40,302,437,364,313,420,158,346,297,368,358,66,204,57,183,86,373,113,151,246,401,343,335,411
228,264,246,285,272,86,224,43,425,120,428,327,196,407,162,111,316,265,408,282,85,3,248,381,242,108
8,428,142,9,368,86,236,405,16,372,273,282,213,66,274,364,404,17,328,346,169,120,264,323,204,1
264,237,437,394,196,346,353,287,272,332,341,111,362,238,265,219,102,151,229,364,213,432,71,263,254,43
0,266,109,393,337,8,111,4,226,213,335,16,398,21,324,73,162,238,180,316,54,404,282,343,113,334
264,270,50,237,151,113,219,8,224,309,93,323,227,161,43,282,422,404,6,388,229,319,202,305,94,253
303,157,370,48,162,437,17,16,8,346,196,431,95,358,144,204,94,1,224,428,43,332,298,343,335,270
8,316,335,62,149,266,264,267,230,333,151,368,106,307,341,405,305,246,381,202,213,196,94,50,282,256
64,322,309,175,8,139,266,43,94,169,246,28,1,229,56,404,335,319,343,298,398,63,346,437,130,428
62,364,229,282,244,308,94,264,204,67,176,3,114,335,196,346,238,77,40,266,272,363,10,228,298,297
264,266,335,227,213,332,404,66,8,353,202,94,35,255,133,11,144,295,316,431,343,73,437,308,278,168
309,196,227,167,8,147,1,401,308,43,202,266,224,75,162,98,139,398,264,343,335,94,229,282,313,370
236,243,9,94,2,200,150,61,8,62,151,374,437,109,10,17,26,264,343,207,297,162,168,228,158,56
316,437,176,396,101,9,219,40,360,346,413,228,1,309,133,369,343,404,107,305,236,94,200,26,167,401
343,405,376,56,113,352,196,364,437,329,398,66,147,81,237,39,186,252,429,94,358,431,8,1,266,236
332,108,282,428,238,224,358,298,94,389,229,213,243,151,221,162,228,364,17,264,110,56,323,43,9,202
398,58,57,229,86,431,343,346,37,335,284,1,415,94,264,11,169,368,437,406,259,413,434,246,149,72
368,120,346,213,201,302,343,238,236,40,224,332,181,94,265,229,282,173,14,144,163,323,74,435,264,390
369,437,264,108,364,282,213,72,246,77,178,195,167,86,309,228,57,292,8,398,237,56,62,111,19,110
335,377,56,1,382,399,369,17,435,228,418,246,346,147,407,237,204,368,196,264,109,40,437,316,43,360
229,139,169,228,437,264,375,263,226,8,284,335,346,309,297,404,368,358,151,16,163,129,323,58,243,272
8,196,377,346,147,37,343,202,335,162,398,167,236,280,309,204,357,17,97,237,195,431,80,229,246,212
229,366,436,415,346,244,133,1,224,120,94,399,405,107,161,284,266,62,364,2,139,398,246,264,202,306
9,107,357,233,398,321,202,332,2,405,431,154,364,272,152,391,55,105,265,227,282,8,313,238,120,60
39,85,266,298,272,244,168,162,120,227,335,108,398,31,323,236,8,1,17,16,226,11,62,149,228,408
237,104,54,227,147,224,407,113,94,272,437,349,266,229,219,70,16,134,72,375,228,116,8,68,86,168
313,282,8,398,204,165,355,149,404,236,438,167,226,308,1,428,94,300,306,213,40,341,62,9,17,57
56,54,229,74,40,343,269,237,323,228,346,34,151,283,267,8,348,120,162,364,94,202,262,219,437,298
81,308,404,219,8,392,368,293,343,244,186,298,224,196,237,346,380,264,58,266,265,162,22,420,52,148
94,9,104,142,228,282,368,217,202,56,162,133,246,11,404,313,62,364,196,44,101,383,272,213,21,437
144,50,62,237,196,133,437,401,335,358,405,298,162,113,266,347,200,244,109,52,309,94,169,178,293,364
52,43,202,8,412,226,144,151,283,213,282,233,16,108,120,404,335,377,227,364,40,346,319,305,204,316
196,17,238,11,55,336,308,437,199,244,144,146,235,195,272,320,332,266,424,4,364,318,213,360,168,345
94,264,8,272,9,224,196,335,432,58,355,213,1,395,113,86,337,431,407,346,47,313,358,377,104,162
233,219,202,335,437,8,283,224,162,73,229,104,160,428,264,111,413,216,308,39,57,51,316,377,431,64
437,3,228,147,246,39,196,8,244,436,282,410,368,204,43,219,11,344,131,243,94,265,335,328,167,275
56,54,405,111,237,9,4,437,346,323,377,335,39,147,151,8,57,31,236,224,168,94,308,204,398,407
364,8,308,17,9,28,345,257,133,11,147,272,274,39,202,264,40,437,377,236,428,282,139,169,226,435
407,280,63,313,421,16,11,400,343,66,356,151,9,316,284,365,109,107,398,228,335,405,82,319,237,56
94,84,264,308,246,8,229,437,42,109,3,66,67,337,202,377,419,364,224,56,162,328,289,14,71,282
404,377,246,109,139,66,8,229,151,343,321,58,94,437,39,111,282,316,364,332,398,298,162,133,202,213
1,8,309,264,21,162,150,302,144,272,383,283,66,17,265,266,343,332,404,398,236,229,437,353,255,161
16,316,282,206,66,343,162,212,429,328,228,368,57,236,151,8,131,133,305,9,104,147,43,229,1,39
379,368,157,343,104,161,111,335,213,139,94,132,229,57,319,120,265,110,399,364,337,433,346,24,309,228
159,226,335,319,360,431,140,9,120,145,8,398,237,109,343,229,364,224,359,285,354,305,338,294,17,428
133,346,234,39,296,246,198,438,104,42,226,385,8,236,1,368,243,316,343,94,437,202,362,309,264,13
377,284,343,1,368,246,360,405,169,264,94,95,364,219,139,226,384,308,8,428,196,433,144,345,272,111
437,243,245,9,228,169,404,319,108,57,405,193,86,233,266,229,335,162,237,252,313,227,8,109,41,298
7,346,282,343,226,183,266,139,162,113,236,404,169,264,244,309,274,229,335,265,151,35,8,158,228,428
9,368,196,264,377,437,28,266,17,70,282,142,224,253,332,66,358,8,335,56,57,236,3,62,423,177
364,229,335,58,219,437,70,244,377,1,282,398,147,308,264,23,283,9,28,404,272,226,8,94,215,133
2,266,398,237,8,308,364,213,430,62,305,163,1,144,229,298,227,202,126,161,272,319,204,405,335,377
46,284,268,94,431,120,162,404,428,298,219,227,56,264,437,425,40,202,111,133,244,368,257,297,108,377
11,168,94,109,226,43,343,16,9,264,228,90,133,1,346,335,358,138,224,3,305,300,431,120,354,284
118,349,229,404,209,246,428,364,407,162,166,214,39,413,332,66,343,109,309,151,133,237,224,11,167,1
2,308,228,181,360,94,244,8,229,202,295,272,40,196,147,266,108,398,204,411,404,368,264,346,223,111
238,294,236,1,224,73,346,108,168,58,308,343,398,316,204,413,424,360,11,264,368,226,202,151,332,354
119,236,385,40,262,266,144,398,404,227,343,70,161,282,172,96,17,180,229,213,422,265,272,365,335,226
133,9,319,168,112,94,173,227,430,139,66,191,220,332,162,52,169,110,398,286,264,193,309,428,282,272
283,437,156,167,246,1,162,17,213,8,347,109,284,147,144,364,94,264,89,282,404,358,9,54,316,398
237,40,238,437,388,404,368,94,377,308,438,319,236,84,297,133,244,78,287,1,52,343,63,200,139,201
109,120,219,95,269,360,229,394,238,404,8,140,16,98,167,332,298,1,160,115,94,226,244,368,437,86
346,229,308,406,8,343,108,17,202,169,316,236,268,76,364,420,437,264,318,161,188,244,246,357,94,50
72,411,113,115,364,237,94,14,222,299,121,162,316,204,144,133,308,282,202,335,229,206,405,297,110,283
168,109,338,405,343,237,229,246,167,336,398,162,150,212,354,133,104,228,196,319,360,39,1,94,363,8
297,94,269,236,264,425,34,298,266,113,224,229,86,168,283,213,104,238,309,16,40,346,437,369,358,204
343,269,364,57,135,428,204,405,372,332,246,70,167,151,344,264,237,56,377,229,8,284,192,94,282,266
346,1,238,368,139,9,236,62,108,379,111,162,435,31,308,431,147,151,405,255,272,319,42,17,202,404
17,56,433,162,1,73,238,114,382,148,368,346,431,194,373,26,120,358,57,437,246,343,228,264,41,407
161,113,224,228,285,3,94,284,108,0,66,346,167,120,364,62,179,332,246,229,17,237,437,272,52,402
162,24,264,229,353,196,224,428,272,161,39,16,94,144,308,358,368,282,177,398,424,228,19,346,361,108
341,108,17,343,369,193,264,148,248,245,8,147,157,381,431,73,266,335,377,167,375,271,305,282,151,161
16,17,94,102,423,56,202,358,1,118,236,224,229,244,204,77,428,368,343,227,162,9,151,133,335,167
107,309,69,201,298,236,1,418,8,376,252,224,303,104,9,316,43,106,162,265,330,169,404,65,57,323
346,227,3,382,162,330,8,161,264,108,107,229,151,9,298,59,165,167,405,104,168,305,343,11,335,203
208,237,338,299,343,282,431,213,65,9,437,368,405,169,151,309,428,202,224,227,39,423,226,264,8,243
107,94,237,284,233,343,84,305,309,398,319,437,226,227,229,360,127,358,151,308,27,86,56,246,272,161
109,343,94,238,237,243,66,169,346,8,112,246,104,368,272,219,358,9,43,196,284,431,437,108,372,276
237,157,308,11,123,17,71,437,3,43,309,351,410,94,149,285,108,213,404,111,411,86,287,343,246,107
162,40,437,332,237,282,284,316,115,113,169,407,228,377,343,153,31,420,391,9,181,8,94,285,431,381
109,343,120,398,224,162,147,213,236,11,94,332,227,229,86,88,70,180,39,282,431,368,151,219,156,246
343,360,237,109,143,104,169,204,56,272,161,224,8,167,405,16,283,265,139,94,141,168,398,96,151,245
94,283,9,229,429,84,204,389,55,27,316,66,157,1,266,309,246,176,264,437,8,151,86,17,405,401
207,169,120,272,377,113,213,11,341,94,316,202,236,40,17,437,180,229,343,311,360,162,204,228,368,261
264,107,384,57,196,9,437,109,171,94,159,360,398,342,254,31,368,8,246,28,65,308,316,425,322,226
264,107,437,332,109,283,146,229,66,228,346,104,43,162,42,32,405,259,8,41,362,358,113,357,201,226
86,57,316,176,130,147,167,377,348,284,364,162,330,404,411,48,62,94,335,398,8,127,317,343,56,40
5,338,305,1,213,431,109,266,209,85,120,99,377,284,114,364,437,116,362,187,226,62,311,369,83,156
204,94,309,19,437,236,17,255,139,377,261,436,111,246,343,293,244,108,147,228,265,226,404,294,368,364
213,120,364,0,187,238,347,196,2,429,335,297,343,162,431,305,398,368,169,223,358,264,256,131,1,224
377,368,142,8,202,62,138,167,405,385,323,132,437,226,220,282,94,40,343,335,108,398,196,162,107,422
224,238,121,57,213,66,421,94,377,229,227,243,335,228,319,357,309,236,72,272,437,368,264,202,151,234
238,364,254,147,358,309,226,86,319,345,204,224,133,272,137,377,282,34,264,107,337,8,343,111,265,229
261,369,343,289,237,213,309,17,39,352,247,368,176,40,437,162,8,136,264,246,94,228,102,346,169,229
94,236,40,115,90,237,246,423,150,437,297,288,264,70,34,335,392,305,280,104,337,108,431,17,404,196
111,213,203,319,236,43,368,357,8,437,162,309,377,57,332,19,237,86,74,348,107,266,334,238,101,1
374,339,1,144,432,282,246,248,227,404,264,229,121,291,313,119,162,39,101,94,139,88,210,43,73,364
11,162,62,56,398,346,264,94,167,319,316,6,5,169,151,246,40,111,342,335,413,275,55,368,86,84
109,133,144,202,94,38,8,58,66,229,316,162,62,332,342,104,111,17,151,56,57,431,423,428,201,437
195,264,431,377,343,94,236,168,109,346,8,284,407,335,229,237,358,169,113,151,108,360,238,202,83,282
94,151,404,343,11,8,437,282,349,167,84,243,229,237,133,196,253,162,335,312,147,364,9,264,108,297
172,398,94,428,343,107,155,28,8,3,253,236,271,309,72,151,243,80,162,285,229,39,407,12,316,63
16,8,405,437,94,436,311,151,17,343,193,264,229,368,210,398,57,120,46,407,65,266,272,439,364,144
437,332,9,94,431,368,21,275,151,405,343,297,264,238,17,213,229,108,43,3,39,335,66,221,266,398
109,284,324,17,404,213,264,358,67,94,352,437,433,162,349,260,75,173,133,111,58,266,364,57,398,141
114,246,172,272,94,247,304,264,8,236,221,200,437,16,313,424,431,108,111,4,364,398,104,228,237,224
343,346,264,422,209,381,313,162,156,360,437,377,104,334,282,72,44,213,196,40,398,54,17,272,94,266
237,374,145,364,151,282,272,283,377,212,167,94,398,133,144,51,52,67,213,224,162,111,376,147,17,204
176,219,346,227,332,360,431,199,224,151,264,398,94,364,257,272,72,44,169,417,1,8,405,358,335,243
31,167,229,264,343,4,265,94,358,161,21,428,398,272,11,329,62,194,341,432,238,213,70,339,236,246
40,229,335,57,264,108,213,196,180,39,162,82,298,172,94,358,1,104,246,224,161,204,66,200,109,309
39,431,78,309,367,253,298,436,94,358,226,404,1,227,179,10,360,346,237,56,335,62,364,120,266,11
343,319,155,346,229,308,246,64,264,11,8,151,162,274,335,107,1,43,358,213,228,72,354,272,381,282
360,264,431,246,64,35,17,224,111,346,316,369,151,304,272,398,66,330,14,312,364,1,236,44,323,241
266,343,337,364,318,75,94,298,175,213,227,134,8,377,332,196,229,437,1,338,20,99,428,323,120,379
198,358,282,346,66,228,1,264,404,171,158,108,229,162,243,16,341,250,57,213,116,437,368,101,110,335
246,428,224,11,368,229,236,302,228,43,16,323,226,9,432,108,364,213,8,29,219,104,162,94,437,41
223,246,407,204,229,104,1,343,8,282,139,180,219,51,94,224,11,235,114,243,346,231,17,269,67,360
267,120,8,297,139,246,228,398,11,95,83,316,133,264,343,282,213,404,364,328,437,248,309,330,64,177
168,298,308,431,229,335,94,162,437,282,420,340,23,428,182,377,16,272,246,346,249,62,368,104,124,66
76,113,11,75,173,238,108,62,237,107,335,8,1,224,207,282,219,9,56,133,437,297,66,350,139,229
196,335,12,229,139,147,44,383,107,317,23,243,78,297,343,341,162,346,8,364,58,224,94,133,219,236
255,109,237,266,282,108,368,162,437,52,158,144,196,306,377,211,308,432,213,86,150,309,94,343,428,9
228,224,41,273,108,229,244,31,57,267,284,364,85,358,246,162,419,204,309,168,43,8,9,181,88,305
224,290,266,56,133,316,168,62,360,229,237,346,66,233,377,238,147,8,264,313,172,33,115,380,333,412
368,16,228,428,86,219,343,348,316,161,335,94,26,40,212,8,266,111,344,196,178,298,120,224,264,357
94,1,332,29,298,66,377,213,349,305,162,264,9,62,40,308,3,237,161,404,72,10,428,246,243,54
343,185,163,16,358,94,377,151,8,43,169,211,104,7,40,17,57,77,11,238,196,162,237,405,9,370
94,204,9,438,240,8,66,347,72,283,228,236,196,264,388,58,169,1,224,436,424,17,402,109,111,162
309,343,111,332,108,145,213,437,162,335,246,346,428,404,96,236,219,237,167,229,8,370,274,46,388,94
398,224,94,437,244,274,236,219,305,16,113,377,11,1,228,319,43,111,204,141,66,364,283,69,8,229
67,167,368,237,405,185,157,162,309,437,264,252,236,43,335,229,319,224,202,345,107,227,54,204,343,266
133,364,211,184,213,120,293,150,228,1,332,284,139,425,246,437,90,226,196,43,360,335,428,227,243,16
196,94,437,229,264,103,246,202,144,162,228,43,332,377,66,8,428,110,284,282,120,62,57,17,316,1
368,202,224,94,109,404,437,189,139,174,435,398,377,147,133,238,196,309,33,8,111,265,335,161,10,341
107,229,39,62,207,43,94,228,226,369,236,9,281,387,343,332,243,161,364,249,415,219,238,133,168,56
99,199,227,167,400,316,94,149,3,92,319,202,390,214,332,113,84,335,437,297,169,412,264,238,16,17
211,137,228,437,108,94,359,213,9,236,100,244,113,197,266,196,135,8,176,362,332,246,368,262,226,354
330,377,368,162,264,196,305,44,43,151,319,93,213,285,298,417,437,153,343,228,345,238,140,8,286,169
169,228,385,253,308,168,237,213,374,343,19,260,160,360,14,358,104,226,264,1,17,430,56,407,35,203
424,213,229,222,341,428,56,343,309,40,332,17,272,204,316,62,360,151,383,147,220,391,192,377,364,405
203,243,48,221,108,43,360,169,8,246,319,250,377,229,62,226,343,9,94,213,238,280,244,110,236,40
147,62,227,178,204,104,428,332,228,284,16,162,272,316,289,17,9,237,377,168,335,360,73,145,77,437
272,43,11,335,108,162,226,237,319,21,348,284,396,85,262,283,25,70,358,111,364,282,426,346,343,297
94,392,211,431,107,58,316,133,227,255,343,280,368,335,224,428,1,43,407,21,298,111,162,229,404,4
94,62,24,196,280,308,107,112,8,66,346,316,393,9,151,144,343,207,229,147,145,43,245,162,237,204
81,213,437,8,298,56,111,346,1,266,368,407,370,229,227,343,247,265,120,428,302,283,243,74,431,121
305,309,69,156,120,168,236,407,213,316,113,78,368,221,16,162,404,226,68,266,84,237,385,224,172,86
272,162,244,236,226,309,176,74,437,265,364,204,8,167,139,359,417,346,196,347,213,228,358,86,330,335
364,108,28,40,261,287,419,39,4,368,190,319,346,313,16,309,8,264,436,199,109,56,224,358,238,289
224,229,360,8,84,147,162,226,294,213,120,109,335,358,313,108,264,16,277,94,238,86,104,398,427,265
116,343,147,1,229,62,120,346,40,94,213,335,56,151,11,112,162,428,219,272,8,108,226,171,43,111
0,131,1,360,94,224,244,343,147,213,191,237,236,229,323,298,246,431,120,57,265,66,319,86,167,11
298,8,362,56,201,244,282,309,161,107,405,265,169,62,43,151,86,364,316,39,236,420,246,204,3,299
77,343,39,237,133,104,12,392,309,137,260,243,439,264,213,167,261,266,94,108,8,196,257,360,250,113
206,283,275,144,2,282,147,253,341,284,343,162,262,62,237,12,364,169,404,109,134,236,382,202,233,94
229,1,319,111,283,213,225,8,332,234,48,421,201,407,151,109,9,122,303,167,377,404,202,11,243,204
360,377,351,431,305,186,8,289,343,244,437,237,74,210,94,17,341,283,228,43,111,161,335,398,58,222
67,94,238,93,319,309,246,169,343,266,346,167,108,379,28,352,147,308,8,236,335,224,226,368,202,229
8,213,265,437,16,343,323,230,84,228,285,358,215,246,111,229,309,395,298,295,415,322,56,227,108,30
428,343,229,364,298,138,437,94,238,360,108,162,230,104,227,236,243,266,43,166,398,54,224,237,308,393
8,335,264,94,387,9,4,364,229,99,398,368,227,154,360,319,73,68,57,147,256,88,195,109,204,54
161,405,143,227,229,228,298,111,11,94,158,368,427,168,139,19,313,8,264,335,309,116,386,343,404,202
151,80,204,57,319,284,162,412,343,398,111,377,369,107,433,309,94,346,177,360,323,108,246,431,8,299
202,47,148,309,44,282,362,228,398,238,264,224,404,136,133,358,369,56,335,151,428,147,346,62,229,161
72,368,139,246,321,147,272,109,8,176,71,62,204,264,282,224,169,111,398,236,334,120,106,285,19,104
323,335,162,109,92,8,264,86,343,9,107,386,224,169,133,228,391,130,392,276,151,272,161,400,266,204
244,398,360,67,8,62,228,94,69,196,227,266,40,202,264,308,343,246,404,224,113,17,229,272,283,147
62,368,57,224,282,364,107,94,227,360,277,151,246,305,437,111,196,9,416,56,86,244,417,343,228,297
236,167,148,108,305,228,420,160,211,323,237,437,246,8,364,346,57,118,360,88,244,319,282,405,358,332
204,332,261,224,162,264,146,405,229,11,167,56,17,243,145,133,313,346,335,70,209,343,272,237,168,319
55,343,229,284,1,224,86,437,313,305,377,151,298,341,94,68,264,108,237,5,202,337,309,368,323,8
70,437,162,346,26,411,309,226,246,194,282,203,359,402,285,281,224,397,343,318,222,108,301,316,151,94
266,109,335,323,3,68,308,348,162,213,172,133,94,228,180,196,202,9,169,433,217,32,224,204,49,264
310,31,364,167,343,229,332,86,56,243,246,405,94,157,335,224,16,196,113,282,0,155,201,8,104,81
43,272,9,39,392,437,265,229,67,227,224,346,40,280,404,8,213,237,169,343,1,228,330,282,202,161
229,377,94,343,70,236,24,39,161,43,58,139,8,298,62,341,393,308,238,264,111,144,319,40,227,303
229,398,168,437,325,264,169,407,358,284,308,283,265,8,396,429,373,40,364,151,404,62,166,227,213,313
264,66,1,213,372,219,151,272,360,4,111,60,17,86,8,246,202,437,335,428,94,297,410,162,308,404
8,70,3,226,282,29,298,224,9,167,308,57,66,348,16,279,305,358,404,364,111,223,94,86,398,272
1,404,401,56,305,283,12,225,296,324,66,368,162,284,238,285,343,57,9,94,407,196,236,17,228,120
343,196,162,421,9,1,139,116,309,8,264,161,39,346,398,56,187,94,174,148,389,228,233,151,238,237
169,226,437,316,215,404,232,266,212,265,94,224,17,104,120,405,343,66,229,297,144,111,142,236,428,163
346,360,104,94,58,264,281,162,368,139,113,112,266,225,428,213,337,341,50,377,56,297,9,270,265,17
213,169,151,316,346,161,162,228,291,202,216,404,111,35,120,348,246,368,107,17,8,147,264,4,94,332
66,343,237,17,12,213,228,120,236,284,202,437,8,167,404,403,162,227,340,229,323,70,43,424,297,111
226,368,196,48,236,237,214,343,319,360,289,341,24,224,354,104,120,57,364,436,336,162,404,2,431,323
113,56,246,107,167,108,431,377,264,229,43,8,94,40,237,346,224,219,364,54,176,204,213,16,86,151
8,161,47,108,271,377,343,229,195,224,243,4,162,104,9,167,1,236,24,272,368,196,120,78,297,102
335,404,63,364,94,8,405,227,265,11,431,17,368,69,228,120,180,192,72,343,237,113,204,1,283,428
380,3,264,7,407,236,94,109,431,11,291,24,229,297,181,364,69,159,246,255,228,437,34,224,74,118
335,9,224,398,17,316,50,45,346,213,413,40,236,350,277,204,410,437,265,405,42,56,62,272,264,283
17,228,314,351,169,110,359,297,392,437,371,305,113,341,358,111,167,11,107,238,229,179,398,272,298,94
282,94,64,162,169,284,28,107,9,113,176,394,298,276,229,297,343,172,120,437,104,16,52,35,196,164
229,309,213,113,93,52,94,226,9,202,108,437,284,405,237,368,343,161,86,398,8,417,219,243,287,364
237,405,94,264,431,89,298,424,229,213,219,169,244,21,419,76,228,398,56,196,147,109,236,8,437,362
405,155,374,151,44,423,246,184,437,358,111,223,8,238,162,323,220,266,377,308,120,94,398,84,163,343
228,343,223,3,168,66,190,354,94,1,407,316,244,96,224,93,294,353,186,346,159,238,264,364,19,63
343,1,241,246,264,398,144,196,199,229,404,11,377,113,271,94,243,335,282,17,419,364,162,111,428,213
129,8,398,364,362,346,162,343,213,404,333,147,246,237,388,198,191,111,299,423,431,387,224,390,229,120
308,398,224,169,316,305,162,272,161,437,107,196,219,266,151,147,94,229,213,228,265,65,243,246,120,346
108,228,162,343,265,264,152,244,335,213,109,407,309,231,332,103,56,204,75,437,94,276,191,405,398,432
236,309,368,94,229,144,316,228,111,319,398,73,404,8,147,358,203,40,56,120,346,237,264,16,428,108
343,67,126,39,431,1,70,109,336,319,43,264,154,144,368,373,162,7,335,433,291,40,282,298,139,405
105,420,364,196,392,108,147,341,227,351,272,8,139,236,57,104,153,360,323,266,308,120,111,398,264,94
343,364,144,39,162,335,17,264,266,16,81,350,94,104,226,370,375,227,131,176,57,321,298,125,297,110
265,57,313,229,256,9,168,309,224,181,16,264,8,56,94,66,368,297,237,108,1,431,272,253,282,364
56,204,162,17,219,55,108,103,431,308,246,266,343,298,94,104,37,437,16,433,346,373,395,196,89,168
309,348,9,332,101,244,266,133,383,335,86,361,84,430,329,109,219,151,100,358,363,437,236,31,58,404
374,94,196,151,8,428,283,224,246,229,202,316,237,204,15,16,308,398,407,212,162,337,298,335,133,437
282,398,138,162,423,358,94,236,11,431,224,323,428,327,31,113,343,228,8,44,246,284,237,299,120,346
264,111,306,372,213,398,163,94,168,8,131,280,287,3,316,182,0,343,28,85,431,138,83,246,243,236
404,161,346,372,162,133,86,120,260,237,434,319,109,17,212,11,163,229,111,370,271,236,57,206,332,437
343,16,437,224,381,227,94,147,112,364,113,323,70,287,336,222,162,8,398,236,316,327,405,214,297,404
191,108,196,311,237,162,238,343,335,11,75,9,23,294,109,264,410,265,316,348,54,282,104,1,167,94
9,228,264,94,168,224,111,355,57,237,255,398,32,108,261,167,227,152,383,43,335,431,340,1,272,120
340,133,237,377,40,226,343,188,227,11,66,298,236,169,355,319,139,364,17,104,217,405,58,213,120,437
319,283,264,77,274,405,219,364,313,246,108,266,285,17,128,229,86,62,437,46,383,133,308,275,309,162
364,139,39,398,226,16,94,23,107,335,40,304,200,228,147,151,224,8,52,168,43,113,242,196,346,339
94,272,16,39,43,202,109,303,229,84,238,226,405,335,26,4,437,368,96,414,168,133,377,147,131,288
161,228,151,323,358,120,342,262,229,138,204,169,58,315,8,264,213,57,141,343,377,111,3,265,257,203
227,428,264,147,8,305,16,244,12,86,169,284,335,116,229,398,282,213,367,246,178,62,196,224,1,204
437,401,144,94,327,118,332,8,172,16,229,272,111,162,17,387,287,246,66,417,167,236,147,107,86,104
407,66,40,229,157,94,32,78,398,57,244,213,265,237,343,339,430,309,109,298,236,162,137,261,332,1
8,407,202,162,317,104,343,5,217,107,201,58,216,419,94,169,246,224,56,404,313,266,66,319,358,240
17,371,404,213,3,362,155,228,229,219,261,1,111,8,343,297,168,368,238,48,169,237,94,264,144,40
309,202,5,204,228,404,162,29,237,9,322,352,133,333,227,8,246,1,62,120,224,335,94,264,108,229
228,32,266,120,364,219,227,236,66,213,96,39,323,167,346,204,144,405,3,155,94,265,283,162,111,17
226,151,94,319,265,107,8,346,364,368,62,228,422,84,66,343,323,264,86,282,17,342,229,43,56,227
19,0,236,62,323,399,193,360,66,139,284,11,1,202,338,296,191,282,71,405,277,172,7,244,43,107
120,266,208,162,323,139,144,432,272,234,237,133,107,246,109,298,103,346,1,309,16,229,228,94,264,238
308,94,117,237,163,62,272,282,313,264,213,120,9,202,227,437,108,196,228,51,404,8,319,391,57,364
43,120,284,227,264,360,115,297,240,30,62,394,104,265,437,147,272,32,88,8,319,213,210,235,300,144
56,222,343,238,120,204,183,229,284,264,272,298,52,162,276,360,431,372,95,133,219,392,266,202,246,228
377,395,56,346,111,343,435,373,104,62,202,172,398,94,86,298,213,70,246,146,196,266,308,204,131,237
259,202,264,5,282,368,169,348,335,227,58,158,135,161,11,148,398,31,319,213,167,62,358,352,166,147
266,320,8,364,237,9,284,227,43,226,158,316,139,56,236,244,343,120,94,363,329,335,360,107,1,368
228,49,39,335,40,244,50,110,133,246,135,416,87,303,434,151,104,266,237,224,282,284,162,324,238,11
204,213,368,11,437,39,313,358,147,265,8,264,272,246,243,108,262,21,229,257,228,343,202,416,96,283
237,316,343,162,319,58,285,139,57,246,144,377,368,8,367,120,437,309,176,358,39,398,184,169,94,236
71,17,96,213,349,319,228,343,377,244,8,360,113,229,264,415,11,167,104,368,43,57,162,108,316,16
3,162,282,9,8,278,224,264,196,377,334,308,364,40,228,229,94,16,351,368,43,226,17,169,319,108
133,246,228,358,159,229,21,263,243,377,303,404,17,398,202,343,56,283,104,244,240,264,46,437,108,361
306,237,246,437,358,86,243,346,401,57,337,399,433,368,118,17,274,104,343,1,202,229,244,35,133,323
111,404,94,226,342,196,148,305,229,360,40,309,248,272,66,1,237,86,20,353,11,57,219,63,282,9
390,17,161,19,172,431,0,9,368,264,162,94,360,377,237,144,113,52,147,274,168,62,405,104,79,257
219,3,66,332,9,160,108,343,161,213,265,196,433,23,95,358,264,364,7,195,347,387,16,236,313,43
437,368,246,161,236,308,1,272,377,8,332,400,316,257,323,409,271,196,162,264,120,343,132,94,169,42
8,358,437,265,228,405,266,343,401,162,253,323,17,168,20,364,86,264,399,171,62,407,227,78,57,169
234,238,343,266,204,161,415,298,56,8,158,405,108,169,42,202,219,387,358,109,162,229,58,39,282,11
434,346,169,43,224,113,364,265,16,8,204,227,407,368,399,17,120,11,159,404,15,437,266,229,332,56
120,386,371,264,27,108,94,296,426,246,368,272,8,244,167,266,377,332,133,162,282,202,11,224,422,236
120,227,212,244,404,204,3,343,213,358,94,104,411,340,364,264,224,308,162,43,8,202,360,148,272,147
246,264,81,265,377,360,336,23,118,335,323,1,297,404,168,39,309,266,106,56,17,104,437,94,228,202
343,86,41,265,309,437,94,9,294,223,227,398,264,319,204,241,364,109,43,238,298,151,369,229,431,108
108,237,343,306,297,346,162,227,164,156,316,107,266,431,265,17,120,147,308,133,334,142,104,398,252,246
120,66,343,228,364,366,236,109,108,360,272,213,237,405,43,229,94,169,309,377,428,325,404,107,11,144
346,94,232,237,311,86,162,431,25,308,405,196,229,435,358,167,1,58,437,388,370,226,151,68,364,219
434,357,111,161,335,246,94,57,368,404,56,151,264,392,431,224,337,283,227,393,8,350,104,62,162,133
204,171,86,8,316,368,343,227,38,199,323,364,161,282,122,229,275,1,43,213,308,202,262,439,405,147
431,426,161,81,229,319,107,228,246,144,343,287,135,139,113,86,415,408,200,226,23,237,94,43,146,66
404,332,426,298,329,120,168,398,408,169,264,317,236,232,335,224,283,265,66,162,343,101,227,111,346,144
246,432,358,398,405,266,323,16,229,228,227,282,43,351,133,236,169,437,346,8,107,154,162,168,426,35
351,437,316,43,26,368,335,162,264,224,11,309,17,16,343,94,305,33,66,405,255,168,383,146,404,115
133,377,343,324,151,213,387,337,272,9,316,264,227,139,62,332,8,54,266,364,437,109,335,265,303,211
423,94,162,147,282,246,79,43,284,236,264,3,60,4,9,101,437,202,229,8,109,269,368,237,428,120
405,343,229,113,144,305,264,16,33,380,419,224,244,162,151,437,334,346,323,238,146,196,39,283,227,266
104,94,62,237,158,19,437,282,244,407,377,243,346,335,404,262,368,142,80,224,348,43,319,227,236,78
398,335,282,40,104,264,204,400,111,2,431,151,284,162,158,308,237,1,113,202,200,377,316,9,424,168
263,224,43,305,319,113,86,437,62,348,335,161,284,139,162,238,111,243,364,57,237,229,17,343,8,309
206,237,54,343,162,323,213,435,246,17,94,316,332,373,358,151,335,238,264,360,219,5,128,305,44,202
8,86,17,237,107,437,319,168,111,404,120,398,399,323,151,222,316,101,64,407,229,429,282,264,360,224
238,405,9,244,204,364,283,144,105,8,437,377,120,229,368,308,285,5,43,428,343,352,402,264,217,0
364,62,229,323,428,346,1,107,265,161,213,238,236,437,309,56,316,109,8,167,94,4,151,335,243,431
104,25,282,290,213,162,437,127,14,56,113,133,354,298,181,343,109,108,365,219,264,398,161,371,215,157
177,377,84,94,227,244,213,8,237,45,39,256,236,168,162,364,264,151,120,436,337,147,332,391,1,229
411,8,1,86,107,161,228,219,229,264,118,224,104,108,308,133,377,282,207,94,56,437,222,236,39,272
227,343,348,83,162,17,94,316,266,8,341,264,16,289,1,405,428,388,236,297,99,243,319,437,39,254
94,264,414,202,120,83,383,377,323,319,224,109,431,162,11,320,428,370,178,226,198,368,237,85,313,358
272,17,420,9,325,8,368,398,160,168,358,11,428,120,94,127,138,405,213,162,40,208,291,346,377,153
162,364,264,224,241,57,196,267,78,346,94,120,51,228,435,111,437,202,431,213,428,266,66,17,9,246
65,232,55,368,377,57,431,8,283,120,347,40,94,309,282,287,161,275,343,284,340,228,108,84,246,224
8,120,283,272,319,84,227,398,297,66,364,201,108,264,284,282,169,433,226,368,94,168,309,162,262,236
360,346,284,57,8,111,264,228,437,343,308,149,168,45,335,1,393,219,238,305,407,377,172,332,147,161
39,8,86,237,120,168,108,382,343,94,298,309,392,147,407,24,57,282,360,56,264,58,107,236,428,283
94,187,224,380,238,162,359,316,8,264,169,228,437,391,213,243,404,346,72,3,40,405,236,34,9,265
131,162,202,65,128,228,224,272,75,108,8,238,211,62,237,47,66,104,358,106,118,169,254,264,204,213
343,407,377,8,169,278,161,86,167,213,231,237,405,39,176,229,228,309,264,227,4,162,338,94,120,266
377,111,96,346,319,14,151,168,335,273,382,343,16,109,437,364,156,228,90,243,297,57,236,246,360,147
305,198,106,199,115,8,269,332,431,153,272,138,56,39,266,283,50,9,341,405,162,264,58,3,364,94
360,415,9,298,57,404,237,364,62,196,229,306,304,377,264,236,244,405,94,335,109,133,8,238,120,87
348,238,229,327,138,282,228,3,243,158,227,118,56,9,120,297,159,364,7,6,437,428,308,358,62,237
264,372,111,213,1,9,250,86,144,108,272,309,401,437,310,237,364,236,297,238,43,8,377,148,196,109
398,238,196,304,341,169,43,121,305,94,283,194,167,58,279,202,335,213,161,71,160,162,16,3,181,377
69,343,118,246,335,40,120,428,226,346,94,244,272,161,58,215,238,108,66,204,416,57,264,229,12,368
329,94,343,56,8,323,437,1,204,169,313,38,284,368,141,34,392,11,58,151,89,178,219,128,9,261
118,229,323,144,3,437,94,309,196,48,120,246,169,263,272,431,284,162,213,148,385,219,332,111,82,346
14,213,350,8,196,407,264,162,371,97,330,226,62,224,368,335,348,316,244,94,343,337,387,39,437,204
40,118,368,266,89,9,398,428,161,130,261,86,437,229,105,168,244,227,139,360,228,264,50,109,8,204
377,74,229,188,428,237,244,9,3,226,28,283,94,204,76,335,87,56,151,147,264,227,107,224,84,368
308,133,272,431,244,343,246,17,11,226,124,109,204,398,228,266,264,162,313,330,274,4,19,294,309,1
8,196,228,284,111,420,368,437,335,407,89,56,9,405,12,237,227,343,282,191,169,238,17,120,49,304
213,287,242,162,228,64,1,316,204,224,238,109,163,98,229,305,422,264,39,28,95,280,8,284,323,266
248,62,281,94,66,60,111,266,368,322,11,34,9,282,167,24,169,346,210,206,434,405,309,46,8,224
108,167,368,94,360,405,282,346,429,229,87,40,120,332,363,204,288,431,104,244,253,9,61,364,4,264
220,228,79,308,16,246,127,284,204,162,234,335,437,412,147,86,355,227,405,391,264,32,346,236,168,108
265,224,368,168,166,204,8,228,430,377,203,17,16,176,428,108,337,431,243,380,37,391,236,227,364,404
62,360,156,21,17,196,155,183,162,316,265,377,8,364,94,228,219,224,129,305,111,398,375,172,254,169
202,227,335,109,377,229,244,333,361,111,167,437,214,266,147,82,104,86,57,94,264,228,159,40,162,238
162,368,206,224,391,94,62,5,364,421,177,407,229,425,238,139,204,80,228,24,196,154,360,298,197,311
419,107,379,227,358,377,174,162,94,349,272,428,264,16,8,108,151,316,161,364,120,139,360,1,226,33
363,151,387,343,344,191,297,162,3,8,246,337,235,200,228,108,17,237,126,196,57,264,94,404,147,333
284,343,360,407,94,156,120,162,226,266,75,237,113,176,225,158,404,398,431,98,279,358,147,196,95,405
264,405,332,16,363,162,335,94,246,111,224,316,152,229,253,17,323,120,110,287,284,358,238,356,168,9
108,162,364,171,384,133,391,127,8,39,365,43,257,335,237,213,137,428,343,264,228,107,94,1,109,2
238,360,287,398,437,26,343,272,162,168,353,392,335,229,8,204,214,224,57,228,3,377,131,167,80,169
11,335,437,1,298,377,304,9,202,104,31,237,167,98,94,428,272,343,120,168,43,57,361,319,264,257
40,437,243,282,0,298,84,56,57,198,411,332,372,111,108,176,43,172,360,377,11,8,343,426,316,431
282,161,196,328,8,368,428,306,227,284,264,236,332,133,194,346,430,151,113,62,178,429,309,162,39,244
62,227,219,164,151,264,43,364,283,131,356,190,104,10,9,162,163,305,66,298,341,400,202,398,316,274
368,264,218,109,3,162,104,431,335,66,214,282,318,262,11,94,297,86,228,89,139,151,313,161,210,237
410,272,343,8,104,377,228,39,305,9,94,127,213,229,368,246,335,196,26,57,224,436,139,40,309,334
237,62,222,411,398,228,227,266,348,243,162,8,377,393,2,139,332,265,16,368,335,111,346,284,17,264
332,17,99,66,227,113,417,155,64,229,199,437,3,364,202,9,97,287,8,198,188,405,237,224,302,423
162,292,244,266,8,311,282,17,108,323,9,243,204,104,229,56,227,273,236,264,111,364,7,415,224,11
346,256,86,265,405,319,437,9,377,366,228,28,162,204,108,431,176,145,272,246,309,398,150,264,411,12
162,332,147,405,358,107,215,437,316,113,392,229,282,377,359,364,381,160,94,378,11,228,319,343,346,213
3,308,75,1,8,115,94,16,167,404,213,388,228,86,252,84,398,62,162,19,368,264,307,108,343,309
39,319,211,202,282,120,360,224,343,8,238,313,358,111,48,17,431,162,213,57,308,86,264,16,226,62
284,162,40,202,305,219,431,371,196,238,411,434,237,276,422,264,428,216,266,7,95,332,204,62,109,230
332,4,151,226,236,272,264,213,162,2,229,196,12,8,405,35,343,57,404,66,94,246,437,334,40,39
335,229,437,343,246,299,244,401,219,104,266,305,204,66,236,9,94,40,264,186,43,8,288,405,272,398
368,361,120,358,151,33,86,227,219,96,364,308,94,204,43,246,305,343,16,161,133,241,8,1,78,323
225,364,368,56,77,320,162,89,94,151,264,294,8,224,437,319,39,120,282,309,356,11,312,332,405,431
9,257,237,398,346,58,111,1,431,226,43,70,17,229,228,335,100,94,360,264,147,284,66,244,62,165
75,364,107,198,339,228,137,85,343,43,257,227,398,8,224,66,272,177,284,236,151,323,422,169,431,377
366,42,43,266,73,377,416,264,323,168,86,57,12,204,343,162,332,139,346,94,330,4,39,8,1,144
43,282,104,26,237,272,343,107,1,133,224,213,142,8,403,368,362,437,262,204,117,420,3,159,154,11
416,298,3,381,282,186,309,368,89,39,204,108,104,94,213,57,169,264,332,43,290,313,437,55,358,350
428,8,384,94,213,264,407,89,246,437,160,162,219,224,1,161,111,158,147,11,284,424,102,330,292,151
162,133,243,335,437,89,298,213,377,17,224,147,113,401,219,433,202,198,227,168,404,40,82,319,358,86
368,358,8,377,111,63,272,16,94,162,52,133,343,236,237,437,17,267,104,227,243,264,213,108,28,25
3,377,62,215,9,265,133,352,398,282,246,17,437,120,432,162,94,8,343,127,305,297,196,340,307,226
109,1,209,253,282,236,56,111,131,219,228,405,272,179,375,17,217,265,120,133,266,147,224,108,94,335
309,84,346,78,332,431,237,398,167,228,202,162,94,343,226,104,236,305,368,131,282,40,8,272,377,229
324,229,8,437,196,83,169,282,161,335,94,288,431,368,272,332,343,202,346,133,298,111,9,308,243,264
104,238,255,167,305,227,428,246,92,219,8,347,364,236,334,199,12,144,319,203,112,262,86,11,229,1
246,43,319,323,73,343,379,404,308,266,265,316,398,108,4,283,94,83,42,17,368,239,264,437,57,3
213,346,238,237,88,343,264,151,94,298,265,123,84,144,376,224,17,243,248,147,225,202,120,156,284,309
147,368,161,377,323,364,39,264,16,332,224,172,343,8,229,17,196,309,104,335,238,9,227,246,360,402
231,43,162,246,191,404,229,400,405,272,305,120,196,437,392,11,139,298,236,167,213,66,133,270,259,1
66,17,94,169,228,120,27,405,316,328,213,343,86,1,108,247,204,8,12,9,229,224,369,407,377,38
127,161,86,47,227,309,337,224,8,411,260,39,1,107,226,383,94,274,10,229,308,340,120,95,128,167
151,162,31,104,229,294,405,264,335,94,86,198,70,407,377,289,62,120,248,297,308,196,56,5,246,40
94,101,110,384,17,38,246,214,398,228,282,167,125,268,237,332,8,124,412,169,244,219,134,407,360,196
39,298,313,0,227,335,264,318,244,346,124,228,405,213,403,162,167,133,417,236,120,437,94,308,8,360
86,109,196,231,280,39,108,286,264,17,94,368,54,236,385,298,229,1,343,9,348,237,228,43,111,377
62,213,228,309,103,43,283,94,360,8,98,368,293,264,64,17,362,226,9,305,256,108,3,343,313,298
1,271,94,120,197,162,133,358,243,404,335,107,368,84,282,202,409,377,333,264,108,66,246,275,27,8
364,380,377,197,398,109,3,94,120,158,236,213,343,264,319,431,237,229,218,88,316,196,368,284,405,335
282,202,346,151,338,40,120,407,217,17,437,201,264,368,44,227,266,265,162,209,309,191,8,79,312,377
309,353,108,283,405,229,377,168,358,249,343,8,104,224,404,426,227,308,98,11,70,9,368,4,295,428
244,313,362,147,94,266,410,323,282,264,220,206,40,204,120,404,398,308,55,11,196,22,111,133,21,346
437,298,399,323,280,94,108,17,238,425,264,144,43,109,23,266,167,335,104,8,213,295,237,151,395,346
134,39,284,228,404,343,316,282,131,16,109,368,246,57,334,94,427,88,347,437,31,8,1,436,264,196
405,404,343,218,213,119,171,111,377,62,1,17,237,229,104,434,265,135,309,94,147,8,299,226,284,66
354,343,3,66,405,94,57,298,404,132,283,162,264,437,52,332,177,236,246,402,316,86,272,134,360,308
343,144,437,8,148,120,169,10,173,162,236,415,161,97,266,346,243,94,56,298,151,107,104,202,1,246
264,343,236,8,120,313,133,227,83,364,72,64,346,56,111,308,109,395,151,355,198,162,305,177,282,229
56,224,298,335,437,167,169,387,413,108,43,404,243,266,331,364,144,236,211,422,323,228,428,370,343,8
8,159,431,45,204,2,307,264,272,211,297,162,16,224,1,11,398,97,9,437,95,196,419,236,214,309
136,94,405,428,56,111,431,316,264,108,295,8,228,133,109,364,204,346,244,217,272,209,77,335,196,104
343,244,202,264,224,404,377,57,40,94,341,59,282,437,17,1,236,368,206,8,243,228,391,86,103,111
224,1,11,162,226,437,417,264,151,368,428,237,282,132,229,211,62,204,236,107,58,343,108,37,318,72
63,108,9,332,266,358,87,8,94,109,404,151,40,437,238,343,283,84,316,308,162,431,104,229,407,219
8,17,435,3,437,259,405,83,167,264,238,120,262,202,282,223,237,335,341,343,220,133,208,102,162,436
335,62,377,108,147,228,298,11,39,238,162,66,226,423,169,243,437,50,360,183,273,104,343,145,167,246
343,228,244,437,257,223,133,246,139,72,66,94,237,369,245,112,55,282,431,361,309,162,358,238,118,364
255,229,226,343,283,204,316,282,227,147,151,32,40,407,358,108,362,332,111,224,209,392,84,237,266,136
224,437,237,151,265,94,298,229,62,139,368,273,8,285,343,404,1,42,111,213,346,155,157,82,228,204
8,358,94,229,360,255,35,388,431,282,346,428,280,202,391,308,89,66,162,40,9,343,284,144,238,438
319,437,124,238,207,266,343,308,43,284,167,368,321,274,237,276,33,107,3,431,323,213,17,120,169,392
265,162,272,368,8,335,224,437,360,343,431,364,94,308,229,120,341,381,215,405,240,161,264,316,270,428
428,427,219,323,407,431,17,280,368,224,282,332,346,147,335,40,115,316,213,361,94,229,11,405,56,162
228,170,61,298,386,264,339,313,1,155,17,9,243,377,104,319,94,133,32,305,139,364,428,8,65,422
265,385,377,264,244,228,319,300,236,105,147,248,257,204,246,42,127,323,392,134,162,1,40,298,180,428
236,346,264,295,265,224,94,419,66,305,404,389,398,229,151,223,86,196,62,431,67,3,332,377,267,252
109,390,305,8,437,99,57,196,147,111,407,237,244,108,213,377,391,250,343,282,169,368,113,298,438,242
169,284,428,309,161,218,187,9,60,40,17,11,94,359,151,404,298,282,86,413,62,267,109,238,373,162
8,127,209,231,404,76,120,352,243,16,128,108,248,437,151,17,264,213,430,224,236,195,335,308,167,427
343,255,8,428,107,20,167,324,224,435,51,264,109,437,360,16,244,94,243,76,169,411,364,285,111,147
149,309,243,437,56,404,9,264,43,337,364,358,26,305,335,306,215,66,236,319,8,79,237,108,169,120
319,9,316,39,380,419,169,343,3,229,202,95,428,120,8,305,377,304,94,104,246,200,86,400,236,162
305,196,272,431,43,78,404,216,162,229,337,167,343,169,88,237,224,297,437,11,266,319,106,9,17,137
7,108,284,8,62,266,19,365,229,275,381,109,111,94,309,343,162,53,228,246,47,238,17,256,202,368
17,405,108,266,404,437,8,346,196,343,374,155,86,213,308,298,21,362,272,319,228,104,422,166,11,119
343,17,53,224,8,56,33,415,398,308,354,196,39,228,255,104,437,358,346,384,282,360,89,238,264,171
39,167,94,8,161,437,264,237,335,389,343,3,266,84,108,298,176,139,104,144,228,147,57,431,66,398
8,204,437,297,213,208,335,131,147,282,133,319,5,109,407,228,39,405,224,355,169,162,343,237,388,100
362,343,9,167,56,272,144,298,226,377,204,104,224,346,5,202,215,42,225,214,319,16,7,196,79,107
8,213,162,118,226,62,167,364,266,219,236,368,297,265,228,343,335,17,354,437,224,237,332,202,256,309
343,94,335,162,358,176,298,199,223,377,323,113,16,368,437,229,111,1,196,277,183,66,405,364,84,296
196,343,167,151,360,335,308,320,242,274,113,67,272,273,9,354,108,147,309,78,244,282,228,162,59,265
43,23,392,3,8,139,222,60,368,204,309,226,224,162,346,86,94,223,360,437,159,155,335,264,343,377
117,377,246,62,167,219,196,94,281,120,259,407,343,133,237,298,86,332,111,368,264,309,17,437,84,102
437,438,343,8,354,328,195,162,431,252,94,86,346,364,238,43,151,111,264,104,120,213,428,64,10,202
404,272,264,149,39,94,58,364,224,298,437,303,22,18,232,57,169,284,144,96,270,431,62,196,266,4
139,144,16,86,246,39,437,400,323,8,335,104,297,313,162,243,264,343,120,358,319,228,428,17,84,172
304,57,120,88,8,84,243,196,319,343,437,70,332,238,202,407,237,213,429,358,39,108,346,162,156,368
213,227,1,309,159,223,109,411,377,437,161,358,29,384,85,17,162,229,368,120,324,8,272,398,335,282
94,405,155,346,31,226,272,127,131,377,246,8,229,237,307,202,264,138,103,437,224,309,398,113,228,108
308,94,204,264,162,109,43,284,16,305,236,11,111,8,377,52,343,439,229,226,404,17,104,117,360,224
309,272,196,358,275,332,142,438,248,364,156,92,11,284,58,8,198,37,319,343,264,246,398,283,202,308
236,332,403,43,84,72,335,243,246,264,229,284,398,343,202,9,223,424,238,226,108,282,360,196,40,57
353,162,368,57,343,332,16,360,246,24,107,129,8,194,319,219,224,313,244,17,193,297,284,300,89,213
298,238,168,156,228,8,94,82,285,108,316,17,62,305,264,422,7,310,337,347,360,111,407,118,368,224
284,297,162,8,108,428,319,229,167,204,377,272,246,102,280,264,17,133,346,109,227,16,139,398,104,224
169,343,162,187,243,158,151,94,3,111,118,11,1,437,56,368,9,139,16,113,228,404,114,272,264,282
109,196,236,14,272,204,320,133,233,169,86,264,11,368,229,404,120,363,94,246,137,167,332,283,291,9
11,226,436,246,364,36,227,266,255,309,111,43,108,297,9,264,283,202,346,431,17,224,404,237,104,229
347,172,16,392,398,167,309,66,96,133,113,237,346,17,406,227,70,233,94,151,39,214,264,8,174,12
43,402,437,308,94,17,9,264,372,368,107,73,360,319,45,343,346,293,196,108,40,377,162,330,236,243
426,161,368,309,1,162,272,8,343,147,9,17,207,120,264,44,62,237,134,168,204,225,248,178,253,332
114,343,209,94,266,308,37,57,297,237,180,295,17,133,183,196,316,364,437,120,272,9,435,213,65,107
368,181,57,16,304,353,232,207,423,162,343,364,405,9,8,437,104,240,237,365,169,94,72,264,117,1
398,425,39,272,8,229,94,400,349,368,35,9,226,283,224,364,96,264,81,78,309,404,11,335,305,162
133,62,238,318,343,368,1,244,246,325,266,316,229,270,107,94,43,319,269,377,437,162,332,56,272,204
151,343,111,113,120,236,162,28,17,265,237,368,319,9,393,57,228,104,203,160,204,282,295,272,246,364
335,244,43,266,297,168,42,364,162,319,94,137,111,398,169,8,264,11,113,439,56,116,254,351,313,16
161,358,224,84,355,8,343,272,227,1,3,346,228,307,319,56,42,432,147,278,219,237,335,213,62,305
219,343,211,332,167,227,204,308,222,264,404,361,309,266,419,202,40,360,214,224,382,322,147,76,191,213
8,377,428,284,108,135,437,256,343,144,168,204,235,228,222,23,17,62,224,151,10,109,364,133,238,360
305,364,360,346,437,213,398,187,343,229,224,162,10,94,15,404,356,204,109,298,264,236,405,323,339,316
11,140,370,83,9,209,228,346,94,368,213,284,211,58,164,272,246,162,90,196,89,39,227,306,283,257
66,309,276,94,1,228,52,244,162,57,335,111,145,126,280,97,346,8,404,11,229,113,87,9,213,226
43,168,107,144,162,13,204,265,437,139,14,201,151,40,137,56,202,246,69,86,23,198,343,320,90,346
264,219,226,213,282,358,156,78,120,343,272,133,431,108,291,360,94,316,162,284,8,9,355,62,228,334
8,213,9,139,343,335,111,68,244,229,144,405,346,94,252,283,11,120,267,332,297,380,282,17,147,224
17,86,162,224,289,405,113,275,1,15,94,29,309,108,332,420,364,238,285,147,264,377,428,431,144,59
393,177,305,308,437,228,104,108,428,368,226,272,202,309,238,39,94,229,319,11,224,213,264,332,346,109
265,404,57,59,358,437,360,167,120,324,94,305,168,307,212,364,335,196,213,161,204,334,211,103,43,368
264,17,111,8,343,107,34,368,167,358,377,224,260,341,108,307,78,297,169,125,133,236,56,94,204,364
221,196,284,282,4,169,246,107,9,94,161,162,437,312,229,236,109,8,42,57,387,224,341,203,345,243
120,8,266,181,202,104,264,107,219,349,305,196,368,252,346,139,373,17,40,229,428,149,57,121,224,319
264,319,234,43,9,236,196,305,101,169,1,228,346,108,343,364,244,162,202,283,94,151,72,227,365,200
243,12,16,228,111,204,147,42,214,162,308,404,53,7,377,8,394,407,343,346,1,313,163,39,272,437
224,19,219,236,349,8,319,313,155,346,3,265,86,323,94,428,71,237,16,147,17,238,272,343,118,416
147,264,364,162,224,164,229,202,398,116,265,370,167,228,204,437,16,407,227,305,275,309,94,405,56,346
56,364,266,162,204,264,228,237,309,183,40,168,404,277,108,8,17,169,283,238,120,431,272,405,333,110
308,213,94,360,309,56,343,111,107,377,398,228,376,284,407,432,246,9,226,28,162,72,167,43,341,287
405,324,364,147,332,1,149,224,237,404,220,8,229,398,308,94,316,360,227,162,236,109,335,2,97,73
200,430,272,162,386,144,246,437,62,264,411,405,151,17,20,343,431,224,56,282,146,133,228,109,108,107
94,219,228,437,213,405,343,237,25,272,266,308,264,56,43,227,244,120,319,335,282,75,305,246,332,63
272,309,94,133,368,108,228,154,376,353,428,226,411,111,363,437,400,9,346,27,160,229,15,120,369,162
229,343,404,437,8,228,66,135,282,9,48,209,107,264,166,17,398,149,272,202,236,116,139,436,218,377
368,265,362,104,94,357,224,108,11,202,407,244,335,227,66,233,9,284,162,343,179,167,204,186,88,4
407,113,433,213,48,437,229,167,57,120,94,428,274,89,224,398,234,35,86,108,162,114,215,343,265,404
407,144,94,265,229,113,62,343,364,437,398,353,118,348,102,162,8,133,213,11,360,282,297,154,346,196
264,213,343,284,313,228,404,161,377,352,94,224,8,230,219,56,368,151,16,108,139,66,255,1,24,23
316,358,167,94,137,313,8,272,56,104,246,162,335,291,236,344,364,346,17,147,11,282,39,376,43,259
305,245,272,94,283,371,162,62,343,437,196,213,282,298,229,332,355,135,8,274,369,19,86,244,204,224
62,427,404,244,238,43,377,159,278,224,8,16,236,431,228,169,364,167,139,108,117,346,389,237,191,39
364,343,113,111,229,161,120,62,228,431,57,9,43,238,264,27,394,147,139,108,246,376,8,244,407,17
343,308,428,113,225,4,107,246,40,298,437,8,332,161,3,133,94,420,237,229,169,228,268,52,381,236
63,308,229,213,107,264,3,9,364,195,194,244,368,94,108,113,224,169,219,66,160,8,407,57,248,128
343,108,224,341,161,438,237,372,35,8,56,94,437,272,377,40,228,404,103,399,360,215,405,229,238,43
283,201,94,117,229,264,309,106,8,343,265,407,227,364,9,253,237,316,11,101,161,144,368,169,43,104
323,147,264,353,166,398,237,229,94,104,1,8,196,297,224,120,169,228,25,202,392,357,223,74,404,111
1,401,147,204,162,62,108,292,319,364,136,272,224,40,360,238,229,67,343,342,284,266,428,368,213,353
222,108,202,94,133,316,169,283,297,139,348,431,405,237,343,229,104,383,9,282,262,213,37,17,368,72
236,219,17,54,360,364,40,80,298,162,11,405,224,305,332,39,313,229,8,132,343,245,238,196,43,70
133,255,213,346,16,236,108,162,439,232,246,120,243,437,39,398,127,358,266,264,228,410,335,289,41,62
162,305,360,176,264,431,386,236,265,243,161,34,42,228,12,107,237,56,130,72,8,368,169,316,335,278
417,266,16,217,343,120,437,147,226,358,11,133,237,94,313,377,298,104,202,238,348,309,365,236,8,332
92,264,327,56,162,398,111,48,118,316,404,368,437,384,395,104,108,109,147,94,323,167,283,291,196,169
335,161,109,66,437,40,332,21,324,167,202,305,151,120,226,398,428,364,17,224,280,244,204,246,82,162
266,9,343,201,282,424,347,1,404,228,229,238,57,437,306,362,196,297,39,120,243,162,316,265,133,144
94,228,309,314,282,5,105,144,404,399,382,346,237,437,183,343,108,375,177,272,262,57,8,229,168,332
144,9,237,162,282,83,305,131,238,404,284,145,382,405,185,8,202,1,228,304,199,377,437,109,224,431
423,437,325,244,200,227,109,407,358,424,422,56,238,398,245,49,272,285,162,151,260,372,17,40,133,8
199,11,349,360,8,16,229,396,120,40,114,162,17,283,250,362,108,100,111,45,432,167,57,308,1,435
108,272,11,8,224,107,305,368,94,343,237,335,227,228,437,246,40,57,56,238,162,9,17,327,213,161
63,364,9,246,385,107,78,8,147,437,94,92,273,264,229,66,86,219,408,377,237,284,65,283,62,46
237,284,287,144,150,368,137,238,39,94,428,202,10,58,139,265,236,17,341,283,224,404,343,130,165,398
398,228,117,17,431,253,437,376,404,1,94,167,108,246,238,343,264,323,390,282,424,136,272,352,162,120
220,285,265,104,66,214,147,291,419,59,28,47,437,316,396,428,162,111,185,94,243,237,86,335,404,431
39,196,62,58,56,343,11,169,266,237,227,116,111,368,67,243,94,159,70,46,272,425,107,313,323,213
169,437,297,236,66,431,343,238,113,401,89,49,407,262,133,1,143,400,94,364,213,202,346,284,316,64
115,294,236,428,431,200,282,118,54,17,343,264,155,169,134,214,162,8,196,39,3,283,120,111,377,9
370,437,229,264,404,8,377,107,43,161,417,139,244,151,428,276,319,282,405,398,313,416,20,62,169,308
437,229,40,43,319,82,360,335,244,432,228,343,368,147,104,26,167,192,405,359,219,86,11,94,309,162
332,229,39,62,43,196,309,38,264,437,431,108,151,142,167,316,360,377,8,349,147,224,40,319,343,237
406,243,78,213,29,8,73,366,346,162,368,264,109,398,250,97,43,422,377,358,11,343,435,283,202,228
1,104,10,282,108,405,151,8,136,162,199,62,404,316,332,396,120,9,76,139,246,204,348,289,358,226
368,209,24,332,272,94,423,66,13,118,139,304,8,90,343,274,86,377,308,316,184,398,264,108,162,227
246,237,58,262,224,161,282,1,169,229,264,435,16,357,151,196,63,266,167,368,236,11,351,413,383,373
208,17,213,204,283,109,317,272,343,8,228,227,266,167,229,151,284,236,437,372,364,131,40,107,390,377
229,109,62,88,93,335,332,173,17,8,224,204,113,415,358,196,147,11,284,272,9,94,437,227,1,377
282,29,202,57,377,176,227,94,345,1,309,437,108,38,228,226,219,236,177,407,256,266,43,428,107,398
265,17,266,264,282,21,377,89,228,158,360,343,437,346,94,236,116,358,71,364,110,435,352,227,152,106
151,343,86,398,80,202,9,56,31,204,8,120,228,404,282,237,418,329,162,346,218,12,431,89,335,271
416,224,7,162,219,364,94,40,104,304,56,385,156,264,246,226,214,335,341,408,404,108,66,346,437,433
264,224,9,211,8,17,240,386,243,155,162,360,308,335,16,56,237,94,437,368,83,364,343,161,66,11
377,262,228,272,151,244,392,224,243,264,265,147,227,176,112,366,407,177,246,238,343,237,297,39,108,162
63,437,355,8,162,168,266,317,346,398,120,94,43,319,308,313,20,377,204,343,108,404,358,104,196,368
272,69,343,317,229,437,62,274,1,342,94,405,236,168,161,8,246,319,346,39,431,57,237,76,404,66
8,162,282,169,134,62,58,246,236,435,45,111,66,182,352,346,244,377,316,71,109,343,228,107,220,23
272,213,211,358,308,145,238,263,405,352,16,106,246,144,162,139,8,343,219,332,33,264,368,228,209,236
264,398,360,9,437,188,266,17,94,411,11,40,168,8,162,229,109,238,319,343,298,56,346,66,204,54
415,229,332,422,368,228,431,112,3,266,39,196,151,264,227,43,159,147,318,282,313,226,437,407,199,360
224,114,137,66,29,162,318,196,3,204,305,405,147,17,8,133,180,310,11,266,413,229,319,288,264,368
415,196,224,400,398,8,343,402,360,178,94,43,305,169,405,59,265,66,219,102,108,9,319,161,58,266
276,169,261,148,282,8,335,109,262,227,84,372,151,428,11,162,405,243,422,230,346,313,17,43,264,229
437,8,377,229,246,224,334,91,66,94,136,92,1,407,17,183,196,264,57,236,238,428,120,62,341,86
228,19,431,237,408,360,109,9,404,94,151,57,236,89,376,169,224,133,229,368,123,54,213,343,264,226
407,238,94,398,111,231,364,405,360,179,213,113,428,59,39,86,43,133,375,358,298,272,168,389,20,162
94,313,246,144,224,364,214,8,38,169,431,62,360,69,45,104,428,346,365,236,335,204,343,228,226,39
237,111,265,361,94,16,272,213,228,439,297,70,264,266,276,246,40,2,9,353,86,398,223,33,282,8
323,405,162,147,3,305,224,69,237,407,319,272,229,108,437,335,221,297,364,246,266,298,35,368,212,316
295,213,236,163,151,169,237,335,244,272,264,11,318,436,147,437,1,428,343,229,94,139,8,111,305,329
57,62,343,383,202,133,226,358,324,9,268,213,134,128,200,298,264,8,94,246,198,120,237,431,377,24
9,343,264,358,229,403,282,94,151,377,108,332,144,226,162,86,224,415,172,346,4,78,398,207,180,173
346,265,12,17,339,193,364,94,264,283,398,57,284,428,46,224,343,8,352,344,213,120,308,115,40,431
266,202,43,162,120,431,108,17,236,167,147,136,316,284,229,9,437,204,319,132,11,237,42,210,293,66
56,269,398,62,437,305,120,152,362,383,1,119,111,224,202,246,257,226,237,107,284,313,428,317,283,364
162,17,346,244,313,237,133,407,120,16,236,56,43,343,229,82,131,104,108,195,151,40,62,219,115,360
293,86,207,228,266,147,246,226,133,264,251,368,111,24,319,72,425,167,236,222,437,346,224,405,318,8
246,264,23,213,17,169,147,168,66,305,236,43,237,228,226,400,9,8,431,272,111,94,229,439,358,149
162,86,120,224,213,284,255,238,147,164,94,103,313,403,8,404,99,204,358,62,343,40,144,219,346,274
424,437,11,17,144,169,404,246,237,264,273,368,107,39,244,109,108,316,225,179,238,147,94,37,196,390
319,202,139,144,94,353,104,228,236,62,162,11,4,31,224,9,323,109,391,29,226,377,243,213,437,343
62,97,304,437,155,8,272,31,228,284,169,206,11,404,39,237,202,126,377,86,297,346,423,94,238,144
252,236,412,343,229,62,109,253,328,225,404,108,144,94,316,54,151,202,360,162,335,43,21,238,9,1
246,237,148,275,58,343,358,313,377,404,8,357,332,219,224,202,196,120,428,166,266,346,370,185,43,133
335,246,229,43,86,370,94,437,340,343,434,243,151,398,237,162,8,169,221,95,405,231,364,404,265,284
17,343,19,238,377,57,264,219,346,1,246,398,108,88,168,217,372,437,84,423,94,364,313,305,109,282
264,224,109,420,9,346,343,329,94,246,272,210,332,16,85,437,276,120,89,25,8,228,17,284,167,149
211,86,167,9,26,342,50,8,298,185,254,227,319,437,398,360,236,12,109,219,204,335,162,33,243,343
206,243,202,169,264,69,154,8,335,309,356,404,213,228,94,120,15,224,207,40,56,229,9,16,81,282
429,305,7,226,343,246,282,335,196,42,133,201,348,264,227,33,360,229,162,278,16,56,241,23,43,9
236,332,405,31,111,228,335,264,297,161,237,196,35,202,204,433,120,162,109,86,283,147,358,4,1,8
94,8,228,162,70,235,181,355,84,404,67,272,415,264,254,63,16,343,3,430,107,282,432,43,305,87
113,229,332,243,404,226,398,8,298,246,335,162,284,104,11,204,238,264,224,368,319,323,405,219,366,133
346,236,57,66,381,305,343,364,167,139,431,118,134,368,104,43,224,120,297,319,80,46,323,382,310,116
246,111,428,224,343,17,35,162,8,149,332,84,57,368,416,108,202,1,283,319,174,94,381,158,346,437
173,199,43,237,208,213,282,9,40,346,298,358,335,108,354,265,57,94,147,246,224,16,162,8,373,316
58,282,284,368,147,236,302,264,65,435,8,283,96,113,392,17,243,6,94,9,98,151,16,350,431,255
224,378,228,283,162,59,272,332,120,308,168,364,437,107,133,3,8,237,305,147,174,57,109,436,323,43
377,111,343,255,364,39,102,56,265,346,366,162,94,161,228,219,202,237,107,264,213,262,328,284,131,428
8,219,343,405,228,254,416,364,191,376,229,243,346,56,94,62,404,80,266,237,302,298,120,283,102,1
326,323,96,284,17,93,42,52,76,248,335,28,8,229,332,407,289,224,161,360,383,405,40,308,236,283
213,278,208,236,237,305,313,324,321,152,407,405,174,65,368,8,437,10,32,264,335,41,228,318,161,398
213,229,264,328,437,224,204,31,1,62,343,8,57,369,108,111,228,94,297,246,90,346,238,289,162,377
109,283,236,234,150,151,107,120,256,272,1,437,66,343,204,196,427,229,162,94,246,17,228,358,335,292
94,129,264,343,196,272,437,229,368,408,224,139,284,17,337,95,335,128,228,49,266,398,416,19,16,27
120,302,352,104,8,264,224,229,270,394,316,343,313,437,162,56,407,228,290,227,315,133,404,167,282,169
196,272,204,104,329,207,168,411,8,17,264,109,243,133,346,151,417,202,111,305,420,56,94,11,335,9
162,407,224,266,335,219,346,111,2,363,229,94,108,155,56,17,228,160,364,196,341,87,204,8,283,48
139,266,204,237,405,94,364,8,398,318,144,196,437,43,308,298,244,264,432,9,162,418,343,133,109,1
266,161,237,284,196,308,56,350,94,8,162,265,204,3,297,9,377,272,102,244,316,48,62,46,298,11
202,84,213,40,324,246,229,316,156,341,407,224,228,8,272,334,78,431,144,365,437,364,94,9,133,128
109,147,21,364,405,111,94,360,162,58,54,168,139,338,1,3,396,237,40,343,424,161,271,185,316,25
431,11,343,204,118,8,147,94,133,218,24,252,362,398,318,298,17,427,332,66,142,169,229,335,243,368
151,17,11,227,437,66,228,206,207,120,316,196,431,407,86,319,297,8,138,220,343,39,246,133,147,229
346,3,204,162,355,210,144,152,226,335,437,94,295,27,229,223,67,86,368,319,413,196,316,398,237,404
309,66,104,94,437,222,8,424,151,305,39,398,332,228,343,255,81,429,280,282,213,105,357,68,96,264
246,228,360,113,368,229,11,162,166,120,243,196,86,283,289,404,298,282,272,213,234,94,84,338,285,56
144,323,17,111,11,343,394,82,109,81,113,224,360,264,243,201,377,351,244,151,163,16,3,199,297,57
94,147,43,111,243,3,229,228,17,275,120,227,417,323,407,264,369,20,219,114,8,76,108,437,109,107
94,40,237,108,335,118,264,282,141,97,333,1,228,437,8,284,323,136,234,266,111,133,272,151,238,213
238,392,307,168,394,407,227,196,355,236,8,109,144,346,226,9,94,245,169,439,272,162,368,237,39,246
246,139,265,8,101,169,270,332,308,437,364,368,94,3,93,45,108,107,407,49,335,1,228,226,9,151
346,397,151,416,184,224,244,343,368,282,361,283,212,133,201,55,286,335,162,342,360,31,196,108,396,222
335,437,147,120,345,227,66,68,39,358,272,16,309,255,224,246,253,238,304,398,56,407,40,360,94,228
193,39,316,54,237,393,43,281,305,63,194,223,264,335,298,236,228,246,226,297,377,253,2,293,360,96
147,228,272,323,343,56,229,162,264,104,154,364,266,435,94,8,398,213,207,313,1,113,39,283,259,9
428,244,283,279,62,161,264,219,368,162,94,337,86,111,56,282,233,346,226,177,229,410,266,120,16,405
360,84,151,199,238,57,229,191,381,161,21,398,196,305,343,364,362,358,236,212,405,66,407,162,346,282
253,40,83,108,399,204,54,62,39,256,298,162,283,94,195,366,364,17,107,264,269,321,346,8,224,161
94,377,316,308,196,40,139,66,328,272,264,336,115,389,226,437,236,429,224,43,309,207,398,161,133,338
228,56,295,343,1,39,17,404,437,120,213,246,161,335,196,247,38,420,229,202,237,169,346,40,308,264
346,204,169,282,437,394,156,405,343,308,220,37,328,244,332,272,439,24,411,359,368,161,434,70,11,366
204,358,162,120,107,316,56,343,368,319,308,346,351,415,354,9,369,32,403,57,244,431,168,207,364,196
266,304,133,346,228,204,213,109,66,264,94,298,8,405,343,309,1,45,305,62,265,224,98,243,437,144
108,8,202,167,272,437,364,126,335,58,196,94,133,253,204,264,191,435,208,86,297,346,147,111,378,313
3,363,332,241,151,12,298,346,269,120,43,411,364,115,94,229,86,335,307,162,405,224,398,372,262,227
116,226,308,272,246,240,161,433,243,104,437,162,202,398,8,94,237,417,196,107,360,120,316,40,264,151
104,224,346,264,282,368,308,204,212,238,111,405,343,107,50,155,236,246,144,169,139,229,266,237,377,228
3,108,9,197,272,162,133,377,120,124,338,368,8,16,358,429,57,249,305,107,405,437,219,289,436,246
431,274,246,94,204,86,196,259,192,45,120,111,237,40,407,309,162,56,3,368,11,358,167,405,277,347
437,228,149,243,162,343,357,88,82,237,377,109,284,255,244,196,283,342,120,178,313,202,221,9,11,246
377,308,437,282,246,1,264,404,431,125,158,55,76,57,398,237,162,332,3,120,430,66,19,7,17,428
58,438,89,202,17,111,104,226,164,43,228,113,24,319,5,309,431,282,161,56,136,323,335,308,313,179
147,413,102,264,405,49,236,12,161,133,272,306,297,111,17,94,316,104,255,326,148,162,54,196,246,377
17,109,16,360,151,309,94,176,169,72,204,376,226,368,271,377,364,201,343,222,107,9,155,229,144,111
246,264,94,265,89,316,404,56,228,437,309,227,57,269,335,196,23,236,305,162,120,204,266,108,147,8
309,343,313,78,267,111,57,31,17,144,196,379,255,48,229,162,311,8,293,213,84,428,66,308,377,3
236,45,419,202,57,145,411,346,398,343,17,437,377,8,257,423,227,43,229,264,228,126,405,338,88,260
368,238,264,167,389,94,346,246,213,174,43,428,86,147,40,364,237,66,169,35,162,228,332,120,144,151
368,224,19,389,407,57,211,308,108,68,288,272,17,274,244,161,284,343,202,40,8,94,162,437,237,299
8,229,305,428,308,265,66,204,385,238,272,1,264,161,405,17,316,228,343,202,224,21,437,56,323,236
1,227,246,228,8,66,398,437,22,332,381,358,343,284,9,219,162,377,56,94,236,364,376,196,86,107
43,107,364,343,219,8,424,94,420,123,361,229,104,17,196,305,9,396,64,108,204,48,235,16,236,278
335,264,148,272,8,151,94,224,169,86,108,155,113,309,364,433,412,133,284,139,343,147,360,329,0,254
360,377,155,108,222,437,24,10,213,30,308,224,13,329,335,236,407,8,204,265,284,264,66,282,69,62
151,360,132,113,139,405,158,332,162,264,164,181,244,8,404,213,361,159,144,337,40,17,196,236,2,226
312,364,162,17,319,437,57,147,43,265,405,228,169,332,335,292,343,428,204,111,211,412,341,264,161,237
161,147,264,229,224,364,43,343,162,51,246,228,133,243,237,236,260,407,222,360,366,39,359,226,266,111
120,343,179,8,11,282,40,319,207,43,361,283,422,162,430,303,157,202,346,316,398,118,228,39,308,264
229,335,1,104,309,297,349,139,222,167,63,264,217,364,134,377,151,196,202,111,120,56,208,228,144,282
244,279,116,298,264,133,398,228,372,383,327,207,8,66,234,274,94,196,431,203,57,202,224,208,204,351
437,111,19,358,350,282,17,168,297,246,40,438,337,174,431,404,275,211,144,374,219,94,290,226,34,213
111,67,407,264,319,139,108,249,377,266,309,229,147,166,162,368,316,265,48,236,68,358,104,398,40,431
168,236,376,104,8,309,138,437,432,389,95,224,109,102,56,162,372,183,388,428,364,402,154,43,308,1
284,266,272,133,111,310,364,236,229,15,136,193,228,94,57,227,365,238,144,108,219,109,7,139,374,436
264,107,283,147,73,16,1,250,353,229,438,316,358,238,39,8,94,228,148,404,437,309,236,368,120,202
437,151,196,360,48,95,353,39,162,371,43,394,238,264,343,224,9,283,111,402,266,134,94,316,8,113
120,46,31,335,8,162,241,343,264,111,246,228,107,334,57,237,337,144,227,62,308,369,196,42,161,323
38,335,8,94,346,229,162,109,368,202,408,273,238,107,228,24,377,358,283,308,62,364,150,219,120,272
368,90,228,211,8,305,244,298,196,404,87,66,107,266,204,162,40,289,229,309,108,43,246,62,264,1
72,222,428,327,437,308,255,108,113,139,94,162,323,142,264,228,368,17,176,346,7,361,262,316,4,138
