56,133,277,161,343,16,8,228,37,360,346,236,348,202,437,297,335,250,428,9,405,318,213,13
133,9,151,62,8,204,308,313,360,196,224,139,1,94,335,176,23,162,405,408,336,86,264,303
265,229,407,424,43,272,56,242,226,107,356,120,196,8,368,109,213,66,227,94,305,228,202,437
306,264,77,8,248,358,227,9,437,94,305,120,246,204,229,313,161,17,39,298,237,319,265,1
87,177,196,237,229,17,224,368,313,168,404,162,167,316,54,15,94,133,213,265,324,62,431,40
167,113,438,179,47,316,42,264,108,56,332,298,86,111,185,431,377,62,133,368,309,343,84,437
90,319,51,368,196,272,12,269,162,9,199,316,394,398,1,131,108,168,16,243,236,238,332,305
431,236,213,8,70,204,152,237,139,9,202,364,57,246,332,120,238,343,323,398,244,108,346,56
204,213,229,264,279,161,8,360,407,40,11,259,265,345,219,335,62,346,162,12,358,364,86,147
407,107,308,229,324,355,236,58,40,186,127,398,1,204,136,159,272,151,243,89,169,264,68,257
364,246,94,224,236,404,17,272,9,398,387,437,294,346,380,62,161,104,181,37,57,213,111,237
299,265,40,94,151,133,9,120,238,11,297,341,56,219,161,167,115,404,282,202,272,246,323,17
229,191,9,113,196,377,344,32,108,120,156,217,40,337,264,270,404,316,243,109,8,2,343,335
219,309,364,343,83,264,31,102,86,376,151,297,227,368,298,437,3,202,305,246,354,404,60,161
35,308,204,1,139,267,379,62,297,167,39,265,196,237,47,272,305,109,364,255,9,3,8,346
237,428,56,272,319,360,17,4,346,9,196,224,431,384,162,204,107,209,229,109,236,324,365,94
9,162,8,343,244,237,349,62,283,133,227,111,107,282,201,428,134,79,243,17,384,335,346,289
8,111,323,364,266,109,152,24,66,9,219,204,176,283,188,405,406,162,398,39,303,402,17,343
11,272,48,437,9,98,162,266,309,108,57,62,109,161,359,194,204,107,289,181,298,342,406,8
228,120,224,56,422,284,17,75,187,43,382,398,94,111,406,368,86,237,161,219,415,431,361,377
342,346,213,264,83,3,140,298,383,17,167,120,368,109,335,68,343,332,437,39,282,193,104,333
111,417,404,237,213,236,162,1,329,144,272,43,238,90,224,358,107,3,202,228,139,9,364,211
288,51,363,364,411,335,190,272,307,229,338,168,368,108,45,130,264,377,1,147,169,194,61,9
346,411,94,437,40,8,43,425,227,264,295,250,343,332,28,302,337,104,219,398,39,82,407,404
135,224,364,354,248,9,228,94,133,335,264,204,162,369,33,360,62,58,187,111,345,415,56,343
147,135,94,151,390,318,335,313,284,428,324,238,243,437,431,167,332,228,162,280,111,213,39,298
335,264,226,136,305,21,235,295,94,220,423,398,1,151,8,133,97,244,196,164,266,246,399,427
341,191,347,1,308,109,107,94,264,229,131,364,237,406,314,368,252,355,380,320,226,147,360,253
332,1,368,228,120,365,309,343,360,16,405,237,346,341,394,167,264,272,145,224,40,283,108,266
237,283,316,203,404,199,405,162,360,94,86,298,262,167,284,229,133,287,9,8,309,243,134,343
251,120,138,231,229,377,343,364,284,8,428,204,203,398,27,213,195,219,238,272,162,323,437,181
226,405,8,196,34,56,162,213,94,319,332,111,64,229,108,228,377,361,224,372,31,202,199,308
213,9,377,17,161,343,162,428,1,368,43,236,204,8,315,241,3,266,169,437,360,398,284,228
216,398,109,420,360,364,11,224,24,88,31,67,120,343,362,244,238,39,104,227,377,236,143,237
150,306,407,327,309,227,1,52,411,3,332,118,9,8,202,272,246,350,17,368,237,428,183,104
169,62,246,139,9,332,107,284,110,343,264,312,437,381,70,212,147,256,8,309,229,151,428,407
237,8,381,320,40,213,161,360,309,196,343,437,236,9,144,228,94,273,15,151,146,105,272,66
212,346,437,264,227,276,282,8,360,109,94,162,224,219,9,202,196,141,404,229,40,335,204,75
437,21,404,364,282,360,283,346,349,61,228,265,120,398,343,272,244,84,11,75,248,147,313,324
224,236,343,229,56,377,228,323,131,162,8,14,39,107,283,198,368,62,313,272,57,266,341,86
124,283,150,162,371,94,228,428,282,108,272,236,227,246,144,237,183,343,437,364,196,202,355,57
405,377,109,213,57,225,108,111,1,228,401,364,120,8,437,264,104,3,129,147,297,94,107,267
386,104,94,1,243,346,8,22,224,424,17,417,399,196,228,323,120,377,84,237,169,202,113,58
224,305,120,166,8,392,264,228,162,431,238,9,364,236,368,108,196,51,360,335,43,66,237,84
40,8,238,43,67,11,316,280,133,265,219,151,82,272,22,196,368,211,23,437,108,289,84,393
316,43,213,101,377,144,187,264,68,343,212,246,94,97,309,308,1,346,298,107,368,407,145,16
8,432,228,109,272,265,169,120,303,104,264,226,162,298,116,309,422,196,257,244,62,252,238,45
61,323,265,341,224,364,144,343,266,305,16,11,113,39,56,134,162,285,237,439,47,227,236,377
308,191,403,272,108,56,62,238,204,94,201,319,8,40,244,199,169,219,343,66,9,283,346,139
368,171,95,358,346,265,264,343,253,364,284,151,257,57,228,94,287,332,226,104,120,309,96,118
236,283,335,341,276,1,346,17,343,407,7,162,309,332,268,364,113,398,80,39,228,213,38,226
56,219,151,358,109,134,204,80,237,108,168,405,377,343,155,147,94,244,183,234,418,227,284,120
335,224,305,66,227,385,9,236,264,429,282,237,162,297,161,309,345,272,404,219,108,229,351,243
147,343,404,237,298,228,266,428,364,106,62,162,202,9,133,418,313,335,17,6,282,94,380,437
439,303,167,11,284,398,348,343,308,56,228,419,364,363,278,229,202,224,226,104,161,8,86,183
272,162,423,109,313,377,120,316,354,246,62,8,56,237,107,98,39,346,238,298,437,1,213,49
104,405,145,8,9,47,308,144,238,151,197,265,298,283,198,423,58,1,243,360,213,107,229,86
1,309,167,8,407,16,162,425,57,204,313,398,377,133,266,238,108,189,332,109,404,405,237,395
58,297,94,86,431,120,56,1,3,8,229,80,187,151,167,149,264,237,308,369,162,219,368,358
264,319,283,368,282,246,162,104,204,320,124,213,119,16,228,174,144,359,385,335,322,17,80,284
219,407,94,297,264,213,319,421,266,155,346,282,431,228,86,229,379,236,272,343,305,358,405,283
394,368,62,398,343,8,109,264,313,289,364,164,243,112,40,169,229,345,94,266,196,298,348,358
62,335,266,226,9,94,120,109,8,399,308,158,263,147,346,66,407,166,428,111,196,431,319,207
201,50,360,167,306,377,94,264,3,144,267,358,168,237,66,335,202,343,45,323,196,161,217,314
377,238,167,340,407,305,316,284,368,120,86,57,213,113,84,350,219,313,230,398,264,265,27,236
237,323,284,292,238,202,161,283,9,236,308,43,264,66,94,109,337,86,228,39,272,360,108,316
58,162,120,111,319,243,366,161,428,358,335,204,264,17,284,50,84,229,9,398,241,360,298,149
246,343,364,323,282,404,172,269,229,218,266,347,309,213,111,39,51,19,151,283,144,237,16,346
358,162,224,108,343,62,236,237,309,360,184,94,405,107,161,370,227,377,264,399,17,74,28,207
275,244,228,313,246,131,26,8,86,243,162,221,364,264,377,17,27,238,398,428,236,368,104,229
294,377,162,181,56,224,52,343,285,118,8,155,2,86,120,405,84,272,169,16,283,115,404,421
8,282,111,316,335,364,133,413,264,184,435,202,428,42,2,266,343,400,405,86,87,237,309,332
222,202,264,229,85,431,238,377,343,346,213,266,56,319,40,404,162,8,87,17,272,116,257,335
297,154,265,398,94,404,402,108,400,346,228,416,259,266,162,298,221,95,227,246,204,133,428,1
107,3,346,118,57,261,66,236,94,227,308,39,28,224,42,144,198,264,58,265,413,284,139,9
111,358,421,287,94,364,265,273,86,108,39,226,368,437,194,144,341,43,57,403,428,133,9,162
120,405,264,227,343,204,229,86,402,437,162,360,290,52,228,238,282,150,43,267,148,213,246,224
196,40,43,109,237,152,219,346,229,364,272,224,8,142,345,147,385,226,213,162,404,372,266,316
283,358,144,94,120,346,52,202,424,335,168,151,139,404,162,368,8,416,76,377,86,264,292,2
343,282,1,246,313,221,120,224,56,228,404,401,202,57,62,73,207,254,58,169,63,330,229,398
335,94,237,238,419,227,144,62,266,208,196,3,228,283,437,201,248,202,343,236,7,83,104,385
94,229,272,11,264,407,107,346,233,207,376,162,108,304,213,66,319,17,120,420,169,328,343,404
120,212,111,227,407,56,24,78,272,236,266,403,237,246,238,94,55,8,298,76,201,223,437,368
364,282,16,3,243,8,343,152,358,176,1,275,404,204,372,228,273,43,196,264,244,153,353,305
208,332,374,204,431,437,101,282,255,142,364,246,31,372,343,17,24,377,264,227,158,120,76,46
133,364,264,224,46,65,86,8,343,284,108,346,111,57,17,202,358,196,323,237,243,368,437,319
341,213,298,43,75,162,404,199,62,72,17,284,437,405,1,133,73,94,436,16,272,66,339,343
42,324,373,43,187,369,17,264,16,335,277,404,214,305,428,332,346,437,94,320,368,377,243,310
246,404,37,346,340,237,411,63,229,236,94,1,93,8,86,9,298,370,431,204,144,120,52,64
264,263,19,308,224,398,151,377,70,103,309,332,229,78,346,161,404,227,120,8,169,43,407,167
229,66,285,183,353,162,226,266,323,108,94,335,264,346,298,398,405,75,8,52,284,428,23,308
227,343,17,228,219,237,264,332,368,162,305,226,6,8,284,384,94,388,51,377,358,66,142,364
199,434,67,264,11,111,104,120,8,285,43,226,211,272,224,404,364,354,228,405,297,255,335,238
222,128,62,354,66,272,26,107,17,206,244,73,346,369,151,139,343,227,308,305,298,109,104,396
86,343,66,370,259,169,11,162,4,236,264,313,335,114,237,282,360,111,161,229,227,104,8,112
94,163,343,84,282,213,263,405,272,222,66,420,264,237,8,398,353,403,246,217,437,346,317,308
332,264,335,331,94,229,39,368,140,111,156,383,364,401,343,323,346,340,82,144,109,358,272,31
274,359,43,143,282,437,360,264,302,366,162,142,244,8,66,108,377,209,120,161,94,226,227,214
94,384,111,204,9,404,264,383,360,309,346,8,69,228,32,16,11,29,196,107,162,39,358,257
250,77,323,70,219,117,86,168,346,283,64,59,9,392,40,229,329,209,224,139,272,169,79,377
427,66,178,236,8,228,316,308,94,313,202,120,350,246,229,227,348,398,366,37,126,57,176,226
266,94,1,184,437,238,319,377,431,219,332,86,274,17,208,113,324,343,142,56,338,109,398,404
405,437,94,246,398,282,343,203,238,385,194,151,17,8,229,228,159,56,274,386,147,196,114,264
168,243,141,265,1,107,94,309,308,329,362,437,313,287,162,228,153,6,244,226,108,368,65,425
204,377,437,203,9,196,332,149,213,246,346,229,343,249,361,62,264,238,166,212,12,8,14,291
364,335,133,17,237,86,147,297,282,390,398,113,43,213,202,353,437,264,246,266,394,196,229,12
162,360,291,237,43,209,385,332,437,308,272,227,358,404,213,420,169,94,319,228,264,58,364,273
343,108,368,437,1,346,428,111,354,272,109,193,229,66,120,377,410,162,23,309,24,133,236,335
398,94,332,393,144,62,217,364,167,56,138,343,405,428,437,8,6,346,209,228,147,75,122,282
1,155,94,139,107,385,2,266,236,33,31,229,60,398,358,428,69,282,227,162,120,319,168,161
112,265,346,58,196,8,66,264,236,147,204,224,404,368,162,437,120,229,228,343,391,200,126,364
236,316,66,300,144,241,277,282,262,104,284,213,335,283,94,196,368,308,86,422,162,57,407,145
162,346,42,343,151,238,40,265,52,412,16,264,196,302,213,169,111,236,2,11,133,28,323,8
8,341,202,236,204,377,94,108,297,196,228,323,298,437,321,405,233,162,147,360,335,238,264,213
9,360,62,309,324,11,94,282,227,196,246,236,133,229,162,225,297,107,155,228,151,237,428,355
228,264,151,233,267,282,316,161,284,40,62,109,217,237,360,162,431,303,335,111,373,346,320,272
266,358,405,162,264,318,324,284,75,16,187,196,94,9,431,314,313,343,192,297,364,356,8,43
358,161,349,256,325,317,316,151,437,94,246,431,196,360,304,101,8,43,66,57,147,139,133,265
280,264,133,11,94,107,228,309,430,267,219,78,398,86,360,38,147,16,204,284,297,243,313,422
343,8,332,398,246,282,120,162,104,204,109,297,358,405,200,196,210,368,172,57,237,161,16,72
266,83,75,264,203,108,94,227,134,110,213,8,120,398,105,291,167,377,84,327,343,431,244,284
104,431,94,308,316,409,226,196,139,246,406,8,266,108,343,17,364,272,111,236,204,377,229,313
39,246,62,213,226,117,108,186,264,8,437,86,368,420,202,282,273,17,237,343,109,229,377,113
40,24,186,94,139,229,21,224,308,437,323,282,303,238,225,364,305,204,228,309,162,168,55,394
94,204,377,229,364,343,43,133,162,352,56,437,37,207,120,9,196,348,202,436,113,243,146,284
104,237,238,431,197,11,381,346,88,80,66,297,429,308,213,21,108,300,107,332,428,272,158,89
213,364,310,86,332,144,16,401,202,282,92,238,335,346,162,266,35,229,316,319,305,437,43,368
66,9,110,428,426,108,224,104,54,162,94,213,228,167,62,437,398,217,229,120,8,185,192,161
169,407,151,282,313,236,366,346,309,343,437,56,226,344,162,264,110,87,258,1,40,228,259,238
428,56,297,143,8,62,264,432,196,405,167,162,242,168,94,161,362,377,404,419,226,16,380,284
429,364,202,11,86,282,215,343,284,368,360,224,1,16,196,97,94,244,269,66,155,350,237,228
17,149,213,169,292,297,66,137,226,266,264,117,343,116,238,218,319,360,8,335,236,58,364,200
73,224,156,368,236,428,169,94,332,152,115,346,246,51,358,404,144,17,309,1,437,308,411,167
169,227,282,264,229,43,16,162,111,328,178,155,228,246,204,200,4,316,1,243,310,224,17,308
383,224,305,107,120,76,8,94,437,45,335,50,168,57,144,377,229,243,139,246,281,340,108,11
243,120,437,335,406,364,49,8,62,17,162,139,398,282,3,224,270,384,246,360,228,327,232,266
233,243,57,213,437,133,272,369,224,40,172,43,196,202,8,295,211,28,266,246,63,147,62,264
405,204,196,261,311,1,246,428,304,169,58,163,8,266,316,364,228,16,346,224,328,437,94,151
196,246,436,308,398,226,202,335,428,16,107,368,224,437,162,261,62,8,425,229,84,319,360,213
226,229,368,410,319,147,204,332,66,162,87,316,377,167,246,214,305,227,8,320,237,217,2,297
294,11,437,236,260,266,242,150,87,392,308,335,94,18,218,237,6,162,228,403,167,246,343,161
405,138,17,65,75,437,144,364,243,62,283,358,66,111,372,148,237,416,159,238,168,332,108,109
50,364,282,139,272,244,346,360,141,196,284,405,9,264,297,8,104,246,213,283,66,335,309,57
300,309,381,8,368,104,364,71,237,437,377,65,94,428,120,43,277,195,289,9,272,297,238,306
204,427,236,39,335,437,266,264,94,228,146,62,398,162,365,9,119,17,428,343,8,282,332,139
196,243,8,437,226,104,343,244,17,111,107,1,204,162,161,44,364,264,346,272,316,262,202,335
428,248,224,309,40,144,164,133,152,106,162,236,379,3,238,294,264,86,169,237,271,266,11,8
93,19,335,8,246,364,40,16,17,113,162,9,2,269,185,343,298,158,226,104,339,169,313,111
229,106,213,236,1,343,294,201,8,135,360,403,57,212,284,346,68,386,364,335,332,197,133,120
94,332,272,205,162,113,284,226,431,404,43,364,343,282,335,395,312,244,213,8,9,196,237,228
213,244,160,36,162,228,195,405,437,343,430,353,368,282,277,8,135,253,220,264,237,94,304,128
94,56,131,237,114,162,424,139,248,213,341,343,227,415,9,229,43,19,17,1,255,236,196,364
308,346,5,8,227,131,111,395,88,260,236,428,246,57,219,264,205,108,270,343,153,409,255,292
346,437,113,298,343,107,147,204,111,120,246,264,232,224,8,100,128,404,230,215,104,237,282,405
111,145,113,104,343,169,40,43,144,360,204,281,94,314,236,398,265,28,305,68,108,377,238,407
428,213,120,297,162,301,438,167,313,111,407,204,107,139,94,24,104,436,8,130,3,298,154,361
316,111,272,264,3,343,40,217,162,86,16,104,62,266,313,215,250,439,107,17,309,224,378,228
283,431,309,282,227,202,323,8,265,107,306,109,343,151,266,377,220,196,162,133,191,246,264,229
40,219,8,428,202,31,169,9,435,264,309,364,162,377,346,335,213,266,229,319,226,284,73,272
108,407,332,437,246,264,2,305,285,6,293,371,204,323,213,127,309,57,436,372,428,272,202,94
162,212,309,266,169,213,407,437,57,21,94,360,219,8,196,346,308,224,208,404,151,236,233,62
68,364,151,347,94,8,204,232,228,237,102,293,120,111,224,226,133,95,104,343,238,370,139,63
7,108,8,160,337,343,223,404,17,433,139,308,419,89,428,86,94,77,245,167,226,4,203,380
275,323,368,236,238,9,428,94,355,161,404,298,162,358,11,237,169,406,199,28,343,278,254,120
237,226,8,111,284,9,419,124,265,368,219,264,243,1,405,86,56,280,346,109,169,108,238,437
309,102,94,3,220,66,437,86,324,228,40,316,402,182,76,168,235,61,332,162,323,101,308,384
94,346,9,229,404,358,286,224,147,8,213,343,226,283,430,111,176,96,196,305,109,261,362,244
162,237,255,368,294,178,227,309,43,264,358,346,238,167,8,142,274,204,62,357,16,343,437,226
8,213,267,246,101,437,243,1,335,234,120,308,323,162,3,94,228,104,203,433,139,58,161,400
162,236,196,94,62,151,42,237,40,155,47,243,111,431,86,138,84,323,57,213,116,59,305,377
38,246,213,31,226,9,8,282,332,167,144,154,11,111,161,57,431,405,238,204,313,437,404,211
109,305,405,8,213,341,204,313,236,243,94,40,151,343,17,298,264,43,208,153,404,84,285,364
198,210,243,56,229,39,207,241,228,43,66,130,426,162,224,76,7,360,112,364,62,264,246,148
377,264,343,229,244,8,196,368,224,109,94,28,204,39,57,40,86,313,437,291,32,305,213,431
264,161,244,62,404,368,104,335,58,439,11,284,270,169,298,308,224,60,108,272,117,226,437,109
242,437,182,162,9,238,16,229,272,343,111,265,144,94,244,266,38,167,439,433,264,335,305,66
27,144,57,120,346,243,422,405,228,365,427,114,341,265,94,8,435,118,309,151,9,313,272,305
295,396,224,368,111,377,54,109,8,343,86,183,405,104,17,43,16,133,33,344,113,266,337,168
3,228,147,284,213,17,333,8,107,151,169,308,179,224,337,52,343,246,39,388,260,358,335,167
266,56,237,66,62,196,108,238,305,335,313,93,109,213,264,224,226,94,11,151,169,364,162,385
332,302,210,94,86,233,131,56,343,436,162,358,368,428,437,204,1,111,264,314,413,7,360,229
364,108,224,169,282,204,208,9,11,202,94,335,8,229,266,163,137,343,107,120,193,66,428,2
8,405,162,243,111,264,138,167,229,204,272,406,437,398,1,265,238,358,335,196,103,364,11,224
360,228,169,264,391,398,335,405,12,94,346,246,11,297,3,260,237,282,253,323,368,350,377,108
94,307,291,8,407,214,323,428,272,11,167,111,237,109,343,144,227,28,58,196,84,384,266,66
226,89,17,243,47,253,431,232,172,191,147,146,16,229,62,272,85,313,94,236,230,167,11,335
283,272,94,346,213,90,364,308,12,368,335,222,224,8,139,405,298,319,102,360,219,427,204,253
377,48,161,40,259,57,247,151,343,94,101,335,67,224,120,144,181,435,405,267,402,358,1,349
94,387,236,346,284,376,225,246,305,195,437,113,111,8,282,404,231,343,126,202,385,313,398,224
360,9,244,94,162,243,343,284,283,66,228,246,120,204,133,126,310,203,306,196,405,47,151,43
407,391,333,4,104,237,200,57,335,332,228,157,224,272,213,120,377,308,360,161,162,246,343,433
358,228,377,39,283,316,431,144,236,216,368,224,107,3,94,139,162,272,335,43,252,350,343,266
283,139,246,9,238,368,8,196,227,383,437,57,288,94,236,265,229,213,202,404,316,168,363,244
309,94,8,228,135,316,226,162,343,227,31,285,144,213,238,398,202,250,229,324,9,156,314,147
133,398,368,15,120,8,437,228,43,50,407,389,11,304,343,162,224,139,187,78,272,346,62,336
264,252,353,402,94,139,316,162,266,17,43,202,11,334,323,436,107,8,144,147,32,297,265,176
169,167,108,361,140,229,398,335,343,276,227,109,18,393,86,264,364,8,351,407,161,317,147,323
266,431,377,8,343,73,297,229,3,335,162,238,319,341,244,219,308,236,264,11,47,1,94,161
437,172,265,107,120,368,169,237,398,343,56,244,133,62,361,280,43,229,111,60,94,121,151,64
381,17,94,162,43,133,431,111,244,213,229,372,66,319,343,424,402,108,437,273,305,238,348,113
94,428,309,104,335,43,196,194,405,283,346,73,368,162,316,213,282,108,57,343,224,9,358,332
168,40,229,1,368,86,213,283,341,377,111,405,423,335,17,79,370,437,243,161,228,233,104,244
233,206,80,228,308,147,287,404,424,162,94,407,335,346,117,12,219,332,297,406,375,169,177,37
368,144,343,237,31,39,266,246,202,220,89,360,85,264,284,66,398,113,224,309,346,161,118,56
9,43,227,94,285,57,228,377,343,359,360,305,238,411,404,28,40,161,39,196,202,207,89,1
343,172,3,324,355,203,237,368,162,163,308,9,405,228,406,213,264,229,28,353,297,204,120,69
368,265,66,224,128,8,332,40,57,94,414,86,2,335,236,162,62,209,222,10,346,437,1,411
94,343,226,236,121,298,62,333,196,45,237,308,364,276,202,211,316,109,368,247,265,398,351,66
151,237,368,8,202,167,23,166,316,335,94,384,102,213,264,272,177,298,348,353,108,398,436,54
32,404,229,107,346,400,86,12,94,368,8,264,313,1,224,405,412,139,199,184,104,84,9,62
334,94,237,306,222,383,167,148,404,305,375,238,436,69,17,104,437,313,364,243,300,116,120,95
211,265,26,377,335,8,243,246,117,358,309,204,108,262,282,297,1,343,391,407,312,237,364,88
228,256,428,319,231,213,94,335,227,266,237,120,272,1,405,151,37,364,372,437,368,282,360,359
108,161,264,94,11,228,162,354,364,346,149,398,16,213,224,316,265,243,135,244,227,9,229,368
284,2,305,313,94,264,237,228,204,398,294,266,364,151,66,133,8,265,390,308,57,437,246,376
283,151,133,90,358,282,229,348,428,167,156,364,3,139,19,335,368,228,147,213,298,316,265,370
373,224,101,282,8,226,437,164,264,335,120,94,3,426,140,309,364,298,345,308,43,238,277,404
272,224,309,246,237,196,405,168,297,343,148,439,3,151,305,213,202,162,333,144,11,64,368,94
9,428,236,343,411,188,224,167,204,148,246,58,222,219,227,169,162,8,303,40,177,108,321,254
264,153,308,33,437,309,228,297,347,202,120,161,407,133,62,48,8,1,79,406,226,111,139,17
1,332,9,266,335,227,236,398,369,432,437,405,162,169,320,427,4,132,187,39,308,57,343,86
296,398,368,405,229,417,404,108,56,303,238,213,11,57,111,196,207,343,226,266,335,228,219,305
144,246,298,70,364,238,332,437,120,404,62,227,108,237,282,167,204,224,236,16,18,266,57,234
98,211,360,224,1,255,283,109,147,343,113,169,3,430,229,107,439,219,160,204,404,62,56,196
339,31,224,236,0,346,282,29,147,377,26,437,57,9,111,89,304,360,364,120,109,77,309,284
244,335,346,302,43,237,305,265,298,167,283,368,236,104,343,224,111,360,358,79,120,264,228,169
397,368,238,204,421,147,276,264,283,108,310,17,224,343,12,62,227,167,94,410,115,133,266,246
17,262,370,333,3,133,94,237,204,342,108,39,264,368,404,226,62,405,29,107,224,335,32,360
94,104,354,202,41,305,107,100,346,403,431,222,264,8,332,358,290,368,108,407,429,195,162,405
111,272,8,244,57,133,404,147,43,323,1,11,162,236,243,343,264,193,94,107,224,368,229,297
17,133,358,112,202,168,398,360,185,47,208,364,78,266,369,111,433,161,228,219,343,43,238,243
148,144,108,42,229,306,404,309,43,319,16,347,280,0,9,236,147,343,226,405,213,335,264,120
237,229,94,362,147,323,428,172,40,407,213,109,283,360,392,313,187,303,431,138,227,228,120,343
104,437,264,265,72,168,237,346,343,298,66,364,116,335,151,94,146,435,308,169,65,324,252,369
34,324,361,380,308,49,283,343,172,229,293,246,147,108,306,162,335,3,244,425,237,373,332,298
282,341,104,146,310,61,162,62,83,229,432,8,421,334,11,174,407,168,224,161,17,93,151,284
398,316,228,371,133,284,120,56,437,346,161,283,162,66,407,203,157,237,358,377,168,224,62,364
108,305,8,368,151,228,162,94,398,66,43,224,437,298,364,332,394,147,407,62,140,196,56,133
246,264,229,139,238,305,411,404,108,162,17,374,8,335,319,236,437,299,244,202,62,11,323,428
133,64,162,290,181,282,94,8,343,111,203,398,264,377,50,407,16,104,19,364,167,319,346,44
308,398,108,113,9,66,266,94,128,107,169,346,17,144,3,283,95,267,1,309,335,229,226,162
21,156,303,332,437,150,229,8,298,246,111,213,210,264,272,57,108,236,405,308,237,62,299,377
66,169,168,228,332,133,139,9,13,264,224,227,408,321,319,309,1,265,16,196,110,43,343,162
294,348,186,161,335,133,162,346,7,360,204,300,94,1,45,368,224,246,43,8,129,169,234,321
43,17,309,16,108,8,364,228,335,245,229,272,264,226,343,26,94,1,196,407,111,204,227,162
346,133,303,343,377,101,77,229,309,368,162,265,40,246,264,8,272,3,320,266,228,94,412,71
246,437,237,167,343,224,94,104,162,40,264,8,360,115,9,316,272,229,11,147,168,335,227,62
162,109,415,111,43,94,88,66,228,364,196,398,428,343,404,82,298,437,431,313,285,65,108,237
416,9,264,86,377,206,289,17,167,358,12,229,46,176,313,368,39,437,406,8,237,111,228,404
292,58,204,151,111,9,316,284,21,437,226,66,168,264,426,297,108,343,265,162,153,260,3,368
437,229,70,115,308,368,9,346,332,303,343,196,436,213,74,264,1,194,142,94,168,62,8,360
272,241,8,196,66,16,246,213,362,264,274,368,433,108,221,17,334,416,162,176,62,56,1,297
144,168,404,66,94,62,219,3,407,308,17,8,39,319,1,265,377,310,360,416,398,108,346,59
196,229,113,237,343,298,368,282,66,151,94,43,162,250,147,120,404,204,161,372,437,56,10,255
169,228,307,246,332,162,111,133,151,16,346,94,350,8,383,266,404,297,167,309,437,17,109,144
346,66,394,3,264,343,437,224,94,81,202,226,266,284,144,120,111,246,191,229,8,39,237,116
233,346,299,1,214,202,343,272,360,377,161,296,12,19,179,225,237,298,431,151,224,437,66,162
437,313,162,364,147,246,8,1,108,109,383,229,272,332,389,161,298,227,113,377,111,375,303,56
56,341,147,16,407,94,226,351,305,52,111,343,319,204,181,265,405,1,408,186,368,198,310,163
308,113,204,62,398,150,159,120,298,437,164,343,108,39,200,237,418,11,349,228,156,213,168,371
236,238,162,67,8,104,343,377,272,364,287,266,368,147,9,308,204,161,139,405,59,40,57,237
162,332,224,407,50,264,228,305,316,66,35,72,243,139,246,163,319,96,196,227,9,149,11,169
382,113,202,94,8,229,86,377,283,78,358,62,264,89,204,224,206,73,118,159,305,58,84,437
102,323,144,346,32,1,162,161,94,202,56,111,116,405,319,335,253,57,309,368,11,66,219,406
94,381,342,437,264,238,9,1,236,169,243,347,280,163,40,229,109,224,173,309,75,392,265,8
228,377,237,400,151,257,115,238,43,108,162,216,17,196,41,437,368,94,229,169,104,362,130,282
9,405,229,356,436,56,213,111,236,224,144,3,347,8,343,104,264,45,282,238,113,151,346,433
62,162,437,204,165,155,364,219,139,127,8,228,398,297,94,266,181,107,169,438,31,9,335,29
109,214,162,236,238,94,384,169,266,204,343,208,202,228,368,186,111,428,352,9,61,246,264,1
428,282,297,338,228,343,43,364,229,264,227,162,309,9,387,147,12,265,346,190,8,305,418,272
192,244,1,150,255,111,43,308,272,16,147,343,162,319,246,309,305,17,265,428,142,328,120,180
365,274,196,202,94,343,1,298,246,120,309,303,40,361,368,147,162,186,431,57,319,265,86,297
405,229,224,16,69,86,39,406,364,43,266,335,66,8,255,272,94,109,129,31,381,298,204,386
16,114,144,8,264,346,319,120,332,364,265,362,244,162,272,237,309,228,226,56,229,380,377,202
236,437,284,282,204,8,213,398,151,9,264,162,360,313,263,431,57,66,298,191,346,343,407,308
431,66,394,408,370,264,120,316,147,404,282,343,202,437,308,17,39,398,228,224,397,169,317,8
1,305,272,335,147,167,437,362,308,39,237,343,79,309,62,111,361,42,155,377,337,238,219,11
56,236,115,228,66,398,237,120,168,303,142,316,75,265,111,266,162,139,133,88,202,319,278,396
309,56,335,282,437,364,43,298,150,151,29,352,94,161,387,374,89,202,436,187,191,247,343,196
272,162,8,313,57,144,56,335,431,227,89,226,17,343,358,52,9,39,428,66,352,297,437,11
167,229,264,404,228,195,368,237,283,266,236,343,43,272,17,162,300,319,66,62,202,405,379,321
9,343,279,8,227,162,407,305,228,229,204,224,265,120,111,176,243,86,87,147,298,94,308,66
346,104,368,272,196,107,266,343,151,227,11,431,342,39,264,160,172,17,66,62,298,397,305,323
40,94,272,8,266,167,361,39,113,263,66,227,323,282,134,151,306,316,109,343,371,364,43,162
343,9,8,284,437,335,309,62,202,316,312,151,168,17,401,223,43,144,246,111,224,405,162,52
437,229,257,162,238,404,62,219,266,199,202,43,346,213,343,233,120,222,226,172,196,17,261,9
118,213,9,40,109,241,246,309,29,17,113,392,11,161,439,346,8,368,252,111,237,341,305,57
21,377,9,319,8,10,76,120,238,177,264,298,335,201,147,167,1,437,332,244,343,62,127,236
16,163,416,213,151,377,8,237,28,360,284,406,238,432,201,437,379,264,104,120,309,224,305,227
94,244,316,17,111,343,192,151,9,162,25,237,226,108,228,167,88,309,405,104,358,364,431,8
8,381,272,341,398,228,437,237,405,264,219,282,339,366,62,126,213,1,238,177,224,109,107,229
411,3,9,94,120,364,362,8,284,169,283,199,224,229,75,409,226,167,28,282,172,430,66,162
398,226,388,259,436,237,404,204,66,236,272,161,364,407,402,148,393,147,324,94,346,368,282,246
319,229,302,243,226,377,8,368,272,364,238,40,400,373,316,254,204,129,335,291,94,33,437,109
108,57,437,8,343,380,378,120,264,161,66,228,425,309,405,291,168,43,319,229,203,167,202,335
111,364,404,398,332,104,282,100,351,120,39,407,228,343,431,94,437,405,66,341,213,139,40,60
348,420,238,253,228,346,165,405,369,237,263,332,94,266,343,431,204,229,241,161,66,236,364,43
437,94,229,323,238,155,343,8,237,364,405,299,3,336,167,228,287,246,377,70,298,196,65,31
308,328,313,276,8,39,437,5,229,298,196,267,343,243,292,43,237,297,411,64,259,309,94,233
162,57,264,237,117,228,266,62,147,107,188,104,335,9,94,65,404,227,226,8,403,66,376,377
313,228,343,346,227,162,94,265,8,272,60,17,316,219,113,368,22,196,62,144,337,95,204,305
437,139,162,377,335,244,428,161,56,213,343,398,94,296,120,264,196,1,108,282,95,8,211,405
40,120,224,107,235,10,405,437,377,60,147,77,207,246,133,343,309,272,151,94,346,196,5,8
335,224,202,43,134,162,358,151,52,105,8,75,17,104,385,227,213,368,237,282,141,66,419,307
428,133,8,196,337,397,364,227,163,407,264,151,169,282,275,33,284,94,105,152,162,343,9,377
284,144,219,226,295,346,47,94,323,7,370,246,104,236,343,8,309,273,358,368,229,266,31,228
130,238,114,9,213,316,11,8,224,107,86,202,309,57,351,319,161,321,3,58,162,113,60,402
238,264,109,82,385,1,341,58,343,162,437,267,0,224,368,227,66,147,431,42,127,94,43,360
229,237,107,196,368,308,17,377,219,108,346,226,94,212,136,2,162,227,347,266,87,424,278,391
1,238,94,8,387,133,320,50,147,229,437,57,4,102,171,264,358,424,246,407,17,244,58,297
57,401,162,295,196,308,404,151,43,111,139,65,204,272,343,2,237,133,227,293,228,5,77,94
66,213,416,420,111,8,403,332,228,81,204,94,1,316,253,282,219,272,304,405,360,237,429,305
358,297,272,1,28,244,224,119,377,332,282,151,74,19,236,3,66,227,94,10,104,107,431,295
130,265,8,343,237,313,111,200,348,243,133,162,255,335,228,108,104,364,369,346,416,229,298,417
343,332,8,214,10,308,224,351,283,405,94,229,236,133,348,107,17,109,437,235,108,383,289,364
111,244,416,147,16,226,431,17,308,408,120,305,318,94,368,176,105,377,278,187,113,107,72,405
17,104,358,428,265,86,155,253,9,284,437,262,246,226,264,272,237,108,75,249,368,213,276,372
97,126,228,229,238,94,375,364,161,264,227,66,434,411,151,398,162,272,49,40,360,17,14,86
196,282,120,140,284,0,437,238,62,151,86,428,107,264,65,201,295,246,5,364,162,369,142,167
437,298,43,204,151,237,226,150,308,8,131,343,229,316,415,94,246,287,244,340,228,40,121,118
411,16,147,272,228,75,246,428,346,265,118,87,237,79,19,76,335,11,9,139,86,264,405,204
16,11,176,437,250,284,228,94,219,360,168,224,9,309,1,272,144,34,404,304,8,246,264,358
66,343,29,229,246,8,104,317,224,346,108,219,99,335,282,95,110,364,1,428,337,62,168,332
309,11,113,149,266,16,398,106,335,144,343,437,407,8,368,111,39,90,108,219,316,61,272,40
113,283,308,360,228,343,43,246,9,366,316,8,362,407,423,109,169,94,377,40,227,276,226,437
437,208,11,213,147,162,66,275,219,133,319,265,266,43,407,229,264,56,111,237,343,8,236,433
147,265,17,35,268,144,373,437,358,377,9,316,246,228,335,346,343,214,213,229,308,162,153,16
8,66,11,74,398,40,282,313,68,213,426,404,151,377,437,111,100,423,76,94,249,237,204,253
264,237,157,304,79,244,8,404,398,236,86,319,265,76,196,392,313,341,364,204,39,202,228,108
265,324,8,272,368,298,202,428,229,111,224,306,282,200,283,236,70,264,112,93,43,227,146,303
228,346,142,172,297,229,162,224,343,17,387,372,248,1,428,433,62,9,282,227,8,213,309,397
332,1,219,17,285,297,363,283,416,351,108,237,204,358,66,51,265,94,346,229,257,63,264,86
227,411,319,147,423,346,11,241,246,335,162,228,262,17,237,404,104,437,313,151,199,327,109,3
266,313,62,339,161,9,405,108,43,346,45,343,229,431,437,16,171,302,224,56,17,237,416,213
297,228,172,282,16,147,246,264,176,8,332,346,277,243,88,40,309,358,162,94,229,428,9,437
272,120,133,177,164,323,236,265,162,377,264,104,237,283,246,367,282,24,332,228,407,229,107,358
244,352,94,316,243,95,202,224,341,43,238,228,213,16,191,272,167,8,343,274,196,264,151,386
94,64,404,9,364,162,343,67,437,1,202,228,43,139,40,237,264,358,305,226,335,423,238,310
168,57,407,439,219,313,229,273,368,398,358,84,343,418,246,236,178,346,289,169,94,319,1,224
224,17,134,108,25,236,113,298,65,111,57,405,310,209,229,305,168,69,8,364,9,226,204,282
409,16,48,313,396,5,236,8,20,343,407,305,309,94,325,108,9,368,364,55,104,49,76,284
230,167,107,228,60,346,219,264,335,202,284,368,108,323,104,343,332,1,237,354,229,243,316,66
8,94,437,144,131,264,162,224,43,346,11,62,368,316,398,227,226,120,431,343,237,132,335,332
437,246,94,43,434,86,224,343,227,229,404,161,245,379,368,8,191,309,266,425,238,299,342,9
264,169,408,9,133,16,209,57,176,276,343,108,244,227,226,24,320,213,377,11,236,228,371,316
109,297,335,226,151,224,388,120,176,60,94,404,415,343,364,9,243,246,133,310,437,396,162,346
228,73,236,204,244,335,9,368,343,263,407,66,437,11,40,19,265,107,229,17,147,121,294,364
43,94,161,343,120,17,360,267,8,237,97,110,364,348,56,366,57,291,236,140,104,313,145,405
94,343,10,9,298,264,375,11,163,187,237,364,16,410,335,243,229,272,309,308,90,8,128,437
319,238,272,335,343,101,437,297,365,228,8,416,213,266,108,9,183,198,229,346,120,48,94,159
229,195,202,377,162,244,133,236,284,364,213,264,30,219,437,309,237,1,29,147,94,43,167,226
120,196,17,319,265,162,377,185,1,335,394,8,202,272,213,226,263,322,40,167,224,264,151,426
246,56,39,52,284,228,17,104,305,282,364,405,19,346,167,341,188,3,345,437,151,336,309,308
323,337,64,172,133,279,264,147,109,43,167,401,228,360,73,398,213,272,116,138,296,224,368,226
75,104,265,319,332,354,169,428,52,166,323,28,202,167,196,54,390,282,8,372,244,120,280,47
162,11,56,62,8,224,227,407,9,348,69,43,266,368,343,310,353,219,94,120,237,57,284,228
346,72,264,75,335,437,64,252,1,144,283,108,207,368,134,113,8,309,11,359,292,109,111,306
312,180,321,3,283,364,34,218,360,343,94,66,169,284,335,308,266,238,162,56,55,62,272,151
224,162,266,147,108,386,40,57,94,9,202,313,298,343,198,303,252,231,364,66,264,209,172,437
229,272,16,147,161,283,404,213,120,2,179,265,403,246,238,204,151,228,107,39,234,343,398,428
264,343,120,162,335,381,4,219,147,115,433,227,404,284,202,407,368,84,236,111,346,57,319,58
264,238,57,237,3,162,313,437,224,204,169,163,43,332,229,111,94,66,108,346,230,9,266,113
320,238,365,282,62,204,364,266,237,11,111,104,437,147,107,92,343,9,43,108,94,297,63,265
40,398,383,66,224,285,161,288,358,8,272,147,422,237,52,319,31,151,243,169,238,323,11,284
229,357,437,147,94,282,343,319,17,432,405,264,304,297,313,55,66,260,120,162,346,202,395,368
128,1,9,228,283,43,343,104,303,94,108,265,305,167,109,111,204,264,20,227,431,224,162,243
83,167,332,161,364,94,169,231,120,346,431,405,308,386,9,238,257,437,199,228,108,2,398,1
319,169,12,332,437,282,8,204,404,1,434,398,373,94,246,228,238,111,368,266,137,62,78,159
43,39,17,398,240,346,284,323,377,431,202,266,218,343,264,228,56,167,298,120,272,404,76,196
196,343,231,224,66,73,297,229,8,238,120,94,296,429,133,244,111,246,418,264,284,283,151,405
169,9,266,94,377,282,229,138,411,40,437,1,65,3,68,261,73,264,113,405,162,213,107,226
108,221,5,264,94,162,272,343,228,116,404,7,238,111,168,335,377,229,151,17,368,416,302,415
343,94,237,117,17,360,229,335,264,108,48,162,213,398,62,40,109,11,8,158,299,266,128,169
94,8,405,236,223,335,391,431,219,202,282,186,148,161,266,224,26,133,109,196,346,167,264,72
319,341,405,243,238,303,3,162,8,133,244,41,266,111,9,151,236,323,246,75,437,229,168,346
346,86,398,286,265,264,8,10,302,236,405,107,94,39,431,9,219,377,84,407,52,133,213,229
234,229,332,167,368,437,377,120,162,94,213,86,3,143,264,299,161,308,57,219,364,335,8,402
94,189,9,237,319,144,196,0,284,1,377,298,153,343,405,332,335,346,229,17,266,403,272,24
189,113,264,229,40,226,108,54,107,45,309,219,202,16,424,17,8,162,245,213,405,94,313,147
215,94,282,109,224,377,237,108,42,284,167,110,86,264,16,298,275,229,391,176,162,27,368,398
229,204,282,236,297,224,329,347,217,283,227,438,256,313,176,40,62,146,404,343,246,335,151,57
8,144,364,224,203,405,377,237,108,343,332,362,9,204,151,272,163,104,288,267,236,17,305,43
231,107,26,8,360,346,207,298,94,77,228,243,369,335,404,4,305,17,52,236,86,434,403,67
149,238,355,335,228,161,431,346,264,113,298,273,332,279,23,94,104,213,202,39,11,43,8,17
94,196,109,437,162,204,69,16,438,229,310,282,343,237,272,214,404,226,225,423,246,435,297,335
58,340,285,343,204,346,114,167,381,161,271,192,237,108,242,238,56,323,264,368,162,120,258,398
332,365,398,410,46,364,94,229,167,111,57,174,168,437,343,108,8,338,244,282,43,182,162,264
264,236,164,147,202,155,266,57,346,343,297,113,284,152,377,161,282,399,417,224,368,316,298,94
113,381,283,233,311,264,196,94,236,194,335,17,228,212,161,282,4,204,49,162,1,437,215,305
169,244,237,389,228,308,335,39,404,316,3,94,309,273,368,377,343,64,10,86,282,250,162,360
4,362,120,439,97,229,305,151,437,404,236,68,94,328,250,228,169,227,368,360,282,348,1,109
272,143,57,328,167,109,323,40,228,86,111,266,237,66,308,282,3,77,264,309,11,8,108,161
274,238,157,224,343,86,398,213,66,377,368,436,57,422,9,335,40,244,305,94,431,407,437,358
228,167,237,56,40,8,192,246,431,66,202,398,358,43,266,282,107,162,109,377,52,10,343,244
346,390,437,224,244,332,9,56,335,55,151,62,308,236,358,319,31,238,196,213,161,343,266,243
368,8,337,279,219,293,316,264,436,62,377,223,56,262,309,277,343,236,237,111,226,40,3,319
214,3,284,162,244,39,312,17,264,8,309,434,272,11,288,108,335,65,311,120,118,151,343,1
237,264,437,263,402,358,162,16,346,43,319,213,8,133,343,104,335,407,238,60,266,431,229,120
238,1,169,368,284,228,8,244,162,224,120,233,343,423,113,104,137,246,62,28,411,20,398,33
1,161,248,3,383,24,282,54,12,431,120,244,334,355,85,272,343,8,166,238,94,227,335,333
127,39,169,282,246,162,108,15,265,368,40,283,437,271,213,94,104,284,428,436,338,343,31,238
332,159,8,364,94,346,202,229,428,308,284,437,255,228,377,147,343,104,162,24,325,43,19,433
236,12,167,165,309,405,233,113,266,228,358,162,313,332,108,237,340,297,109,204,43,161,264,227
0,346,236,241,305,120,255,10,26,62,108,313,202,196,437,266,43,323,348,161,353,334,131,439
282,224,405,94,8,1,211,236,246,404,343,332,162,147,335,109,16,435,292,264,396,372,49,228
11,1,287,246,94,237,231,141,364,437,332,297,46,346,151,162,57,52,109,323,413,229,264,265
319,388,120,133,407,243,246,104,39,346,313,228,238,213,79,219,94,198,168,405,270,27,439,113
120,94,213,130,43,169,17,162,139,1,219,33,56,319,428,151,57,196,225,398,237,343,8,236
257,161,308,368,319,236,237,16,309,3,398,111,358,207,282,246,295,122,154,244,264,17,94,229
17,95,204,187,16,272,167,265,213,8,94,343,209,4,40,189,346,394,228,396,257,81,12,108
431,343,364,304,8,3,229,322,196,368,17,1,113,335,282,147,373,94,164,393,244,324,237,224
54,94,264,428,214,169,305,368,63,224,162,364,319,377,332,437,343,73,213,8,56,107,431,313
437,204,144,78,364,237,343,224,104,201,229,152,57,316,282,264,308,309,360,4,285,398,17,370
57,228,237,65,341,313,319,58,360,431,37,229,107,346,66,364,43,213,246,236,405,39,302,366
43,229,228,155,142,25,177,332,316,261,343,243,219,309,236,358,283,9,402,437,152,372,112,2
62,133,298,368,202,343,9,264,243,162,224,428,266,313,8,272,107,346,40,94,66,17,437,377
364,272,437,435,66,246,343,405,1,237,94,284,3,404,202,56,204,219,63,298,93,426,30,142
147,283,48,405,272,256,284,158,263,244,162,111,9,8,343,389,346,11,360,204,219,437,364,368
229,204,213,115,368,308,109,78,40,335,169,8,325,228,249,113,343,162,280,380,272,94,364,244
16,272,372,94,229,213,1,315,108,323,139,312,228,179,317,161,51,162,319,86,400,437,405,11
108,282,8,309,41,337,228,1,437,264,114,284,336,56,204,428,348,94,229,265,255,224,245,285
111,407,155,283,343,17,362,16,368,9,323,94,265,11,161,8,316,298,120,213,313,408,428,167
161,224,364,39,9,365,339,228,94,272,140,368,264,340,403,104,57,95,398,138,313,162,237,169
346,343,31,179,227,237,162,8,164,360,297,111,43,204,423,226,284,39,282,387,236,272,264,84
144,8,364,204,299,219,94,81,405,373,234,237,407,265,343,229,168,244,230,133,47,228,226,309
437,228,415,23,264,6,162,236,40,8,335,108,11,101,237,404,17,226,43,109,94,133,116,358
40,10,169,272,164,111,44,167,361,204,404,59,385,103,1,323,391,244,9,161,358,305,43,411
298,115,8,282,162,431,147,58,324,398,29,271,167,354,238,437,49,266,16,237,161,264,109,169
283,237,316,246,229,431,228,364,94,61,227,319,298,57,272,404,428,399,129,360,282,11,304,405
107,108,252,17,8,360,343,386,431,228,196,43,1,335,405,224,25,391,56,114,66,368,437,238
219,202,321,139,1,235,108,46,302,107,4,93,8,57,264,56,32,227,162,113,204,407,360,334
161,202,313,346,428,224,229,56,405,364,41,43,162,120,35,266,16,272,17,236,308,332,147,358
8,308,244,30,305,16,56,343,80,332,243,257,9,391,73,156,40,291,109,313,349,264,19,11
8,228,332,94,56,264,398,296,162,343,31,266,40,246,9,368,229,107,161,405,411,17,144,252
411,1,167,288,362,111,418,8,266,264,202,222,237,255,236,298,39,272,224,94,168,316,163,431
243,379,265,431,84,94,113,360,9,404,246,368,343,42,226,15,398,1,405,104,358,264,3,74
171,362,264,105,297,377,147,343,405,282,94,229,9,8,202,360,10,219,1,62,246,437,162,43
264,108,155,224,94,204,316,282,49,437,35,350,9,107,236,431,361,335,343,213,69,436,407,120
437,153,196,69,264,172,111,0,204,423,428,56,107,358,364,434,94,57,224,228,3,343,238,112
17,94,14,398,15,237,8,319,266,16,224,113,204,297,236,226,348,130,11,162,111,284,213,114
266,271,40,337,316,228,66,426,8,150,202,265,17,343,94,199,272,335,405,264,213,43,317,157
246,405,111,335,288,338,343,22,284,228,238,319,113,229,364,377,313,9,289,241,227,427,62,151
358,102,167,409,219,24,347,98,104,308,26,400,368,309,151,405,229,222,346,272,39,43,316,437
377,433,309,8,272,332,243,320,404,364,162,94,258,398,203,338,341,402,265,147,141,100,167,246
229,405,25,383,343,283,144,236,109,377,423,439,308,228,120,374,282,8,17,94,27,392,43,298
364,290,112,404,374,283,224,151,94,228,56,227,229,57,243,237,398,319,162,108,89,343,246,222
437,282,398,39,115,9,227,120,133,368,11,202,265,222,204,94,360,269,244,169,266,242,370,238
377,168,35,81,358,360,9,94,196,15,228,1,311,347,236,106,346,282,139,127,140,343,431,56
9,404,360,42,131,383,228,187,17,213,244,16,335,364,2,343,104,237,229,111,405,168,1,246
9,43,355,435,264,140,266,147,298,144,367,166,11,8,244,62,162,335,343,282,346,38,272,405
377,94,264,298,84,109,430,39,229,238,196,223,302,243,193,167,335,308,224,323,266,203,86,120
309,1,35,17,193,228,9,94,282,54,246,102,204,346,168,229,147,202,332,305,344,120,213,75
229,16,246,237,266,94,202,118,368,309,213,230,8,264,280,224,305,428,106,3,431,243,111,332
9,70,94,346,229,213,246,343,82,264,43,424,237,17,233,147,309,402,131,420,368,8,162,437
360,167,437,221,246,244,227,343,229,202,368,3,236,169,94,11,226,144,335,405,56,224,237,148
204,272,39,104,335,56,372,228,253,94,133,52,364,5,8,62,183,341,351,358,169,236,162,259
134,346,343,169,86,264,282,405,364,229,208,55,162,302,437,316,335,17,76,94,62,43,104,52
162,16,157,272,368,62,309,437,81,23,3,213,171,144,333,40,111,284,83,9,147,431,112,360
358,272,307,162,147,265,246,30,76,52,416,207,111,343,224,58,237,405,148,283,236,158,17,179
40,133,360,118,404,227,266,362,271,141,246,272,332,135,228,264,224,66,229,439,343,171,358,377
308,338,349,43,413,213,229,8,368,261,386,166,364,1,266,286,73,219,341,335,9,237,404,438
269,5,243,162,151,120,95,313,133,282,404,261,188,131,297,109,264,298,17,115,147,226,219,364
360,319,94,305,43,272,113,343,12,151,341,213,264,437,368,157,41,34,297,228,332,237,244,284
227,332,343,262,358,213,9,203,313,94,158,364,219,226,141,17,307,169,229,264,316,246,151,323
238,202,264,162,199,43,95,323,282,298,167,404,16,133,266,8,237,26,169,86,428,407,226,94
100,16,229,405,94,313,358,224,246,236,196,43,407,308,264,144,57,228,133,151,147,437,225,3
264,151,243,108,238,11,437,204,8,297,308,229,94,272,228,346,398,402,20,213,162,147,107,246
335,113,202,309,8,412,283,431,323,107,343,163,162,272,264,425,243,282,94,437,108,382,400,86
86,210,227,420,17,381,433,196,169,404,8,120,202,1,335,274,305,437,158,246,390,346,224,398
246,308,56,8,264,219,368,428,282,44,43,238,343,196,257,94,17,1,332,405,117,305,438,437
94,335,75,62,437,431,72,237,346,68,238,422,289,358,404,266,204,398,391,17,168,368,264,120
217,213,57,229,265,299,236,343,56,313,437,109,161,393,284,133,241,282,66,51,386,62,151,104
213,94,224,149,272,177,202,266,237,246,104,343,9,17,382,316,298,167,264,8,211,40,364,120
202,161,74,316,264,437,94,139,162,343,272,286,428,224,147,237,337,398,219,8,228,169,9,346
272,211,358,237,228,404,284,220,144,10,437,309,346,40,226,332,365,56,62,196,229,238,236,264
437,297,94,11,134,20,398,147,169,162,229,148,244,144,298,62,8,227,237,104,309,276,357,346
185,305,136,162,343,43,204,219,309,298,237,32,39,169,229,301,107,405,202,437,21,151,196,360
138,48,16,226,94,308,309,161,196,236,428,64,224,364,228,316,237,229,437,313,407,358,151,234
8,196,221,45,343,332,94,155,62,398,224,432,40,229,237,213,282,435,161,262,308,238,204,368
34,19,94,264,328,11,204,246,368,17,56,224,219,360,228,185,265,40,243,168,104,66,282,161
432,309,417,8,162,232,113,405,227,332,118,226,109,360,16,17,39,343,339,35,364,86,224,94
94,146,16,8,343,107,224,111,56,364,202,89,243,9,66,266,309,238,1,108,104,57,133,264
319,309,264,224,311,66,227,405,335,184,151,202,272,404,287,93,40,214,188,16,196,43,237,39
162,115,94,368,56,375,202,403,244,224,237,66,8,19,343,377,17,266,393,11,147,350,214,104
121,133,228,94,131,319,264,16,17,95,162,97,196,64,202,93,224,127,383,346,141,229,253,92
160,243,364,237,8,81,108,285,162,428,343,94,31,436,43,109,319,21,266,183,128,50,437,298
343,238,283,94,8,65,308,196,410,408,304,149,39,266,111,263,133,335,139,16,84,377,150,246
8,437,144,283,432,193,162,120,377,109,266,59,222,111,247,55,347,196,272,236,107,282,43,28
285,229,129,308,297,162,338,404,147,368,84,66,76,264,256,223,151,316,272,237,298,398,282,346
316,94,335,264,398,8,224,229,120,237,187,176,39,244,269,162,368,202,116,309,54,57,366,196
109,104,224,108,9,375,11,94,348,8,4,368,147,402,141,297,332,264,343,143,253,360,228,308
228,39,272,391,76,3,204,168,161,2,9,404,335,17,167,219,274,343,144,316,429,227,213,199
12,375,163,404,229,94,144,8,56,244,305,57,428,176,272,246,76,368,398,17,437,26,298,62
346,436,264,19,313,56,158,228,17,94,144,358,196,265,246,243,364,57,276,226,204,149,343,8
238,8,319,372,348,229,343,236,202,94,246,346,243,323,86,227,224,200,62,56,10,318,196,17
391,151,238,236,43,66,62,120,343,372,8,282,94,437,358,308,162,219,228,428,377,155,114,203
387,229,162,169,90,264,308,57,407,39,56,296,266,343,433,17,377,366,318,52,228,310,332,1
308,358,306,353,167,275,224,213,131,236,346,196,144,162,263,272,291,66,405,343,153,9,428,350
404,343,151,246,196,57,229,393,88,144,228,86,298,264,346,59,90,297,46,204,304,332,43,335
413,224,115,227,346,228,40,161,398,437,108,319,162,204,335,94,169,60,16,1,147,84,9,282
9,213,94,343,234,107,71,42,364,120,431,57,404,176,308,377,272,8,309,167,401,56,264,355
150,297,437,111,57,86,168,144,415,346,343,3,172,229,9,56,431,198,352,151,66,405,8,404
407,57,144,264,17,160,94,346,285,255,9,227,410,45,266,212,341,3,108,332,388,202,23,11
321,94,431,250,144,238,213,229,43,283,104,120,343,282,246,169,17,71,368,348,228,161,237,308
437,338,374,191,60,377,17,16,109,108,28,144,298,120,394,368,211,62,319,224,246,264,428,332
226,215,162,151,1,31,282,164,334,180,316,111,8,213,405,120,264,19,238,377,297,224,72,364
282,264,287,120,86,377,346,405,44,228,358,413,243,324,327,7,204,8,224,335,161,404,108,162
323,196,202,204,431,264,364,290,139,162,29,298,236,404,144,316,224,203,94,43,297,134,22,7
323,266,358,94,265,176,405,370,341,223,282,147,364,11,229,346,437,108,126,342,428,144,224,368
108,133,43,338,360,54,343,236,227,3,104,238,282,94,229,355,305,246,437,47,237,431,28,19
437,8,120,94,56,162,147,281,133,62,358,43,428,309,289,343,211,39,316,264,224,364,366,429
298,368,264,244,343,346,272,319,47,83,134,325,246,415,219,169,66,94,86,167,151,237,229,107
57,246,377,335,196,243,341,24,228,34,70,350,0,404,151,364,221,371,358,162,238,252,224,84
23,72,196,11,147,319,56,364,62,75,341,9,228,17,220,398,57,84,358,204,71,149,284,377
94,264,136,346,369,181,8,227,407,1,272,17,391,431,56,437,298,383,133,265,343,62,86,113
284,224,264,94,148,398,297,399,146,308,229,437,405,204,335,364,39,431,358,11,52,246,305,244
379,107,127,11,227,219,282,335,437,368,65,411,3,204,264,224,246,94,309,398,66,56,236,108
404,9,62,57,10,266,407,162,368,94,377,66,43,316,264,8,120,59,151,17,236,161,238,78
347,243,17,229,299,8,11,368,404,35,183,297,1,282,94,227,54,356,224,147,198,238,274,264
332,68,108,407,0,94,129,213,228,431,402,437,308,283,109,346,312,237,28,40,398,196,368,293
228,409,222,32,319,202,252,264,428,300,298,368,243,40,343,227,333,405,169,204,56,162,364,306
94,151,196,1,204,332,266,173,202,229,112,238,428,343,8,144,405,346,120,111,237,244,149,375
202,8,169,346,404,111,307,101,335,343,228,204,264,109,16,279,319,257,224,282,162,11,43,180
43,73,296,398,162,58,196,272,213,9,246,161,238,252,346,192,264,321,305,94,368,358,108,236
316,264,332,162,333,284,319,62,343,236,17,8,377,305,151,228,369,308,382,437,265,243,5,282
437,102,228,282,167,40,264,272,398,120,354,161,332,364,343,151,1,179,298,162,219,113,229,94
282,224,10,202,151,437,404,86,237,272,305,264,108,247,167,43,8,57,136,284,364,309,141,199
213,437,89,20,236,360,282,8,272,16,308,264,377,293,283,405,289,196,131,94,108,309,335,323
405,236,43,228,261,377,115,120,168,363,177,264,151,229,12,98,238,56,66,108,17,180,343,204
282,228,203,26,368,104,94,306,265,224,213,120,62,162,305,8,433,335,283,17,217,238,111,437
228,56,298,229,428,29,377,366,162,202,369,221,147,14,379,266,168,8,264,109,293,94,313,398
56,163,316,346,253,368,295,272,107,86,360,319,264,201,377,424,437,94,162,144,11,205,236,133
107,86,346,272,1,428,181,246,11,437,227,120,368,17,97,66,377,94,266,8,111,58,226,303
405,62,294,107,282,226,341,16,39,368,196,283,66,9,8,84,146,264,58,391,94,298,284,194
370,364,360,380,9,407,94,358,282,76,404,84,8,272,413,309,228,57,1,133,398,437,243,237
246,44,39,272,284,309,264,437,406,111,237,11,83,348,346,82,162,8,227,405,230,17,107,224
202,224,395,66,164,9,162,265,437,244,237,264,222,407,368,428,364,258,151,94,305,76,294,272
431,346,16,228,43,246,423,362,226,204,237,161,398,264,422,409,222,113,304,5,3,405,162,94
335,43,78,181,24,133,146,348,109,237,246,94,310,162,437,343,236,39,233,62,283,16,230,113
228,9,416,368,213,39,115,109,161,283,202,358,169,335,81,104,43,375,162,130,226,285,428,303
431,228,109,346,264,111,43,108,233,405,343,265,29,120,213,407,398,351,13,162,215,1,305,246
323,108,407,43,94,167,39,17,7,360,168,319,368,82,254,21,111,231,0,54,264,56,364,67
224,437,120,220,384,1,404,365,169,368,196,264,354,266,150,265,309,236,11,191,161,311,229,431
244,355,145,162,243,343,108,90,72,94,368,8,316,168,11,9,58,196,237,169,377,309,151,227
264,94,178,309,404,343,319,284,368,42,437,346,237,377,2,17,43,330,260,223,431,93,57,120
277,396,319,343,316,404,405,196,40,399,148,309,273,227,20,57,56,16,437,165,171,335,151,134
11,213,226,266,2,94,159,282,395,66,405,236,437,231,319,343,43,338,204,237,298,8,151,398
94,147,228,236,8,152,111,151,108,120,9,348,65,266,272,264,74,219,206,358,162,438,343,246
343,9,108,68,272,222,6,88,237,398,202,57,208,295,246,43,104,196,8,266,335,151,204,86
392,158,359,35,387,94,32,16,213,147,108,204,264,186,435,9,394,17,57,374,306,95,304,332
343,229,8,213,297,368,377,11,437,244,264,108,308,238,323,40,94,316,162,228,375,180,428,110
312,162,407,172,343,437,295,104,265,95,244,8,266,161,108,181,127,169,229,43,308,213,377,94
224,398,81,107,272,264,377,43,143,319,297,147,437,9,282,266,39,407,57,428,180,360,316,439
437,265,407,169,201,49,246,6,394,228,8,17,62,308,263,400,66,162,282,431,343,37,111,114
313,282,17,202,9,404,437,27,52,335,272,276,422,161,104,346,254,377,351,229,94,156,218,145
94,395,364,162,398,224,437,147,237,428,246,17,56,267,32,266,243,309,229,11,3,305,431,39
264,282,58,69,237,108,288,368,387,228,246,17,70,404,162,224,308,154,343,377,405,161,233,194
66,111,404,264,108,43,244,5,266,17,147,431,411,256,40,167,224,243,272,392,229,139,364,196
94,40,16,264,423,237,391,120,66,76,298,407,308,401,265,162,238,424,96,431,354,208,266,224
431,404,8,405,172,439,158,318,219,108,437,43,346,379,364,214,319,265,32,62,70,131,113,94
437,113,410,244,305,348,368,162,8,48,360,355,9,228,238,220,43,236,190,111,284,395,246,358
228,222,56,335,151,113,162,431,294,362,297,253,343,316,109,112,346,324,227,133,139,94,108,264
284,229,78,279,349,70,94,343,39,8,237,151,40,246,178,19,111,398,126,298,202,43,112,360
160,56,43,344,305,104,404,120,66,346,308,428,385,424,246,62,229,343,353,332,227,255,9,94
364,343,282,196,8,107,303,437,264,431,71,24,3,265,167,224,17,139,245,161,228,377,227,237
352,94,368,219,243,413,113,120,291,339,346,283,96,297,161,379,236,23,44,162,335,228,204,191
264,437,343,219,94,11,90,346,420,229,202,243,272,139,278,400,237,405,58,284,43,368,319,162
227,213,94,108,162,86,8,17,9,243,224,405,343,56,308,113,228,125,266,436,120,335,348,196
75,263,94,236,177,228,437,431,229,202,224,243,259,364,368,66,264,57,58,207,104,8,17,433
120,437,58,113,133,272,405,383,324,368,226,3,8,229,12,335,1,431,237,411,366,144,364,176
360,39,43,355,297,365,8,335,428,368,236,21,264,162,346,16,374,111,427,166,246,332,196,398
163,229,316,12,356,238,8,139,437,284,379,1,308,343,162,405,16,253,398,108,109,348,17,27
94,377,323,8,343,229,147,335,120,237,142,29,347,277,227,54,236,364,368,72,11,213,144,360
8,29,24,284,139,57,416,242,113,346,338,229,111,364,255,9,161,224,428,162,398,86,40,264
433,1,431,264,416,236,349,166,11,407,237,213,383,161,279,246,346,398,308,224,252,298,428,282
228,309,229,204,113,264,86,17,196,94,313,133,287,8,237,377,120,368,438,343,108,346,1,308
309,241,167,151,272,405,142,411,3,144,316,435,404,66,292,264,364,229,12,318,434,343,17,162
264,8,120,66,57,162,319,3,281,431,94,345,246,127,377,405,90,39,272,43,9,308,437,86
196,358,43,313,264,238,212,398,329,404,419,162,368,332,213,94,227,219,418,249,7,108,257,155
272,204,219,423,332,143,94,248,108,309,238,264,236,66,335,229,213,246,162,431,376,432,89,244
407,437,162,224,16,75,109,167,368,309,377,204,419,94,398,264,428,76,343,346,171,8,202,281
151,85,162,202,305,0,196,236,377,40,402,227,57,59,319,8,17,238,282,149,364,86,43,139
264,11,9,202,118,431,108,31,360,282,17,206,84,1,358,392,111,316,66,346,109,305,284,229
377,31,8,323,398,272,264,229,298,108,437,364,246,168,428,202,237,89,162,368,39,196,169,335
229,213,111,87,162,313,437,351,400,8,226,411,266,107,147,94,262,40,62,302,387,274,1,368
322,196,237,243,329,139,244,120,362,264,147,3,265,228,162,368,104,335,9,151,298,8,94,17
195,377,8,439,228,147,332,197,335,282,316,222,437,163,17,40,229,368,226,243,246,309,149,162
88,323,274,107,84,151,437,362,429,394,343,284,404,237,311,9,304,39,224,94,108,407,8,111
439,228,111,254,246,391,358,361,218,94,8,162,169,43,134,283,343,1,272,9,368,415,364,264
43,266,39,178,224,23,1,109,228,405,237,437,139,416,83,346,8,236,398,151,104,366,58,94
104,162,313,155,17,94,133,229,264,115,272,151,120,316,388,82,335,226,309,8,237,196,107,368
264,329,398,335,202,237,319,39,224,17,213,309,364,244,177,8,107,377,192,194,204,196,162,52
139,142,111,151,360,196,264,246,364,289,1,309,43,40,326,265,120,341,335,162,428,283,338,135
428,228,282,168,11,238,16,431,398,44,94,237,360,77,436,388,90,8,346,206,308,213,56,202
56,405,266,227,16,335,305,437,272,343,80,244,40,120,308,162,290,264,283,237,210,133,370,94
144,94,45,405,219,57,60,11,17,9,275,272,162,282,343,254,190,109,3,8,40,97,284,299
420,120,66,213,377,398,104,343,237,86,133,162,58,437,39,8,229,56,109,297,87,264,368,272
169,9,290,405,94,203,363,341,8,402,229,43,332,266,348,377,264,308,368,364,16,305,286,201
9,167,316,364,333,226,279,8,120,407,264,17,266,162,405,133,15,267,228,237,398,250,332,147
343,34,11,166,265,407,149,272,162,3,196,69,8,264,436,368,283,111,213,212,113,305,437,319
348,39,237,196,284,343,228,62,99,337,185,368,139,298,244,224,162,104,72,83,151,202,8,5
229,184,264,113,162,219,398,151,404,104,346,238,298,243,228,111,246,236,209,44,43,118,176,94
364,120,319,144,368,62,107,283,58,264,8,1,335,40,43,227,284,94,377,265,405,38,131,217
204,407,86,192,127,147,229,16,62,68,243,120,343,202,377,162,302,309,295,255,94,8,404,213
348,157,405,93,94,298,66,71,238,237,169,309,107,120,104,335,43,282,404,162,410,17,264,161
273,343,298,224,8,113,204,264,196,56,104,62,87,120,9,109,227,200,151,150,213,299,17,366
162,213,191,109,302,229,142,308,147,39,368,227,66,264,226,317,437,332,246,136,275,143,358,16
405,169,272,364,17,162,264,40,306,213,46,113,56,237,147,282,431,428,14,94,166,346,204,8
262,120,43,335,11,1,343,264,62,336,393,227,207,147,265,133,275,213,109,323,111,237,360,235
147,162,407,73,174,237,437,8,78,405,151,265,343,62,282,229,272,264,56,431,9,436,88,16
290,282,8,236,94,343,43,359,428,335,399,229,196,194,364,374,272,133,313,92,3,265,16,420
364,43,169,236,3,229,108,248,309,16,341,56,405,9,360,17,297,120,155,204,133,272,273,228
283,332,74,8,3,377,405,229,169,162,1,66,437,62,12,244,202,219,313,264,57,360,236,224
309,262,407,364,8,237,439,246,437,94,62,219,380,229,264,147,409,346,184,274,227,28,196,296
266,332,1,169,151,265,66,43,172,431,227,56,274,335,168,351,257,398,101,167,282,224,188,264
1,243,255,94,346,335,428,398,17,8,196,265,219,437,161,263,57,169,316,224,104,313,229,101
43,309,147,413,120,0,431,224,169,316,202,228,85,3,264,237,364,437,282,370,298,111,32,108
94,43,11,9,31,168,237,120,109,8,343,113,377,334,272,57,66,16,411,162,214,204,368,224
151,43,343,410,108,113,364,27,1,229,3,109,253,423,204,213,23,94,111,86,243,224,162,57
236,43,66,237,229,103,335,224,16,94,107,58,404,405,38,246,87,62,111,343,312,161,428,339
226,62,368,236,272,40,8,49,196,66,427,228,231,244,202,54,39,43,343,169,17,298,402,361
316,368,437,308,243,409,369,244,161,298,204,377,94,309,147,196,39,167,131,8,435,56,228,17
377,228,108,343,1,398,219,376,394,94,179,402,32,237,266,335,323,8,298,272,17,233,282,368
404,204,177,236,229,368,40,56,283,39,171,162,196,305,327,313,364,226,94,151,126,8,213,428
262,305,40,335,107,227,238,66,164,20,385,9,228,43,272,8,275,11,266,68,2,436,162,169
162,89,111,436,360,169,221,73,109,244,139,350,377,172,398,264,1,433,2,180,279,133,74,94
282,264,1,391,17,224,96,272,11,238,297,39,237,104,343,227,212,351,229,57,266,316,377,120
43,94,107,282,246,335,219,358,8,227,323,56,16,431,252,66,224,317,213,398,196,343,89,264
111,309,250,255,169,368,106,342,94,202,211,91,192,162,178,332,433,109,431,149,404,196,147,437
343,202,108,360,304,264,225,321,224,319,196,104,86,377,161,363,246,283,16,244,303,243,111,405
111,238,264,262,265,320,358,40,434,229,407,236,94,43,62,402,11,335,17,86,308,244,272,108
346,68,108,9,201,17,213,333,246,302,323,238,407,306,94,332,226,249,162,264,394,360,66,405
227,57,320,377,343,88,86,364,222,4,39,282,111,313,437,295,322,11,94,43,270,228,17,398
156,43,377,3,8,151,201,130,111,343,196,86,224,335,85,139,282,368,264,228,256,2,405,398
94,139,308,236,47,437,404,159,11,343,144,162,167,368,297,83,10,306,7,74,283,360,269,109
139,264,343,213,276,335,148,364,66,162,333,18,243,136,56,224,323,107,161,39,229,202,94,372
43,405,437,291,169,94,377,332,17,284,368,57,208,228,428,213,199,319,323,246,237,360,244,229
143,360,436,309,269,8,323,282,328,419,94,144,3,169,264,361,428,335,196,224,62,28,168,229
164,88,62,308,358,94,11,343,298,255,86,347,246,167,8,147,377,208,428,83,360,120,405,229
394,431,391,107,309,109,62,358,162,151,316,139,113,161,408,228,104,312,346,43,246,343,9,144
5,17,95,56,398,346,422,285,167,288,162,272,405,316,284,335,43,313,221,265,94,64,169,437
282,388,229,405,298,118,224,162,144,202,85,8,266,57,117,432,133,323,130,219,346,213,104,94
168,377,313,161,17,58,335,213,266,9,309,151,190,162,228,226,373,332,405,69,237,264,246,224
416,213,151,341,113,190,86,228,35,425,66,9,207,272,144,196,17,246,282,20,343,39,297,264
319,250,335,219,147,224,17,225,226,115,264,142,162,204,343,346,368,108,62,94,93,40,437,336
343,222,126,424,224,204,8,272,368,264,22,405,265,226,364,196,17,236,404,186,202,213,111,309
9,366,196,8,31,341,147,244,185,272,264,94,284,66,296,39,303,229,266,67,364,161,372,169
59,228,17,236,108,265,437,309,290,161,38,291,298,266,66,147,332,11,23,15,224,133,39,280
229,173,284,437,362,227,8,343,107,264,94,74,398,16,332,360,266,66,396,185,319,236,316,56
219,8,246,437,31,202,168,305,343,407,236,309,71,228,160,80,66,358,114,162,368,45,196,3
257,109,17,227,300,377,235,360,40,243,308,343,283,266,86,284,43,401,8,335,361,437,402,404
238,428,147,253,346,204,360,62,40,153,213,135,133,3,8,404,275,108,226,343,21,196,161,191
107,359,305,298,238,228,162,246,224,348,8,169,360,103,3,120,428,282,226,39,274,297,71,266
40,361,343,72,313,204,84,162,213,308,69,399,268,94,111,8,233,388,437,347,328,104,264,43
313,228,335,224,382,398,17,358,66,223,107,32,219,196,316,11,58,309,94,237,343,78,86,268
167,113,202,308,368,398,40,8,132,94,43,229,385,108,224,44,358,346,237,343,227,109,138,437
377,224,11,66,94,373,110,346,43,10,437,19,120,282,109,211,265,113,196,228,309,151,256,312
229,17,343,162,226,2,120,213,398,289,264,115,3,88,283,405,8,42,342,387,9,298,169,313
233,215,404,204,364,230,332,224,248,229,162,80,151,40,398,44,237,94,8,363,72,264,309,57
133,363,297,370,405,308,437,431,22,407,224,94,343,246,62,189,236,219,360,282,57,287,202,264
332,343,264,8,313,202,39,162,120,237,58,228,16,437,298,368,385,86,111,38,17,229,398,283
4,276,380,212,109,162,17,104,313,11,229,120,406,384,25,297,224,131,305,264,377,113,108,202
243,403,202,357,368,196,363,323,108,308,169,167,354,107,394,264,16,420,398,39,161,11,94,405
229,167,437,120,264,62,343,237,38,226,333,94,368,238,11,199,133,35,421,407,86,204,10,309
94,213,398,265,58,323,228,46,246,269,368,57,17,148,108,364,111,357,204,226,237,382,229,264
313,404,389,380,16,343,354,307,236,224,398,162,431,56,275,202,214,377,349,227,140,332,203,437
435,266,86,346,431,391,377,139,97,437,17,11,94,202,62,323,120,343,219,8,405,104,57,133
66,139,201,104,405,94,235,147,213,98,228,282,297,8,20,364,207,319,437,43,76,229,291,363
229,94,66,360,430,243,219,202,313,120,147,266,406,162,237,264,358,3,348,108,282,372,291,8
196,238,229,264,8,222,335,17,120,437,284,108,94,161,395,343,368,405,236,383,308,213,31,332
319,1,180,17,346,295,226,108,416,348,237,11,66,196,368,335,145,224,162,160,56,284,62,94
151,404,56,428,405,272,437,167,308,74,94,57,220,243,309,380,111,16,335,8,237,224,62,398
162,299,19,196,358,284,332,282,213,308,56,420,346,8,33,94,331,343,313,404,224,264,120,237
224,308,94,439,346,108,17,319,104,202,120,335,86,264,8,323,107,66,196,39,169,151,43,305
302,238,364,40,264,39,282,407,403,17,243,8,323,94,298,268,396,161,133,120,86,437,316,368
325,404,246,346,68,411,26,273,266,202,370,360,11,191,196,323,368,109,88,139,94,104,161,243
161,8,244,387,360,229,177,94,362,376,398,204,168,237,212,117,359,57,95,358,17,309,282,111
316,162,17,3,94,308,343,265,236,177,113,226,398,16,287,431,150,320,228,66,372,335,409,1
213,266,319,215,89,161,316,144,360,418,40,151,368,111,377,398,56,343,61,120,309,385,436,285
272,202,257,368,343,265,340,62,43,94,377,438,120,242,224,398,196,1,291,236,17,109,262,219
437,343,332,238,104,229,341,246,27,305,168,133,213,17,94,11,346,111,8,237,309,266,407,228
17,8,264,298,272,120,238,3,94,243,108,183,236,128,437,348,343,43,109,309,104,56,252,406
224,298,407,58,405,144,219,8,133,225,228,44,94,73,162,272,318,346,43,313,309,321,243,62
196,297,236,351,115,335,16,56,395,233,241,369,162,237,377,405,106,120,230,407,391,268,42,283
62,16,226,361,224,264,142,237,265,284,72,56,40,227,103,66,368,272,428,11,191,398,162,94
86,151,263,266,391,57,417,162,226,168,377,278,94,28,264,194,147,236,298,316,39,437,219,345
364,343,184,147,17,229,237,283,43,236,9,298,8,169,54,128,346,405,437,39,62,365,94,219
366,347,309,161,266,229,398,212,237,224,196,16,211,272,319,40,404,437,182,11,94,282,264,169
236,343,94,139,62,8,437,204,398,213,282,227,404,28,257,272,202,86,162,151,133,46,87,9
409,398,437,56,32,162,94,243,237,343,229,8,212,1,372,236,341,204,416,238,246,120,282,167
259,16,227,9,243,169,165,8,398,236,162,93,304,264,43,422,109,377,346,94,439,101,107,266
343,8,213,309,264,243,168,90,398,428,43,100,237,162,161,298,291,265,332,361,238,35,224,3
120,17,316,104,346,302,311,309,8,151,343,437,162,384,405,161,398,93,313,198,78,358,264,321
343,162,336,265,228,282,1,3,437,104,108,34,264,204,323,400,244,62,2,107,115,190,243,324
8,66,196,111,57,377,237,204,358,360,167,244,45,313,9,94,75,162,343,58,42,133,319,316
428,40,14,388,226,104,358,228,204,265,393,297,114,341,343,322,107,437,259,1,109,398,223,2
94,113,343,8,229,83,266,144,152,126,305,62,196,302,236,224,1,319,162,238,392,106,45,377
111,308,229,316,204,246,16,319,364,253,238,120,42,368,11,404,343,109,283,338,405,231,67,236
237,323,335,368,282,16,272,113,364,93,219,405,437,109,57,246,261,94,264,162,404,297,266,215
282,94,272,111,204,108,167,284,226,8,297,437,162,264,346,12,312,86,392,57,265,283,224,309
346,368,264,319,381,40,308,244,224,431,196,228,358,433,360,94,139,384,66,405,232,213,335,243
147,368,62,1,298,265,151,94,264,385,271,360,233,272,133,229,404,56,246,57,108,262,227,332
111,439,109,436,88,346,328,335,196,8,437,423,40,54,199,167,265,224,286,94,404,237,343,257
343,213,62,272,362,1,169,375,437,9,352,40,238,282,86,349,266,319,229,104,265,404,226,167
147,265,83,377,120,161,167,343,86,388,278,289,282,48,227,196,323,144,108,237,69,133,346,39
94,264,38,437,9,79,108,214,233,246,8,343,149,229,219,196,120,323,320,346,109,283,17,204
0,343,104,204,327,377,94,43,361,264,228,437,120,66,84,8,316,196,346,38,282,236,407,147
162,62,431,389,423,250,358,319,9,3,120,308,87,437,8,282,335,265,332,236,17,364,315,226
139,272,57,169,107,47,372,9,143,219,70,238,113,305,226,111,360,383,86,398,304,229,125,56
169,111,1,370,343,59,130,385,259,313,162,62,8,432,81,437,422,237,19,386,94,180,66,56
8,162,236,368,437,316,305,227,282,228,428,431,111,264,433,168,161,43,427,335,309,147,266,295
406,3,404,284,9,8,204,313,56,368,428,231,435,155,333,392,1,229,366,354,94,162,17,343
151,104,204,228,363,144,224,213,264,8,94,66,404,272,111,335,358,229,394,343,226,348,202,196
147,431,229,246,319,224,120,1,368,228,264,9,308,17,335,11,323,104,237,437,398,364,132,161
139,201,229,196,84,17,204,237,147,224,12,120,238,319,288,108,3,236,40,202,244,346,129,368
111,399,266,163,45,335,162,66,303,174,229,246,249,282,297,201,78,17,398,164,98,308,338,16
381,264,377,120,437,293,308,162,9,1,398,368,298,104,8,219,379,238,343,151,115,84,86,282
377,62,162,8,398,66,109,364,360,308,312,428,291,298,358,50,335,434,343,9,111,3,144,237
162,349,229,219,191,238,368,332,108,43,3,335,167,40,377,347,180,388,166,9,336,407,19,204
343,405,108,319,187,43,353,335,162,144,331,8,32,264,282,272,107,437,3,56,364,109,325,236
196,368,77,86,238,259,421,204,8,272,104,343,264,202,227,229,17,405,56,435,31,161,228,237
101,179,162,283,264,313,335,131,404,305,109,433,1,309,120,219,133,343,228,59,359,86,17,169
16,343,108,94,11,264,398,270,107,377,321,202,78,372,272,17,111,235,204,224,437,162,346,47
63,228,238,40,287,316,329,133,421,236,305,86,404,17,407,109,62,11,147,272,94,224,229,27
282,162,62,202,111,227,40,17,151,104,167,257,133,81,437,438,358,94,404,266,144,8,3,147
335,278,229,202,236,228,437,363,351,281,297,259,264,282,9,113,433,384,272,108,405,266,364,20
139,299,111,343,39,162,40,385,43,363,168,128,246,236,228,4,113,196,352,167,192,309,316,372
319,298,17,229,162,148,94,67,9,86,429,158,264,224,166,43,167,65,226,196,111,228,398,282
283,244,94,264,308,127,335,355,8,297,265,147,393,406,202,405,346,341,228,200,439,437,361,433
64,238,253,224,111,9,353,316,283,323,191,17,237,207,96,246,266,244,148,83,86,343,109,228
237,264,108,267,167,358,8,368,17,133,94,1,428,284,63,22,272,332,9,109,168,238,14,3
343,298,229,228,128,17,112,72,120,66,162,167,266,39,221,405,376,404,237,400,390,9,147,133
126,57,11,40,242,346,213,94,266,437,238,229,134,39,324,236,398,133,147,16,237,364,202,360
162,229,161,237,249,236,313,163,264,58,266,84,343,354,288,94,16,139,153,308,404,383,284,298
1,41,58,356,364,437,66,8,90,428,151,108,405,398,85,375,298,94,265,223,404,262,246,424
332,62,264,437,28,144,308,196,15,139,398,265,107,141,335,229,19,220,272,8,401,323,133,365
323,227,16,264,94,431,238,266,335,365,213,341,108,428,272,407,229,8,204,39,219,295,226,224
238,8,17,272,228,405,358,264,355,308,39,244,231,352,435,361,139,115,193,229,144,70,391,213
346,44,266,355,2,309,135,131,43,113,423,404,272,332,264,343,213,56,167,183,393,11,94,160
188,8,90,227,151,335,17,225,133,58,164,196,283,288,271,224,168,405,358,219,347,285,308,226
437,234,161,3,162,364,8,407,429,264,202,360,86,377,297,401,229,108,238,17,266,404,246,316
17,343,229,250,305,94,219,405,224,332,358,57,46,253,120,40,161,282,228,3,238,264,158,226
368,1,228,282,381,438,400,234,11,298,307,111,54,265,94,333,213,8,309,39,34,316,229,196
308,368,204,162,56,356,398,410,52,94,107,237,3,309,224,113,243,144,196,364,302,202,430,348
287,431,309,167,438,404,228,94,120,343,204,229,407,329,151,297,213,346,376,319,360,8,325,1
309,425,196,62,17,343,229,108,111,346,422,8,161,224,298,238,341,242,400,94,162,283,428,377
428,283,343,309,319,151,407,229,437,86,405,142,8,16,32,213,264,366,296,294,103,266,335,346
72,43,398,56,151,319,238,139,227,55,386,353,346,15,213,264,282,438,222,228,343,364,405,298
360,332,377,131,266,343,40,228,414,289,229,120,172,45,437,264,43,224,238,57,3,11,426,372
176,8,2,94,264,228,9,359,428,109,39,224,308,83,196,34,343,383,284,162,236,377,161,107
343,167,387,364,316,284,150,332,224,329,8,11,219,227,62,274,213,109,404,169,17,319,31,282
107,94,104,335,97,237,225,39,120,169,62,368,265,162,319,242,56,8,228,204,201,236,146,316
3,58,246,343,335,398,169,9,84,66,237,7,213,316,332,323,399,132,228,377,133,94,403,162
178,86,405,229,211,237,43,120,238,88,176,370,255,308,142,169,112,332,111,16,9,354,108,346
151,437,214,62,350,57,331,162,120,94,8,108,283,11,1,219,213,405,245,368,264,224,240,335
388,120,161,46,343,369,229,263,377,236,93,168,265,16,9,162,260,222,86,127,284,133,335,81
66,190,335,428,94,202,162,57,437,107,226,360,40,228,377,346,319,117,62,17,316,266,238,364
343,309,56,424,308,11,246,243,319,16,8,250,162,9,374,398,228,111,138,237,264,108,144,167
30,237,231,398,94,9,272,224,203,133,107,266,255,357,346,229,213,305,431,343,404,57,297,377
8,407,203,260,212,224,237,108,169,229,66,46,308,436,346,2,99,285,264,347,109,437,144,358
34,335,237,229,8,428,162,368,224,407,113,298,62,169,404,264,54,35,246,343,398,96,265,228
86,202,43,16,438,120,264,405,196,11,360,94,377,364,437,118,249,343,108,8,45,368,426,229
308,229,264,8,404,309,434,228,266,328,219,162,282,11,1,346,192,238,56,297,237,94,16,437
348,8,213,430,62,364,305,167,161,437,39,196,40,111,124,43,63,370,368,308,151,236,282,358
139,161,343,54,40,26,237,405,113,335,272,228,368,377,238,390,284,321,9,224,8,52,282,94
162,335,8,308,237,364,312,4,266,368,108,236,95,133,196,343,365,169,246,393,437,430,238,151
75,151,94,11,377,246,364,263,1,437,229,107,284,84,343,406,204,66,272,12,104,167,243,428
284,115,384,151,272,109,48,43,40,323,437,136,309,339,270,180,9,358,82,164,154,305,254,343
404,237,108,66,101,372,94,196,264,62,343,298,107,1,3,229,236,153,16,364,54,335,238,204
202,185,1,9,187,94,323,213,407,437,224,309,144,265,381,404,135,237,423,8,162,257,120,207
19,45,269,169,316,266,244,1,133,177,138,237,309,86,228,104,389,229,342,264,335,313,39,402
66,111,196,8,94,28,9,405,282,204,116,138,308,343,86,437,168,272,237,341,133,326,407,1
305,278,266,398,158,8,228,238,68,346,108,161,416,437,94,41,11,17,229,226,88,43,405,241
437,94,398,237,169,43,108,407,328,309,58,413,8,162,57,34,298,167,361,35,214,316,335,358
282,16,228,351,266,94,431,368,284,403,133,438,202,305,166,236,111,405,162,289,264,8,364,287
319,338,229,405,393,407,343,264,411,227,131,66,368,209,17,62,302,406,94,316,169,111,162,282
398,103,229,358,17,272,3,219,69,66,282,228,8,58,377,360,238,433,217,332,437,254,162,48
43,305,364,66,386,266,264,272,229,206,237,377,109,133,8,351,405,224,16,162,11,56,196,398
377,236,227,202,126,84,113,437,264,217,204,147,407,162,244,330,196,8,297,296,252,358,3,58
428,84,279,135,437,9,148,225,139,368,8,86,226,111,176,31,431,89,361,330,282,229,185,83
297,360,238,168,343,398,109,151,266,17,114,1,94,265,86,431,8,227,9,147,388,37,136,272
48,219,191,107,147,158,404,162,264,368,169,346,44,120,89,286,396,9,422,8,282,94,272,423
94,264,224,368,190,151,434,178,364,272,308,40,316,435,275,196,104,168,387,335,377,7,236,144
406,204,345,283,17,264,168,159,309,346,94,113,246,437,316,243,57,368,337,167,162,360,210,414
117,162,335,147,107,368,413,94,236,86,16,229,381,422,5,264,40,118,286,437,299,309,404,259
335,147,40,94,162,100,237,228,154,202,437,291,149,204,71,266,405,274,8,410,12,282,229,53
8,238,228,226,343,2,161,57,237,84,196,9,227,17,16,259,113,99,283,295,50,208,335,398
263,143,133,43,160,236,272,428,264,237,343,384,139,398,40,419,405,437,169,243,108,227,364,388
133,62,398,320,372,228,377,94,246,162,236,107,324,289,235,368,405,161,229,361,1,237,195,265
404,229,40,54,431,78,49,308,196,385,162,332,335,62,428,374,360,29,66,432,151,238,9,213
12,246,237,43,275,11,107,319,261,227,17,303,298,0,285,92,219,266,346,323,243,224,282,151
259,104,9,401,144,108,150,151,94,335,246,321,343,338,360,356,292,17,368,312,229,120,62,238
216,94,264,431,226,168,111,237,59,317,113,26,224,316,141,167,335,138,227,202,151,272,196,162
309,236,284,413,43,335,405,209,297,368,147,62,104,162,200,56,400,154,280,94,165,266,320,313
94,259,69,17,194,213,153,398,62,226,43,227,243,412,202,244,79,201,228,8,405,144,332,157
11,108,229,284,109,94,343,196,3,107,226,323,283,204,45,236,43,209,9,305,85,202,60,57
286,308,151,94,431,139,228,31,168,356,51,237,133,211,173,219,204,309,418,5,113,332,380,108
272,330,202,282,120,393,9,111,386,66,162,284,161,283,391,85,302,377,424,341,332,109,346,238
32,332,224,66,238,282,159,124,226,243,377,8,94,118,17,207,257,303,204,181,294,214,360,213
102,219,328,111,343,213,94,302,43,282,266,124,252,373,415,419,246,17,229,62,335,364,24,227
426,20,213,384,3,186,229,293,264,161,162,8,360,424,323,237,267,343,9,223,401,89,144,328
237,168,332,224,202,55,236,105,8,227,9,343,377,50,229,228,34,107,266,110,394,368,162,158
192,0,360,108,1,168,148,176,437,228,56,202,8,305,86,246,364,16,335,147,247,66,113,303
308,53,343,73,159,372,224,298,17,358,311,261,246,71,57,266,437,77,229,66,11,162,39,1
195,340,319,360,94,147,62,111,282,238,416,400,204,328,160,435,437,56,89,168,155,237,244,236
1,94,437,431,264,282,16,9,309,66,4,149,360,30,196,8,109,54,319,180,236,3,426,147
389,34,107,237,330,264,398,319,19,46,9,8,147,15,114,120,343,424,208,4,73,111,125,364
204,335,237,16,364,40,108,244,17,66,8,111,238,246,192,437,373,213,162,284,57,107,309,161
17,411,343,228,333,159,111,227,105,243,57,360,178,264,164,104,282,66,266,224,14,238,48,296
1,66,404,120,94,345,390,40,362,433,343,360,272,328,47,313,227,403,340,238,275,264,84,377
244,316,437,111,264,343,45,428,161,1,68,364,431,8,196,229,162,38,19,155,347,104,380,94
94,229,246,104,385,305,236,309,52,404,151,368,126,282,111,40,398,16,395,213,319,209,264,39
16,282,224,410,134,195,167,151,323,48,162,368,309,8,94,66,298,308,358,369,238,250,56,133
229,331,162,298,196,264,348,284,238,111,226,57,278,360,313,267,109,237,43,202,108,219,228,248
282,162,305,202,28,111,300,404,431,48,372,346,238,94,264,291,186,43,364,265,424,392,436,343
246,236,161,169,264,332,387,227,226,215,436,404,107,43,185,159,111,405,428,335,162,230,406,151
228,147,162,405,202,136,8,78,404,359,437,364,94,7,264,297,56,229,323,309,319,3,259,343
284,185,282,8,169,238,319,162,85,214,147,228,229,332,437,398,309,104,405,16,9,94,202,86
151,272,39,265,264,209,94,114,335,195,84,379,169,294,162,346,401,398,297,213,343,9,437,34
267,66,264,283,120,346,343,162,405,246,169,202,84,8,437,233,272,147,178,9,94,431,144,398
108,40,294,244,332,202,204,56,237,428,199,343,262,391,39,133,323,407,228,224,275,335,109,162
183,229,162,394,405,428,316,343,226,78,113,357,109,94,110,66,364,169,202,290,358,35,271,167
398,407,76,298,282,366,104,161,202,431,94,11,343,169,229,226,287,246,265,389,162,171,236,151
1,115,398,246,185,343,404,153,213,389,295,352,219,373,348,238,377,344,273,172,20,107,227,182
31,58,252,343,161,126,8,282,167,62,265,405,162,335,43,377,360,17,145,352,40,430,408,298
282,272,437,17,253,105,238,213,56,94,167,229,226,274,364,375,86,269,343,84,204,309,144,227
62,319,16,201,236,192,264,364,17,348,341,204,9,309,117,284,260,247,107,404,405,343,30,97
45,8,313,161,416,224,237,303,46,368,264,162,404,52,267,282,228,48,388,226,437,308,246,229
111,108,86,238,16,213,8,204,109,224,434,228,32,296,107,139,335,244,346,385,309,386,229,264
169,404,109,94,213,8,246,343,229,196,437,228,346,118,238,265,428,305,374,364,39,335,224,244
113,282,8,313,407,108,215,84,196,437,150,229,119,343,220,319,364,216,66,94,109,111,9,86
159,316,404,162,61,229,56,437,246,94,264,322,204,169,228,209,17,29,11,225,282,167,196,151
323,159,244,62,343,283,332,358,364,224,264,8,351,162,111,377,109,246,57,249,155,1,43,196
237,62,286,236,0,9,8,104,265,120,343,345,217,313,84,332,113,437,66,235,309,227,48,226
30,1,437,364,343,161,120,43,246,17,94,316,295,35,264,428,228,236,58,342,229,368,230,374
224,236,354,398,343,335,368,162,16,34,159,360,308,120,86,228,104,151,405,229,416,94,297,227
313,368,305,162,119,229,265,425,39,66,309,404,343,358,19,330,8,204,171,401,360,297,94,341
341,345,11,43,135,335,318,17,227,134,411,86,198,229,309,297,94,62,57,264,437,428,172,343
213,407,57,39,264,332,237,34,80,17,368,94,284,369,113,184,202,169,126,56,119,11,162,393
398,39,265,108,23,56,202,133,8,57,431,358,229,266,144,364,428,161,32,9,24,237,323,372
227,56,219,343,346,94,229,12,272,0,430,264,176,368,1,8,416,43,279,40,147,104,202,133
218,104,237,86,270,377,70,108,67,151,202,253,66,167,94,1,264,133,109,345,176,404,43,346
226,305,39,246,335,16,109,370,295,428,298,11,213,94,66,8,437,266,224,169,229,49,88,264
241,316,94,62,229,144,154,108,304,8,343,66,219,151,294,224,238,38,226,179,431,39,196,105
224,108,87,94,298,162,169,358,335,264,381,163,282,406,266,16,227,405,281,78,229,265,157,151
297,350,206,345,70,94,439,246,8,40,50,42,128,346,16,57,78,159,83,204,283,237,398,343
277,377,109,162,213,108,62,346,438,368,94,161,264,266,198,199,9,86,343,237,17,66,437,236
224,62,8,437,236,228,382,1,374,335,68,361,219,226,43,56,39,398,213,162,246,266,26,377
176,238,236,323,118,283,120,229,196,17,393,284,237,431,168,368,398,169,5,94,265,322,372,3
37,8,368,111,219,243,162,272,62,50,228,108,309,313,39,102,343,2,362,405,387,35,229,264
48,246,86,237,229,94,352,343,73,8,404,7,323,360,332,66,113,202,17,9,111,43,84,224
202,263,101,398,215,168,111,120,309,162,17,10,57,9,246,1,422,229,365,402,192,264,108,11
379,17,337,229,120,66,56,8,244,236,1,9,335,133,224,23,204,343,111,437,309,404,144,162
202,162,169,358,431,321,9,224,139,39,343,236,364,261,206,23,43,319,144,76,204,227,94,21
343,437,130,94,72,228,360,224,57,266,307,346,274,8,227,56,253,182,236,368,237,111,405,144
237,151,149,377,86,390,7,358,162,169,81,227,273,224,428,284,94,343,139,83,219,297,120,272
236,269,346,62,411,229,282,410,243,264,309,404,297,111,426,204,405,17,348,391,102,237,335,146
305,236,151,169,282,111,346,147,94,144,9,4,368,56,226,199,350,298,407,332,283,224,8,343
284,8,3,358,62,86,282,296,368,226,224,355,237,212,15,81,377,162,404,267,228,289,94,313
162,1,108,305,229,264,193,9,213,228,368,370,17,237,21,224,437,360,133,146,120,379,144,231
103,133,227,228,377,264,1,62,229,282,360,437,40,407,94,319,313,104,343,410,207,43,213,151
7,305,405,364,57,120,246,144,297,3,134,368,265,290,237,104,110,111,84,377,323,56,243,8
323,43,48,343,66,218,316,109,374,3,151,229,176,272,107,167,62,313,264,94,227,260,16,355
391,282,417,208,1,204,364,237,9,264,43,108,319,431,437,265,272,343,404,335,283,196,8,62
2,246,343,11,8,135,124,335,426,402,273,162,404,31,204,288,224,56,16,187,225,229,151,244
146,347,404,264,8,58,437,263,196,343,237,108,142,308,246,368,9,236,11,180,364,213,284,272
107,313,226,238,39,8,404,335,228,269,120,405,243,246,309,237,202,361,94,319,437,166,40,9
398,104,355,176,8,86,246,181,236,94,437,162,407,84,316,283,346,320,38,406,229,360,237,147
282,236,249,237,84,162,199,204,428,404,94,437,8,114,272,405,95,120,29,371,433,73,133,244
361,8,415,407,204,94,343,162,16,264,62,365,40,297,437,7,323,107,430,58,229,277,104,120
84,51,229,287,202,398,111,102,8,364,9,376,429,266,94,344,228,139,308,272,225,300,404,346
431,16,309,11,109,329,407,191,217,130,46,364,226,335,8,94,264,282,289,437,256,108,111,228
67,144,237,368,335,360,437,376,398,322,229,243,202,40,43,371,0,9,341,343,117,113,264,17
101,377,316,365,217,202,336,305,333,66,340,264,47,437,228,7,196,410,297,1,9,407,162,357
108,152,167,147,285,204,5,168,358,236,219,11,8,335,3,346,309,238,7,431,313,339,428,196
9,144,343,172,120,437,228,411,227,113,126,108,264,364,246,345,94,58,266,111,8,173,229,243
229,104,266,196,3,62,364,335,323,13,224,8,264,298,23,169,226,404,133,405,17,213,147,424
404,283,162,264,57,144,65,176,335,229,286,222,437,227,104,246,139,200,316,48,109,221,133,266
340,151,368,94,43,358,237,327,147,228,229,283,68,264,139,161,57,307,404,236,246,54,111,297
368,273,169,213,228,335,62,102,43,28,264,52,361,243,309,94,298,150,408,323,9,372,229,8
224,343,400,416,117,404,398,11,272,229,238,237,17,358,8,236,282,226,39,202,213,59,346,307
346,224,229,151,405,107,108,284,155,364,282,341,238,340,49,269,62,437,34,228,407,335,1,196
282,417,305,1,229,151,366,246,405,94,398,224,437,335,120,228,364,111,360,39,167,159,404,176
66,94,8,346,124,335,196,402,343,221,224,264,428,111,228,167,229,298,17,120,9,439,325,168
10,9,68,5,348,56,431,244,224,202,94,162,213,346,390,343,227,1,398,339,335,272,28,237
238,269,246,272,8,11,393,237,228,120,433,66,139,204,323,227,266,437,94,360,147,294,17,343
85,246,368,264,16,437,106,89,224,94,309,237,162,346,265,39,244,52,297,289,187,8,377,404
108,335,16,73,162,144,228,229,407,3,224,375,54,8,246,248,30,161,104,265,236,177,403,264
219,168,298,162,114,133,8,236,107,386,343,327,42,431,284,238,228,1,368,307,47,226,364,66
24,431,316,233,147,120,346,2,94,43,398,213,73,237,196,411,162,1,407,386,437,72,66,204
162,309,196,431,204,368,151,319,57,282,40,335,19,428,8,332,17,437,246,94,213,59,404,88
34,309,360,407,228,75,150,39,364,168,244,120,289,398,11,185,346,246,236,374,224,162,264,305
174,246,265,8,343,10,99,94,226,388,131,368,224,429,264,275,204,335,161,213,151,43,81,6
162,94,368,9,265,144,237,8,309,58,185,130,343,209,431,228,120,313,370,168,437,282,204,11
431,112,133,332,437,229,321,109,94,377,337,316,291,263,335,342,428,108,255,146,407,17,214,120
20,168,41,415,161,237,17,298,379,265,228,407,335,142,147,428,386,43,339,133,151,316,62,346
34,237,346,61,39,230,43,229,236,405,343,144,16,213,272,349,437,180,332,94,162,66,228,266
202,169,120,161,368,231,416,398,14,246,139,8,343,342,94,47,222,284,193,308,264,191,176,396
213,335,17,272,8,171,40,108,167,284,162,238,346,302,305,282,228,66,392,404,94,264,364,268
368,131,212,384,142,377,204,282,31,16,400,167,9,210,437,431,298,387,25,94,108,169,229,364
407,343,423,16,1,345,59,237,57,265,8,236,146,58,213,195,215,133,168,319,262,229,302,17
220,16,109,213,226,297,104,284,236,120,307,415,94,147,162,266,404,2,309,238,364,62,264,59
437,332,342,364,343,266,86,323,298,335,226,316,309,291,202,16,407,9,389,133,104,333,101,228
264,11,172,343,62,202,213,228,266,173,351,111,162,139,9,56,275,94,229,411,236,0,181,137
8,316,237,10,243,229,244,332,236,51,18,213,264,377,272,162,9,202,94,98,437,57,106,431
348,169,284,230,3,244,319,246,57,237,323,274,1,95,161,9,332,398,208,94,343,127,226,360
431,213,54,168,104,35,147,352,252,351,304,343,120,353,224,16,264,204,94,100,236,377,417,8
354,176,8,151,390,104,264,94,343,228,346,248,204,302,244,237,62,213,219,245,39,405,3,143
272,335,237,253,244,298,231,283,113,86,308,8,162,43,16,7,213,264,343,212,437,228,229,94
39,162,237,282,42,437,43,176,343,398,120,30,151,48,3,94,311,284,34,298,319,219,364,65
394,1,107,94,282,133,283,318,428,228,4,264,229,104,144,236,66,396,152,84,204,308,162,134
282,358,41,343,62,237,197,94,113,238,150,9,346,120,227,391,12,56,115,351,11,272,236,298
151,437,88,33,142,368,364,107,58,377,304,94,227,343,109,404,272,8,11,9,34,111,283,108
246,161,59,360,404,358,109,343,368,162,229,237,104,97,219,167,439,108,236,341,113,288,43,226
266,200,226,398,9,108,319,169,346,94,368,228,111,384,229,332,415,227,213,370,151,161,8,162
266,162,343,246,86,264,9,169,17,238,335,144,377,284,94,168,428,437,409,225,109,111,107,57
266,39,368,213,284,385,181,335,162,358,428,147,228,246,346,272,109,167,229,256,243,120,40,332
162,346,227,120,134,246,106,213,360,343,196,437,108,398,308,161,312,219,43,264,404,368,405,133
264,238,298,9,86,147,284,343,115,94,266,274,335,120,256,199,308,409,237,111,39,8,1,423
243,389,1,94,265,340,108,229,222,361,219,380,40,282,161,305,8,284,386,86,266,364,264,162
86,419,103,343,162,335,181,92,8,202,437,151,365,334,272,319,141,133,289,40,366,236,253,3
264,437,8,204,7,343,28,369,237,202,431,404,213,163,109,238,143,244,309,265,94,428,262,196
1,66,152,133,94,16,251,64,229,236,297,113,323,308,437,204,39,348,305,111,47,17,225,271
284,282,264,94,225,86,228,343,399,321,211,43,125,238,9,133,368,404,17,341,283,151,358,213
109,404,431,237,11,94,56,9,63,8,332,181,223,437,90,228,360,238,428,346,343,229,184,309
17,310,361,107,229,398,254,94,328,377,360,9,39,183,299,90,364,228,202,298,43,169,366,305
369,166,229,162,94,290,360,57,192,436,108,161,83,313,200,309,264,104,282,417,335,437,88,266
431,309,404,50,8,229,364,48,9,162,120,31,94,265,167,204,398,346,228,319,287,86,428,115
313,437,43,228,224,120,109,21,133,207,309,196,282,155,162,244,5,364,95,237,63,407,113,161
243,86,224,133,9,272,11,3,266,228,316,162,1,40,202,246,94,405,319,313,147,364,107,309
398,104,224,108,19,8,35,9,368,163,147,39,316,323,309,364,244,403,313,346,289,343,1,337
405,343,420,66,183,358,5,228,225,272,385,9,202,169,265,236,162,8,346,193,323,44,364,398
253,172,4,266,229,162,364,40,94,243,58,228,224,298,147,246,104,333,346,343,17,1,428,108
86,310,179,120,372,379,313,353,264,282,169,246,437,94,213,335,368,40,214,45,8,228,104,319
436,360,8,162,94,404,56,17,264,228,103,420,104,272,343,9,12,84,377,111,438,108,168,300
108,343,93,398,104,283,226,335,368,213,1,196,237,284,317,19,107,306,332,431,113,428,168,243
86,43,346,162,229,323,404,57,419,237,33,19,51,389,364,343,272,268,15,1,65,150,282,335
238,283,408,343,40,108,324,31,71,8,195,332,309,368,169,381,105,360,246,151,398,418,284,156
391,126,335,265,360,237,113,297,343,8,236,346,229,202,437,264,404,3,282,136,71,303,283,45
348,237,8,405,11,337,235,404,236,109,62,151,272,66,332,343,86,147,144,419,57,227,19,377
299,219,246,5,224,109,17,62,66,104,343,408,56,1,151,11,316,237,215,8,437,202,113,120
246,162,229,291,237,377,309,360,437,209,368,407,196,94,238,346,202,58,332,270,20,104,272,23
343,398,298,142,1,102,8,394,346,94,246,162,120,147,109,73,57,67,154,404,432,86,9,364
40,139,266,283,343,116,9,237,151,17,62,404,229,228,107,364,219,323,16,264,169,108,402,58
420,265,332,202,16,308,17,368,264,309,272,246,335,196,360,437,254,8,94,228,56,237,161,1
335,111,226,313,94,213,17,265,360,352,236,162,431,394,1,398,204,5,35,113,137,228,61,237
437,255,62,147,364,107,224,323,340,243,335,213,343,306,360,97,104,237,151,412,368,316,94,305
199,94,40,370,43,8,227,133,364,264,228,429,109,39,237,56,332,266,437,265,17,238,346,246
162,8,40,264,266,176,227,39,332,263,139,204,323,199,104,123,202,86,333,167,1,236,431,3
316,309,282,360,31,228,313,417,284,17,219,428,120,9,78,3,364,405,229,358,40,355,164,407
229,209,94,368,364,147,246,345,17,236,11,405,226,437,377,308,8,120,133,343,97,62,16,118
94,56,133,229,297,265,209,39,51,66,266,8,140,404,224,309,3,162,227,294,335,368,358,283
133,312,224,8,11,113,265,213,43,256,131,390,237,407,368,422,405,198,58,415,161,219,353,284
229,107,66,377,213,94,395,313,284,350,162,222,345,11,225,73,113,62,298,343,305,368,111,8
60,128,243,244,168,151,272,265,94,162,83,8,169,237,346,224,437,147,161,428,246,358,368,17
57,219,343,230,308,264,353,43,298,351,162,231,364,368,133,332,94,306,429,405,252,1,104,246
428,94,39,308,228,345,305,162,151,1,303,238,377,335,237,424,353,264,169,236,31,298,43,17
343,332,284,88,437,243,11,283,228,214,237,139,184,428,43,39,213,35,360,94,107,204,162,110
70,180,295,68,264,377,224,40,167,133,57,243,282,266,229,305,219,154,272,437,227,17,358,226
120,405,243,8,156,204,9,228,188,54,66,352,264,229,305,138,213,284,39,364,162,11,368,226
228,333,316,312,405,244,297,305,11,368,176,229,167,86,437,40,108,236,17,332,309,10,313,308
298,368,224,3,16,343,54,117,148,337,12,308,94,169,151,437,305,139,398,111,319,236,313,120
358,437,173,86,226,1,332,405,335,11,117,162,43,111,213,201,56,369,140,305,342,265,113,8
94,405,156,407,243,284,43,404,305,272,246,196,319,398,8,264,244,437,306,116,167,390,46,248
237,227,407,219,272,94,151,364,398,238,17,437,308,19,229,224,202,111,139,104,431,50,405,76
407,335,66,162,229,108,226,265,346,1,332,308,437,377,323,43,40,107,277,319,264,16,343,429
428,202,237,84,224,66,228,236,43,8,167,283,289,404,411,140,57,264,196,108,17,265,229,392
377,346,246,47,272,229,360,228,265,94,66,245,89,179,343,169,86,137,56,323,43,17,282,8
202,228,162,405,416,364,106,16,187,398,40,229,120,97,12,436,3,360,224,402,72,4,185,161
335,144,343,56,346,162,8,108,133,66,425,244,316,307,305,228,3,169,348,313,16,436,151,40
159,437,272,236,343,62,241,246,111,265,120,217,346,168,284,228,283,264,398,297,243,282,167,1
104,11,81,368,24,62,162,285,396,428,213,437,204,151,332,109,113,94,274,308,1,398,202,196
104,266,283,43,313,121,435,94,229,167,319,111,203,428,153,228,202,381,187,109,8,31,272,246
364,343,219,328,291,224,313,38,264,202,228,227,90,53,298,275,246,161,368,282,162,8,9,56
297,437,135,316,161,94,126,39,346,162,264,226,120,11,57,229,108,169,282,31,62,155,283,294
198,308,196,94,348,8,66,368,179,428,54,83,161,246,437,346,228,26,9,120,150,362,162,404
253,335,272,142,407,319,238,316,40,343,250,426,246,214,109,111,94,368,229,17,1,377,237,9
17,246,56,407,202,57,272,438,316,9,94,364,357,228,3,416,264,195,404,16,167,229,162,346
352,264,86,104,226,66,437,48,313,56,238,305,162,9,94,252,335,113,237,360,40,272,309,361
229,265,118,406,368,167,308,343,9,112,195,264,84,86,226,238,151,43,57,387,243,348,437,227
238,264,428,343,72,109,284,108,233,282,162,94,133,226,113,260,151,305,379,368,295,169,309,127
169,17,32,264,120,56,142,360,354,108,298,215,375,229,109,16,9,266,427,144,62,34,297,26
112,144,69,84,94,4,335,383,264,204,104,8,108,197,272,437,341,134,147,85,16,229,394,310
366,16,89,309,364,77,305,335,264,365,308,167,127,66,298,343,228,229,162,71,109,238,94,168
360,196,377,250,218,237,229,332,291,338,426,308,119,163,94,63,309,109,437,404,151,262,107,95
202,346,151,54,343,229,94,120,236,305,167,57,355,162,377,428,16,39,86,351,66,404,316,349
431,246,8,437,62,300,360,43,323,94,1,266,316,44,108,17,343,424,111,346,332,202,234,113
94,241,0,207,264,162,12,167,88,246,204,226,316,111,284,230,139,16,84,346,224,161,196,278
94,392,404,309,70,350,146,120,246,213,104,293,264,168,431,343,129,243,224,17,39,229,308,204
237,244,431,17,219,316,108,319,332,229,48,236,305,394,209,349,228,398,94,428,374,196,35,111
16,27,196,1,308,108,87,323,246,214,133,140,151,141,213,364,47,161,295,379,238,319,437,237
219,343,62,8,228,104,16,56,431,319,168,392,305,224,309,107,352,196,94,264,75,439,111,365
364,343,299,26,360,147,237,209,229,120,368,169,335,113,108,162,1,305,316,224,20,282,201,151
17,310,219,439,57,305,109,274,111,70,302,187,282,300,398,298,94,335,236,232,228,139,107,316
112,272,39,264,213,183,228,111,265,94,229,8,108,437,246,431,43,335,109,202,236,298,17,305
107,202,267,137,169,346,17,335,264,377,56,86,229,437,362,94,219,323,3,59,332,319,45,93
169,324,370,415,335,237,343,283,224,45,213,8,405,407,24,196,114,428,377,162,111,281,310,221
82,431,108,0,391,234,428,238,298,308,297,144,57,381,11,335,133,169,8,126,204,109,39,203
126,335,1,264,312,343,332,238,323,272,228,55,317,109,108,196,224,120,45,293,8,388,437,282
107,8,17,333,437,43,146,228,40,238,364,343,282,368,137,236,108,407,297,341,243,272,264,346
