264,265,229,368,437,9,295,346
161,343,8,202,28,207,133,16
58,162,224,287,42,108,272,26
58,229,235,9,62,224,56,204
360,252,281,316,94,431,398,160
118,17,246,167,228,196,346,264
86,282,202,297,168,101,343,237
418,431,213,364,264,196,108,50
107,228,102,377,64,343,304,56
343,312,266,162,147,117,113,246
9,398,262,8,113,70,368,400
236,425,8,431,364,9,437,407
88,422,11,8,204,133,405,107
297,343,151,147,17,62,113,56
0,437,57,8,94,264,265,308
40,224,298,196,108,104,8,213
202,437,196,289,86,204,219,404
364,377,283,291,202,120,94,207
264,17,9,358,147,226,335,187
162,139,16,62,109,308,43,294
151,168,196,94,111,398,316,437
237,28,404,104,196,162,377,246
213,113,377,403,237,337,297,380
43,264,287,237,8,93,236,404
94,162,226,343,57,236,73,8
54,228,238,246,94,368,97,298
148,272,11,354,313,40,69,94
431,405,316,282,264,266,277,284
364,343,372,407,257,39,11,377
404,335,246,394,437,226,243,218
343,428,94,404,11,212,107,47
343,129,41,94,229,370,226,39
8,305,228,417,264,85,17,401
224,408,398,143,43,246,120,133
404,264,11,282,368,43,108,346
120,1,8,319,62,112,94,168
219,343,335,80,229,11,224,283
244,319,111,398,324,264,229,226
228,179,431,264,398,290,176,213
11,7,1,236,3,305,107,135
227,37,43,246,196,282,39,343
266,295,86,309,229,437,272,33
236,368,39,272,285,62,78,9
224,308,108,272,437,113,111,346
168,116,202,226,284,334,237,343
161,266,358,298,149,324,66,40
94,351,272,56,335,237,125,228
3,107,58,246,335,243,404,9
358,120,359,407,66,146,167,437
437,404,17,279,111,341,377,405
309,377,162,272,265,151,107,39
39,8,343,229,191,56,431,94
9,404,416,110,162,265,229,43
8,226,377,73,289,386,43,41
78,272,305,238,228,133,343,264
437,264,365,337,228,398,162,65
253,102,94,360,155,293,147,111
313,319,42,389,246,343,219,345
106,264,282,358,398,323,268,108
16,246,319,107,31,162,272,57
251,236,237,404,40,104,297,431
237,282,404,111,283,94,145,305
402,8,162,137,437,265,380,335
161,437,238,39,393,246,141,328
40,418,29,400,94,272,8,237
346,94,88,237,114,265,17,172
264,437,121,162,310,404,343,364
59,330,161,283,224,162,3,99
162,243,9,305,264,221,42,256
199,308,66,11,346,300,187,265
94,39,213,137,162,41,229,62
341,237,43,305,86,236,391,284
309,290,335,167,66,2,229,25
354,16,264,168,144,94,404,237
335,264,246,162,237,360,404,295
411,410,289,319,404,323,204,3
84,120,432,37,94,335,377,368
342,188,1,308,105,16,25,169
86,236,66,386,94,162,317,266
437,288,108,229,404,77,236,196
264,339,233,237,291,346,8,56
57,319,16,229,413,133,266,40
431,256,115,284,88,319,403,407
364,335,358,360,343,238,244,57
107,162,298,272,181,264,75,108
103,94,151,335,381,16,236,377
224,243,142,375,167,8,226,108
213,240,428,420,243,108,343,238
115,238,196,179,327,283,11,52
95,296,227,364,100,94,144,284
196,156,94,287,17,285,168,112
204,236,202,229,237,319,264,343
437,335,3,94,264,219,236,66
213,131,335,407,405,280,2,66
8,162,83,95,353,56,264,398
236,439,40,162,338,226,357,429
1,319,310,162,275,94,358,204
244,162,237,229,437,372,57,341
246,139,437,316,107,299,8,192
11,238,228,407,322,120,43,52
243,152,1,133,228,343,302,202
8,252,200,368,238,237,162,17
94,398,8,76,237,147,181,227
3,364,19,368,377,147,9,151
190,246,56,368,319,167,313,48
169,140,298,167,109,224,377,272
416,227,107,139,266,319,330,33
252,337,168,330,86,8,107,346
94,112,149,286,108,346,11,84
234,229,377,176,351,66,358,332
143,236,244,107,405,377,172,228
236,364,406,377,66,360,226,316
162,237,227,332,236,265,224,94
346,304,162,324,17,107,309,62
196,94,167,229,17,8,213,66
167,1,49,404,282,228,47,16
308,25,96,229,431,265,244,371
407,237,202,428,346,405,362,94
168,368,272,228,332,398,22,94
66,147,346,198,9,246,162,113
266,264,424,238,221,437,358,151
227,99,266,229,108,139,265,151
256,332,66,238,237,107,162,1
238,343,1,153,144,298,368,332
94,264,309,262,249,3,107,225
358,323,139,404,335,9,238,316
264,228,68,266,316,88,309,284
229,313,120,377,111,162,31,246
40,179,162,377,335,186,120,61
11,346,335,264,305,229,85,161
437,341,335,109,16,219,104,152
86,437,236,229,282,136,368,228
176,437,364,264,11,246,162,282
74,228,339,343,43,113,238,57
282,368,66,316,227,277,233,78
224,435,4,219,196,411,407,133
364,404,343,162,66,94,56,62
272,246,57,229,103,429,437,237
368,109,308,343,129,304,219,411
346,323,224,407,417,111,196,94
162,309,280,206,84,94,161,431
167,118,282,437,174,177,335,264
202,309,229,264,193,94,179,9
246,144,368,181,236,106,264,204
221,89,297,227,151,109,236,98
298,104,39,335,364,108,264,161
224,4,162,305,8,238,73,410
140,33,343,420,43,224,284,264
265,266,398,370,437,94,151,366
92,266,206,368,194,405,104,297
343,213,244,108,360,358,334,236
94,199,360,226,66,9,238,362
8,94,204,133,377,407,264,29
360,39,52,244,172,236,73,229
266,70,86,104,161,318,437,321
244,139,316,437,1,94,404,360
246,162,284,399,115,113,360,227
94,86,109,316,107,76,323,147
196,389,236,319,343,361,420,17
343,264,305,11,200,283,147,145
162,86,246,39,204,17,41,103
237,343,162,377,358,213,14,94
338,335,246,303,84,243,96,108
148,144,57,109,202,404,246,282
298,244,147,94,282,272,246,50
437,111,19,8,243,158,168,162
438,229,302,94,73,56,162,437
437,120,202,368,272,6,169,282
252,244,335,167,28,226,66,17
84,265,8,213,108,309,162,313
94,246,236,404,80,104,256,204
335,432,431,8,228,139,309,368
113,337,94,427,343,162,11,9
151,266,343,130,237,8,306,224
227,153,428,328,17,360,245,248
398,177,377,274,3,228,250,343
43,343,8,300,94,149,237,379
219,264,309,65,70,224,246,43
8,346,107,407,246,187,151,254
404,437,94,163,3,343,111,364
136,39,86,435,94,8,109,335
11,167,133,34,58,244,8,1
43,228,107,364,113,202,398,142
324,404,11,201,91,147,227,8
246,428,358,43,434,266,236,377
162,368,298,9,316,3,94,283
377,432,57,437,343,276,346,285
264,252,140,236,319,243,84,56
332,162,224,282,139,57,405,120
40,16,243,228,264,226,332,423
383,120,169,335,151,437,249,264
160,431,343,309,227,360,364,83
289,168,246,272,280,240,308,387
57,169,3,104,266,343,167,229
437,53,346,305,319,229,165,172
169,284,264,237,368,398,343,238
86,43,71,404,8,439,431,335
298,31,104,351,394,66,246,223
308,66,368,72,107,147,215,259
228,108,297,377,3,368,244,8
224,86,57,228,407,352,411,158
411,202,308,111,337,402,108,416
161,196,16,343,265,144,197,219
343,104,90,39,335,94,398,148
66,412,343,194,425,305,434,228
404,288,428,17,424,43,9,333
9,265,236,256,343,322,226,405
236,86,169,17,211,224,204,8
264,377,162,246,43,40,290,309
377,109,225,17,204,282,238,237
264,228,343,346,377,108,272,313
224,144,404,94,229,238,343,328
246,174,162,48,134,266,62,27
335,228,180,402,237,437,16,2
246,90,213,104,67,94,377,266
147,19,332,229,237,151,227,343
94,297,437,84,115,228,319,238
335,179,343,69,437,213,229,167
162,377,291,237,229,1,288,66
264,351,272,104,415,94,343,17
204,335,332,229,404,437,70,219
230,40,272,228,167,9,128,264
66,437,244,8,335,202,420,227
343,8,17,295,380,94,354,264
40,24,368,9,435,272,75,236
333,244,405,196,62,246,313,346
343,364,94,398,236,4,264,41
435,8,289,236,11,94,332,264
187,246,184,224,228,236,1,358
169,2,228,346,229,11,335,437
428,181,94,417,337,358,309,237
264,133,89,215,343,309,109,153
255,237,8,224,297,143,108,144
405,335,113,162,264,226,266,66
144,340,377,343,213,52,204,308
87,57,405,268,299,16,272,94
1,313,343,66,29,87,323,228
302,104,272,327,213,319,429,109
108,79,385,264,102,94,342,66
3,176,11,225,368,154,9,94
284,153,229,368,246,228,27,309
8,228,282,368,237,298,393,213
161,248,16,62,167,86,343,364
319,17,228,236,298,76,280,61
437,264,196,273,313,319,415,228
236,298,104,282,204,264,266,94
229,104,282,213,94,264,228,377
196,316,431,9,305,108,94,155
237,111,411,364,94,261,352,243
108,398,229,196,343,86,62,57
66,405,152,316,424,437,404,1
424,298,133,62,147,224,368,94
211,282,1,94,162,8,343,111
43,264,63,169,52,244,246,266
8,56,253,246,68,229,377,176
319,246,204,137,11,226,437,62
94,309,162,406,144,346,264,298
16,213,335,238,94,399,358,147
282,228,238,439,377,368,1,94
297,311,90,226,10,94,164,398
204,43,66,169,9,305,437,196
319,161,237,265,300,133,151,332
5,94,227,237,316,323,86,272
335,84,43,319,415,162,90,375
275,346,332,343,94,222,43,104
398,102,162,297,94,228,161,129
224,398,298,16,237,56,244,346
1,264,168,94,437,161,343,360
268,168,224,332,343,156,23,323
208,364,204,381,319,358,8,116
298,107,308,161,437,187,228,9
8,107,238,219,54,109,266,11
246,405,437,305,8,187,237,236
169,202,308,243,113,377,282,265
243,122,252,344,228,255,407,337
428,437,392,405,159,167,229,282
371,8,398,169,238,204,1,196
161,88,226,109,377,219,72,204
233,71,171,94,272,199,297,346
265,428,370,287,168,246,169,341
283,133,298,8,227,9,162,94
161,360,341,228,151,334,8,244
163,376,346,322,237,51,38,16
104,229,8,238,358,1,48,335
3,284,431,208,17,428,366,343
381,9,246,94,264,8,265,298
313,360,236,228,222,343,43,204
42,343,279,427,244,358,17,305
298,266,398,405,167,226,316,9
272,348,161,428,126,224,358,287
141,17,404,411,151,292,313,105
229,343,404,377,246,274,213,94
134,94,8,43,115,181,264,437
244,57,282,308,309,279,160,43
228,108,213,345,9,383,60,86
202,162,228,319,315,1,151,120
253,309,280,172,405,305,113,364
237,321,400,120,282,332,364,39
252,398,224,100,238,386,213,343
411,319,88,346,213,360,116,228
358,343,188,365,335,287,275,111
8,1,43,111,309,391,406,323
309,144,227,8,237,94,57,76
356,213,191,72,1,108,131,155
358,227,15,53,335,162,228,196
246,237,228,9,224,94,40,162
213,94,437,4,8,11,329,395
8,202,162,319,428,94,82,358
377,213,437,288,405,203,85,106
94,398,297,115,368,196,202,319
108,162,231,398,428,113,160,226
162,89,159,2,404,229,324,111
94,346,238,246,311,243,173,224
363,213,42,229,111,86,243,226
431,9,437,367,265,404,263,224
237,167,412,111,104,335,209,388
364,280,88,108,313,272,243,8
437,246,333,17,120,40,252,298
431,237,224,268,368,113,228,11
291,94,407,109,8,57,228,100
83,224,360,272,161,17,8,94
371,372,332,238,1,111,144,222
368,203,404,434,8,238,161,120
240,236,395,167,335,162,343,275
107,332,161,228,224,282,43,308
272,283,431,9,319,111,3,228
227,236,108,57,66,373,323,297
368,335,272,228,278,391,377,62
404,16,266,323,343,94,8,347
43,94,133,17,313,109,113,229
308,213,437,229,43,264,164,332
266,224,1,228,343,368,377,94
228,204,343,139,161,143,370,73
428,264,431,151,244,437,237,196
8,26,377,270,104,343,309,66
298,377,264,86,111,398,213,229
316,343,151,8,377,74,102,243
228,308,436,56,237,264,19,257
316,264,161,169,8,343,1,386
297,272,422,28,162,264,151,108
56,39,120,229,108,107,246,316
319,241,107,385,246,396,108,407
177,377,332,360,167,335,108,341
94,71,226,62,17,9,351,368
309,335,343,39,346,364,407,390
316,343,12,120,228,236,109,226
360,94,162,120,168,204,264,238
283,264,226,332,217,40,407,152
228,227,244,368,107,78,238,407
204,107,266,134,111,147,416,264
37,360,213,398,377,118,120,83
39,243,368,297,257,238,56,237
398,290,332,196,213,228,8,139
294,309,226,169,364,46,406,228
151,13,368,3,40,404,94,213
368,202,176,238,407,228,9,298
377,309,94,307,408,115,218,199
237,366,86,224,292,332,288,264
282,335,226,405,66,211,346,364
262,364,343,309,404,272,398,11
94,437,407,354,89,264,104,28
335,229,219,264,169,398,42,43
9,226,282,219,111,377,186,162
226,162,8,343,266,236,377,360
94,437,429,264,346,17,169,246
265,43,332,147,226,181,107,62
94,40,162,313,46,237,56,361
204,233,133,17,309,219,56,62
246,264,316,313,436,400,16,94
335,86,196,386,57,237,309,139
377,236,8,276,398,346,94,404
66,94,163,43,368,266,272,228
108,94,40,162,246,1,111,86
61,405,94,8,431,294,162,44
302,66,377,237,246,272,428,40
226,72,236,282,220,17,204,398
39,264,184,204,17,237,236,423
176,284,17,204,226,323,121,147
40,260,265,228,251,8,264,297
243,33,17,422,377,362,54,237
398,203,346,347,111,236,323,377
362,111,439,112,368,153,270,343
108,324,212,407,354,348,231,9
17,226,108,101,272,324,94,8
394,282,405,94,66,117,272,246
64,343,94,8,308,228,346,236
343,284,236,62,52,335,341,377
358,5,141,415,237,8,338,343
364,108,228,8,398,66,2,406
198,12,377,272,266,196,113,346
437,128,196,147,120,104,0,313
1,167,335,144,109,364,346,3
346,144,8,282,11,213,94,2
237,26,339,368,228,86,316,120
108,404,169,368,8,111,1,343
243,7,8,43,316,313,238,237
265,52,261,224,437,202,69,86
8,420,213,52,264,368,43,236
416,217,94,169,346,340,343,8
229,247,204,94,66,316,109,297
8,316,204,282,255,96,335,107
95,405,404,57,272,45,94,308
108,335,196,368,161,39,229,213
11,282,162,236,232,21,88,272
305,172,364,413,113,16,437,264
226,407,343,94,283,404,162,169
23,204,228,335,226,405,8,202
8,358,162,243,366,237,31,94
266,244,196,335,9,437,161,84
264,283,192,227,11,201,342,363
264,266,282,430,236,1,104,176
206,358,31,368,416,94,250,398
335,238,346,94,252,404,182,397
246,4,94,264,43,343,360,204
130,289,285,202,437,108,271,266
94,169,229,250,144,228,43,404
333,159,213,106,94,272,368,162
225,17,162,159,8,147,386,305
218,12,428,9,196,184,227,58
166,8,151,118,2,351,246,86
417,364,161,94,388,11,368,201
335,407,368,94,283,133,273,437
246,404,213,48,66,28,250,282
393,57,339,308,110,62,229,169
229,127,169,424,151,219,222,57
3,111,56,162,223,244,219,264
17,224,343,284,332,55,228,364
229,57,404,162,285,228,8,111
264,167,42,229,227,202,94,113
433,228,120,346,364,219,298,391
428,368,93,45,264,265,398,305
428,196,375,1,282,368,3,243
358,16,281,237,352,276,8,108
358,437,202,104,162,360,431,418
323,242,368,364,34,430,8,229
252,24,236,348,229,199,8,66
280,107,264,346,413,341,3,366
406,335,404,57,372,65,284,437
213,162,137,351,244,229,343,83
24,348,204,319,238,343,282,212
287,316,265,368,385,3,264,398
364,409,404,246,49,238,94,84
398,95,282,204,428,264,272,229
422,383,144,95,284,377,8,155
309,228,343,258,279,404,56,238
217,343,9,433,86,368,285,89
228,111,162,398,1,66,93,230
27,323,229,202,31,111,264,120
213,289,368,237,284,282,343,137
246,1,244,3,133,162,226,277
419,358,25,308,9,282,335,264
284,4,264,332,202,283,43,66
120,431,229,196,86,323,343,39
332,77,227,190,297,196,144,364
107,437,385,202,368,17,238,1
162,229,168,316,349,346,228,377
228,416,398,368,108,346,162,437
39,162,40,94,236,8,316,354
84,94,264,131,143,308,210,265
23,265,335,437,169,66,62,84
398,278,404,162,171,437,405,308
4,8,120,264,229,113,107,272
17,213,236,298,332,411,246,253
151,262,332,8,224,139,113,236
406,229,1,8,266,169,226,202
266,161,226,368,213,99,236,215
437,299,162,0,196,346,151,1
431,1,66,29,36,202,398,11
107,162,407,7,182,9,316,15
168,66,407,1,196,428,162,291
229,319,39,346,23,272,411,277
377,438,282,171,162,254,341,264
207,9,361,244,229,62,358,343
417,213,108,131,113,272,343,224
166,305,246,236,94,353,365,343
358,346,210,264,266,224,415,246
57,237,61,343,345,369,219,227
297,229,238,237,94,113,1,77
398,196,108,343,364,368,8,238
398,94,405,8,9,299,308,11
157,282,162,228,127,368,398,343
224,236,8,228,17,229,167,267
237,265,243,308,351,34,429,317
351,94,228,256,8,161,181,437
265,425,272,349,229,224,368,309
202,132,8,208,169,107,28,39
94,360,238,162,264,313,277,199
40,128,112,151,147,139,9,108
377,169,151,264,343,213,243,86
417,11,316,323,100,86,104,184
437,71,282,224,195,199,361,246
237,227,265,111,169,162,416,156
284,166,40,335,304,237,364,94
213,162,346,282,308,343,283,94
335,111,107,364,17,162,8,109
244,133,144,94,197,237,345,241
62,229,115,108,271,208,297,264
56,411,219,109,266,94,17,83
284,238,246,34,147,134,8,264
343,226,404,17,169,120,192,107
62,308,224,244,226,228,118,94
11,43,229,162,120,169,335,332
225,272,368,226,8,111,264,288
430,343,370,196,144,272,2,147
227,17,86,162,104,343,224,404
313,62,162,308,144,8,151,264
24,202,229,266,243,204,120,9
120,416,237,229,214,360,296,111
398,212,246,236,266,151,111,227
368,264,196,377,266,45,8,52
84,1,236,437,319,377,313,213
161,3,229,11,217,343,243,21
162,266,335,264,275,11,138,224
151,86,94,264,308,194,246,111
295,346,240,109,407,343,107,236
226,346,436,81,135,420,229,437
237,343,364,229,9,108,57,204
305,21,162,39,286,229,171,236
11,400,147,141,361,202,8,236
307,385,229,439,3,66,62,313
283,343,229,386,213,162,375,266
281,237,8,68,141,404,213,246
370,346,56,227,437,111,169,284
162,335,159,428,398,297,275,377
313,88,398,120,109,196,213,104
118,109,343,40,309,237,305,228
246,94,383,84,298,237,265,17
204,111,368,437,267,264,377,155
168,94,387,202,162,107,167,57
42,196,363,323,219,144,437,238
343,345,94,264,352,72,377,368
62,228,398,139,204,343,94,431
266,104,43,94,9,264,377,57
183,16,272,3,120,237,213,342
284,364,43,244,289,348,365,47
223,151,264,182,392,66,214,284
264,345,87,183,226,348,316,153
323,20,163,343,39,213,202,398
111,236,94,237,132,323,264,72
56,359,139,66,160,169,222,184
224,192,277,43,256,287,364,167
228,147,10,308,264,403,364,86
244,264,267,223,398,94,323,437
313,94,335,162,377,65,404,8
233,346,81,94,272,9,237,405
202,57,282,213,264,244,43,437
111,306,325,120,213,143,388,43
415,109,400,428,407,236,404,58
298,104,168,162,57,376,398,343
264,233,305,238,108,302,228,219
219,162,246,316,343,236,167,86
238,265,431,68,333,62,314,137
237,337,264,431,219,343,43,313
151,437,39,362,94,435,40,162
39,113,323,381,133,339,437,8
364,9,57,8,167,62,270,211
335,398,41,94,320,377,343,298
167,360,147,297,237,316,94,420
94,319,235,162,272,168,103,309
360,237,377,104,313,11,264,343
343,264,282,437,323,120,387,107
108,228,335,238,10,298,346,282
139,432,282,89,161,162,343,298
43,272,252,120,224,39,111,253
174,264,8,266,57,138,11,343
264,368,9,66,224,377,68,133
43,17,86,75,343,162,246,42
232,394,316,437,111,56,309,8
88,57,229,335,284,154,147,11
300,387,109,246,244,142,347,147
62,322,8,229,309,107,339,40
8,219,94,4,243,57,228,272
298,66,202,16,213,43,264,17
34,346,362,107,437,162,113,228
108,162,368,127,299,227,224,31
94,238,405,23,368,8,346,143
162,229,246,228,21,222,319,31
11,368,264,346,323,39,316,108
368,377,79,9,108,202,308,111
147,131,167,208,176,335,127,169
135,245,246,16,109,196,238,165
318,312,167,319,94,439,321,237
436,309,264,6,229,236,243,113
332,120,284,238,264,365,360,391
229,246,228,248,204,309,197,333
3,405,192,139,340,102,237,116
162,226,65,1,246,66,360,17
308,234,392,368,187,1,247,219
151,108,229,62,46,347,385,213
174,309,388,162,134,332,272,196
319,224,264,318,157,8,404,436
196,228,120,255,1,375,111,272
139,246,58,8,43,252,86,193
157,57,346,228,416,167,257,305
437,237,335,39,109,133,14,111
435,297,344,368,169,323,94,360
148,76,334,16,11,237,305,437
8,196,372,162,243,237,235,266
335,437,196,264,216,93,298,323
316,368,94,43,8,44,343,432
236,151,164,218,209,398,168,224
266,139,343,228,265,335,264,323
264,335,316,297,398,213,377,133
228,202,335,437,162,213,9,247
264,135,121,295,236,282,162,228
54,40,405,309,228,50,325,120
94,81,263,319,399,228,229,5
437,404,272,219,238,56,147,1
107,364,236,346,335,237,33,437
316,308,305,272,332,104,349,264
108,300,161,383,319,412,43,437
66,310,343,94,162,8,252,144
428,162,358,264,9,309,229,343
244,437,1,58,377,133,368,319
349,62,94,125,167,238,313,237
162,313,90,377,39,423,405,282
266,398,162,64,212,94,151,155
229,407,108,316,404,9,343,237
179,343,236,111,282,151,156,362
272,17,299,45,43,435,346,340
104,29,3,66,13,209,8,372
282,398,143,94,41,405,117,162
329,162,88,109,23,404,437,66
272,396,62,436,246,335,213,313
25,237,264,168,404,323,204,173
152,296,162,343,9,204,437,398
308,57,282,229,368,266,144,2
272,377,289,428,3,316,234,207
57,1,167,360,56,94,437,332
9,202,358,237,319,398,228,227
437,161,272,282,8,120,407,343
305,210,8,237,1,113,7,228
237,94,398,377,11,111,108,162
226,343,94,109,156,8,162,1
16,228,88,94,332,428,358,319
86,107,246,20,111,225,28,23
8,282,359,167,283,343,229,163
318,308,94,213,10,229,144,343
194,241,213,17,113,437,228,12
16,94,86,8,113,433,1,368
246,71,228,2,229,9,166,265
47,8,346,219,202,86,72,196
108,237,283,228,40,346,139,66
17,398,229,416,108,48,219,313
17,15,66,305,162,364,368,195
253,431,405,261,204,428,343,297
346,308,204,236,47,8,267,109
169,348,105,111,308,237,305,1
25,346,111,343,245,229,151,86
162,226,169,437,17,405,309,89
360,425,379,380,418,404,437,356
108,109,358,384,161,249,295,282
228,213,343,323,264,217,11,43
94,292,8,117,313,209,120,391
264,96,58,229,162,228,437,428
151,272,316,364,120,95,237,238
139,360,171,63,398,313,108,358
437,237,1,202,120,169,155,57
87,133,346,404,191,246,94,228
57,73,86,298,236,264,343,377
337,94,113,437,332,346,8,431
295,6,80,343,229,364,305,319
109,228,43,230,374,8,86,151
346,56,318,377,202,66,358,8
405,86,76,94,8,335,136,309
288,109,82,50,107,228,264,298
94,379,219,130,346,8,111,264
298,246,335,377,313,389,120,9
219,298,113,98,43,111,398,57
151,3,264,226,109,377,62,9
343,364,142,94,237,368,273,104
335,272,250,58,233,264,405,120
437,308,111,249,94,202,237,222
335,264,204,237,242,56,213,3
437,8,308,316,204,238,128,35
219,282,244,224,343,437,40,272
147,8,288,161,343,426,83,394
56,111,332,316,377,437,284,343
404,398,110,305,213,109,39,88
3,395,243,272,437,167,266,332
17,266,320,319,229,167,94,437
229,131,202,270,4,266,162,360
360,228,316,433,94,309,169,282
377,346,167,94,224,265,436,17
439,398,161,243,316,94,207,104
56,282,360,334,284,8,346,55
284,393,224,8,203,139,335,39
236,414,57,151,238,196,368,256
294,213,108,405,338,432,11,347
196,94,93,335,264,397,200,358
364,167,16,86,349,23,228,213
404,8,177,335,243,298,102,135
355,343,237,120,8,272,94,294
428,133,84,409,343,377,94,11
264,332,113,9,237,278,405,163
350,147,399,224,236,284,120,162
332,204,225,17,84,228,396,8
404,147,238,151,244,66,1,265
343,200,214,264,395,145,428,8
88,228,118,19,259,115,398,346
3,266,267,437,219,343,109,228
426,109,343,1,162,224,291,229
266,323,21,1,337,38,369,204
10,405,398,346,343,248,9,229
407,166,94,226,208,284,57,234
17,8,412,162,150,343,43,360
266,113,230,219,16,404,94,264
94,436,438,202,364,108,343,151
43,346,316,196,213,62,437,265
111,437,150,364,8,149,94,224
246,62,302,176,398,24,151,434
133,1,109,202,162,167,39,332
67,264,8,237,274,246,151,398
259,87,120,228,411,147,62,108
8,66,264,343,1,436,404,202
227,346,120,246,86,94,74,358
120,419,196,297,434,35,377,368
353,169,346,431,188,323,182,138
361,297,266,32,218,340,343,9
227,431,389,8,368,71,9,244
196,151,404,289,323,226,107,213
9,213,155,17,63,272,8,428
124,437,226,202,380,343,17,404
169,43,244,224,343,264,16,309
17,437,319,196,219,16,12,162
224,162,368,109,244,104,227,66
346,151,8,224,368,94,404,238
43,102,213,4,428,411,364,86
243,213,343,8,419,162,1,108
93,236,238,35,19,43,213,169
66,213,236,244,147,43,309,335
94,211,335,68,8,404,437,162
360,153,94,8,324,3,162,237
97,109,133,120,8,161,439,118
84,57,386,237,226,224,169,113
343,94,395,238,204,169,398,196
319,283,147,229,343,30,318,120
197,93,323,133,431,8,224,309
162,437,43,236,196,204,21,133
1,213,238,324,394,113,265,8
94,267,415,8,224,389,343,43
236,8,237,227,377,74,272,17
261,283,437,213,144,169,238,57
437,159,228,8,94,383,107,355
303,364,333,161,368,282,88,8
237,354,226,308,147,346,393,368
163,343,264,111,9,360,8,202
1,244,180,17,196,272,204,377
319,313,17,372,54,381,343,144
316,237,246,204,139,202,155,272
1,167,111,437,66,228,342,87
226,111,343,351,377,313,431,94
335,268,123,309,228,364,284,104
225,264,1,139,282,8,407,238
283,364,343,145,237,162,19,161
9,162,147,224,227,229,264,283
128,219,377,346,202,221,8,294
226,265,94,404,227,9,139,229
39,202,346,377,161,107,223,358
272,32,335,322,265,229,228,358
111,8,343,209,202,9,272,298
276,226,80,71,39,384,405,377
229,237,405,202,70,61,227,428
246,264,108,94,3,407,113,40
147,111,316,398,322,377,11,238
325,292,169,346,94,224,283,341
343,38,162,237,138,264,398,57
377,41,229,283,204,57,238,2
17,368,244,227,56,94,309,105
265,435,316,94,1,109,385,162
213,404,368,283,437,224,204,39
265,162,173,17,377,313,264,94
260,398,224,268,284,319,266,229
16,398,282,204,245,437,391,161
335,243,151,119,50,237,8,227
1,9,149,264,8,113,133,120
411,266,108,212,236,343,132,213
309,3,252,236,120,228,33,308
264,151,219,94,437,229,265,246
309,156,303,66,343,224,43,4
413,431,8,297,305,312,335,56
364,350,1,162,179,354,405,346
236,224,228,396,237,437,94,54
243,94,161,264,431,120,236,111
109,346,54,264,243,88,244,237
56,39,111,244,266,215,84,94
298,224,141,229,43,162,316,94
362,94,308,17,237,88,387,176
84,104,431,335,308,286,407,168
219,376,428,16,244,40,120,19
309,343,316,46,50,405,9,368
111,398,228,370,346,333,144,323
335,108,94,431,238,45,309,8
9,437,43,358,323,133,365,213
246,108,70,58,120,431,234,224
302,113,196,339,346,62,104,8
57,228,436,364,422,305,151,226
229,32,238,169,167,237,196,358
133,69,334,66,229,298,151,346
376,147,316,243,228,25,264,422
111,94,407,436,404,119,280,39
398,62,120,94,8,428,229,1
343,85,108,428,59,228,17,309
264,437,343,109,213,27,224,56
343,264,283,111,227,377,360,265
130,109,319,263,246,266,407,99
257,244,162,94,236,17,266,410
8,343,221,238,237,335,236,162
289,246,202,428,343,17,151,83
264,436,94,104,243,33,39,257
56,316,193,86,213,46,139,246
3,107,202,343,204,372,237,39
437,104,246,332,337,176,265,11
358,361,343,43,119,309,210,398
305,68,86,377,157,162,213,360
224,94,407,297,9,162,377,226
316,327,364,8,201,429,1,101
236,219,319,424,45,309,256,360
94,8,213,313,332,269,428,250
437,56,162,9,17,94,343,237
264,226,94,43,57,308,368,437
45,80,52,86,120,391,94,282
8,94,120,127,309,86,246,359
410,364,377,167,368,244,272,252
90,335,266,95,343,113,319,89
62,308,238,335,343,107,243,264
62,52,238,437,12,264,246,343
56,368,405,62,86,162,173,246
396,8,173,238,162,427,204,248
167,346,386,162,246,94,266,87
376,343,218,405,266,309,335,237
267,76,151,256,224,226,229,126
111,246,282,337,238,385,325,75
238,152,13,16,364,243,204,332
323,151,139,343,224,339,107,185
229,11,8,17,162,309,272,343
377,208,39,316,204,278,266,346
437,436,254,364,435,284,161,358
405,204,358,162,139,8,141,229
308,407,398,332,228,147,92,319
308,162,8,368,226,243,19,265
204,266,162,332,94,104,185,1
237,49,94,368,319,109,166,284
313,52,9,161,368,57,316,151
244,9,418,264,73,273,3,161
54,246,296,392,360,1,8,66
62,9,272,368,316,303,433,16
104,16,151,107,302,169,368,289
437,224,8,284,133,161,272,39
196,94,276,368,92,17,111,243
8,9,257,76,202,433,104,405
404,118,229,246,40,227,437,210
377,218,362,168,358,162,66,17
431,238,437,8,224,113,298,56
411,185,107,228,139,264,236,358
94,364,374,401,64,120,8,428
213,377,346,335,243,256,16,224
237,343,346,8,16,204,405,398
335,416,377,147,427,313,8,94
159,236,314,213,278,66,332,368
94,264,113,43,151,324,407,213
244,43,404,75,250,111,304,266
39,224,57,280,66,308,144,346
283,213,264,428,151,400,81,244
213,236,40,313,226,332,62,376
169,431,404,55,437,120,343,305
246,424,346,309,243,63,222,178
243,285,340,89,405,218,94,266
282,9,120,213,147,94,298,264
228,8,151,104,298,244,204,283
7,17,221,120,431,152,437,40
151,308,9,196,282,52,237,240
237,228,399,227,107,219,360,308
238,43,282,94,349,231,162,109
162,225,431,413,284,229,62,104
215,120,432,368,375,305,346,277
437,360,8,298,364,202,209,58
298,335,364,264,380,309,114,66
238,250,196,9,139,272,62,120
346,62,284,162,151,219,16,320
207,319,308,404,431,139,226,204
49,39,62,8,151,346,213,264
204,147,256,264,362,229,316,343
335,57,360,162,332,204,263,309
264,272,198,219,407,1,236,8
224,382,433,265,398,43,11,8
62,213,120,246,272,10,166,368
314,42,248,236,335,8,229,437
264,244,424,297,43,75,109,94
11,8,7,226,335,213,109,116
404,107,332,66,377,86,121,94
162,147,94,308,19,9,428,238
332,62,243,202,109,437,120,284
229,238,228,113,168,276,246,346
243,282,62,139,104,40,264,229
213,75,308,246,56,313,396,94
236,19,282,197,16,391,228,246
8,129,266,94,127,12,43,168
228,94,120,108,33,17,361,323
196,296,3,398,133,111,272,228
213,1,241,265,113,111,437,309
298,348,368,8,16,107,228,282
379,366,224,264,312,428,292,229
226,246,308,395,272,169,202,244
138,364,162,107,78,8,264,66
229,358,265,108,162,66,3,1
162,428,247,238,229,394,133,242
85,385,298,94,200,43,228,316
168,358,305,8,19,237,426,343
321,370,437,389,56,392,224,167
8,167,204,16,83,405,319,151
327,264,404,94,346,162,204,265
1,264,308,343,196,229,9,94
43,193,229,55,94,12,214,266
167,366,246,227,244,129,138,59
297,229,111,360,316,8,332,107
202,284,64,246,210,428,66,319
120,109,429,298,187,368,439,8
264,8,309,224,368,115,228,66
282,94,9,188,86,161,358,51
94,343,264,217,111,224,229,147
230,309,196,264,297,213,113,339
238,49,308,76,335,234,272,270
207,266,34,62,343,213,162,308
39,282,229,226,243,341,104,98
109,421,167,266,120,404,325,94
147,65,144,346,94,43,405,211
343,238,431,139,84,264,377,204
343,56,256,11,162,9,86,398
109,363,280,368,431,202,8,228
73,265,246,56,62,222,364,335
111,17,308,343,94,332,95,219
94,120,111,199,227,405,224,272
94,437,313,8,17,43,264,108
124,70,404,227,283,168,17,232
94,73,249,208,12,111,228,350
297,103,213,343,416,11,52,83
227,316,407,202,70,8,213,368
360,100,434,273,8,51,10,228
12,11,237,1,264,213,410,296
5,282,39,266,360,398,324,107
9,94,297,324,398,346,17,57
228,196,343,213,111,14,227,178
213,358,8,104,256,377,234,398
37,202,224,266,298,109,17,108
57,335,218,66,144,169,244,58
437,229,367,244,4,272,17,238
237,162,94,186,44,43,8,353
117,364,227,246,313,344,213,147
252,40,398,141,237,381,236,120
8,368,422,202,85,196,265,437
283,9,17,398,243,346,302,238
86,376,398,236,364,224,8,226
272,196,304,94,51,108,265,237
8,94,14,243,162,328,52,324
107,346,428,34,238,201,308,343
27,227,62,281,323,202,151,405
120,431,243,227,309,343,392,213
437,9,335,256,432,343,109,438
62,226,428,229,213,398,316,404
34,11,161,264,335,227,160,148
94,228,338,162,39,152,281,426
94,437,16,120,284,335,205,271
9,437,275,343,360,335,236,227
109,94,264,162,144,8,219,287
319,298,265,316,8,39,106,284
286,66,343,274,40,398,119,240
161,86,19,94,283,133,364,213
227,84,213,195,368,9,398,161
341,287,94,237,194,66,8,368
343,8,431,370,213,316,162,43
113,410,364,323,282,200,343,272
9,346,16,343,17,108,284,246
264,236,62,196,263,265,249,204
69,8,29,419,228,327,162,284
144,8,437,169,94,35,356,43
343,162,309,43,244,219,237,238
398,202,335,203,94,229,142,437
228,58,229,57,94,398,75,375
264,20,9,228,428,167,155,346
196,309,66,264,284,335,8,162
120,343,272,339,361,282,109,264
31,428,266,210,314,377,437,237
196,266,313,104,398,57,404,295
236,246,202,8,343,228,213,94
107,347,144,162,57,264,343,368
272,229,107,8,3,111,151,308
11,108,328,38,309,437,308,1
222,426,224,229,297,246,264,202
94,243,228,66,364,266,157,323
228,363,246,120,266,364,8,236
8,202,323,137,238,9,31,229
108,7,8,407,21,145,168,438
213,111,272,40,319,94,56,162
191,224,346,265,151,52,332,264
127,94,404,86,101,346,77,1
390,147,12,377,8,94,228,104
264,244,196,294,316,40,238,332
39,248,360,11,243,257,6,437
332,282,47,323,265,391,115,398
