2,404,364,8,246,16,108,113,136
236,343,229,107,432,39,347,118,377
8,168,164,355,1,111,94,283,17
283,294,107,289,94,169,437,162,180
120,272,136,237,264,297,103,385,9
168,238,263,28,304,332,428,282,169
309,316,204,368,218,343,99,94,369
55,283,272,282,266,363,364,94,425
124,139,358,405,312,58,309,411,343
9,405,94,68,348,57,84,40,305
245,287,94,226,312,213,89,57,282
8,309,120,252,68,368,219,257,187
368,156,8,283,229,282,162,238,237
266,437,113,352,86,94,391,151,82
108,113,204,40,229,264,28,3,224
1,398,364,162,120,282,368,204,43
405,335,137,404,227,149,259,238,346
61,17,343,94,125,312,237,264,282
316,243,9,60,437,94,227,405,433
284,233,204,298,265,272,194,228,368
398,102,213,264,120,1,377,266,424
407,133,56,431,364,266,404,11,368
66,437,8,343,17,163,282,201,181
319,346,282,305,324,66,307,404,17
43,335,405,107,9,163,328,319,1
237,316,43,26,437,404,8,343,94
39,17,14,202,377,428,162,354,228
133,162,17,57,297,431,151,9,111
94,237,366,246,364,332,339,228,57
282,213,108,86,385,437,265,229,43
343,364,248,437,213,40,196,431,107
9,346,437,167,94,254,265,194,360
163,368,322,304,364,343,377,345,227
244,127,298,224,335,264,219,16,255
107,243,43,8,94,66,335,196,162
30,244,144,7,217,297,162,264,133
282,297,6,237,298,224,151,264,364
94,358,431,62,404,343,361,111,66
343,421,332,196,62,151,202,239,298
3,368,346,38,8,89,264,370,9
264,108,226,140,94,374,423,398,181
163,423,203,335,309,111,204,109,362
162,264,9,139,343,424,407,207,406
213,196,147,224,226,316,145,88,66
370,229,228,155,264,16,437,151,161
246,86,308,237,196,379,29,313,329
335,264,352,319,343,226,364,64,62
0,319,272,94,138,343,200,358,11
26,89,144,168,43,71,437,372,282
87,94,244,335,398,316,226,358,9
9,227,191,109,244,405,428,11,111
284,1,368,335,304,229,404,113,428
8,416,229,282,42,323,273,335,264
101,161,435,360,236,313,66,401,264
330,135,111,160,264,242,368,169,297
111,133,332,294,1,343,398,94,120
327,316,297,108,97,298,437,103,227
368,66,43,282,8,332,229,151,9
94,33,61,437,335,282,264,108,377
169,431,48,266,333,255,229,107,244
162,237,228,272,56,173,319,229,62
309,322,94,335,62,1,246,320,0
335,297,180,162,272,428,151,238,343
219,416,272,94,58,265,284,168,364
11,8,176,103,335,402,298,94,215
346,282,169,319,144,246,57,228,162
407,336,12,167,113,368,1,348,377
346,43,437,196,335,265,11,111,94
147,243,3,8,132,437,56,308,335
238,236,118,57,196,209,66,366,437
229,228,167,147,213,238,298,437,264
176,360,3,57,298,109,215,426,311
419,108,9,8,332,398,265,111,198
395,335,126,72,437,404,17,343,138
139,162,368,227,202,337,228,8,107
204,66,213,94,192,8,358,437,48
133,227,358,437,343,120,228,167,152
322,227,88,427,264,437,26,319,187
94,161,264,343,204,8,272,227,198
309,8,304,167,183,437,242,264,282
17,295,332,237,8,176,108,43,368
83,407,343,292,406,206,256,120,16
224,272,282,364,237,264,305,94,377
94,196,319,162,237,42,8,246,309
9,335,116,227,147,108,296,161,111
379,265,116,161,9,428,323,62,113
212,343,126,376,111,8,3,320,167
229,104,368,226,196,1,82,8,43
11,219,282,308,108,94,151,266,431
191,108,15,229,437,168,319,228,316
264,1,335,199,398,338,204,266,368
360,424,437,368,204,264,398,1,404
169,94,243,368,155,244,224,343,424
73,213,368,272,246,8,256,104,407
84,216,246,244,177,9,213,320,229
343,8,9,323,63,39,94,284,364
437,229,398,255,404,3,405,225,343
238,4,236,17,8,266,161,94,437
201,358,343,8,413,94,196,108,115
8,346,9,151,165,228,94,264,85
343,226,305,284,243,369,186,9,266
346,31,282,264,319,162,398,109,8
368,206,8,176,40,196,212,173,172
94,138,346,35,244,1,84,43,284
398,162,291,237,437,151,343,264,224
169,213,343,236,147,62,323,16,360
8,14,298,305,388,224,108,39,395
151,323,236,335,169,49,262,1,94
264,244,40,298,402,66,9,58,319
385,3,377,228,332,113,94,346,360
196,16,377,162,236,52,229,238,8
308,229,0,368,153,16,246,213,57
360,428,381,111,132,8,437,184,162
94,407,11,93,335,66,147,104,133
348,378,341,139,147,162,195,48,298
213,94,162,111,353,120,437,43,86
62,22,19,264,128,364,189,216,139
8,94,246,144,298,109,346,284,138
229,313,56,83,161,39,202,216,316
428,265,214,264,8,377,346,323,162
228,111,109,224,229,346,120,238,316
229,16,364,282,222,246,316,404,177
215,276,244,377,213,398,166,161,413
162,42,109,11,335,225,144,196,161
304,249,196,405,161,226,103,346,104
163,120,266,228,335,332,364,109,343
364,225,138,343,227,298,43,237,380
8,162,423,340,332,377,213,1,43
309,316,111,364,204,319,209,433,40
94,431,411,104,9,28,228,372,133
358,265,8,16,264,343,308,360,244
246,19,407,8,238,299,282,62,177
104,246,39,8,398,224,40,305,310
62,335,420,8,236,94,319,111,84
264,377,120,346,435,391,52,219,19
238,219,282,246,94,107,49,387,305
284,12,133,360,8,364,236,57,316
105,224,308,246,202,343,229,196,284
213,224,264,237,282,398,94,120,238
94,167,28,227,42,16,332,437,368
364,40,111,368,104,407,213,9,288
8,219,250,16,264,104,151,405,398
334,11,120,428,437,2,389,229,236
213,161,66,398,237,241,109,246,284
162,161,169,283,272,57,244,264,238
424,284,313,377,213,231,5,8,343
236,246,109,104,405,437,291,94,358
162,264,8,202,17,9,229,236,120
272,224,431,66,9,238,364,111,199
413,147,11,238,181,368,346,139,266
17,143,94,332,110,228,309,120,398
73,161,246,94,404,16,358,196,88
246,142,284,335,162,282,377,44,213
161,224,283,43,335,162,108,437,228
428,16,9,224,227,133,109,220,94
104,147,109,343,16,282,398,437,266
237,369,39,94,244,313,108,428,66
237,204,217,133,55,254,228,437,162
228,180,66,437,264,236,428,86,151
229,120,213,228,308,43,360,264,40
227,274,398,238,94,368,167,308,33
343,202,17,86,145,308,244,43,57
213,8,238,343,305,313,24,272,66
204,368,94,324,8,120,264,241,346
162,43,404,316,282,368,3,62,1
161,213,17,368,162,343,227,264,94
358,309,283,17,437,377,305,5,213
253,431,162,9,195,432,111,17,360
437,264,162,431,430,368,398,204,238
284,299,120,264,398,343,319,202,238
264,364,226,113,172,343,43,236,404
8,148,16,1,264,228,309,335,364
364,34,352,272,304,109,8,439,332
279,272,98,57,304,171,343,293,358
368,335,196,237,111,284,343,187,334
219,431,133,343,358,162,94,202,118
260,343,229,109,47,51,377,151,252
43,228,282,109,272,237,343,384,94
94,332,108,437,139,284,343,366,224
228,394,238,404,192,120,1,422,343
213,3,264,86,346,379,360,402,167
169,280,313,110,133,66,8,162,42
31,149,120,111,265,264,344,335,316
66,316,335,8,9,224,245,1,151
151,104,398,39,8,360,227,17,237
196,162,93,112,236,205,120,266,360
151,346,47,308,335,398,264,277,272
35,237,185,437,109,133,379,319,62
17,309,348,284,428,264,358,40,94
266,104,218,107,62,213,9,192,237
264,246,46,360,224,343,431,300,368
57,228,198,348,428,39,313,196,246
316,264,11,343,8,297,437,228,92
196,147,8,297,198,348,343,185,69
332,17,144,169,167,120,265,204,8
399,224,319,236,228,104,266,139,437
86,224,266,431,1,388,237,407,238
436,17,169,126,162,264,111,1,94
266,283,162,319,243,237,9,43,404
8,213,264,38,40,366,196,243,147
1,111,162,364,228,66,358,226,337
16,94,428,142,288,56,8,83,162
71,17,107,108,368,237,264,62,358
9,180,351,224,244,22,377,319,352
323,11,236,193,19,225,56,343,17
8,313,224,226,162,151,437,236,291
108,323,346,343,360,17,265,142,8
244,346,162,313,279,272,196,226,167
237,66,313,229,368,137,335,139,308
94,167,229,162,8,335,377,368,237
8,57,213,94,84,284,32,246,66
169,365,264,428,437,43,94,236,162
108,29,116,43,343,111,219,82,237
437,229,16,246,108,8,428,436,266
398,161,313,346,17,151,226,384,157
8,224,266,204,23,423,236,305,264
272,113,152,368,57,343,56,1,236
137,244,94,323,109,346,132,111,364
237,162,219,52,393,404,94,428,11
156,264,104,133,14,94,360,431,438
322,94,218,264,216,8,107,16,346
17,196,343,416,39,437,12,313,43
39,247,33,377,386,89,228,305,40
151,8,196,62,111,244,17,398,109
109,35,282,284,17,354,224,244,276
372,237,404,17,323,168,162,337,305
272,202,61,437,265,1,282,398,16
354,111,57,104,144,294,43,108,265
237,343,209,368,335,264,17,86,8
323,94,297,200,202,34,1,209,246
343,437,430,405,226,404,373,323,272
57,12,39,358,398,94,11,334,246
40,368,58,94,343,266,141,176,1
39,115,167,66,368,335,338,108,264
8,222,213,172,343,94,229,68,1
229,94,346,298,273,228,141,222,56
43,11,162,381,371,108,109,120,379
17,238,71,305,120,229,323,113,8
425,236,429,383,267,264,17,368,353
229,321,428,364,264,8,213,111,282
236,343,229,94,404,360,358,209,305
399,343,66,316,402,151,8,162,17
139,8,374,229,282,431,222,174,111
238,437,360,213,8,358,204,210,228
358,169,368,405,272,343,237,146,227
284,213,104,335,202,406,228,40,404
40,272,246,433,139,346,431,311,229
8,365,196,276,246,120,316,86,343
243,404,74,113,343,364,229,303,310
17,405,162,113,337,94,196,289,33
56,366,188,398,140,332,422,8,343
233,266,243,309,346,9,43,343,115
226,224,405,307,192,94,151,8,43
130,39,228,108,358,161,368,8,305
369,8,402,62,94,166,360,226,227
335,230,404,108,62,224,139,398,56
108,343,204,237,316,335,266,231,109
29,151,115,262,124,197,316,9,111
94,316,437,284,368,238,405,343,228
407,40,72,323,62,224,147,108,428
8,265,66,94,428,343,266,243,264
423,17,108,171,5,405,282,87,237
246,280,308,20,17,219,368,291,264
57,226,31,256,107,264,151,26,204
431,237,426,1,94,8,147,266,364
282,437,39,202,140,94,252,16,368
8,330,120,236,2,298,107,196,255
8,10,332,368,246,364,423,343,83
78,9,76,343,8,436,94,265,308
346,17,272,229,220,168,147,428,1
405,139,264,398,246,111,17,147,372
120,39,264,173,202,243,204,377,111
9,71,343,136,62,40,405,23,264
334,283,404,142,346,73,218,431,364
237,57,8,151,227,437,264,94,219
82,364,308,43,237,264,118,94,105
236,405,226,115,343,108,204,276,111
431,323,368,8,86,17,377,297,108
228,9,94,237,437,246,427,309,343
194,8,332,224,74,282,229,202,180
343,120,236,377,319,94,316,169,77
227,250,111,306,213,313,162,70,151
151,204,335,343,202,407,364,131,94
264,422,229,309,56,405,226,343,360
171,309,391,237,404,214,8,11,407
9,368,62,246,162,237,8,202,282
305,246,229,16,343,319,202,398,228
238,162,226,38,422,309,70,236,224
335,133,226,43,94,323,324,107,213
161,40,86,229,230,5,368,323,113
62,368,237,39,56,109,17,202,364
227,229,16,91,319,43,364,368,204
226,282,290,145,213,8,111,405,229
62,415,124,405,229,412,366,236,360
437,305,207,169,107,23,120,228,94
169,107,40,162,3,226,151,398,408
168,264,226,120,204,9,252,94,58
1,109,111,40,228,8,169,335,94
368,120,300,227,204,17,437,226,229
84,346,218,63,264,17,308,225,224
335,66,362,404,343,238,287,169,204
405,167,360,309,361,238,264,94,368
399,335,1,238,226,184,431,89,39
398,172,432,437,229,7,272,1,399
120,265,16,104,227,151,196,188,313
162,364,437,213,9,405,227,151,224
213,133,16,43,341,11,76,404,226
61,264,246,39,243,377,266,273,120
157,335,58,236,348,398,320,368,161
246,398,113,8,431,358,255,265,94
437,246,284,22,110,99,236,9,108
238,52,37,224,343,264,398,11,111
431,8,161,346,114,204,56,22,358
398,226,151,203,343,308,168,17,8
405,44,108,266,243,9,335,227,17
431,368,240,147,264,17,11,8,111
282,253,16,144,202,237,437,94,264
203,335,221,433,298,246,228,79,264
287,40,226,256,308,375,204,402,1
234,94,181,58,17,243,264,358,398
129,282,224,346,404,104,213,439,357
438,16,405,127,238,224,265,107,108
303,62,213,346,113,228,94,169,8
343,265,302,1,226,147,237,364,228
398,364,94,343,309,243,274,248,57
167,9,108,12,80,162,343,266,368
43,169,151,63,11,195,372,208,235
204,185,224,431,229,40,309,228,264
198,343,169,28,162,8,63,45,273
9,86,437,219,324,214,298,66,236
147,207,266,86,377,368,435,162,109
313,94,314,107,224,95,106,358,11
237,221,437,407,134,368,335,431,428
421,237,319,277,332,420,343,247,84
128,120,335,73,94,358,316,162,148
67,196,229,54,305,162,109,120,8
368,108,237,97,60,219,204,360,113
214,368,144,323,343,237,431,398,327
62,368,329,162,133,319,24,360,208
246,298,1,17,118,94,266,65,398
17,358,368,283,28,162,246,36,58
343,332,157,404,151,244,264,9,120
243,360,94,212,202,265,151,334,9
128,370,246,272,398,62,1,237,25
237,313,309,129,335,9,111,347,229
133,261,237,264,266,77,113,335,343
162,43,111,364,405,343,398,297,8
284,103,238,81,167,188,264,104,266
266,210,94,11,40,435,66,169,437
335,431,162,209,213,180,113,56,229
238,39,162,237,332,229,302,236,159
316,287,346,57,236,202,386,17,309
228,353,9,368,377,320,343,403,404
297,86,319,111,62,437,219,364,169
245,24,46,219,360,294,87,8,346
8,196,57,207,227,369,149,229,404
236,17,308,67,399,133,272,66,243
202,316,169,3,144,335,62,8,196
111,42,266,267,435,39,226,238,204
236,19,398,8,94,291,103,217,335
20,246,226,229,39,94,368,298,332
103,117,313,324,94,405,162,264,297
204,168,108,206,335,264,437,298,120
305,282,133,234,352,229,341,398,323
185,323,57,299,238,77,364,94,135
227,107,335,343,57,155,120,283,265
308,196,335,120,94,161,66,267,162
343,227,282,264,437,240,298,335,196
311,232,393,308,108,204,364,343,407
66,94,120,332,213,202,431,368,343
88,1,75,405,243,250,183,269,264
214,405,169,57,209,62,319,1,377
298,308,316,120,229,264,111,2,133
181,8,405,272,159,94,343,369,398
162,283,66,144,229,167,264,282,332
8,206,281,147,364,308,241,404,133
132,346,266,437,431,161,162,149,305
66,108,236,298,54,17,346,402,437
8,1,437,364,107,37,157,282,104
427,104,431,437,228,73,300,162,17
162,213,255,433,404,346,228,224,1
229,154,360,266,8,346,162,377,56
264,1,166,108,57,407,39,246,244
237,151,265,437,104,8,346,203,229
236,17,3,196,237,104,162,228,126
147,309,111,208,243,313,360,244,124
358,287,224,295,161,411,264,246,381
121,204,238,416,319,109,94,344,322
368,377,379,229,176,8,264,66,404
196,335,398,11,51,65,309,171,8
86,147,309,380,236,219,297,243,16
162,264,108,313,40,56,229,380,107
223,309,272,403,431,337,365,167,405
437,107,168,1,377,162,431,332,25
244,196,177,308,213,229,254,358,52
2,162,133,8,160,404,94,10,282
265,346,391,196,276,151,87,316,8
109,345,266,375,404,144,332,213,376
94,155,346,266,309,246,343,298,8
428,335,21,437,172,266,48,272,282
0,364,2,437,202,405,167,264,343
228,57,144,437,343,169,354,56,272
266,24,48,316,237,259,211,227,108
335,229,370,238,162,71,437,265,130
358,179,224,257,431,305,377,9,285
392,368,380,180,162,437,272,40,11
144,147,169,162,16,8,398,195,174
246,224,108,280,346,298,358,8,17
272,52,244,338,9,345,40,180,8
264,41,104,265,8,133,213,364,346
358,213,137,377,263,343,272,233,298
94,437,196,202,133,86,99,204,265
55,8,368,155,343,316,57,52,264
17,23,257,437,169,107,94,398,9
432,297,404,17,244,10,16,196,8
101,238,358,246,162,272,226,227,244
272,399,313,107,343,364,366,283,162
204,229,284,40,115,351,310,437,43
308,78,94,282,108,244,287,213,20
147,26,224,62,264,236,272,56,84
160,237,437,11,365,343,111,336,243
428,264,196,224,316,94,17,437,400
369,72,8,305,316,358,56,204,224
120,62,94,411,155,237,258,229,169
211,236,428,404,39,110,213,343,332
264,399,246,377,11,277,109,360,437
313,8,151,188,102,346,305,332,139
343,324,437,120,162,144,8,377,368
16,62,237,272,308,346,264,111,161
246,120,108,238,366,241,183,297,219
398,431,111,237,62,44,246,162,8
282,11,8,94,25,169,309,49,74
207,213,237,238,120,405,246,224,75
162,352,229,66,437,237,343,120,6
305,377,308,246,316,94,282,272,298
94,264,113,228,308,343,38,265,193
272,162,358,77,283,94,204,113,354
107,16,396,23,272,94,343,264,392
8,66,94,245,41,335,11,343,243
282,201,398,199,194,343,144,151,224
404,113,109,162,57,45,120,236,428
432,213,422,113,169,389,282,204,144
107,431,284,224,346,236,316,237,86
167,398,368,237,60,228,19,139,394
288,30,144,8,96,265,219,20,264
94,162,66,1,266,437,8,398,57
94,62,237,362,21,163,43,332,343
213,437,131,377,8,309,109,229,404
219,62,228,437,341,282,244,8,162
161,151,65,8,334,244,148,108,11
94,344,120,227,386,104,343,39,416
257,431,398,108,151,392,236,424,393
39,428,110,11,264,214,198,364,437
237,299,150,228,368,66,8,246,26
208,244,237,370,108,228,306,343,297
168,264,107,108,113,319,224,236,95
238,132,437,9,398,343,120,284,147
309,398,346,364,108,236,138,8,247
417,344,16,162,308,337,228,86,8
407,162,17,272,94,238,388,213,428
17,368,391,343,266,358,162,229,57
343,162,323,237,398,52,40,336,360
343,162,308,437,431,25,228,332,120
22,409,227,248,162,8,5,264,246
283,1,142,84,113,109,368,343,313
196,142,346,266,259,264,107,398,56
41,266,120,219,9,237,398,368,102
332,11,343,224,370,151,56,358,219
348,202,94,284,237,437,153,89,17
437,133,39,8,404,284,73,202,264
17,151,358,108,120,161,364,261,307
147,264,168,246,238,229,111,437,282
377,228,380,1,343,8,360,21,94
94,437,264,346,343,151,404,167,236
273,403,322,428,237,33,314,423,111
78,364,343,405,264,192,144,398,297
309,227,141,213,429,343,229,228,437
431,94,264,1,437,213,151,43,17
236,226,9,228,57,101,31,162,360
94,358,62,375,214,40,246,228,133
377,152,237,236,109,375,398,120,437
40,310,226,266,264,108,1,110,308
213,108,244,228,377,39,428,141,335
146,37,17,377,193,335,213,219,167
94,196,228,246,272,69,407,86,47
162,111,66,360,431,332,364,174,237
398,227,202,8,377,254,70,212,94
84,313,224,272,437,62,161,346,43
298,273,1,358,107,285,237,229,283
284,203,174,213,224,244,228,8,276
196,272,9,364,360,229,106,417,227
264,332,316,360,21,271,88,437,283
407,327,316,364,169,362,272,120,335
309,417,133,11,223,213,377,120,364
27,152,151,66,191,385,113,366,62
368,264,69,162,133,210,86,94,9
211,3,40,94,9,332,156,132,24
377,343,94,229,8,313,149,282,111
5,115,16,377,204,283,297,368,9
143,343,361,272,436,11,204,229,133
335,137,264,360,84,57,358,8,17
377,265,94,168,437,227,62,219,284
162,246,228,56,248,213,133,14,229
66,346,437,373,377,243,353,407,8
139,282,53,8,58,297,94,230,196
167,192,108,363,272,9,144,43,370
104,202,196,4,162,79,161,321,94
364,8,310,244,226,343,62,283,111
94,368,168,237,432,228,72,343,282
62,341,323,297,160,335,283,40,227
404,282,238,319,213,111,8,343,287
70,243,437,224,162,228,323,273,168
162,335,94,312,386,147,368,86,411
162,437,404,385,343,94,395,358,104
43,276,360,264,363,335,40,241,8
163,358,108,224,133,437,229,161,87
41,264,404,246,79,213,405,43,224
346,147,343,94,204,181,219,224,335
94,203,431,346,398,335,282,394,405
187,377,9,340,100,273,335,162,120
94,377,343,169,364,229,9,313,8
343,111,238,108,86,425,103,266,9
238,329,8,104,307,214,9,11,377
161,8,421,1,57,12,398,284,229
111,39,56,72,364,226,3,162,376
264,343,34,11,219,437,229,120,43
151,147,297,405,337,1,264,368,11
120,43,352,437,236,169,264,131,358
144,404,209,370,237,308,407,224,162
56,108,120,236,147,17,229,213,224
147,54,8,94,283,282,431,343,46
229,8,343,236,266,16,355,73,194
280,155,17,14,298,11,237,229,133
43,198,168,236,246,437,10,216,308
219,236,213,17,203,206,67,243,413
229,167,111,249,228,72,298,433,261
43,387,229,265,104,238,248,346,169
229,364,407,108,98,151,167,39,224
229,62,316,343,56,273,244,104,398
43,94,437,224,229,104,49,238,346
237,228,321,226,40,16,346,244,335
39,66,213,298,17,377,342,159,246
151,398,86,238,332,165,435,110,246
162,8,94,167,343,66,253,360,196
120,343,261,162,8,26,424,150,363
94,343,204,400,394,244,62,246,104
398,364,1,161,437,162,107,8,43
204,243,113,8,316,196,151,162,111
46,266,16,8,264,238,335,48,437
8,364,346,219,243,107,234,94,228
337,144,57,377,236,346,282,111,264
284,261,246,111,9,109,343,428,231
72,94,264,398,377,228,148,120,237
119,3,162,431,286,272,265,407,109
109,303,229,343,264,19,139,199,171
48,120,264,167,332,228,437,1,104
144,94,237,419,40,229,343,297,167
332,108,319,162,390,43,272,187,113
129,282,109,238,227,45,264,229,62
161,236,264,319,229,266,47,151,162
164,305,11,319,298,16,56,113,224
330,43,264,94,162,266,202,229,377
10,243,302,162,8,358,213,360,230
364,151,335,9,196,368,305,237,204
232,437,368,107,213,224,237,415,49
151,246,162,319,357,213,66,333,94
151,250,242,111,227,238,256,272,360
430,21,151,247,213,107,313,272,104
244,66,162,56,202,43,405,104,224
17,343,16,3,147,76,264,428,229
51,144,196,86,229,57,8,162,398
236,173,379,305,213,95,104,346,246
236,120,56,114,332,405,311,106,104
299,303,237,57,319,39,94,437,226
124,308,337,390,360,346,2,17,151
86,180,9,237,309,162,360,17,229
343,3,288,305,335,236,107,43,161
346,62,283,264,340,405,244,162,58
142,168,196,238,215,437,224,237,264
358,204,364,272,115,368,164,8,120
282,204,264,109,133,104,256,235,162
237,360,309,89,273,392,335,264,43
368,342,377,262,217,286,163,237,437
364,17,305,335,104,306,384,282,57
283,395,229,34,272,10,264,9,133
337,264,94,335,266,393,343,368,317
104,120,151,111,8,238,362,118,368
392,16,343,264,226,323,43,266,162
56,236,120,94,368,364,343,389,264
33,228,94,10,151,248,376,147,118
43,226,284,435,120,343,266,244,364
254,8,43,323,343,228,348,57,233
186,133,17,333,377,150,237,283,272
300,305,17,39,343,399,213,42,86
117,372,264,323,94,161,9,8,95
109,17,9,377,264,147,346,12,431
1,266,229,257,323,157,120,437,343
224,17,343,144,93,40,111,55,393
17,229,94,368,111,246,168,62,56
62,297,431,237,107,113,108,104,151
147,263,139,159,335,282,224,377,436
264,56,335,358,229,437,364,39,316
282,17,394,343,53,293,202,264,236
343,272,364,10,94,244,237,346,335
264,288,213,94,224,236,121,282,4
202,131,388,96,9,224,394,108,266
50,169,421,153,313,332,366,405,133
8,204,416,332,139,39,94,346,167
9,437,428,229,264,237,1,16,343
199,197,12,244,1,237,115,43,8
404,19,389,243,431,437,167,22,250
308,108,86,151,421,309,305,8,264
335,8,94,196,43,229,364,62,203
343,31,237,402,17,118,133,51,364
8,377,89,246,252,162,227,169,274
298,162,346,204,58,40,107,169,238
228,346,83,309,63,246,107,404,162
9,94,282,437,264,161,404,335,43
237,108,346,354,142,335,158,266,254
4,1,9,343,108,78,43,111,368
229,368,120,392,1,272,196,360,108
20,343,228,208,431,229,313,224,40
343,202,111,211,369,8,10,162,309
298,431,282,398,126,23,17,149,8
398,62,428,282,167,431,284,266,40
377,17,398,229,224,86,250,162,383
437,227,297,108,133,266,43,58,377
94,162,58,145,364,237,264,196,272
272,16,151,196,265,364,169,40,264
222,419,17,237,272,207,343,43,244
213,220,224,282,155,3,147,238,349
59,86,309,204,272,153,335,370,109
282,369,237,8,204,337,236,94,151
335,63,229,313,382,17,377,226,266
243,162,229,407,94,237,309,244,133
162,249,244,108,30,104,345,94,335
272,274,161,364,246,1,151,405,52
300,111,319,321,57,246,384,85,11
168,272,262,335,196,237,113,89,12
137,1,224,228,319,229,144,17,308
131,308,368,143,228,377,202,39,264
335,56,258,24,196,316,17,179,94
1,139,17,346,246,237,98,364,316
407,313,236,133,264,437,343,8,169
228,346,94,343,296,428,431,202,237
295,229,237,17,259,255,8,224,438
370,433,332,246,431,152,428,399,34
264,86,157,94,17,404,161,8,346
111,364,264,319,237,228,343,312,171
133,266,398,244,237,182,437,319,335
169,162,346,139,19,62,9,428,228
336,417,27,159,413,208,151,284,346
204,9,151,139,94,224,377,39,227
116,243,17,405,108,52,111,206,229
398,226,118,243,255,431,274,229,319
298,316,162,213,237,9,404,219,227
198,122,341,228,229,130,377,246,298
368,264,133,319,17,364,416,405,265
412,264,133,26,282,8,107,228,63
201,254,169,437,246,358,287,55,228
62,209,2,8,167,191,352,88,243
226,321,24,246,387,204,237,202,167
187,134,97,8,265,94,282,179,86
94,9,264,176,151,229,39,266,285
346,12,86,226,94,343,9,72,428
224,8,393,405,111,56,24,407,343
269,108,339,168,229,283,94,335,377
264,248,115,227,134,57,161,8,108
237,341,165,213,66,147,9,343,8
364,316,17,108,3,169,258,343,265
111,343,358,31,224,204,226,162,107
94,142,227,56,358,151,62,224,108
377,228,204,1,316,236,283,8,266
266,224,332,71,309,428,237,336,111
39,387,162,398,343,396,407,346,319
346,111,62,282,264,343,272,428,236
31,352,11,346,418,111,319,226,364
284,264,167,246,229,361,377,32,94
227,237,437,77,309,377,120,108,94
304,283,96,246,8,264,333,104,343
174,41,305,266,133,437,282,94,236
169,272,8,343,162,249,327,377,236
114,26,358,202,398,87,142,151,167
204,196,346,313,238,308,43,307,120
72,162,335,403,219,308,228,368,204
212,46,213,8,109,360,431,94,246
1,404,11,431,246,358,39,343,264
40,272,206,201,346,66,316,324,404
264,31,349,343,297,71,401,266,56
111,167,224,118,323,133,266,236,310
407,255,416,167,95,214,141,85,16
17,57,272,310,16,407,101,213,66
94,150,111,8,202,298,404,204,368
346,104,228,162,23,134,237,282,327
364,404,95,104,86,316,343,253,197
94,437,204,8,46,202,162,219,333
404,365,8,89,162,94,212,316,372
42,267,377,224,323,1,162,405,286
152,3,141,149,94,109,358,369,202
120,166,358,236,238,227,297,202,335
226,276,62,196,206,346,169,264,268
229,66,104,237,211,368,212,428,107
230,236,376,224,337,8,437,297,23
365,162,17,43,323,94,282,236,81
260,319,345,213,316,49,67,107,276
246,104,120,151,9,196,109,8,428
228,167,133,227,31,94,354,433,437
272,147,308,390,56,238,196,54,94
23,237,162,229,6,343,411,102,224
108,298,215,196,107,335,416,369,118
308,62,202,167,43,252,368,272,364
107,113,162,346,243,1,43,320,229
158,11,108,237,94,162,264,225,353
17,237,282,227,213,238,297,62,153
57,401,94,229,264,309,162,168,112
346,244,256,238,404,229,8,163,427
405,362,264,224,8,238,204,368,227
133,9,16,151,428,59,224,360,368
224,94,79,316,43,40,248,312,380
56,264,27,8,407,94,162,437,335
137,236,285,264,405,416,319,94,368
377,147,90,224,139,1,264,358,346
237,368,346,274,56,27,219,163,8
94,358,266,68,284,168,238,8,402
204,246,87,296,19,308,377,228,387
313,298,246,224,404,109,8,272,43
40,17,322,243,133,335,8,237,364
56,437,377,335,313,104,57,162,40
226,94,237,358,437,332,99,213,377
88,120,131,404,411,30,161,86,237
364,323,104,8,358,147,196,226,398
9,108,347,161,93,435,227,219,364
332,136,162,343,297,416,244,256,377
162,316,285,355,243,265,332,343,222
109,151,343,72,11,120,237,323,172
335,333,191,94,224,8,282,360,40
91,405,341,255,114,308,151,109,8
260,87,404,133,151,8,377,202,236
27,339,264,431,9,329,94,12,398
94,57,264,162,338,265,354,398,56
320,437,284,4,52,94,368,167,136
151,196,82,431,9,94,169,271,144
280,416,313,238,437,162,368,94,319
162,120,238,39,289,171,28,335,264
1,237,9,244,227,290,437,43,40
398,162,237,218,16,407,9,76,368
15,368,8,228,335,229,131,414,238
39,254,94,147,17,343,404,56,162
308,8,381,39,85,243,229,203,377
161,360,264,228,287,16,265,149,237
398,346,428,213,256,343,104,151,202
133,229,308,437,297,237,107,35,319
196,229,282,364,333,237,144,407,302
162,264,346,204,120,272,94,343,404
168,224,94,120,335,219,133,17,57
229,169,343,40,346,39,9,335,224
11,1,229,196,177,120,343,360,308
364,424,120,368,319,431,346,58,282
437,109,282,335,398,229,228,224,95
39,8,113,282,94,437,402,191,264
203,43,107,40,407,42,162,398,108
8,66,108,167,428,9,437,264,94
398,437,28,158,162,169,224,297,403
272,360,141,8,358,265,437,204,84
238,9,264,111,237,228,213,42,428
321,228,133,343,100,346,33,161,368
361,305,240,8,43,263,39,237,111
321,3,144,8,212,236,228,264,237
8,43,313,16,169,104,191,201,366
57,282,198,407,94,39,96,377,224
346,104,151,310,167,351,246,110,213
316,94,319,337,162,161,111,39,266
308,238,227,350,368,433,133,228,58
213,284,405,266,197,192,426,377,229
8,437,158,204,161,316,343,298,133
102,425,104,8,58,272,151,48,162
341,56,167,162,64,3,350,228,8
335,3,391,274,50,282,398,341,181
224,8,364,237,161,43,437,57,411
308,228,404,388,8,309,108,211,109
167,437,224,161,202,229,335,228,201
407,313,162,227,133,43,54,439,433
390,171,335,15,8,368,297,268,377
398,8,335,228,269,109,246,377,424
17,94,162,404,3,283,30,227,131
211,411,142,275,267,368,16,422,94
354,237,144,272,139,357,213,366,93
437,147,109,284,136,130,9,94,56
398,43,437,133,111,11,246,108,215
3,111,414,360,431,238,16,272,19
266,147,213,429,103,150,368,109,8
62,377,116,154,343,21,187,184,185
377,349,269,32,55,9,144,404,335
244,219,120,111,297,309,196,246,58
40,437,111,108,323,368,119,58,360
266,364,147,17,58,133,407,11,265
409,17,206,212,161,8,229,246,47
8,104,368,266,185,325,437,264,119
264,176,246,84,162,229,364,335,108
42,346,11,398,162,264,193,263,16
277,313,187,53,62,39,8,346,164
15,139,8,215,58,428,94,437,169
264,8,364,237,319,246,250,282,229
17,43,343,435,246,107,360,431,228
282,355,40,297,109,120,196,266,3
377,39,272,229,104,335,343,133,213
169,153,58,332,228,237,437,218,282
39,109,52,404,360,316,58,189,419
264,335,404,386,151,108,278,84,346
316,365,11,17,264,332,3,370,272
162,411,83,0,246,87,151,103,343
254,40,155,282,231,116,404,8,162
43,264,120,114,431,416,265,428,437
110,59,204,371,214,236,94,264,56
118,39,16,288,151,63,319,224,435
226,321,268,433,210,62,298,228,200
224,228,49,85,109,226,104,260,308
264,151,46,282,134,167,162,343,94
228,431,162,102,297,437,308,108,207
108,162,207,343,94,431,332,224,264
282,308,150,236,227,246,8,265,407
343,151,167,56,66,129,358,133,86
9,437,238,70,404,237,316,7,264
196,339,310,113,343,31,8,133,94
272,56,207,202,313,39,428,94,360
297,147,64,213,1,346,437,332,261
404,9,437,56,227,8,168,358,176
425,224,64,204,335,81,416,229,435
58,94,120,377,266,66,1,28,255
282,243,348,66,141,107,390,229,246
213,368,9,305,260,264,43,148,323
305,21,131,237,107,431,213,405,360
316,167,368,308,108,120,236,224,142
23,94,20,167,362,379,323,368,294
213,33,237,431,219,236,73,319,342
255,246,204,1,437,9,243,108,94
360,398,335,358,228,8,282,238,17
56,174,107,377,151,221,228,111,87
224,229,151,108,5,298,10,86,116
111,319,431,377,108,117,94,272,407
264,313,133,243,62,437,343,349,43
398,219,246,224,282,364,45,343,213
226,244,305,229,402,224,131,335,104
35,183,94,332,229,133,285,234,9
360,193,272,127,181,346,224,237,135
213,264,332,246,63,228,86,167,120
264,398,319,62,428,243,343,407,34
151,335,284,108,56,203,350,298,246
66,147,428,46,344,238,343,346,94
351,272,144,198,309,364,369,113,358
377,295,264,282,266,366,228,319,224
66,84,377,261,107,213,120,227,244
1,338,141,243,158,343,151,8,298
237,246,360,1,16,202,368,8,43
401,57,308,398,141,280,43,246,282
176,42,377,162,144,159,43,63,226
1,297,7,427,69,284,94,213,437
56,437,264,134,7,63,9,228,272
219,107,364,62,272,204,224,111,437
139,405,94,298,398,41,109,264,282
167,236,111,220,47,25,224,229,319
120,55,407,56,204,8,364,202,346
237,310,94,228,11,111,243,244,437
56,192,437,42,1,21,50,85,16
94,86,213,305,74,261,248,43,219
266,228,162,343,309,238,161,169,107
9,120,35,136,187,264,343,219,17
66,108,338,139,43,379,305,120,8
335,83,62,238,272,224,11,313,228
358,437,266,120,213,238,329,410,62
354,264,283,237,308,305,360,219,86
204,8,393,335,3,265,264,94,1
108,437,319,162,204,237,264,244,123
309,282,264,139,237,148,22,3,94
147,329,66,228,56,309,94,264,364
111,368,377,17,236,179,219,31,3
121,316,145,10,162,30,153,39,225
224,172,298,161,219,58,120,368,8
94,368,213,358,264,316,272,238,244
66,257,335,11,26,283,8,229,107
211,238,428,343,404,162,113,313,398
305,303,365,291,266,335,162,229,405
109,247,104,236,54,373,131,113,405
104,1,196,289,147,17,284,8,109
404,226,264,377,17,238,309,236,162
228,428,264,220,201,219,11,204,238
437,343,144,17,284,94,404,236,74
246,151,236,346,144,244,40,238,16
343,265,62,290,360,264,17,346,224
246,335,343,42,380,428,86,423,229
204,43,106,426,370,383,147,377,105
346,266,99,116,228,56,264,120,227
162,8,264,343,346,202,373,139,224
226,265,94,246,213,164,224,389,237
377,147,431,8,404,264,74,228,407
161,164,245,375,283,176,264,413,204
169,437,133,85,405,229,377,407,335
405,43,94,334,343,86,313,133,298
405,8,247,179,108,228,139,213,321
316,343,169,227,57,219,364,161,254
223,308,377,8,309,1,62,437,266
309,377,297,159,94,104,168,39,144
368,246,364,335,236,160,398,43,229
169,323,282,405,358,94,437,147,295
109,254,52,238,115,58,246,202,8
120,167,346,162,219,228,437,229,335
282,52,377,204,62,343,43,108,40
377,56,169,435,238,346,335,368,431
204,236,84,431,152,82,437,8,196
335,204,94,109,343,8,316,404,229
377,228,226,264,103,169,94,335,343
196,264,297,17,377,38,222,323,200
341,144,266,219,62,94,226,368,22
377,167,39,204,228,238,151,404,346
11,246,398,323,202,133,86,407,346
109,108,8,72,176,261,335,253,94
204,415,349,283,343,151,313,227,298
8,56,265,224,343,307,169,243,17
437,133,268,151,343,360,94,1,162
437,162,377,404,243,405,227,33,66
17,423,309,204,243,407,120,292,343
57,437,43,431,343,346,400,238,161
364,108,162,120,224,177,227,273,223
104,364,431,363,417,29,238,196,162
316,237,94,168,243,376,196,364,308
439,88,29,169,419,66,237,62,1
238,8,196,62,31,159,319,297,109
151,364,224,332,272,94,238,308,379
138,17,229,377,269,284,224,272,9
57,305,229,162,214,1,228,127,147
213,7,94,237,228,406,229,298,284
398,282,246,335,312,8,272,161,404
272,39,108,115,204,100,437,95,240
229,167,428,131,368,78,9,169,264
16,229,266,323,162,308,150,167,140
9,323,65,309,111,219,276,40,342
94,57,353,376,229,4,3,219,318
316,244,120,213,162,248,266,199,401
64,297,131,335,431,224,151,3,228
343,377,297,94,264,309,147,109,215
17,343,363,39,94,364,7,213,161
229,346,40,162,305,255,26,139,313
335,8,34,94,56,437,338,162,86
437,312,1,277,264,229,183,109,305
297,282,289,237,390,394,51,94,39
404,8,86,3,162,94,16,264,139
229,251,17,62,107,364,377,181,368
8,246,204,221,264,282,94,302,249
148,94,428,229,85,17,8,72,264
304,264,368,332,77,246,237,219,346
120,272,437,21,204,343,196,162,144
253,237,404,304,86,309,56,94,167
57,396,379,246,316,266,109,108,237
398,272,120,86,213,428,235,139,238
17,236,196,34,431,162,56,108,151
370,243,228,104,9,148,94,109,196
237,104,404,212,264,238,323,407,360
370,272,228,237,428,437,289,243,335
66,94,308,75,364,100,229,8,109
8,94,224,332,219,66,17,60,204
238,265,56,8,108,62,86,371,162
167,244,426,93,437,57,62,368,343
343,308,54,162,226,9,267,1,109
226,166,9,319,43,428,419,335,162
266,213,202,120,398,238,229,219,101
131,309,133,1,272,289,228,162,66
346,167,348,395,283,94,286,70,196
243,204,9,246,332,147,343,94,266
9,398,23,377,94,224,228,368,66
35,428,211,113,8,305,108,335,9
319,16,305,277,236,8,196,377,65
266,146,161,236,28,185,238,284,381
43,94,120,219,202,364,86,237,225
16,147,298,431,202,387,343,422,284
16,246,2,120,11,404,196,236,297
162,335,212,243,224,298,24,202,104
102,202,332,40,387,196,237,265,305
369,243,407,297,62,437,227,113,284
280,358,346,1,343,66,404,86,309
1,431,74,39,168,282,17,98,8
196,404,343,3,238,120,101,398,207
3,237,272,19,167,332,225,229,284
437,400,224,407,17,204,297,41,431
162,229,213,246,284,109,228,265,144
86,346,283,237,368,349,169,212,236
238,320,264,229,335,337,8,431,184
66,109,17,61,346,227,94,272,332
332,272,237,264,432,162,308,391,11
228,405,236,47,227,168,246,43,212
265,219,213,262,364,236,171,167,109
33,377,316,364,298,394,9,7,162
428,120,227,353,228,236,224,316,272
272,335,343,151,57,162,3,8,204
39,237,17,431,283,398,94,264,319
229,120,64,353,224,213,196,9,16
363,284,120,11,192,324,312,377,111
108,407,298,249,432,139,360,404,238
8,109,16,362,206,275,316,167,343
162,266,39,323,52,229,167,228,190
167,358,368,264,109,377,214,227,17
