122,71,218,132,215,115,257,278,254,123,144,274,269,209,203,299,85
335,73,144,367,128,250,299,217,68,239,178,363,200,304,192,236,218
71,121,99,249,313,304,212,307,318,138,115,286,310,35,18,26,7
97,133,92,263,295,37,36,3,186,348,72,42,227,206,239,57,340
70,109,227,344,238,250,156,148,133,71,182,128,76,9,180,253,24
202,303,89,292,71,78,178,294,274,219,139,12,173,58,269,320,115
71,41,195,314,89,329,13,158,267,306,227,192,19,103,138,335,169
66,345,13,84,71,128,35,192,260,9,80,284,281,361,73,155,326
353,132,295,92,272,63,357,180,88,322,119,315,260,354,3,247,290
372,71,127,51,157,241,229,128,378,31,247,318,222,9,24,149,100
165,73,81,178,342,290,143,71,187,198,248,366,194,227,229,303,109
357,89,72,343,36,331,158,345,160,123,184,95,261,280,230,34,210
361,71,158,57,178,92,302,70,331,137,117,367,91,165,155,233,161
70,97,213,305,210,271,283,192,41,91,262,144,148,303,245,362,340
189,12,182,186,307,317,68,90,127,148,232,279,170,10,160,212,185
33,240,78,118,164,5,346,48,89,17,69,62,34,138,44,256,260
187,246,44,331,214,129,229,357,302,34,286,275,354,84,219,196,253
144,93,237,275,270,268,29,249,244,200,3,278,139,271,358,123,194
8,36,309,139,227,55,244,346,201,315,334,143,204,320,241,118,71
332,12,334,36,289,282,313,45,239,59,247,335,354,63,52,92,106
361,166,147,176,210,70,85,32,9,40,172,227,345,102,71,304,72
325,171,222,232,236,167,330,294,18,12,71,123,316,106,177,127,213
89,270,363,288,371,71,308,249,98,367,113,112,58,257,191,221,241
372,274,296,347,22,94,237,71,37,206,345,272,106,263,156,150,55
7,317,145,180,342,230,30,245,219,10,50,293,233,363,371,275,335
128,164,79,68,211,161,71,85,269,40,80,237,37,354,295,363,181
186,333,59,328,225,304,98,219,212,227,135,33,360,168,312,158,334
237,280,304,68,177,136,211,9,2,308,97,103,171,109,22,59,79
186,44,283,17,163,6,308,193,36,83,15,369,235,68,154,63,71
154,275,128,207,195,212,147,4,130,348,28,178,240,227,313,142,108
164,173,363,80,198,144,276,101,36,211,46,141,115,205,112,228,275
362,312,20,73,227,123,12,183,360,17,135,36,90,223,56,252,248
207,243,112,60,375,55,119,155,95,149,145,301,133,113,184,27,51
348,115,370,106,374,144,211,34,376,142,12,11,289,111,302,311,36
19,281,321,177,181,122,143,115,227,308,276,290,372,215,214,110,242
256,179,283,336,107,301,86,331,258,307,147,109,122,357,143,308,71
369,246,214,190,276,296,148,287,66,199,355,181,275,203,36,250,227
234,129,346,333,22,363,296,107,158,31,319,103,332,188,177,302,349
271,246,13,309,211,238,245,140,291,304,234,377,308,199,247,287,34
47,165,284,321,363,37,368,314,315,79,103,378,204,353,72,175,246
233,173,67,277,71,44,330,358,296,259,169,333,327,118,336,50,5
275,260,72,336,318,132,71,246,121,161,367,375,369,20,76,264,175
0,370,235,186,285,45,272,227,147,293,161,154,35,358,71,353,196
29,46,332,142,31,70,325,353,223,4,233,246,80,234,335,101,71
71,332,229,61,330,84,363,108,41,55,169,168,20,157,142,141,103
25,354,363,53,245,97,250,278,352,40,233,182,264,249,293,39,348
334,366,281,141,223,348,216,306,279,276,275,130,96,330,18,139,60
320,294,329,39,209,108,115,343,71,46,123,114,244,36,109,53,203
135,378,77,181,122,49,234,230,237,217,28,3,305,169,47,291,42
43,269,247,280,369,105,49,320,301,175,7,273,308,62,3,67,79
89,347,66,180,326,362,361,158,83,276,20,167,227,171,25,220,202
150,273,221,71,9,363,199,291,297,70,357,358,227,277,329,252,301
229,39,212,154,367,94,16,170,241,12,284,43,322,347,211,160,129
31,23,203,266,377,106,71,211,149,206,296,277,27,291,40,7,32
173,374,200,356,300,269,105,133,15,65,228,72,319,34,50,229,49
106,134,115,301,57,357,228,322,361,211,314,237,35,4,45,214,174
39,80,90,263,341,227,378,129,199,225,233,97,361,332,321,150,313
227,57,211,20,291,143,67,197,241,265,252,323,36,171,40,310,115
284,22,229,186,363,80,16,167,239,232,115,324,93,370,128,72,42
287,90,298,283,53,135,250,73,149,63,295,195,20,54,120,241,205
86,331,220,115,96,121,205,37,274,80,130,161,185,8,288,303,113
283,7,127,112,268,219,200,71,119,250,67,41,36,282,20,278,110
362,331,141,64,119,4,271,144,227,71,49,61,248,99,80,92,36
377,16,259,227,212,327,229,134,52,239,158,213,33,70,304,256,144
123,85,263,204,197,53,60,71,141,40,316,8,158,227,165,188,157
31,350,331,165,100,183,85,185,246,71,81,159,325,319,277,17,57
173,244,296,322,123,165,89,197,221,193,65,219,377,175,141,376,242
31,133,148,341,261,141,166,219,111,368,275,211,212,354,40,97,353
82,71,225,141,198,91,166,46,134,213,293,68,119,203,128,76,152
51,378,111,63,231,170,256,202,2,197,115,104,371,90,283,103,106
266,178,312,238,38,336,211,358,278,57,164,227,331,261,206,322,297
313,35,106,299,155,227,341,367,347,2,270,149,199,150,49,233,76
112,208,133,20,251,345,358,154,305,225,102,227,129,190,73,22,162
313,2,196,14,257,325,90,41,149,318,293,87,184,197,352,67,218
147,128,216,173,239,282,4,172,318,33,301,252,214,123,171,235,367
148,257,361,256,208,47,71,320,235,358,83,165,321,341,228,163,352
281,71,214,253,237,227,298,42,270,369,63,10,133,205,308,292,278
290,347,129,227,4,331,297,86,67,53,78,333,70,31,304,199,240
56,57,335,54,260,306,219,328,1,209,80,261,69,355,88,87,208
304,86,230,39,88,334,42,32,108,257,78,47,244,345,113,349,249
218,190,31,173,148,55,236,244,368,71,83,248,144,22,336,9,299
71,180,43,144,231,147,58,188,6,78,325,353,203,118,351,131,72
203,329,207,350,331,242,178,241,104,101,237,279,112,160,71,144,318
192,354,233,176,254,323,108,128,16,150,293,0,345,318,171,234,142
277,345,58,304,138,65,206,340,358,26,318,332,154,96,129,71,47
305,188,340,34,144,278,37,41,250,246,370,219,283,58,316,83,27
128,250,308,221,358,270,361,106,245,24,331,252,186,366,286,123,86
356,141,7,374,128,144,96,236,98,233,22,77,332,63,363,177,331
78,343,332,174,193,166,134,13,363,340,256,352,200,243,312,319,222
242,3,71,76,34,316,304,73,224,347,215,175,188,81,232,2,56
339,60,88,144,369,326,245,263,294,102,237,274,9,313,363,31,162
358,309,308,227,20,141,16,286,243,317,215,275,80,127,149,301,55
259,201,349,304,220,313,42,186,217,122,219,58,240,227,31,12,158
368,0,298,227,89,1,31,134,71,250,60,152,214,212,186,72,129
313,214,144,60,40,338,119,245,42,73,321,117,90,108,277,83,91
195,303,360,227,182,55,107,188,72,139,208,1,65,7,60,142,147
301,271,318,107,71,129,194,181,36,304,337,235,33,135,346,354,185
51,26,31,42,227,76,310,161,261,79,271,81,24,104,128,36,34
12,80,89,45,295,71,252,212,3,308,36,207,73,319,103,254,39
337,73,71,94,245,296,46,96,185,272,279,251,317,297,27,178,10
324,257,45,256,178,139,63,115,209,319,205,108,2,106,89,228,157
234,123,320,124,294,109,304,121,150,72,227,202,138,110,31,295,218
55,89,136,278,42,43,178,66,322,182,224,247,163,76,306,36,139
53,203,122,139,287,256,277,329,2,234,283,65,362,145,355,368,110
100,159,76,85,321,229,145,263,246,290,160,111,94,300,247,31,143
133,279,211,185,237,302,183,232,299,109,293,298,36,294,223,131,51
26,141,227,1,256,240,2,134,89,78,115,71,61,47,80,250,4
44,325,244,208,142,289,367,305,135,79,71,309,377,124,345,251,115
311,241,205,187,340,263,122,259,59,336,359,352,351,202,79,243,214
25,83,241,362,37,144,112,346,128,372,357,70,195,196,227,115,209
72,270,69,89,131,114,366,41,287,129,211,184,144,347,256,54,63
313,63,186,278,88,227,11,103,39,340,319,129,331,246,280,251,87
62,131,122,195,267,80,224,112,134,6,171,220,90,102,125,266,27
59,191,129,354,88,237,87,160,17,100,31,73,145,308,369,7,71
324,76,246,31,297,47,78,266,225,158,133,240,113,247,368,214,329
303,294,233,63,76,358,218,214,259,99,64,41,316,169,59,183,330
246,363,343,217,325,294,40,256,227,150,35,108,296,55,258,278,101
251,213,135,86,183,108,1,81,31,363,276,288,212,17,145,232,286
167,2,89,263,220,188,68,296,254,305,114,87,154,326,6,62,357
169,12,113,227,112,294,3,308,65,94,203,193,7,134,291,71,40
292,258,256,323,150,311,40,229,102,241,144,246,117,253,45,223,245
296,187,196,139,362,193,214,302,309,154,150,172,363,100,335,78,149
66,139,378,250,218,187,317,258,50,280,3,14,113,343,340,71,7
245,173,192,45,135,69,241,363,87,310,71,251,341,320,63,313,227
41,268,269,164,178,71,241,217,137,37,280,334,296,154,353,160,132
110,2,118,293,325,262,269,140,123,218,136,137,89,150,205,225,64
193,51,206,150,94,128,246,310,292,37,144,264,143,278,36,157,350
289,263,197,78,195,199,6,27,332,135,221,271,212,204,262,80,299
311,95,378,159,281,56,324,254,332,149,106,298,258,144,267,94,181
258,62,335,60,180,274,245,187,72,159,336,121,66,314,229,292,4
272,4,378,178,10,126,238,59,43,311,292,241,275,331,162,129,278
358,4,320,346,19,46,269,323,255,108,131,3,324,97,122,49,85
72,2,28,311,196,83,276,173,294,71,90,263,137,312,262,76,220
18,72,161,319,117,83,227,63,378,311,253,230,368,249,111,374,71
99,256,359,101,53,302,175,189,314,270,8,63,360,150,11,154,160
214,230,4,366,347,121,337,267,282,59,277,327,303,212,144,135,316
190,161,299,6,340,367,291,276,34,280,128,231,278,339,63,18,195
271,68,268,67,158,131,196,141,312,22,325,250,2,259,41,309,46
192,195,312,88,211,85,47,243,254,340,246,133,233,329,138,37,3
111,101,107,176,124,297,263,122,224,332,357,158,24,117,2,336,53
239,71,280,201,320,170,310,196,233,368,263,123,154,347,164,72,357
17,55,231,302,16,123,211,195,122,118,328,173,357,249,331,200,20
21,77,38,282,258,193,345,367,278,354,80,304,294,356,1,11,107
196,220,71,251,199,214,123,330,331,291,92,76,215,8,106,232,81
186,169,144,310,143,318,369,377,158,36,45,182,113,174,31,91,86
278,85,330,253,122,173,211,313,258,246,352,115,27,102,114,283,218
72,115,252,148,313,108,332,81,249,77,152,214,361,338,71,246,16
91,288,309,186,171,87,324,298,325,240,349,132,317,66,173,321,78
68,41,308,207,289,171,211,227,47,71,281,220,219,189,158,331,278
192,36,57,302,229,242,22,176,341,203,374,25,69,213,158,342,301
27,102,363,302,2,96,41,131,125,95,161,281,331,195,14,186,241
308,227,89,71,207,234,244,199,235,252,37,363,229,201,4,2,51
227,353,269,157,238,46,165,173,159,70,368,320,137,291,40,366,31
236,120,333,71,141,354,335,58,103,10,18,227,359,346,57,96,265
271,148,304,176,262,13,8,63,345,293,169,102,270,124,351,263,9
126,321,71,104,81,357,35,163,4,210,87,335,41,192,326,189,332
137,277,288,177,201,347,71,276,63,290,180,7,365,238,134,69,220
163,353,230,368,287,31,106,123,102,285,354,263,70,171,135,148,136
173,325,47,74,244,279,122,71,275,61,51,41,283,374,18,303,268
31,28,356,129,53,89,186,109,330,3,114,308,201,88,263,302,218
145,198,27,223,160,303,131,360,59,363,1,185,79,91,367,288,122
212,252,256,161,85,16,280,234,326,312,88,345,276,324,59,133,61
104,291,316,6,296,268,369,332,318,129,155,277,120,28,356,25,27
9,214,348,256,106,142,71,128,166,119,313,105,377,375,51,317,227
17,45,118,256,216,36,243,288,349,369,283,238,43,73,41,71,353
276,0,133,108,262,306,87,282,22,234,325,183,164,48,21,30,159
66,253,139,113,79,47,144,227,161,42,324,115,275,143,215,317,223
2,102,86,96,11,277,79,233,288,162,308,156,267,365,304,300,135
130,245,262,218,95,145,248,378,314,41,135,80,112,322,309,214,119
139,104,227,376,332,321,71,310,82,322,374,241,304,288,89,113,335
104,378,306,231,80,54,47,277,20,312,268,111,11,178,55,31,186
4,287,16,267,50,71,27,304,312,313,164,302,284,67,273,279,317
295,155,11,331,19,235,36,77,343,181,113,133,55,249,107,84,334
339,230,367,209,25,271,283,233,121,318,275,94,227,282,343,229,63
83,170,78,10,163,238,357,344,44,214,43,70,18,305,8,204,358
300,348,265,159,244,242,43,163,115,343,277,8,255,229,205,121,334
268,108,324,212,71,320,249,173,149,231,204,308,227,310,307,291,377
247,49,267,83,322,137,174,187,175,228,118,42,112,125,144,20,290
132,106,112,186,121,358,329,232,204,227,105,4,164,111,196,187,154
348,188,202,95,267,374,195,123,85,211,227,304,2,308,154,223,18
246,76,227,71,57,150,372,58,139,37,289,169,102,273,0,347,277
276,71,351,269,95,125,259,211,34,184,3,317,287,196,312,329,137
55,254,86,141,265,128,19,257,87,169,306,103,43,83,213,106,69
211,143,105,144,12,266,281,30,271,79,275,260,150,127,308,155,95
299,274,220,262,263,50,10,301,366,302,345,70,287,27,119,224,346
336,270,241,43,163,330,151,198,121,133,102,242,219,227,113,321,286
130,21,327,321,6,280,228,376,78,241,126,164,144,186,294,298,129
63,97,363,210,357,115,11,55,265,278,71,308,371,153,306,211,268
262,111,212,4,314,169,302,133,204,81,71,233,304,159,83,287,106
56,354,227,107,347,346,199,361,124,362,139,212,46,246,311,250,85
310,119,157,321,7,20,183,71,77,148,26,131,280,113,73,378,333
311,211,85,285,226,280,297,318,71,363,228,26,131,167,86,332,62
285,263,363,367,159,245,219,158,244,83,207,193,122,224,291,187,150
211,73,99,236,233,76,227,117,225,27,111,70,38,286,31,36,174
278,71,377,220,161,187,109,223,142,81,156,374,173,192,53,331,328
176,37,265,185,47,122,258,53,164,79,209,25,171,34,263,80,333
131,67,30,333,344,229,11,133,218,36,230,231,158,144,192,71,284
15,70,352,240,232,57,63,51,94,49,277,303,243,238,107,71,301
209,256,201,182,90,141,177,319,245,316,100,366,108,55,242,344,345
303,80,233,175,203,178,71,309,43,341,277,58,42,104,236,286,367
241,214,71,256,101,334,80,84,128,354,14,126,18,121,78,212,96
160,31,37,332,291,224,257,228,121,219,280,335,186,128,203,315,2
256,289,238,112,115,89,296,336,47,356,71,144,59,7,130,161,228
26,358,71,108,61,281,210,357,340,47,80,294,356,65,339,137,70
307,188,127,369,122,324,314,90,56,235,55,134,108,163,313,71,356
258,40,25,360,331,1,227,150,4,144,308,189,312,24,61,332,30
252,291,232,223,76,87,3,345,269,188,215,358,167,122,154,196,105
46,300,72,349,345,75,164,195,210,227,76,144,1,14,151,181,141
109,81,42,249,262,63,314,55,267,245,3,103,227,203,263,305,18
154,211,238,331,142,71,101,303,151,19,293,89,9,284,275,149,338
204,192,57,150,269,213,335,237,221,305,115,270,283,203,177,311,218
358,333,343,368,100,370,157,155,122,251,62,71,89,354,178,25,304
306,2,109,288,141,212,231,260,283,49,165,377,180,71,184,55,156
213,176,262,358,245,120,193,289,131,298,361,115,227,87,70,256,220
6,141,89,241,247,227,3,71,367,11,357,246,41,334,80,313,200
144,338,16,218,298,45,272,34,185,46,331,321,254,277,329,80,323
263,314,304,335,16,131,122,247,12,209,227,280,128,9,24,203,215
220,122,71,368,331,179,270,229,372,66,214,287,96,247,92,178,100
117,7,269,156,310,70,276,133,190,199,287,304,212,238,158,6,349
6,61,135,3,363,174,185,12,375,316,295,284,17,87,192,150,119
178,71,128,55,361,57,252,186,113,214,193,86,220,18,130,43,244
207,322,316,94,16,344,71,287,108,72,144,187,43,33,298,246,186
177,164,133,83,112,95,47,305,316,71,251,51,330,207,109,13,161
31,227,81,152,37,99,283,90,294,73,246,115,363,341,282,67,247
89,138,279,113,26,358,355,99,331,53,129,12,240,317,20,36,196
211,307,357,106,81,208,241,245,167,345,39,136,64,321,227,132,143
363,152,314,31,73,368,162,149,164,378,218,78,203,61,254,224,318
138,242,308,71,188,129,83,106,109,306,269,142,11,51,357,344,65
276,73,321,213,244,292,133,211,26,271,8,268,128,297,57,120,316
250,241,119,301,246,114,5,242,278,158,96,123,131,317,367,227,36
109,108,156,48,286,352,12,211,7,244,96,358,219,313,71,277,10
227,160,12,314,337,36,148,73,11,185,25,201,90,26,51,83,278
245,358,211,249,121,112,96,77,244,225,347,145,295,261,378,158,278
163,173,68,321,19,205,107,36,273,62,49,257,210,268,304,295,277
296,207,45,124,70,69,73,143,132,16,255,356,253,358,121,241,104
295,319,65,367,331,320,15,22,154,312,213,256,210,103,371,378,376
331,350,183,158,243,269,340,256,210,78,44,228,53,178,330,50,70
248,12,217,71,253,121,59,275,303,128,243,99,42,306,113,371,2
205,80,71,328,43,112,214,5,342,115,261,202,247,344,158,157,40
13,229,267,164,115,133,44,335,226,285,344,359,165,272,77,195,71
301,91,189,181,41,359,284,147,113,103,263,317,210,40,324,11,367
144,248,183,245,170,94,319,315,280,173,304,152,49,343,335,277,175
18,211,22,71,81,320,63,182,270,372,294,68,16,318,345,4,277
308,248,278,219,164,137,232,210,153,318,105,256,71,329,42,241,317
150,16,218,41,71,51,353,363,112,326,193,243,113,361,306,136,220
263,227,280,354,43,144,246,325,95,61,88,252,323,312,359,317,42
246,71,110,143,109,176,298,339,92,157,136,20,181,329,22,180,363
347,42,184,245,96,39,323,3,324,296,310,87,358,265,187,240,314
45,283,263,191,31,103,81,116,309,214,330,361,100,49,53,20,144
280,73,192,331,60,268,227,354,330,366,200,88,361,21,342,371,218
111,263,52,357,306,46,16,24,30,278,47,87,113,108,346,234,203
252,27,176,295,346,30,256,71,210,363,37,343,261,275,12,258,25
139,260,62,315,347,145,144,143,2,115,241,262,48,112,27,74,61
73,71,227,149,106,147,55,282,186,51,286,53,85,9,293,21,137
188,312,255,214,180,187,233,175,128,358,363,63,134,335,135,141,378
227,83,255,59,53,263,147,3,42,259,249,311,332,193,202,120,142
339,146,183,374,85,277,22,16,42,273,143,175,88,283,124,71,106
25,332,253,71,348,248,167,275,73,121,346,320,202,31,247,109,269
164,17,15,340,161,42,244,113,227,253,236,119,357,138,63,73,218
372,250,34,71,38,240,80,263,203,331,233,308,7,55,357,41,251
334,252,195,251,62,330,263,115,69,36,83,296,244,284,255,103,155
63,212,328,347,200,12,275,4,150,343,24,241,240,76,266,78,164
169,198,320,304,210,256,363,325,83,229,52,331,2,228,350,374,254
44,156,299,144,258,296,276,265,25,355,76,88,165,353,37,63,211
367,67,104,311,135,312,333,164,290,261,44,183,331,342,267,234,345
147,229,114,363,258,185,272,56,204,347,257,73,231,57,143,88,29
2,306,298,4,177,54,9,120,201,289,329,275,305,170,217,365,81
123,351,100,344,163,232,9,244,139,314,15,250,190,260,40,178,164
29,296,15,71,106,174,290,50,171,321,111,25,354,305,16,37,190
220,158,72,150,2,77,304,369,312,255,193,306,318,206,109,117,269
356,335,36,155,186,310,39,264,71,172,309,143,217,180,100,265,157
263,294,276,283,211,326,233,339,156,223,190,231,60,197,48,158,255
142,246,220,88,278,0,341,71,130,225,81,336,245,155,29,36,179
190,246,325,31,244,347,356,123,204,332,143,193,71,121,94,144,220
318,102,247,301,357,211,308,346,122,9,261,227,121,16,59,319,258
35,278,42,152,75,70,305,206,212,45,271,41,233,369,49,243,180
111,191,296,87,6,259,77,71,3,114,231,103,4,278,333,27,60
143,361,73,341,240,343,71,373,12,254,31,25,94,308,316,294,83
11,71,340,142,277,178,220,299,351,105,352,290,94,272,63,25,15
231,40,86,345,171,39,120,378,376,72,219,312,363,292,368,250,118
191,133,163,186,224,207,160,36,20,98,329,113,350,284,85,137,27
361,167,201,6,18,34,234,69,104,194,15,95,71,49,367,188,330
44,256,24,279,135,212,337,108,242,281,178,223,79,243,176,238,61
175,231,133,293,372,129,238,340,163,193,260,271,176,41,109,248,227
35,315,193,318,213,279,335,110,87,250,233,305,129,176,100,48,270
224,83,141,238,79,18,16,228,124,111,178,99,11,227,232,266,71
221,270,180,285,71,200,69,78,230,4,321,139,314,337,325,94,208
350,353,238,210,163,237,67,99,36,143,16,357,206,369,185,293,195
164,282,214,69,195,24,108,325,144,357,266,358,306,272,161,223,337
234,289,275,174,126,247,238,206,41,350,27,287,218,284,29,278,171
128,113,71,211,70,176,51,335,218,372,313,178,33,80,202,91,2
121,308,305,69,50,268,164,186,329,8,131,338,374,80,90,256,354
96,84,330,86,224,167,284,127,35,71,154,203,36,290,246,53,230
152,227,357,375,308,25,284,103,225,330,71,254,321,2,250,338,136
154,250,13,71,118,45,227,220,95,293,239,137,287,8,158,194,70
278,12,329,6,71,366,339,368,173,289,322,292,211,367,169,147,60
51,353,115,351,38,336,36,180,251,210,356,37,3,95,294,227,80
370,354,263,128,227,358,293,312,328,89,37,187,133,343,26,378,250
220,45,85,86,48,227,363,133,96,254,197,353,183,115,277,104,281
318,120,137,71,212,128,340,210,337,88,67,358,357,35,0,245,193
143,110,54,176,51,277,219,227,295,332,80,210,361,208,271,127,37
305,198,324,357,232,269,71,83,40,51,96,331,89,225,157,263,227
302,268,270,367,345,84,333,233,134,341,210,193,72,278,20,96,118
154,167,7,177,367,37,210,275,73,347,30,79,227,290,378,240,212
311,149,215,76,220,227,369,71,278,256,305,363,8,24,350,282,160
216,207,106,329,363,255,71,244,227,108,203,217,158,349,10,122,183
134,258,161,366,63,372,344,233,227,160,186,361,337,84,46,31,181
86,256,258,185,60,68,10,251,303,243,181,277,263,272,83,96,92
128,366,202,291,66,142,355,178,59,242,101,185,208,39,331,336,266
179,41,115,39,69,195,333,290,327,357,214,314,288,171,71,335,145
49,358,46,318,286,247,73,19,13,219,341,229,319,223,96,353,317
35,327,80,62,181,192,280,44,95,303,363,249,277,238,72,126,283
319,67,120,190,299,101,20,213,245,118,278,238,198,332,335,132,367
73,183,42,227,182,34,203,235,26,209,48,55,31,250,363,174,39
248,317,220,300,356,272,77,7,92,234,137,101,71,150,211,133,323
261,71,304,245,69,235,344,95,302,41,280,317,330,334,100,142,277
71,9,132,303,31,82,150,277,276,325,331,369,144,26,196,376,246
255,214,287,114,63,250,227,247,331,201,367,190,275,276,262,177,80
153,186,218,365,278,316,94,327,353,156,256,71,24,157,358,84,357
2,220,117,16,305,171,119,108,71,260,142,45,255,346,132,275,287
120,311,44,40,135,278,338,219,363,3,9,130,177,345,118,366,287
98,248,158,276,339,280,71,233,56,172,227,136,161,50,70,358,120
245,238,126,357,148,275,149,256,4,279,19,15,49,328,308,352,280
324,171,170,81,159,310,173,133,363,51,79,315,155,280,251,120,43
336,247,128,59,73,203,191,180,308,193,124,127,160,195,361,71,301
326,114,331,65,206,115,6,97,309,101,63,88,280,276,142,22,12
323,166,227,70,250,137,374,225,0,89,339,80,71,305,63,121,351
109,377,304,277,227,160,55,285,220,36,87,305,329,128,311,366,294
277,127,210,128,284,71,108,290,374,306,272,16,89,311,112,345,41
281,378,262,354,36,27,141,333,165,76,60,312,340,246,278,4,71
71,355,129,263,164,378,49,291,287,361,320,236,214,189,180,133,192
86,245,268,269,6,41,154,71,349,120,222,94,108,141,159,137,257
230,325,22,184,162,197,374,287,258,338,164,252,34,49,299,109,133
44,20,336,357,227,171,120,322,87,233,246,316,31,265,311,337,296
65,165,10,262,20,245,36,241,2,55,243,31,267,349,378,287,144
222,104,257,6,12,319,343,227,190,211,244,143,100,2,312,154,181
236,325,158,191,71,100,242,268,278,346,322,83,314,81,48,167,205
351,52,366,202,312,283,358,135,280,178,71,81,227,109,191,293,54
269,25,118,267,73,22,275,15,102,68,49,341,174,304,171,200,37
96,369,89,88,123,367,94,227,241,67,196,290,44,353,164,61,17
80,192,214,356,245,147,89,104,300,4,354,273,143,71,154,49,248
316,305,44,164,248,370,358,38,282,86,215,72,378,180,123,259,97
128,306,229,89,135,196,260,71,180,84,148,137,138,355,362,324,244
245,346,353,351,158,103,233,37,96,193,87,322,256,375,102,88,120
335,18,15,29,252,112,329,304,116,169,256,216,319,186,377,285,282
102,353,301,281,189,321,302,94,40,263,377,311,329,227,197,37,185
326,197,378,25,72,267,70,37,357,331,342,372,244,364,27,369,71
268,51,263,311,359,247,138,347,324,217,63,186,34,153,227,280,114
188,244,320,157,197,43,242,266,141,59,360,112,119,358,239,203,219
55,348,177,347,103,187,319,48,73,291,349,251,182,224,254,272,211
287,209,55,60,291,171,211,352,176,106,163,312,323,203,341,245,358
287,147,357,366,155,171,55,228,239,283,223,181,160,332,26,316,153
346,332,266,115,3,32,347,203,284,282,71,374,129,227,193,341,78
367,139,133,326,157,263,165,88,241,225,336,343,306,358,11,335,256
211,89,48,363,240,331,368,50,242,254,342,338,348,63,70,203,278
52,189,353,293,42,16,272,284,173,240,152,318,36,245,79,241,319
170,367,226,8,88,326,47,337,263,350,86,135,269,297,300,55,10
37,278,354,306,102,143,4,197,9,361,72,71,251,111,299,170,26
59,49,336,160,277,359,217,247,73,351,96,14,302,128,63,358,51
314,315,205,27,118,347,36,100,251,353,298,63,224,305,18,222,223
129,337,362,244,71,57,181,229,206,195,133,50,218,341,325,188,16
103,178,254,347,369,228,183,343,280,314,109,84,281,187,2,69,85
60,202,352,102,116,156,197,103,252,133,280,86,374,150,37,180,94
103,183,318,291,295,366,10,36,31,101,321,345,173,327,257,94,309
146,272,31,142,37,329,30,73,36,55,336,71,60,82,322,225,135
178,72,322,44,95,277,148,355,357,15,311,31,71,364,222,49,103
83,227,238,243,100,59,167,302,182,92,304,22,47,209,43,290,173
321,133,304,103,224,339,115,301,137,164,230,70,356,214,73,361,368
84,144,278,115,377,137,43,343,362,318,94,133,322,36,125,248,21
253,83,363,81,27,362,115,208,171,1,283,50,331,51,71,74,41
230,209,305,247,331,195,131,342,278,290,104,346,207,374,29,6,39
350,6,340,83,200,218,184,202,368,164,357,98,157,2,244,100,90
119,326,200,52,377,40,360,64,41,118,363,158,109,71,174,34,270
202,325,123,160,66,186,339,240,353,308,132,305,4,313,63,164,6
341,211,72,124,71,303,139,38,245,16,149,160,372,62,130,59,143
59,304,71,74,158,120,344,290,20,320,318,196,80,134,353,42,276
89,219,292,199,12,357,71,309,210,44,99,4,264,117,125,36,184
190,296,257,247,246,100,77,243,139,219,6,156,72,340,54,333,148
306,71,83,141,214,190,256,318,269,293,264,164,29,79,249,325,309
94,152,249,124,334,239,183,198,258,222,97,275,312,353,81,8,277
120,20,272,164,312,29,73,303,43,212,25,300,335,140,71,134,269
246,79,254,132,106,285,225,2,211,270,181,227,180,102,37,353,129
202,224,142,71,26,349,27,232,334,121,263,321,268,358,36,9,106
128,337,84,241,61,368,154,108,355,6,77,269,157,156,250,9,305
119,210,229,171,286,252,113,81,190,227,278,47,107,60,110,163,11
249,244,191,227,71,344,134,192,300,31,220,231,367,364,143,109,37
6,275,364,12,344,210,322,36,367,16,309,190,301,353,325,56,5
101,83,369,195,333,12,313,158,70,19,42,144,121,88,106,178,51
358,77,346,136,137,147,51,70,378,183,120,18,211,94,9,47,115
211,279,18,322,141,170,44,203,304,227,29,331,278,122,210,345,57
57,230,106,345,265,215,238,173,169,187,297,221,139,84,108,71,26
376,278,12,358,4,277,313,58,138,67,348,285,366,357,175,251,33
234,368,143,159,239,317,266,127,2,175,186,27,347,76,111,304,182
362,128,83,359,103,56,54,134,294,71,121,288,63,159,53,33,77
153,71,217,324,26,85,247,223,232,107,169,139,357,100,372,241,325
227,4,225,318,186,83,280,111,20,230,265,334,91,275,41,143,58
225,228,73,257,211,108,186,37,7,71,222,58,130,213,311,241,95
0,189,337,239,90,56,345,335,284,247,41,333,35,298,79,275,171
73,340,321,324,68,71,318,280,215,278,366,143,142,240,154,258,176
111,107,71,280,214,47,352,112,14,257,2,363,356,50,128,27,367
336,43,153,210,269,203,21,40,129,304,335,173,281,188,286,150,290
353,160,16,96,135,356,84,71,194,225,97,92,263,329,291,164,348
73,33,41,49,120,308,200,177,118,122,317,135,303,31,188,71,90
212,100,103,325,269,35,147,314,158,245,175,25,265,109,284,149,15
135,280,122,334,31,190,222,316,119,232,276,378,59,289,344,333,78
174,190,9,107,332,294,227,22,49,188,63,31,121,89,131,72,193
112,222,122,115,302,198,265,183,203,76,62,174,342,312,71,278,42
135,234,112,362,287,278,71,247,272,6,283,331,271,230,119,58,312
83,378,37,71,115,276,123,211,361,121,234,245,143,133,308,239,73
351,122,185,357,223,92,19,57,323,258,353,196,67,137,203,337,218
147,112,160,137,370,206,367,333,195,247,140,161,202,29,107,131,246
125,299,228,186,71,241,176,281,232,2,302,196,133,367,104,357,227
248,278,4,229,96,71,224,150,304,330,137,92,344,314,214,22,233
281,134,212,186,87,49,319,5,73,265,122,27,165,141,71,329,175
332,16,329,94,217,85,71,206,113,75,52,183,108,300,126,294,117
254,107,209,265,262,362,301,31,164,16,118,18,287,45,378,227,242
136,178,273,254,246,10,7,104,26,86,71,48,250,219,69,244,374
213,369,126,133,178,135,31,192,357,358,210,81,243,315,266,209,123
90,363,50,214,221,239,16,71,227,58,332,358,46,205,357,52,28
363,115,108,350,374,16,73,173,148,41,180,325,83,361,164,191,227
172,106,293,71,120,30,325,196,24,289,347,68,341,262,159,220,178
103,214,169,234,358,247,150,60,44,43,25,249,33,92,324,91,58
331,309,210,345,223,277,76,263,217,177,88,114,20,238,273,209,325
51,112,164,176,151,7,183,147,28,60,127,61,49,186,11,129,32
210,191,269,157,51,37,192,0,275,78,76,87,222,3,304,156,241
158,280,67,227,184,348,121,12,76,265,51,135,196,18,173,78,3
254,12,113,121,188,127,227,262,287,354,156,351,65,169,179,59,48
144,203,256,62,85,135,9,42,60,240,20,254,276,347,301,274,7
351,67,100,25,209,6,71,36,19,49,378,348,227,225,280,260,173
278,112,22,41,374,363,265,125,261,271,71,197,143,115,72,133,378
290,193,310,348,62,86,131,71,27,123,16,291,185,358,304,319,276
319,332,356,41,76,172,293,378,130,299,4,185,219,213,95,45,122
2,227,71,126,195,186,10,278,63,305,40,42,111,292,267,28,235
227,83,71,12,196,374,182,135,275,40,253,219,67,317,10,230,256
113,71,39,12,335,173,315,290,26,155,300,241,320,325,67,81,13
66,167,88,367,160,350,198,83,173,264,227,308,294,349,193,121,120
307,85,250,61,244,103,109,234,193,329,239,186,348,345,353,357,312
367,263,29,45,273,10,44,354,87,185,151,95,15,271,325,144,74
228,276,264,24,30,227,283,239,89,288,233,314,290,90,272,203,63
302,331,303,3,227,94,203,85,12,317,255,63,233,262,211,119,276
133,334,208,42,41,304,295,73,160,44,227,88,348,164,145,205,353
74,304,92,367,216,227,219,51,309,268,336,61,354,111,123,36,256
2,296,129,225,139,154,162,212,351,329,269,231,111,178,55,63,334
138,71,59,0,290,245,234,72,132,246,170,268,36,51,100,25,213
246,265,71,31,300,128,119,193,29,131,43,316,137,70,245,345,58
304,173,170,325,15,181,35,36,263,71,229,23,184,242,31,197,183
256,9,81,73,71,310,45,292,169,318,23,271,12,309,245,80,298
195,21,43,12,346,185,3,271,202,228,122,192,181,26,330,296,278
82,303,160,71,336,256,89,301,335,331,131,143,305,213,181,36,51
364,246,6,235,86,37,205,257,80,265,240,11,92,82,211,266,135
181,327,119,159,127,329,3,17,298,217,308,97,150,6,277,339,148
245,254,297,227,75,214,272,27,161,24,351,287,191,235,182,353,176
37,49,34,183,87,98,24,15,0,144,219,73,182,301,228,280,277
29,112,7,9,34,304,214,118,357,183,103,169,353,296,189,50,356
197,165,330,186,42,290,183,135,215,377,325,37,321,292,199,92,169
330,81,156,361,25,101,259,311,13,358,215,354,63,205,288,147,133
316,301,308,193,41,178,90,207,306,24,203,329,213,361,266,298,261
292,71,187,278,123,180,144,270,89,22,65,234,86,282,159,304,41
41,283,156,16,43,56,227,71,18,70,79,185,162,336,64,289,233
154,367,309,268,39,131,357,144,372,173,71,103,156,72,254,245,196
294,218,185,330,128,219,375,118,241,373,229,127,194,211,56,238,149
41,71,133,131,115,223,77,4,184,118,44,235,357,290,117,137,345
312,192,376,103,331,316,346,351,194,167,340,358,193,240,148,334,73
158,284,22,123,378,24,117,51,242,227,156,283,71,363,337,304,219
274,373,153,79,98,244,353,133,234,272,357,356,5,223,303,331,87
47,290,284,118,277,325,22,68,311,176,259,72,23,71,123,128,355
216,227,276,282,71,138,20,361,102,145,12,19,54,10,330,358,191
175,22,263,71,2,325,91,7,268,157,115,290,376,111,223,166,312
186,181,158,199,358,66,275,115,164,240,306,263,157,76,339,241,362
240,346,363,148,77,60,36,222,278,54,233,42,280,149,283,301,171
227,331,283,241,257,150,371,78,346,3,67,81,183,306,42,159,36
353,253,317,299,346,272,192,150,152,76,121,84,309,292,376,338,286
8,175,342,85,12,358,36,228,277,193,253,103,171,295,227,48,162
304,363,112,225,224,353,9,317,49,158,127,36,129,346,297,135,331
44,160,121,292,135,3,223,181,251,169,207,36,12,245,24,94,329
133,195,112,115,144,377,236,214,255,234,345,40,111,160,26,233,378
223,95,195,230,173,263,281,256,314,164,27,180,89,142,34,11,49
185,336,91,128,175,88,279,104,254,350,227,120,71,277,171,217,60
257,271,204,266,225,80,256,275,310,321,68,9,174,2,157,251,354
255,26,324,196,319,27,71,207,109,219,165,307,296,61,173,197,308
9,230,306,310,217,367,92,240,35,37,314,361,255,41,265,239,133
261,161,227,118,105,172,299,306,10,145,348,205,51,355,66,278,369
218,23,282,144,328,244,246,108,190,173,164,193,40,235,363,36,157
215,220,71,361,350,278,233,131,241,195,6,249,43,266,159,100,366
357,5,39,319,323,143,71,49,272,85,70,304,90,63,245,131,214
71,148,163,212,358,283,196,276,364,131,12,304,5,234,39,153,146
184,268,345,91,363,89,294,149,71,178,77,287,233,207,25,164,353
351,319,136,167,101,41,59,184,358,202,196,219,139,122,106,161,10
85,63,255,271,59,110,227,378,284,165,144,42,84,211,184,55,238
124,143,357,94,320,361,2,164,232,162,319,363,131,86,358,68,157
317,333,33,23,187,55,109,367,368,290,96,20,280,188,44,186,107
60,40,128,361,141,71,227,319,181,89,368,51,180,363,183,346,73
268,214,357,253,164,209,144,256,354,60,314,156,181,312,8,299,127
42,273,36,286,143,372,49,129,211,83,245,132,199,324,160,232,167
188,278,345,69,265,8,41,147,241,119,100,112,245,344,254,143,102
180,325,42,123,308,100,20,70,233,227,12,121,287,314,368,229,251
4,3,149,52,214,115,276,310,71,215,321,259,212,227,363,42,194
251,352,46,111,143,96,62,316,198,278,281,43,246,134,89,300,176
9,282,120,17,287,227,355,71,316,125,356,350,247,49,24,293,2
344,225,98,327,257,315,224,109,374,253,144,309,313,71,239,9,285
217,231,372,131,3,336,89,210,246,71,158,227,19,316,312,135,228
70,245,339,85,236,43,79,99,252,109,235,354,305,230,95,292,137
355,144,314,323,89,27,98,6,0,250,361,71,69,91,9,378,354
42,283,275,264,207,197,80,184,181,165,16,226,31,333,299,322,222
335,142,85,301,263,282,268,232,27,247,47,2,135,78,353,292,145
120,79,181,81,19,243,54,152,25,230,219,362,217,367,121,256,97
76,4,142,159,336,354,209,150,69,189,108,105,62,121,146,51,160
324,98,195,127,339,249,33,63,219,41,70,88,108,227,361,245,224
300,302,2,55,106,227,145,317,102,34,258,68,95,217,86,71,257
365,368,62,71,44,117,283,354,131,81,241,56,156,219,25,124,309
358,137,332,331,246,107,299,8,87,195,136,193,293,57,330,334,318
322,356,295,284,51,61,304,158,355,94,36,113,252,71,299,131,302
314,203,20,245,128,233,189,77,280,213,126,162,6,225,217,338,208
249,51,372,42,108,257,102,130,304,189,150,154,187,58,369,71,293
164,104,151,354,263,374,356,255,229,174,193,239,247,13,37,59,2
71,113,211,63,154,135,193,271,216,322,2,192,57,358,218,233,186
372,135,133,320,182,134,191,23,293,298,89,111,276,141,207,183,348
357,258,214,297,129,276,134,142,3,2,227,10,247,161,42,199,188
357,71,363,212,220,63,55,157,241,332,327,298,309,186,9,293,367
339,229,317,273,59,148,127,91,337,72,170,164,159,180,367,141,365
38,42,158,187,257,46,71,83,154,221,176,63,183,219,350,223,19
51,239,257,69,367,133,53,15,131,269,242,351,333,268,271,108,36
143,36,344,131,63,114,238,189,288,277,71,51,86,282,278,136,366
261,295,150,106,171,228,47,69,336,29,340,143,135,71,327,313,323
40,44,213,357,71,106,371,186,31,195,197,115,160,78,190,301,180
51,340,258,22,94,245,363,25,59,263,378,260,271,255,38,211,369
42,12,332,245,348,329,327,133,80,115,156,255,307,193,76,300,176
211,205,180,209,166,73,143,111,148,303,100,275,366,57,233,12,240
63,108,289,190,283,249,56,288,144,4,285,310,31,345,105,326,177
261,71,195,121,257,271,229,287,205,0,147,356,308,355,88,152,33
109,144,335,365,71,191,204,183,358,378,55,223,152,0,145,251,219
6,55,368,58,348,173,120,143,18,199,67,8,333,36,307,227,162
131,351,53,71,314,180,336,106,140,324,50,343,227,190,290,219,85
310,134,227,321,283,36,159,369,166,239,263,374,124,300,15,270,158
288,325,143,340,139,314,252,305,55,186,287,375,211,190,199,358,295
309,210,198,109,240,233,265,164,77,367,142,304,362,241,192,60,283
133,16,188,138,177,376,58,378,287,318,261,260,284,121,154,178,53
188,356,117,71,44,358,144,250,4,8,367,97,148,223,208,135,173
323,64,253,1,365,127,223,369,33,271,268,194,150,7,99,235,265
220,256,196,104,283,127,312,111,33,59,261,219,335,149,310,137,183
85,160,227,260,142,6,203,136,34,143,256,378,144,71,76,296,263
241,4,367,43,6,89,227,268,372,63,90,236,71,291,335,320,56
6,85,120,348,48,128,89,42,312,71,200,239,100,324,194,10,344
377,174,308,335,161,292,29,111,324,346,117,365,133,285,104,245,313
348,174,340,338,298,97,262,367,71,203,216,305,328,121,112,125,89
37,141,345,374,91,210,331,184,6,304,344,310,197,178,313,56,246
217,92,103,61,111,60,247,314,3,270,310,87,273,331,55,180,249
95,112,154,281,210,356,213,59,223,318,265,374,45,334,261,123,84
284,169,318,49,115,328,91,123,26,372,191,319,16,20,80,183,313
115,79,202,92,5,256,253,227,120,4,40,94,136,132,53,131,167
168,180,8,227,137,112,62,202,161,291,251,250,181,133,67,158,330
122,332,40,139,323,230,363,372,71,312,101,92,67,9,205,4,162
178,27,12,303,91,76,47,180,346,227,138,262,350,280,143,295,265
367,0,286,161,109,111,308,306,133,227,293,137,185,86,128,357,375
227,314,281,180,372,316,71,176,285,271,358,273,100,37,9,277,257
262,287,52,133,158,357,87,101,104,144,377,105,36,266,167,31,359
54,358,88,30,209,183,143,81,111,132,71,196,254,219,63,327,217
164,24,11,173,224,250,363,92,16,213,301,280,344,279,186,365,309
61,313,175,55,137,256,284,158,306,1,91,109,242,41,22,331,103
363,123,143,220,40,61,7,358,22,296,154,304,204,86,214,156,227
193,253,172,353,118,265,31,9,346,210,252,176,38,308,188,335,49
315,354,145,225,205,137,245,246,148,251,210,164,143,165,290,20,221
319,62,292,47,169,335,144,98,71,173,330,272,160,4,69,269,170
322,24,163,278,153,243,7,83,331,72,242,33,39,62,41,15,68
81,269,154,245,240,128,7,39,132,71,322,55,278,309,347,150,119
266,128,154,47,144,275,165,79,367,71,256,358,269,196,267,185,280
141,41,78,257,376,29,345,318,320,359,350,71,235,143,90,215,363
316,374,188,42,167,74,309,308,230,138,117,284,12,151,363,51,94
154,353,329,129,71,361,278,173,290,170,8,178,162,102,98,268,196
18,223,49,0,63,19,88,130,246,89,370,212,158,98,156,111,102
150,159,63,246,89,167,362,42,40,207,250,302,11,350,10,269,107
162,105,181,131,57,295,95,237,234,115,45,219,180,361,236,84,267
98,356,9,366,7,192,162,133,231,322,63,86,180,242,108,277,232
253,278,147,368,348,340,137,334,319,115,178,71,1,164,326,11,280
165,358,374,102,71,231,118,5,149,251,138,87,22,326,266,158,171
121,259,83,12,71,45,129,137,160,122,178,174,146,269,108,48,219
363,16,154,118,25,334,267,18,230,228,132,238,278,318,212,348,74
277,45,374,313,71,180,228,142,303,99,7,233,331,219,16,260,234
142,37,301,17,125,193,54,16,87,10,51,232,224,106,231,257,346
231,123,154,10,368,319,105,172,227,55,326,211,344,246,377,201,322
41,153,175,247,70,268,308,38,356,61,88,358,59,93,250,99,227
355,80,333,129,358,95,49,171,153,214,103,344,326,233,180,278,37
192,71,35,157,0,338,377,256,261,297,343,13,41,149,150,49,222
275,86,115,222,42,249,143,248,282,95,250,51,208,259,366,258,43
144,229,175,43,27,96,115,42,377,119,259,92,55,280,273,150,128
300,109,309,149,73,118,358,213,180,160,378,322,207,316,81,299,257
25,152,36,348,165,13,312,369,22,73,354,37,137,67,135,302,239
270,128,107,293,233,212,58,166,122,193,204,178,281,133,70,333,55
61,67,247,318,60,262,14,3,362,133,119,321,130,15,70,115,153
210,71,79,146,16,106,80,46,248,42,335,164,21,242,358,186,25
164,72,94,71,318,275,353,229,227,332,41,376,248,172,228,80,289
206,53,212,314,179,367,4,234,334,19,16,6,358,119,361,339,31
197,244,357,355,33,277,336,137,71,124,191,152,232,141,112,283,354
34,219,36,249,301,2,115,361,289,238,83,104,275,94,365,324,279
88,71,112,249,196,164,361,99,20,231,227,63,343,240,329,283,151
278,223,111,201,357,247,218,158,71,135,305,365,169,174,65,217,99
176,156,41,120,217,106,78,281,155,245,314,278,80,119,227,63,6
360,37,128,92,115,71,31,357,51,195,356,270,347,285,322,377,310
107,271,251,159,254,186,142,189,129,332,123,367,71,156,133,60,232
272,219,239,314,45,58,195,287,153,234,247,100,349,278,143,321,310
115,125,348,340,71,343,142,17,98,262,106,158,359,134,145,318,237
129,112,0,222,245,275,13,314,219,321,115,161,121,173,71,347,333
252,238,365,72,316,332,131,203,234,45,70,111,186,42,190,293,133
260,263,240,17,253,182,36,366,115,155,186,322,37,349,31,237,67
243,252,275,128,363,20,122,308,119,333,31,175,49,75,358,185,344
233,120,325,42,266,327,245,238,285,20,234,44,104,174,236,141,133
308,120,336,310,51,233,211,27,338,42,103,313,372,323,148,227,28
191,347,225,133,273,281,4,154,344,365,372,9,251,36,76,247,187
375,123,233,334,89,66,70,176,210,62,190,154,283,20,212,94,158
61,57,29,46,164,103,368,48,94,220,96,312,257,227,254,369,106
148,316,288,15,227,300,199,48,121,130,34,80,27,167,116,108,177
89,240,221,274,71,377,85,275,124,306,272,160,53,233,104,27,281
7,20,325,32,123,350,194,210,103,245,244,162,12,3,277,70,363
242,314,318,347,9,31,36,43,313,319,60,331,276,167,211,153,274
85,315,342,278,119,244,286,106,335,273,104,200,71,37,232,108,227
18,16,15,351,37,186,108,333,214,80,11,71,367,273,246,243,78
115,227,243,71,310,37,73,69,158,31,101,250,301,20,254,12,281
276,356,118,344,235,326,211,234,318,133,242,269,227,61,134,55,360
368,127,31,89,79,248,178,112,45,213,324,314,254,87,122,219,277
37,2,128,144,70,206,343,333,1,211,84,40,8,95,132,304,87
208,319,353,22,127,244,257,113,332,225,173,31,206,236,63,249,62
234,227,197,123,14,109,193,281,296,286,254,104,279,293,3,295,30
150,103,363,48,298,216,278,88,42,376,284,308,227,326,322,115,329
295,282,269,39,280,206,209,144,203,79,165,84,253,123,88,156,358
121,370,355,375,114,218,265,319,95,282,27,374,344,61,87,283,271
345,214,1,36,71,292,182,137,361,67,41,131,259,291,92,266,95
71,98,152,76,195,254,70,122,68,363,130,282,319,292,228,328,36
77,256,2,209,7,374,282,108,289,219,16,153,101,79,227,297,342
144,269,119,214,280,296,79,194,220,94,63,37,353,356,245,314,173
37,217,153,88,131,214,182,287,133,80,249,3,329,204,16,266,7
100,2,190,96,175,196,0,322,160,47,351,345,121,195,169,348,12
271,296,361,227,80,71,367,119,31,229,355,308,47,59,298,328,362
242,164,316,134,150,205,128,243,83,207,71,302,310,115,301,23,176
30,33,345,237,221,308,269,42,65,267,154,195,214,248,111,40,210
357,246,163,154,104,254,10,51,83,203,112,229,322,330,224,227,324
227,60,186,131,239,122,112,279,372,71,191,36,203,233,7,34,18
336,142,121,281,331,22,259,133,269,240,101,109,232,157,99,301,268
344,67,78,304,318,305,364,89,55,313,2,42,346,283,358,281,262
224,148,309,195,301,365,269,91,218,279,318,132,26,332,225,114,137
285,206,20,348,94,154,143,69,361,18,278,342,164,152,135,71,15
69,206,350,288,363,325,7,56,154,232,270,227,87,17,34,348,109
293,190,318,229,88,266,146,98,252,280,7,3,77,154,310,378,258
143,293,3,289,308,275,50,137,71,139,135,83,36,358,343,77,17
70,115,77,109,273,30,211,25,254,71,229,127,124,202,174,374,212
296,181,3,263,26,264,367,241,88,322,228,290,53,353,271,40,83
355,132,33,36,354,344,243,346,327,368,220,94,245,141,213,61,26
158,363,331,231,27,280,129,268,283,138,8,227,120,225,332,68,119
193,236,110,141,356,230,26,244,36,46,189,308,72,61,108,92,80
313,278,111,36,174,273,143,251,370,107,211,359,46,139,81,229,18
11,331,214,290,89,132,4,178,193,127,350,60,245,267,243,188,250
345,306,63,373,303,190,72,278,132,189,300,220,301,331,71,175,329
235,3,326,329,319,270,16,367,69,310,79,192,28,157,96,293,263
63,106,66,191,334,374,171,101,144,103,197,214,245,87,220,23,123
51,354,207,71,314,175,356,357,57,144,162,227,11,280,169,298,28
188,244,331,360,113,59,233,40,132,186,241,357,4,118,227,63,191
263,174,71,231,63,119,351,367,345,105,257,132,264,299,88,254,370
145,104,141,11,311,165,265,310,185,358,242,193,158,314,142,349,280
228,224,197,244,211,335,43,19,121,34,271,276,295,257,280,358,251
353,374,329,66,118,367,233,37,259,273,333,101,192,92,214,142,342
138,137,331,63,313,82,77,171,143,158,31,351,58,76,16,269,340
298,365,301,156,346,345,40,83,229,159,264,304,362,366,250,108,214
186,2,190,79,59,250,227,95,6,239,376,17,58,62,138,305,251
171,37,36,136,88,162,42,255,203,283,263,2,378,232,43,211,71
316,363,92,137,374,222,270,258,345,12,210,191,145,120,156,358,247
204,64,227,122,209,37,259,147,318,114,190,327,80,154,331,231,275
257,268,156,241,136,154,65,36,260,339,304,41,188,176,141,63,239
145,286,100,248,258,40,373,301,378,263,280,139,233,271,251,195,68
222,160,249,136,313,291,141,356,39,65,269,327,41,83,339,213,71
71,228,245,231,119,133,68,286,340,319,190,290,256,149,49,283,229
124,44,327,311,96,201,325,352,342,195,139,187,101,91,219,114,6
320,344,101,155,308,269,120,100,142,259,144,213,36,74,66,282,154
132,335,137,87,71,363,164,191,319,200,372,9,56,375,131,356,190
20,296,269,249,27,111,300,325,123,251,103,24,10,245,152,283,150
367,71,109,348,89,40,83,159,331,155,213,178,256,198,63,221,327
41,26,130,357,45,305,11,71,280,258,145,378,201,197,57,154,227
187,326,53,261,377,45,120,166,353,227,342,290,159,182,71,16,98
68,8,299,19,41,175,212,209,73,313,25,350,71,144,67,238,12
316,341,339,227,83,257,58,18,9,8,272,275,133,239,245,288,4
227,16,6,335,124,263,257,120,220,167,193,269,361,36,202,196,119
118,362,97,316,220,173,71,238,330,196,351,136,102,112,225,31,203
239,19,269,373,89,42,212,173,346,348,118,227,221,202,16,61,242
113,192,284,22,368,227,250,237,7,122,161,203,53,72,353,142,104
374,233,245,77,312,341,133,294,4,57,10,286,114,109,122,71,6
153,369,370,191,197,186,207,148,263,50,6,278,25,68,70,189,267
122,72,253,347,206,22,272,352,153,245,180,10,115,254,293,319,118
229,67,227,338,68,135,63,343,91,3,148,42,213,75,170,10,321
285,347,229,233,4,328,177,36,232,27,71,87,377,108,369,331,323
281,364,227,92,25,370,233,42,249,325,138,297,136,318,288,10,53
318,131,316,227,282,31,242,68,49,60,300,6,178,346,354,279,257
267,176,270,338,145,42,35,352,367,102,159,313,173,192,164,211,235
88,32,195,375,351,286,313,227,144,31,326,354,183,97,142,357,290
35,71,246,333,137,310,211,227,264,214,120,153,350,268,364,31,272
266,178,159,46,71,45,331,135,61,253,143,23,1,205,94,67,133
254,206,368,31,109,356,94,59,152,118,108,331,227,290,320,71,330
110,164,16,244,42,360,178,211,274,256,41,241,167,17,59,308,121
203,139,110,133,112,89,274,319,227,332,51,220,325,244,183,170,73
277,332,71,94,271,112,12,340,131,143,73,358,34,11,198,374,186
78,267,201,325,278,9,264,357,268,55,49,177,4,152,31,79,145
71,119,249,278,246,66,59,133,302,18,109,84,280,46,57,173,220
154,360,101,59,295,135,55,18,99,281,249,349,191,213,41,141,224
111,206,79,325,183,152,367,233,337,129,154,175,313,238,59,256,159
248,245,197,67,129,22,108,103,169,57,133,256,68,299,317,301,369
181,323,225,224,103,329,40,77,295,282,203,44,104,9,186,214,357
44,327,245,186,276,246,296,89,63,87,36,0,164,371,51,252,238
183,108,70,76,31,97,334,80,197,337,177,37,9,42,171,258,109
229,343,71,288,348,237,275,108,210,171,331,224,103,150,322,346,2
304,37,44,346,258,301,221,190,233,128,373,229,314,201,103,9,263
346,288,263,118,313,305,81,378,133,96,61,303,212,312,3,203,31
154,227,104,301,171,285,358,164,210,249,77,57,221,244,283,158,191
347,152,132,68,233,145,123,113,22,243,294,365,235,160,263,227,5
332,58,106,365,285,148,328,167,36,308,179,359,119,361,137,290,197
126,169,55,350,227,251,144,378,154,206,318,12,265,280,78,88,36
355,279,42,174,181,317,131,303,276,36,63,123,142,27,129,294,203
173,212,37,310,271,55,329,115,246,249,178,298,27,71,266,304,273
201,367,343,84,269,231,115,227,318,8,312,341,274,287,63,207,110
43,71,104,227,213,211,111,119,44,190,106,253,180,337,174,31,58
181,378,213,327,8,91,153,167,117,39,71,346,92,350,280,321,164
374,137,196,150,32,310,45,125,331,309,224,180,289,87,173,211,62
303,51,211,18,133,3,147,378,302,369,205,85,319,162,71,268,377
69,319,73,265,152,42,238,374,7,158,321,46,181,36,227,294,243
19,191,345,71,332,57,82,272,247,195,234,363,347,224,225,160,103
357,233,116,217,71,291,114,12,310,227,2,32,266,340,96,86,44
300,249,221,27,227,73,192,268,104,115,108,25,153,334,308,33,71
227,23,152,334,283,76,257,217,252,141,335,79,133,120,344,375,71
186,320,318,185,268,256,3,255,190,275,257,272,114,278,128,61,353
218,186,71,31,140,251,49,76,144,152,112,223,234,278,248,307,335
246,356,75,171,347,168,197,173,301,317,102,215,298,277,223,205,196
276,79,120,102,74,195,229,51,53,305,73,331,161,13,290,126,191
280,251,202,81,263,301,100,71,314,55,290,2,204,287,89,136,63
186,80,294,33,305,256,31,85,262,281,308,158,259,127,304,111,77
274,354,363,132,34,150,19,33,352,336,188,95,203,277,295,303,57
63,114,221,368,305,272,277,233,255,354,144,78,197,155,128,6,33
62,269,285,95,312,91,60,181,278,275,348,246,227,123,69,303,88
195,198,104,51,118,185,178,126,16,27,162,312,326,186,264,60,354
130,91,281,174,42,375,127,71,256,328,241,58,211,8,163,283,61
372,41,164,234,94,90,157,331,255,71,144,212,230,314,101,256,107
277,232,283,148,176,264,248,3,115,106,147,240,241,12,6,71,262
274,87,25,55,73,120,133,227,49,74,128,334,224,70,101,230,193
164,46,331,304,312,244,365,223,256,239,102,377,332,184,108,174,190
263,137,249,331,180,42,109,143,301,71,6,363,290,174,303,80,372
330,202,141,309,115,243,323,101,106,158,16,308,176,206,360,359,102
31,58,325,283,149,227,36,229,154,271,4,350,148,295,342,326,113
285,2,242,163,303,334,164,160,82,355,132,26,360,30,291,9,116
331,378,333,160,162,302,295,68,332,76,149,142,326,227,85,24,316
198,195,331,233,358,210,304,141,80,378,152,78,271,96,64,327,23
372,9,51,254,55,71,73,275,155,41,80,365,362,252,240,178,130
329,358,71,210,144,134,151,248,178,215,41,223,283,61,158,280,377
192,99,311,96,286,45,173,63,278,234,247,325,191,27,74,299,267
290,59,247,259,216,20,83,277,141,47,6,217,80,57,378,36,111
212,187,150,251,218,12,42,71,361,60,332,244,290,63,6,254,39
71,95,6,330,245,9,93,73,352,79,325,190,229,33,274,228,334
59,54,242,53,324,326,167,177,31,63,135,354,42,348,62,366,272
130,223,111,127,122,133,374,17,154,225,352,296,358,238,300,91,71
358,275,272,322,181,287,214,20,49,160,164,256,108,169,131,43,213
80,221,71,367,56,28,44,357,211,26,79,9,237,160,25,227,130
335,34,330,71,37,123,41,215,305,341,285,7,54,230,148,191,331
317,78,39,164,196,89,188,150,134,357,36,275,151,71,62,241,193
232,335,269,154,124,150,236,360,145,358,363,201,40,94,294,227,3
164,285,368,49,33,269,280,232,69,185,238,134,234,342,220,138,71
105,313,178,357,137,163,66,303,31,131,275,183,18,122,115,274,345
334,180,274,22,102,290,90,269,8,219,267,109,70,245,71,254,277
59,245,319,1,94,367,12,186,158,41,51,77,71,347,243,369,310
331,240,121,252,224,263,257,143,328,270,102,133,33,14,184,248,204
146,59,340,363,168,71,344,62,221,108,18,220,316,335,208,54,243
211,356,227,39,141,209,111,357,278,280,103,83,251,128,275,230,79
42,76,106,312,5,243,160,190,123,31,133,367,217,299,134,356,313
165,227,291,113,74,269,302,237,243,375,374,206,332,141,208,294,169
7,291,85,258,154,144,365,14,16,366,244,80,302,77,311,115,242
150,353,276,301,80,72,376,281,108,239,307,139,110,36,118,26,113
186,322,39,358,374,335,136,261,365,125,118,355,9,128,361,133,294
182,160,167,254,111,163,318,245,37,207,343,304,219,154,289,193,348
131,250,333,298,159,130,92,157,207,240,284,169,174,3,112,336,374
272,69,132,73,374,46,358,18,27,227,112,299,203,363,22,293,346
169,60,53,71,333,153,353,328,143,139,361,85,102,17,8,176,20
200,320,227,366,169,325,310,32,263,278,63,34,214,188,319,369,11
258,40,55,195,232,53,257,181,312,180,5,248,78,323,120,20,225
202,58,289,127,203,71,18,201,378,227,331,314,269,341,30,296,34
300,51,237,71,361,193,112,147,43,363,377,158,78,351,214,87,278
219,92,251,265,188,115,227,243,95,358,256,272,363,199,125,22,242
162,71,372,1,123,329,77,289,70,22,119,238,133,157,18,4,58
18,174,16,352,76,249,212,245,308,124,92,186,59,377,189,48,213
12,183,188,263,195,253,290,55,29,193,254,313,102,203,321,65,191
245,217,340,324,265,332,95,304,266,73,31,378,41,227,203,58,94
312,370,55,232,41,227,311,256,88,38,71,138,157,124,57,191,109
207,71,348,42,63,86,58,343,186,318,374,252,154,265,298,227,115
309,156,324,301,147,193,90,356,133,357,71,227,119,361,260,218,244
270,230,3,161,71,257,103,65,367,168,289,130,227,119,218,40,137
179,319,103,268,353,365,71,9,112,367,190,29,152,173,135,40,178
37,278,260,335,133,55,124,316,282,71,243,225,180,172,304,233,289
202,339,27,104,147,362,167,292,355,250,211,327,318,227,100,91,335
303,71,269,228,88,43,79,291,58,124,359,2,38,195,144,330,66
162,84,118,362,251,164,9,121,347,249,158,100,276,10,135,357,106
257,42,176,50,164,241,107,362,103,132,128,16,24,196,141,150,239
339,2,59,297,180,212,149,133,71,50,312,92,375,321,236,272,190
164,286,221,302,344,317,100,98,346,261,129,183,152,61,358,331,71
268,72,28,123,169,58,171,249,261,263,242,348,216,35,314,321,374
374,106,100,115,222,180,312,229,111,330,327,151,66,186,122,6,227
246,84,105,268,191,71,196,148,287,121,288,313,77,331,207,176,326
132,103,3,371,320,378,304,42,129,88,328,163,300,221,246,106,2
103,254,125,24,145,331,106,345,193,71,173,63,2,290,9,270,100
10,342,55,2,372,369,22,271,98,349,25,330,71,318,30,33,164
227,320,192,356,9,112,254,177,344,55,148,122,8,374,155,264,317
2,192,276,306,309,371,40,231,331,233,210,345,229,14,325,122,30
33,330,63,36,252,37,264,285,35,41,235,120,301,152,363,133,81
89,358,227,244,187,146,304,56,278,313,189,128,320,308,258,319,145
363,214,20,86,213,83,227,59,6,78,232,1,219,79,160,334,303
359,226,3,71,137,61,80,245,262,200,268,76,224,130,287,349,52
24,103,309,91,161,171,133,221,196,281,121,217,331,214,374,154,209
34,345,310,256,248,19,109,340,250,369,347,366,84,374,376,361,210
191,143,180,187,239,250,367,275,84,254,248,137,47,113,329,133,235
254,30,367,324,218,31,34,361,263,7,343,310,273,221,73,181,325
338,175,345,328,331,242,182,29,178,197,157,352,87,11,78,100,237
202,321,80,59,272,131,58,343,160,204,151,301,302,156,361,377,180
303,184,245,224,141,128,212,169,367,129,327,283,275,361,112,180,323
4,247,8,165,268,353,233,35,205,243,368,63,72,180,139,213,283
43,23,31,124,214,55,88,164,56,125,188,356,305,309,46,262,79
71,240,353,113,40,247,211,208,190,154,155,239,119,127,47,148,337
229,332,247,233,227,357,71,112,242,375,263,196,191,336,122,101,305
229,71,137,270,4,283,325,308,200,105,254,25,250,45,134,284,156
41,344,244,214,232,178,233,59,295,92,143,158,88,139,294,167,378
338,312,109,111,365,67,183,59,68,228,39,322,367,227,374,107,158
131,242,309,327,117,80,104,132,218,355,321,58,334,121,71,272,162
369,31,182,169,227,154,311,41,51,7,102,86,308,90,83,72,52
112,338,283,347,73,71,281,191,333,272,15,0,303,79,139,306,51
43,51,269,106,10,376,100,6,95,214,71,160,233,199,16,285,310
275,348,71,78,319,136,361,327,174,79,81,183,77,303,193,355,227
254,365,115,354,194,269,249,116,248,41,90,284,28,195,4,47,84
341,227,149,95,269,150,67,109,242,347,221,8,17,207,3,81,164
130,142,216,226,197,367,222,36,337,228,88,195,280,252,77,44,372
346,78,27,36,16,197,39,94,225,123,40,352,42,161,244,62,240
297,207,332,334,362,235,322,51,206,369,363,36,199,254,249,323,284
124,221,244,176,17,217,111,195,119,268,233,123,187,229,251,181,103
101,126,119,141,281,255,309,292,363,102,6,26,42,50,261,170,23
324,174,331,213,369,202,51,49,337,177,2,128,362,10,145,104,280
39,214,196,227,118,193,305,88,278,271,7,295,365,103,78,81,126
280,327,254,317,129,36,377,31,96,350,297,137,187,220,210,123,248
245,154,259,74,31,109,59,176,244,292,338,123,304,367,53,155,372
145,304,320,223,295,227,288,25,286,191,354,165,178,110,119,279,331
329,261,378,211,164,51,357,57,160,71,348,332,207,341,358,193,72
264,325,4,361,263,70,261,25,227,71,39,362,281,173,267,278,340
111,37,291,305,89,102,361,144,92,366,307,175,190,197,213,141,333
263,18,201,86,289,53,129,151,353,234,159,71,92,55,14,366,59
19,9,152,100,258,105,8,83,193,305,301,169,232,227,139,240,273
44,277,167,143,294,219,226,214,180,210,77,47,309,190,100,178,301
278,227,31,60,247,163,27,308,314,192,124,118,291,251,209,208,81
25,253,351,34,292,144,27,193,318,227,125,100,180,211,322,201,182
241,343,337,286,320,305,174,3,112,213,137,141,87,129,291,249,156
360,42,175,242,23,304,62,150,114,302,58,25,71,163,319,283,112
340,233,10,193,144,78,71,171,5,31,133,83,271,378,363,309,39
281,243,308,73,83,135,268,193,169,309,235,334,177,92,227,181,222
162,291,206,303,55,357,348,329,195,174,79,278,312,48,93,165,323
114,269,251,347,11,79,106,299,139,311,102,158,331,325,148,374,258
211,131,133,248,219,71,67,334,159,225,115,317,122,85,119,332,284
71,51,133,36,174,227,143,294,195,355,266,201,131,213,64,271,164
112,10,12,264,355,36,240,210,33,260,192,178,126,96,52,281,63
5,319,301,96,98,63,36,205,84,107,314,323,334,29,282,89,345
56,158,365,54,40,287,211,367,243,214,8,354,53,42,316,220,358
287,25,12,29,253,188,71,288,249,157,63,308,7,172,103,141,195
358,66,4,329,273,365,326,177,55,245,98,335,213,242,271,321,247
139,203,157,337,140,211,252,378,160,267,369,195,224,125,9,299,126
263,315,285,289,55,301,33,356,310,245,280,339,10,36,134,37,279
283,181,123,342,59,0,108,237,232,137,46,211,42,122,44,173,57
78,94,319,252,199,368,194,158,42,141,276,191,46,334,336,253,63
159,12,221,306,114,269,186,49,314,22,183,124,355,238,312,224,34
56,83,304,337,242,307,279,350,197,94,369,223,143,173,59,113,130
217,174,104,367,177,1,243,346,210,156,186,16,287,41,295,36,246
308,174,372,71,145,261,118,202,8,63,268,185,123,197,196,6,122
34,154,147,338,67,230,238,139,136,353,198,337,92,120,71,225,220
303,62,225,214,36,256,242,108,69,34,254,275,217,305,324,276,208
79,57,2,218,365,71,55,358,163,6,281,7,303,193,216,299,88
2,244,180,236,139,238,142,375,8,108,153,206,211,7,181,372,267
3,36,106,353,159,245,316,318,31,269,103,56,83,143,214,57,145
52,237,314,370,198,10,358,158,278,26,83,239,339,211,96,373,39
348,310,312,77,184,89,144,267,336,164,342,139,115,87,278,86,373
142,13,46,76,199,228,301,345,143,121,223,227,158,269,94,295,113
70,135,257,16,226,236,89,251,144,295,163,375,25,31,96,75,63
84,245,158,339,51,253,31,88,111,87,36,281,186,241,239,286,160
249,162,256,250,287,190,311,103,139,361,368,255,42,55,241,345,202
313,262,344,298,176,41,164,144,255,222,84,377,316,367,152,233,357
227,119,257,35,288,221,85,148,361,187,280,271,273,90,305,118,38
261,367,313,305,41,298,133,115,37,345,245,244,183,254,158,260,112
140,43,314,254,203,238,289,16,337,175,219,271,274,365,36,85,13
192,176,19,347,1,137,197,172,330,310,293,61,5,205,284,190,111
154,63,330,84,207,203,25,227,331,110,193,78,139,272,115,208,70
135,133,89,49,29,370,269,226,126,31,20,275,94,107,185,313,76
358,198,346,49,141,101,368,205,258,158,71,88,338,105,197,45,39
128,94,353,196,227,133,15,340,320,83,281,241,18,115,36,361,144
31,264,134,284,59,253,122,153,302,262,285,176,34,37,216,171,378
358,351,71,42,66,67,316,310,269,355,205,131,263,189,353,196,92
294,328,346,149,378,119,211,18,176,325,329,236,281,188,36,302,341
101,63,60,164,73,41,147,204,131,233,235,145,207,71,161,28,223
49,56,195,314,129,334,139,19,298,303,252,47,48,165,104,229,61
165,34,233,128,21,225,140,255,181,277,179,192,318,143,283,164,90
188,112,227,318,363,219,80,358,336,245,277,322,143,36,260,106,295
85,141,53,87,108,0,31,135,7,285,224,72,338,35,137,128,55
277,111,273,232,289,76,345,178,144,256,180,108,313,227,272,120,335
221,141,89,61,113,294,142,122,80,55,72,119,130,145,266,192,37
170,377,56,9,36,71,119,94,232,123,81,34,98,190,314,331,60
25,269,227,237,345,110,71,366,51,300,53,348,285,31,16,298,277
36,223,202,56,117,147,253,230,16,164,46,169,191,84,233,242,192
112,96,248,10,144,283,71,183,220,129,155,277,214,199,104,359,103
151,33,197,105,142,211,209,280,177,190,331,71,277,310,2,252,169
36,87,42,56,44,261,278,227,209,4,107,29,264,289,331,131,185
310,251,178,343,253,341,348,209,229,34,256,83,42,227,144,193,112
330,117,74,133,220,193,112,209,114,154,299,77,313,88,315,10,255
144,204,195,95,175,70,177,376,247,1,102,39,30,248,124,308,53
288,90,106,355,16,233,326,352,156,44,367,55,231,295,149,60,225
298,42,89,315,71,377,137,171,175,173,329,317,2,223,236,37,3
290,280,185,174,368,203,320,94,253,3,324,188,355,8,85,183,365
241,275,258,71,191,322,243,175,374,198,41,244,181,92,214,196,59
244,46,158,296,378,92,282,236,208,207,256,215,83,155,322,60,34
221,314,231,71,3,278,282,27,127,378,212,53,261,271,211,62,18
153,169,188,77,60,376,135,51,57,258,268,14,228,322,280,334,87
303,71,55,44,61,30,52,161,133,313,144,258,330,242,37,181,11
12,144,184,249,200,133,228,94,270,190,152,213,18,315,246,299,157
362,133,334,195,165,147,118,305,122,329,35,238,144,227,36,213,51
181,159,80,208,95,30,51,33,71,361,294,348,193,269,265,291,279
309,198,316,374,145,332,101,71,283,254,96,369,154,272,256,144,112
16,368,35,102,233,373,90,345,84,53,184,7,362,261,12,358,295
347,13,340,115,95,227,134,331,157,175,316,35,250,144,309,135,304
101,76,346,268,77,201,192,105,94,278,366,308,227,165,246,313,343
237,73,239,299,240,263,164,183,378,196,20,374,161,62,150,18,85
126,222,290,81,173,250,258,211,281,87,256,246,36,302,367,227,115
96,235,194,265,137,71,254,280,34,78,104,53,144,191,26,368,345
255,227,159,311,220,112,266,314,344,122,88,23,141,347,257,331,18
103,109,344,2,357,276,142,203,182,67,301,118,71,299,214,274,273
316,43,254,233,377,357,37,283,102,101,318,332,149,238,298,190,180
130,190,226,219,70,47,229,128,198,196,136,92,283,186,244,168,38
213,115,340,159,18,152,70,55,154,2,71,307,378,17,302,245,313
133,217,193,132,126,233,7,334,191,232,212,36,114,136,63,294,43
157,335,260,139,282,8,71,245,232,377,331,230,302,318,340,7,368
123,63,71,178,134,321,206,42,316,202,183,114,121,352,112,174,263
224,274,57,353,186,99,73,87,103,252,188,312,144,375,160,369,43
156,190,340,332,253,124,236,376,136,211,355,214,152,374,320,27,218
276,128,84,148,118,68,291,358,169,260,176,324,309,357,26,269,101
208,156,274,195,194,102,230,144,363,189,112,223,319,304,367,38,170
319,212,42,223,22,144,300,133,46,87,363,138,38,298,345,271,278
0,80,161,131,113,27,341,309,90,71,240,132,154,9,211,164,122
177,42,289,71,345,248,238,118,119,104,63,161,211,80,316,188,36
120,241,154,30,71,122,165,86,369,220,289,171,356,329,102,337,283
7,332,41,343,354,60,244,29,274,267,269,361,144,71,251,164,263
363,338,174,350,112,121,115,227,218,348,339,82,80,15,332,150,134
315,254,303,356,33,357,348,216,55,63,221,164,12,283,214,143,304
44,316,232,219,128,35,205,203,90,348,46,114,193,71,280,314,38
353,154,269,9,202,181,92,2,71,325,316,294,114,51,223,47,310
114,260,357,286,72,38,367,174,80,203,71,104,16,94,112,27,98
332,250,170,212,257,287,27,305,29,245,217,301,357,246,17,207,251
152,78,272,368,372,52,267,138,329,63,91,339,131,157,334,71,159
311,17,129,58,176,40,220,227,362,253,316,158,120,356,133,28,307
373,128,111,212,6,307,182,127,316,18,31,243,205,173,103,270,145
26,287,112,43,207,329,89,349,133,148,336,292,357,111,212,343,161
220,71,55,39,95,103,201,237,188,215,304,277,331,144,171,366,143
76,77,273,336,78,287,47,137,44,41,54,34,152,227,112,339,90
109,323,42,347,164,235,101,242,255,183,87,320,22,1,150,25,273
330,131,175,263,372,181,76,124,302,146,314,169,341,10,88,277,94
349,159,145,196,164,150,55,72,178,20,33,334,266,71,289,181,139
150,71,164,31,174,4,378,39,55,322,109,94,324,36,188,133,214
220,295,193,173,164,103,244,67,98,63,285,122,196,363,372,44,269
24,361,100,298,163,283,62,133,81,250,238,142,176,76,108,305,275
349,44,224,267,281,348,192,22,312,215,194,231,234,37,161,130,304
164,71,220,86,266,144,195,162,141,178,345,319,47,40,269,234,322
318,105,115,53,87,134,265,63,300,96,331,94,93,106,14,195,211
250,73,87,116,120,178,175,324,299,185,183,296,227,16,20,100,106
100,71,143,86,365,10,303,331,110,15,275,84,235,38,55,41,161
26,7,86,308,290,301,36,51,366,69,174,171,194,215,71,151,254
210,298,353,121,56,268,296,71,348,375,15,205,357,283,331,102,340
324,181,231,120,159,45,241,39,215,37,198,304,59,8,128,103,211
253,272,77,73,29,268,79,306,83,249,96,84,218,192,43,6,89
202,329,331,16,126,43,55,70,247,320,377,289,253,378,128,330,123
356,320,85,215,308,78,55,202,276,111,295,2,59,71,186,245,225
353,346,241,143,16,173,63,290,213,224,93,314,133,358,307,298,291
193,34,29,124,288,237,120,358,234,233,66,272,71,263,99,177,6
4,228,257,248,287,234,323,173,340,87,252,321,204,133,358,318,31
10,198,359,254,257,274,76,140,340,336,122,245,80,152,301,71,19
361,325,378,344,293,134,305,216,121,42,256,164,108,232,57,352,84
181,203,300,141,298,272,73,284,151,90,142,71,265,157,244,9,273
227,115,281,272,269,355,321,71,362,276,308,192,240,338,78,334,202
86,164,261,71,301,89,107,112,27,100,30,309,181,94,26,103,352
374,44,95,210,155,171,112,224,164,135,9,191,134,246,68,204,71
90,184,256,132,71,220,51,237,32,163,87,368,94,147,233,376,247
174,322,59,289,57,200,329,140,204,363,278,265,255,213,152,32,331
179,71,148,227,84,280,47,376,214,94,126,304,111,109,69,176,344
83,69,146,37,217,346,244,81,298,323,71,280,269,144,31,25,365
270,107,109,95,358,101,99,223,253,242,314,173,247,12,251,102,21
191,102,249,231,358,227,218,52,215,87,94,175,301,58,118,100,317
91,373,324,227,153,103,76,109,33,270,331,26,95,276,139,297,313
252,257,160,181,227,336,31,157,192,287,363,364,86,68,55,290,71
123,76,266,336,285,156,152,193,54,79,63,0,316,114,111,135,204
212,378,356,177,250,3,276,286,285,109,245,89,264,343,42,227,53
150,342,2,102,113,215,131,264,316,191,213,212,300,78,357,130,249
164,58,11,150,154,83,114,201,369,363,39,331,253,183,104,286,73
79,47,78,80,61,334,107,169,182,367,71,66,108,348,308,77,130
246,110,210,367,71,167,358,304,91,25,350,343,56,67,83,308,57
295,155,101,115,227,195,331,122,136,288,142,68,178,135,196,163,180
12,268,227,110,374,203,174,185,214,366,111,88,63,355,41,152,169
220,323,346,358,102,256,92,79,326,118,324,282,60,100,241,217,353
71,51,211,157,119,86,323,220,125,113,83,283,114,6,136,49,128
174,95,126,372,74,106,211,37,288,332,180,178,154,71,265,36,67
278,173,235,71,352,54,274,283,31,240,268,4,139,2,16,43,145
22,327,59,314,213,118,92,329,37,81,283,269,123,280,221,343,71
