184,280,222,88,308,175,318,212,268,309,302
325,226,254,358,303,284,36,370,367,266,78
142,256,55,346,335,109,71,291,174,196,232
369,50,174,71,190,278,178,291,41,320,321
3,218,274,63,171,71,55,115,157,227,158
133,148,183,91,367,245,34,8,14,71,16
361,154,60,227,119,17,31,214,159,87,53
145,129,359,260,177,295,279,241,88,348,55
51,103,167,155,343,179,347,367,268,316,9
143,135,162,137,26,308,34,189,299,96,63
206,312,173,83,246,72,244,371,180,295,143
141,178,145,330,148,360,283,182,233,247,112
251,90,270,220,366,375,227,358,367,277,71
202,108,100,278,242,261,357,335,104,186,71
319,357,68,17,6,80,128,144,372,198,137
63,377,149,201,186,71,263,339,219,195,364
214,133,363,141,352,296,30,71,198,241,44
280,107,303,83,180,339,246,75,224,209,144
44,325,210,308,191,327,56,103,77,141,232
2,130,88,370,74,100,51,315,360,362,356
165,42,83,40,88,59,280,71,241,278,269
102,114,184,148,336,210,281,103,133,289,144
267,358,111,162,154,321,316,246,57,37,106
358,295,265,115,239,96,171,52,241,250,356
37,225,192,83,211,186,278,328,184,263,157
300,358,273,229,307,37,312,71,239,371,374
139,59,134,334,318,186,353,109,200,269,249
47,10,31,132,206,278,115,374,128,328,366
207,211,31,252,82,71,233,281,36,323,276
204,259,235,71,42,281,311,282,206,95,231
96,27,263,31,212,333,51,174,247,326,45
100,213,154,178,144,71,132,79,90,80,228
122,102,85,136,221,142,278,97,61,240,285
328,366,71,331,318,363,133,313,289,141,321
273,35,9,77,331,107,80,38,42,236,36
330,227,214,269,245,120,167,169,121,29,334
293,202,263,219,201,130,238,332,268,181,309
309,109,167,165,79,282,55,137,33,186,3
354,136,257,357,306,271,280,63,254,106,80
259,40,102,282,303,46,335,326,268,152,304
275,71,277,159,128,333,193,224,283,109,325
310,142,55,280,131,290,147,322,362,346,100
331,281,0,335,183,356,149,346,117,254,240
73,266,334,194,316,149,6,213,176,113,235
41,217,200,57,164,13,337,169,305,112,368
72,53,260,286,250,90,230,159,73,129,81
275,194,299,211,4,305,119,103,178,221,63
244,9,269,143,312,308,233,242,111,92,322
37,317,139,36,358,220,41,156,118,30,20
255,133,325,354,204,155,253,72,33,102,251
185,291,60,61,319,84,90,378,24,152,46
349,203,229,237,126,7,112,142,271,51,234
252,229,104,311,376,100,141,220,223,2,233
16,217,105,227,12,318,353,69,193,43,23
167,194,135,227,314,277,61,108,36,335,55
354,69,321,182,66,211,39,329,36,269,358
295,72,136,274,201,126,180,294,109,108,318
189,76,260,188,37,321,330,115,277,237,285
252,244,273,123,363,66,192,343,274,256,60
278,160,9,316,144,101,332,338,358,233,375
294,234,348,248,131,224,260,186,107,96,354
271,337,329,18,172,101,180,363,320,362,280
184,245,183,312,173,241,133,268,225,62,159
316,130,300,332,17,262,144,269,105,330,159
374,96,186,318,1,343,152,201,269,317,41
4,332,144,128,35,90,100,142,172,351,85
41,128,24,347,108,136,174,269,344,278,245
363,203,270,183,239,365,229,4,323,122,251
254,71,61,51,159,283,101,42,27,120,3
74,3,81,242,69,122,150,71,329,66,182
326,329,241,236,335,147,296,243,71,361,312
186,367,164,19,185,34,160,55,329,254,234
138,98,283,319,328,176,84,353,304,144,287
265,347,215,241,20,236,81,109,71,330,163
148,369,210,377,354,335,69,19,153,318,104
70,377,309,320,92,275,97,73,155,49,153
293,374,342,190,79,16,195,37,227,72,64
242,71,44,213,227,273,180,289,209,108,256
2,302,245,336,306,377,46,300,195,8,24
163,221,207,135,267,50,176,240,353,148,227
18,202,368,225,306,17,174,313,80,124,283
100,374,135,31,146,12,71,278,11,200,165
242,57,34,348,67,317,163,37,116,14,313
96,288,318,188,355,187,289,89,133,115,246
181,130,298,55,184,209,234,280,160,275,346
80,227,266,55,49,58,52,147,229,43,185
335,232,330,254,244,52,353,317,331,183,308
150,196,185,190,33,158,71,261,8,92,28
200,273,92,233,316,253,249,141,263,368,363
348,33,313,354,293,296,189,135,71,180,236
377,199,228,139,219,235,271,211,120,358,108
88,227,263,351,272,128,174,57,115,294,1
159,366,295,253,76,134,296,155,59,62,60
227,273,85,44,212,248,136,71,55,156,334
191,188,63,72,51,161,304,256,358,287,2
273,178,92,191,81,96,186,111,338,239,40
296,112,71,128,280,43,80,272,102,67,227
130,281,47,118,72,128,150,308,135,312,36
342,55,206,302,369,368,227,339,370,78,109
305,100,331,34,95,66,378,268,2,158,257
154,193,347,115,281,42,203,104,133,86,295
89,375,210,132,41,42,227,245,101,270,36
188,139,112,51,48,318,104,293,238,269,223
51,275,16,145,91,202,133,86,247,211,157
259,2,71,37,83,357,188,47,241,18,141
309,335,13,164,35,38,252,314,273,294,36
253,170,12,277,78,214,353,51,361,334,169
69,358,65,144,331,142,312,3,266,344,265
323,169,245,180,227,377,214,363,257,133,117
111,80,246,108,328,171,330,100,41,40,290
251,336,219,111,351,250,46,347,62,152,165
236,274,265,357,353,95,71,339,196,68,290
153,47,2,91,56,7,37,329,192,137,184
249,250,342,306,55,290,151,188,308,277,255
350,173,268,38,147,108,122,87,233,229,133
94,36,123,314,27,189,100,370,102,72,208
78,225,294,134,346,148,319,99,154,71,227
182,6,40,234,100,250,184,181,172,174,11
330,144,193,42,296,92,370,164,227,283,329
207,103,329,188,336,109,310,6,157,211,22
125,335,75,38,320,44,285,248,89,354,176
261,61,53,223,6,105,44,90,31,136,52
203,257,249,168,92,363,308,367,227,71,348
133,150,324,71,215,164,22,169,325,209,127
212,71,301,269,141,156,164,5,305,316,331
76,106,187,282,192,343,183,137,321,374,302
115,129,103,257,271,180,122,70,107,188,53
346,102,49,189,61,294,340,108,311,282,81
227,141,334,140,101,337,241,107,18,186,172
277,18,52,255,329,311,212,139,137,155,236
247,49,26,320,71,83,203,219,85,327,143
155,71,132,249,291,180,17,356,289,357,221
170,142,327,143,314,154,118,247,318,76,182
22,84,347,16,81,358,30,283,275,227,257
71,317,347,10,180,295,131,135,133,220,233
162,144,185,178,171,39,103,63,7,250,37
34,144,369,353,161,115,304,298,132,190,157
331,237,240,353,227,135,334,52,312,210,304
259,316,361,304,276,122,234,272,133,22,94
283,211,71,325,314,240,212,295,245,195,307
136,43,288,347,127,40,88,10,69,234,276
369,140,348,41,147,214,171,294,84,162,333
365,38,215,372,40,251,104,206,152,171,278
147,321,80,198,133,6,39,4,344,328,250
104,71,13,2,239,249,159,25,287,327,240
301,63,178,268,42,358,265,263,195,71,187
115,347,76,283,215,29,31,41,16,3,94
63,302,235,73,337,188,250,106,202,19,347
165,287,175,264,279,66,100,169,89,208,73
51,214,108,39,147,70,164,78,304,333,57
337,273,294,41,186,152,331,165,137,195,203
334,280,70,268,366,332,215,208,188,308,224
18,278,216,36,249,150,275,259,154,39,106
71,52,2,24,3,272,143,354,308,183,101
55,187,133,134,314,319,124,61,143,157,144
78,162,188,71,13,130,77,172,372,149,12
6,287,216,282,234,72,245,215,119,357,113
118,108,52,80,211,346,207,229,130,217,254
138,365,174,210,167,39,122,197,22,190,263
230,277,105,71,308,260,235,343,196,236,265
204,229,19,71,123,259,169,134,367,271,141
367,188,69,281,339,80,50,102,124,284,327
43,272,128,246,20,361,147,185,313,181,327
372,325,356,268,8,167,78,368,161,145,69
169,133,41,31,66,289,87,144,353,2,68
209,254,59,73,124,281,41,108,102,212,46
42,333,369,271,240,327,225,352,310,341,213
51,115,142,368,355,256,236,269,71,24,3
71,282,81,327,368,2,227,35,272,242,316
374,220,171,300,272,261,250,71,327,214,257
219,221,308,297,66,59,314,146,154,332,112
50,176,369,58,285,105,97,367,46,20,289
281,131,44,121,3,183,125,253,84,60,81
37,164,288,100,318,114,20,131,356,38,63
3,112,71,315,355,241,89,119,378,260,361
147,206,71,208,16,205,308,243,232,294,331
346,4,90,321,227,15,68,73,304,71,366
212,269,55,112,363,369,58,9,251,256,341
265,144,203,358,253,124,164,353,222,319,220
109,366,37,141,118,40,154,139,251,324,348
314,345,264,176,261,250,49,42,107,256,283
157,186,126,210,194,294,235,36,289,227,4
132,212,8,319,260,278,63,292,69,341,320
305,10,214,123,88,63,86,212,7,345,363
214,123,191,56,70,130,258,73,154,335,83
58,353,160,325,276,298,305,308,363,71,323
268,237,358,319,285,55,71,372,359,68,314
196,350,227,68,159,272,127,197,2,173,51
283,183,71,51,34,104,123,73,307,228,36
40,36,353,320,245,263,352,55,249,6,83
37,173,354,114,278,331,50,71,106,192,340
362,119,7,79,268,278,2,151,109,121,46
225,111,123,181,277,69,174,2,334,340,279
198,242,227,64,376,93,34,12,362,147,76
6,125,37,182,174,207,85,107,240,244,71
67,9,128,271,305,318,121,267,159,336,252
66,71,74,323,229,302,101,354,193,275,84
233,71,121,60,373,22,104,221,186,27,294
95,111,331,260,330,220,129,265,337,378,92
34,27,325,2,319,37,312,122,225,186,236
241,71,132,211,326,81,363,44,110,16,367
358,25,164,370,167,49,237,43,91,112,116
177,354,195,42,305,227,69,71,108,201,375
211,200,301,293,218,73,205,101,334,227,57
173,273,376,214,330,325,176,268,294,336,63
340,188,363,324,106,79,59,95,37,121,330
88,167,79,118,250,15,329,330,104,209,212
12,96,209,178,85,265,170,165,296,269,312
55,22,99,188,141,71,190,237,270,343,39
104,45,77,133,369,124,37,111,90,317,71
309,304,313,71,108,106,78,29,227,191,121
363,0,348,61,294,80,20,245,71,25,83
157,342,294,353,172,346,261,331,48,43,358
181,46,322,269,220,72,160,354,293,151,211
314,103,338,152,120,150,100,88,337,133,143
136,115,20,211,17,334,256,2,283,158,200
215,41,227,25,367,55,111,307,209,247,73
44,268,105,326,169,238,227,304,211,230,42
148,229,117,46,275,96,14,70,144,115,97
44,119,261,332,16,71,331,310,175,230,270
144,182,277,172,347,158,71,317,68,367,102
142,258,263,109,313,182,345,306,58,377,31
190,37,219,260,368,261,295,146,331,362,254
365,146,227,296,22,114,348,276,244,312,318
87,331,43,154,71,158,7,4,2,174,115
212,300,280,283,160,225,277,256,156,108,294
37,312,295,137,335,41,334,227,246,305,239
311,216,227,133,150,71,263,127,319,10,211
171,359,259,161,368,343,71,318,139,7,295
16,135,30,106,324,357,372,72,312,95,230
181,268,9,73,354,10,336,71,139,204,37
54,18,53,83,50,295,170,208,228,251,206
130,12,227,344,241,369,363,329,341,159,68
85,280,207,33,345,40,169,175,83,378,335
257,25,118,299,109,234,243,174,59,69,35
176,112,186,357,122,209,344,206,250,120,104
47,211,134,16,185,89,63,251,36,372,182
67,327,4,206,18,367,81,281,36,218,311
345,106,310,227,94,290,42,144,157,109,73
100,352,71,213,49,150,96,11,313,249,155
332,71,299,197,306,103,271,342,181,362,358
55,303,180,227,69,295,245,319,210,279,334
315,18,137,345,27,128,158,227,41,218,246
147,160,304,71,158,317,285,245,176,124,295
80,118,250,154,276,298,181,130,192,123,218
7,41,257,44,326,1,156,343,339,195,332
11,99,354,153,323,299,315,250,316,304,48
343,82,312,153,106,244,290,268,51,207,4
171,32,200,73,299,111,242,63,224,263,71
213,266,121,272,51,176,102,137,310,199,78
212,242,168,133,150,10,34,335,227,219,154
71,242,129,9,37,145,143,6,73,67,350
8,176,296,330,254,221,276,26,373,153,51
84,85,130,55,27,223,73,272,197,284,118
96,247,378,331,20,319,300,121,141,316,358
83,36,369,97,29,259,358,152,261,62,303
316,29,120,243,100,117,50,246,126,341,73
17,9,200,301,147,46,283,253,141,326,369
51,203,298,365,157,201,55,113,95,309,227
303,227,164,249,8,197,113,67,54,85,336
19,218,375,187,37,16,108,99,214,290,377
354,102,34,40,330,290,49,308,250,287,3
227,257,34,73,164,208,229,46,333,211,215
275,262,334,144,114,16,250,308,138,196,322
37,214,173,277,111,377,288,341,25,71,128
40,58,202,295,306,132,248,9,247,19,350
144,361,49,133,325,112,352,358,76,196,107
25,307,227,378,70,322,321,112,298,341,60
314,31,176,49,148,353,28,146,264,227,147
314,300,59,63,106,125,276,258,135,242,185
292,113,17,223,71,19,60,36,61,128,357
248,83,69,241,303,201,52,362,44,227,88
147,70,245,308,234,372,176,142,104,30,71
165,242,347,254,71,10,153,320,364,31,257
112,103,147,223,251,51,225,128,356,94,331
128,204,230,377,233,39,3,211,221,49,290
242,175,121,224,127,78,265,5,227,129,324
175,6,50,269,206,44,71,154,90,63,290
253,299,332,370,295,361,2,107,319,41,10
39,318,137,227,113,4,354,158,239,247,76
293,274,150,115,0,129,227,220,89,50,361
231,13,321,43,2,91,377,369,29,81,130
336,302,355,124,266,325,71,340,254,104,212
71,163,196,337,106,331,72,128,227,164,180
135,212,356,318,169,2,71,261,61,312,133
329,11,71,45,69,219,133,305,144,322,67
366,346,312,195,211,10,34,361,308,71,292
20,118,337,88,213,6,210,226,163,237,258
37,233,101,131,325,158,301,358,190,252,345
49,2,337,169,254,51,378,205,259,124,84
223,268,247,281,18,88,274,151,98,351,202
271,211,298,227,164,153,268,254,71,196,323
132,322,22,6,218,263,264,158,15,191,153
71,132,112,327,337,239,157,145,203,211,183
213,81,146,157,369,238,306,118,111,41,131
191,112,26,361,131,178,193,289,365,328,133
160,311,331,298,182,118,242,41,352,318,377
12,118,181,331,142,343,227,157,36,92,20
150,7,363,71,133,181,139,301,151,144,131
313,54,144,41,349,287,366,40,29,138,154
335,136,302,137,356,157,130,313,175,118,80
80,104,158,128,334,357,366,309,227,183,241
195,154,53,38,70,232,367,230,334,158,6
10,199,250,173,3,96,304,366,251,117,133
56,115,341,372,344,248,71,112,42,138,73
286,96,304,281,339,331,164,305,268,294,71
69,184,19,51,56,314,204,268,71,312,7
130,2,57,191,377,184,122,217,27,306,29
158,269,361,169,317,41,112,319,363,272,346
12,35,89,162,154,340,236,145,139,68,267
160,139,172,349,108,130,180,32,77,227,372
9,271,361,265,298,214,121,81,229,225,127
141,314,358,91,232,167,346,172,164,196,211
73,59,178,108,106,112,7,267,297,58,8
139,191,202,319,86,62,273,94,355,31,271
336,49,358,277,6,330,245,301,2,44,217
34,2,108,12,229,59,83,274,30,363,63
158,72,69,2,323,150,331,190,263,106,71
142,65,2,22,307,288,51,94,330,36,212
243,11,269,112,310,317,371,20,378,279,205
71,231,340,25,69,133,32,290,120,89,31
41,175,195,323,339,71,350,305,263,97,332
236,95,83,37,152,157,264,363,328,334,219
137,157,373,4,63,275,62,26,71,171,133
249,173,172,248,337,227,128,287,186,165,276
237,173,227,254,334,76,108,352,275,312,182
81,211,291,115,102,375,92,256,73,186,0
42,318,53,291,358,229,150,325,92,59,230
326,66,156,100,262,71,357,283,320,334,324
67,368,193,189,16,100,335,68,63,144,57
193,102,71,336,354,23,154,146,29,300,80
193,55,63,109,197,269,356,102,103,10,344
285,89,281,331,123,41,354,0,141,94,134
0,269,278,58,319,358,11,313,320,103,304
35,211,292,367,316,202,263,88,169,303,51
277,347,125,330,357,156,162,13,173,40,97
331,314,213,6,272,71,211,129,257,172,282
188,203,96,157,196,27,316,295,240,348,119
145,298,71,336,244,265,314,294,63,88,252
366,356,251,114,61,71,108,173,238,320,15
68,244,78,274,265,346,310,89,105,286,367
353,86,29,327,214,300,176,331,249,254,85
76,251,154,357,256,89,162,214,16,242,44
215,312,251,133,110,24,121,25,304,189,278
8,322,275,220,71,272,2,170,249,268,44
80,242,354,86,325,357,353,42,324,227,106
71,81,211,277,279,157,214,250,99,195,329
344,268,38,33,244,183,10,173,60,63,367
94,22,187,282,186,88,142,319,103,331,229
36,121,214,312,138,63,334,61,71,237,88
51,284,275,267,101,214,357,272,327,188,229
142,289,144,78,318,249,340,341,227,313,112
71,91,378,123,208,363,248,133,114,87,203
97,221,108,357,359,341,193,95,227,305,71
308,81,322,334,71,191,147,137,365,320,29
330,24,320,71,356,44,252,343,8,306,219
169,33,349,234,221,341,186,39,279,158,15
290,129,134,212,277,336,227,214,276,263,190
152,206,43,177,25,260,127,36,207,227,371
308,158,200,145,143,135,262,354,58,170,220
204,15,89,135,34,214,227,259,268,291,189
27,71,260,97,262,150,52,60,205,22,214
219,165,18,54,71,26,262,246,236,299,344
137,42,262,88,244,236,71,170,172,253,356
345,225,123,160,159,186,71,65,246,214,319
241,212,278,273,302,50,300,247,71,235,285
84,307,227,36,205,300,3,273,70,73,55
299,354,233,211,297,55,143,205,374,284,43
83,377,295,227,243,260,296,277,362,173,244
246,272,3,276,36,243,183,368,155,211,228
216,300,107,211,81,72,200,241,347,108,227
244,252,250,100,103,45,235,106,275,16,59
120,193,363,156,362,308,234,360,318,167,45
63,335,174,308,186,305,30,332,275,367,89
331,245,57,131,327,182,71,73,158,246,278
142,265,113,227,30,65,244,288,71,96,236
253,33,366,83,271,2,27,343,282,239,36
165,243,251,145,334,189,71,63,42,68,308
314,358,87,299,181,192,331,354,111,283,37
375,347,280,268,353,328,71,234,344,203,128
343,341,196,267,104,107,336,246,278,366,314
135,99,184,265,80,214,263,43,360,355,281
159,131,363,195,283,31,246,347,106,22,72
170,277,264,84,263,216,18,63,27,200,340
76,88,94,345,43,303,35,144,12,63,309
16,199,9,227,197,377,137,164,213,121,29
63,157,154,296,108,341,237,210,330,253,127
246,31,187,137,71,341,167,132,300,287,52
376,118,125,279,367,230,63,2,87,83,310
147,6,168,51,137,284,192,265,227,72,35
3,71,102,11,225,378,77,308,8,44,370
276,80,19,123,73,71,104,341,229,142,270
163,238,29,219,126,59,332,300,209,231,261
30,134,289,229,169,266,353,37,312,156,298
122,60,275,207,200,363,214,268,341,238,346
253,63,175,71,147,300,361,336,320,259,212
256,263,304,92,2,208,225,317,309,158,240
201,12,36,51,186,318,299,304,348,250,67
309,13,131,54,316,68,230,223,236,14,118
272,52,269,44,131,325,310,104,118,91,40
340,278,31,267,230,362,299,256,346,290,124
213,27,263,136,117,257,134,185,312,40,112
131,101,95,254,251,42,345,146,255,182,94
156,305,242,363,14,220,118,378,211,185,143
335,100,71,178,167,40,117,106,98,169,57
160,92,34,195,248,354,133,356,167,269,118
284,297,31,57,367,50,88,109,320,44,331
315,59,60,343,212,37,220,233,71,375,10
367,325,318,331,153,88,182,283,227,8,41
158,346,205,219,153,362,302,128,21,212,37
283,218,142,341,344,32,5,367,71,369,109
361,200,109,129,9,72,134,350,38,348,26
271,334,120,36,122,174,180,195,294,219,42
173,87,347,139,212,71,190,341,133,34,172
48,115,71,181,34,264,36,114,331,51,86
234,19,256,369,240,145,201,233,70,280,15
36,52,18,347,71,227,25,164,14,120,321
231,71,278,49,43,197,245,134,147,317,34
150,181,207,77,329,301,51,337,95,91,134
148,42,214,193,118,265,362,121,176,51,144
310,133,272,294,51,300,70,63,47,106,30
358,345,10,229,107,301,39,142,123,45,370
181,281,307,230,178,76,71,108,349,56,154
183,345,364,96,296,304,311,61,330,340,341
144,301,154,214,227,40,121,329,331,143,72
59,293,340,356,338,109,372,312,255,57,228
269,311,276,335,281,137,306,209,211,215,229
256,347,50,235,267,37,216,338,83,322,263
353,285,189,2,327,244,314,47,169,115,311
188,333,225,322,275,343,51,123,42,39,133
135,12,81,123,59,275,34,301,295,137,173
78,20,345,7,121,210,281,94,354,112,378
34,348,35,210,95,96,25,19,250,112,265
220,303,34,152,183,113,290,312,70,331,20
96,71,120,54,357,136,169,229,195,20,230
41,81,177,8,123,374,255,329,325,174,71
43,333,295,219,237,260,308,274,218,87,190
339,123,26,173,112,352,200,358,85,320,58
164,249,244,10,292,181,195,7,281,294,314
70,96,368,283,183,197,71,152,340,104,59
17,18,19,334,260,71,214,122,96,283,316
3,306,125,370,363,103,63,56,31,181,6
84,289,34,254,198,196,60,367,182,210,26
154,242,204,180,320,157,108,276,361,330,280
343,169,210,231,232,120,41,357,192,352,280
201,6,126,177,293,359,351,45,2,363,37
6,278,202,283,71,312,124,73,367,268,195
99,261,353,265,235,240,177,31,363,311,106
44,93,90,83,136,64,233,103,169,301,324
164,320,377,343,158,56,16,218,122,31,256
227,6,121,223,302,249,208,277,55,313,278
102,278,128,269,53,368,211,144,98,331,343
0,147,23,228,87,210,207,71,150,162,37
247,150,302,15,118,22,320,376,155,249,234
232,6,312,71,324,133,217,344,112,4,188
338,358,123,127,4,275,35,248,139,55,307
301,260,89,278,6,126,117,63,34,251,154
310,84,71,117,263,331,281,31,100,121,271
221,121,327,344,356,200,191,74,130,203,378
295,89,88,219,339,58,6,19,228,80,213
370,137,210,2,178,334,322,161,244,55,341
222,216,172,376,349,358,262,58,149,42,135
51,195,59,227,280,212,270,192,331,27,308
143,137,187,133,104,362,318,55,180,152,236
36,227,109,112,94,211,49,319,41,150,28
258,106,242,192,71,212,246,34,144,113,370
320,36,2,31,181,71,245,339,289,232,367
346,194,33,36,210,55,122,71,26,257,275
144,368,155,66,77,219,377,91,210,154,295
236,73,355,109,86,331,229,337,289,207,186
88,142,295,33,230,24,160,78,337,10,41
18,154,374,264,346,140,147,40,378,214,160
241,128,142,218,209,350,278,227,356,127,325
285,344,321,88,227,218,203,131,71,176,278
227,41,178,325,197,269,56,266,135,181,244
248,192,378,71,98,282,8,5,51,362,263
178,347,302,309,27,4,261,316,77,148,377
34,169,308,67,31,186,185,59,37,96,293
272,13,46,84,88,48,301,366,37,133,206
94,134,133,243,10,157,252,311,4,244,346
325,100,347,12,63,122,343,71,243,336,268
250,19,72,221,214,79,345,245,118,177,374
107,275,288,30,68,16,141,220,236,54,256
211,319,351,339,196,298,71,289,314,10,212
71,114,40,252,280,41,278,145,2,100,310
21,174,8,27,181,57,347,159,71,351,70
319,160,71,169,106,218,22,331,276,48,72
306,220,59,167,111,241,53,162,103,123,196
331,99,21,277,153,133,362,276,239,330,193
123,183,287,91,201,31,106,71,215,145,308
151,268,9,35,162,224,304,245,271,246,68
330,252,131,356,159,178,357,166,232,144,20
240,123,181,183,114,167,311,100,297,293,73
50,42,70,213,68,227,81,71,170,73,129
269,202,237,265,51,198,234,290,0,141,175
227,303,241,108,286,87,71,156,137,148,368
343,22,336,59,172,256,245,104,347,318,71
63,97,99,320,254,339,283,378,173,211,326
7,212,335,29,112,331,104,233,39,117,191
4,167,115,205,340,241,107,110,300,268,76
167,257,83,295,227,332,109,43,169,159,157
311,268,71,79,146,8,295,4,244,41,303
23,325,102,225,71,322,36,203,267,108,12
329,243,363,220,3,265,266,249,308,110,295
79,76,289,111,71,369,284,38,172,31,166
105,101,227,89,258,172,84,306,117,347,269
253,3,173,257,80,269,149,275,27,277,83
144,59,33,308,112,88,227,355,341,324,96
98,73,39,42,4,216,291,331,22,81,78
258,233,225,123,255,58,71,178,62,144,51
88,9,246,230,227,211,277,149,263,273,289
5,363,340,287,29,96,227,118,369,358,90
88,227,240,238,57,296,305,41,314,98,40
294,347,214,176,269,26,256,322,63,336,122
163,244,82,241,305,134,378,119,174,133,51
39,233,358,75,363,172,211,95,63,277,133
104,363,278,188,271,103,52,291,2,70,162
87,268,144,193,203,143,128,222,127,158,257
133,92,352,198,247,362,336,276,331,139,120
247,37,112,374,108,88,359,15,26,70,6
32,278,343,185,6,18,31,269,132,289,58
121,94,372,227,318,362,60,70,122,241,40
113,205,59,353,312,133,304,276,341,334,214
211,227,270,367,176,53,306,85,70,304,71
71,341,30,231,267,83,130,134,80,335,183
338,106,49,333,38,203,257,317,144,1,100
283,257,89,372,303,63,96,133,312,121,73
363,194,247,145,347,111,181,184,239,180,154
78,71,58,283,137,259,16,202,246,59,121
354,90,162,280,246,284,37,211,154,173,129
241,195,285,332,122,107,158,91,362,271,370
96,269,183,20,58,9,213,290,104,227,128
148,114,240,227,173,269,107,137,251,288,109
91,363,227,25,72,51,104,74,238,314,71
114,94,218,87,280,78,156,80,138,184,257
240,53,63,50,71,120,278,245,137,365,256
89,318,9,196,204,325,119,278,36,21,96
347,85,248,348,278,3,169,246,326,321,118
271,246,59,282,212,122,89,142,333,71,363
81,40,316,353,239,34,122,19,111,105,284
71,316,334,125,210,330,278,79,266,157,47
73,290,4,257,49,86,61,212,324,84,133
332,145,251,20,133,311,123,229,71,3,321
295,190,316,245,96,346,211,304,353,370,282
151,6,299,102,16,30,101,347,234,15,210
343,28,12,250,76,67,199,133,176,24,71
359,176,94,71,334,106,158,268,206,241,156
164,129,252,133,378,71,246,114,159,67,228
358,111,163,234,133,211,56,168,217,250,227
61,374,274,27,153,341,308,358,311,373,114
8,19,76,261,106,137,283,169,133,61,161
120,325,242,219,306,6,273,304,241,81,186
210,301,280,130,112,346,241,182,357,59,302
322,45,92,71,181,347,157,203,133,339,128
196,283,108,125,360,19,332,81,230,44,308
211,294,208,122,131,325,244,123,5,269,320
212,2,337,204,20,274,316,227,331,304,31
153,44,332,72,135,299,212,137,100,239,231
17,354,346,31,285,72,211,270,133,141,95
246,348,112,59,158,145,227,210,268,356,331
15,165,63,205,316,58,331,202,49,62,10
252,10,265,83,135,241,114,159,190,177,302
94,98,323,375,245,74,372,194,355,44,213
103,31,111,327,333,203,142,36,374,71,12
349,276,112,160,71,40,244,233,341,6,284
112,308,347,103,191,107,227,306,139,245,11
294,123,359,238,354,188,165,94,310,376,369
42,124,96,128,280,346,308,71,263,122,227
31,246,81,372,102,283,275,369,130,183,178
33,281,327,328,73,88,362,149,276,309,219
118,61,45,170,214,254,63,2,158,10,259
128,16,80,186,72,71,242,227,254,101,54
163,329,227,259,92,135,53,122,356,45,234
232,112,227,50,141,122,138,93,160,366,9
50,80,127,40,258,177,51,324,370,88,211
268,229,95,238,340,63,31,194,327,70,307
324,283,62,362,30,8,34,254,92,224,223
354,12,71,225,118,164,43,34,378,174,160
331,180,85,335,321,328,320,154,220,261,111
119,217,7,242,332,51,322,305,106,238,250
278,227,341,98,109,331,148,59,132,63,6
71,137,356,263,253,276,23,304,2,52,123
236,303,80,141,278,211,10,187,275,273,111
255,81,162,272,263,74,137,337,280,167,58
308,49,100,280,135,85,310,8,247,285,126
174,235,18,331,287,133,313,186,11,127,242
255,309,265,143,136,362,121,138,154,330,348
96,233,186,213,343,90,278,255,110,97,146
165,358,248,227,10,48,40,17,6,269,73
198,309,269,280,31,163,145,201,192,78,12
182,229,304,36,37,85,367,94,49,373,361
209,210,167,358,14,71,63,351,55,31,43
6,311,157,52,360,55,179,302,71,268,254
71,257,243,213,286,83,33,363,6,331,115
70,315,201,94,227,214,280,25,363,303,29
205,308,41,178,336,141,34,164,71,363,235
42,200,94,139,324,299,43,145,356,323,183
48,285,49,71,165,160,277,224,305,137,267
113,144,103,34,86,255,10,280,180,27,57
288,134,120,199,71,108,317,38,276,156,210
306,71,7,305,227,34,121,269,346,322,43
36,29,207,291,191,202,156,309,60,160,251
327,164,249,356,135,4,293,85,241,313,115
270,58,53,280,203,184,193,115,374,176,283
267,247,316,264,286,315,24,360,105,123,228
258,297,22,211,210,316,246,80,117,351,278
27,81,346,131,227,143,240,191,9,372,141
181,31,112,227,246,111,224,294,136,122,41
308,235,35,177,277,112,272,362,23,312,334
329,192,35,71,212,134,24,374,208,80,247
112,217,305,97,119,331,22,213,77,273,86
361,249,152,112,186,144,114,171,99,170,70
160,177,59,42,152,49,187,176,107,255,376
88,49,64,324,71,164,262,298,240,206,360
309,201,308,365,274,227,314,223,318,293,350
71,335,36,178,250,177,26,156,58,8,227
262,102,71,180,243,218,322,58,90,19,54
250,148,181,152,169,358,305,114,174,197,287
196,173,138,160,241,378,334,69,178,263,8
349,245,27,357,71,34,49,212,148,331,114
8,331,3,160,269,318,104,149,334,214,306
170,335,27,160,278,145,161,146,288,59,45
200,119,224,288,91,253,71,263,83,357,18
301,51,229,74,359,363,189,333,89,307,68
334,303,18,187,118,68,51,229,138,120,275
186,353,305,144,158,16,36,244,274,378,115
49,91,331,325,43,39,15,89,139,294,339
61,123,150,302,7,282,96,121,137,251,183
171,227,163,71,0,180,4,177,112,107,25
79,305,244,80,128,217,316,369,241,22,152
84,320,15,300,41,298,227,283,153,203,343
158,76,82,260,193,57,241,37,2,152,362
278,326,365,289,211,262,105,85,239,367,306
227,119,265,115,28,291,59,33,316,188,278
214,223,9,306,304,266,275,374,61,106,109
36,304,244,71,276,303,159,203,331,123,281
344,139,142,271,228,324,40,70,169,214,211
345,265,149,81,176,169,186,102,43,378,74
358,291,50,35,230,112,277,318,202,320,213
338,227,354,25,343,183,327,312,374,181,122
122,5,305,139,71,263,89,163,227,310,190
102,58,206,213,349,55,84,144,85,295,133
293,148,7,359,267,210,51,174,201,351,330
11,234,95,6,280,369,111,227,70,326,39
129,115,254,26,347,309,28,163,77,12,123
84,37,234,377,247,8,235,256,180,320,245
19,304,357,71,159,31,203,2,358,316,7
234,145,293,109,112,46,276,358,286,51,120
249,5,169,156,221,284,227,71,339,157,345
103,114,234,347,192,34,242,40,31,71,308
356,112,71,16,263,22,36,230,220,78,17
164,27,73,71,46,308,174,119,228,117,83
368,256,372,36,27,282,335,311,274,46,283
297,154,115,319,283,329,277,262,227,358,346
213,182,228,312,305,71,280,247,27,40,292
296,197,283,227,332,349,353,17,34,191,142
37,321,75,123,71,210,233,351,322,232,211
20,377,108,301,35,227,337,60,317,144,23
357,147,20,309,59,2,167,294,146,363,308
331,80,361,129,71,308,312,208,239,263,305
133,183,11,367,343,156,323,76,328,176,339
219,196,220,317,31,99,116,354,186,169,340
12,79,101,316,47,11,50,246,300,24,303
71,225,328,284,42,168,122,320,83,37,227
115,49,326,137,71,16,174,310,39,143,256
73,158,331,77,361,39,363,229,323,325,270
353,52,185,184,227,7,45,145,284,79,354
41,245,242,355,110,186,236,272,77,199,118
112,236,44,316,174,357,196,245,31,58,72
239,130,320,160,298,257,318,60,76,190,59
350,218,329,14,333,343,263,42,13,5,331
66,55,269,250,184,246,314,37,95,70,46
10,227,143,3,245,216,268,139,123,220,313
297,291,183,285,217,152,193,250,259,283,344
193,31,255,357,135,313,8,121,211,103,229
317,236,55,157,108,268,374,247,73,58,323
42,155,158,174,278,145,349,3,284,43,35
100,281,227,57,164,268,41,86,43,288,122
36,258,236,355,217,312,96,188,162,269,71
249,358,281,232,51,109,164,331,54,332,269
196,89,275,48,20,55,114,338,281,152,134
304,51,183,176,86,160,217,49,330,312,91
367,274,269,63,42,258,153,130,87,201,20
245,79,358,301,300,90,29,72,143,81,243
361,280,277,66,294,356,125,182,167,37,312
106,257,137,309,148,83,0,42,353,295,179
52,83,214,363,190,139,318,72,257,302,284
36,20,308,160,246,261,148,353,88,269,194
308,228,342,108,331,4,42,34,344,322,41
157,144,214,227,73,249,40,136,368,326,360
208,213,209,333,182,84,175,215,41,366,102
81,60,124,46,5,269,350,197,256,337,51
43,127,26,94,195,235,104,10,96,251,107
210,290,312,240,211,49,184,4,12,71,169
231,227,71,110,293,303,223,217,354,284,153
323,210,192,167,262,220,309,294,12,31,363
359,348,96,188,354,240,296,9,251,334,197
129,272,144,344,119,331,183,71,267,88,351
314,288,256,54,175,214,329,245,353,244,197
241,283,281,251,198,247,123,362,227,253,369
357,88,365,188,367,111,363,0,302,256,362
169,71,4,185,250,241,15,318,277,275,37
70,144,44,350,241,9,289,362,319,89,305
19,178,208,319,28,275,134,186,76,251,137
137,252,37,39,61,290,276,44,71,266,331
40,116,71,287,265,295,206,34,128,255,372
229,36,334,317,25,213,228,121,12,72,304
25,140,79,27,372,123,283,155,308,244,122
46,308,331,378,356,174,338,26,370,304,49
288,88,14,341,84,329,200,348,150,116,205
348,354,68,103,159,102,116,314,13,10,374
114,318,237,94,249,331,163,80,135,325,147
107,55,2,133,56,122,73,340,227,334,144
312,193,59,343,173,76,251,72,29,121,31
311,37,219,63,236,345,55,200,314,143,186
70,356,150,167,90,367,119,76,289,133,122
43,171,312,71,154,144,367,220,135,188,140
33,63,113,161,240,257,269,121,71,95,118
134,106,292,336,227,169,77,167,69,11,158
165,10,135,152,120,158,71,254,196,141,236
36,323,39,72,289,235,251,16,154,343,176
215,38,23,77,257,69,16,332,95,71,81
366,215,180,141,311,105,18,263,310,212,203
150,31,231,104,135,58,227,40,143,139,93
192,36,227,165,56,219,310,60,306,178,243
263,71,56,65,264,18,335,358,118,363,346
41,9,339,263,302,72,50,104,230,216,160
159,298,78,313,259,267,195,369,150,262,115
112,172,236,211,204,227,165,84,78,57,115
329,77,244,80,269,247,25,22,286,16,378
222,353,89,265,317,313,280,80,23,58,314
228,3,224,368,316,313,22,70,188,268,61
184,361,347,240,370,154,255,257,201,158,212
39,256,188,334,203,279,164,71,29,2,374
269,71,210,63,36,122,148,205,51,119,331
338,4,223,67,9,72,183,38,164,42,283
203,17,228,357,62,183,144,80,265,329,282
106,145,95,164,134,101,63,363,160,55,4
206,49,71,287,334,211,190,276,328,63,34
115,217,351,118,159,292,251,367,378,71,330
276,11,16,71,204,57,106,343,235,292,36
277,242,347,302,233,175,264,123,3,133,94
273,331,241,240,283,277,128,321,152,265,37
43,356,368,372,71,279,51,53,111,138,47
118,121,331,133,268,106,347,134,205,189,368
347,343,68,150,109,326,260,280,152,159,123
6,254,354,26,171,92,331,68,7,253,70
61,36,109,94,0,100,110,71,91,268,10
29,77,145,244,331,19,330,312,61,378,227
104,152,14,90,155,314,170,225,120,222,184
374,227,16,196,353,36,75,133,20,301,101
345,12,145,7,166,236,54,357,230,133,295
271,41,220,293,246,168,256,158,69,192,37
277,372,303,243,228,351,157,102,299,126,339
10,83,198,80,66,256,70,53,123,17,199
193,277,345,307,73,89,63,237,214,259,331
71,137,230,354,25,78,69,7,17,187,152
129,94,241,121,27,322,69,171,357,295,250
297,227,248,316,346,171,80,157,55,359,133
179,333,92,367,9,318,59,350,63,31,128
81,349,274,221,305,338,9,304,158,112,241
240,331,377,4,299,127,16,9,219,78,141
220,70,44,321,245,186,54,281,196,330,39
138,122,331,250,71,356,11,128,246,227,241
58,16,350,71,176,323,81,109,36,241,4
42,71,143,227,203,295,106,146,241,57,2
328,152,191,83,20,107,71,40,76,212,155
357,317,246,83,115,111,244,283,145,134,133
277,143,218,42,53,249,158,349,229,243,35
227,298,37,224,333,42,125,353,49,50,19
261,335,87,374,120,293,63,71,249,38,2
249,218,253,373,271,273,309,272,374,331,312
138,240,20,326,115,6,255,113,339,136,72
71,314,97,369,43,236,143,188,37,269,70
235,324,227,122,200,345,185,63,178,163,275
287,318,94,254,71,323,263,159,244,12,170
156,116,211,127,361,79,22,59,219,137,206
160,39,342,135,85,71,330,233,268,241,34
378,57,40,9,248,110,343,114,186,149,51
63,274,252,283,316,232,44,71,227,341,374
120,79,329,317,230,135,31,221,300,171,247
368,263,15,121,220,19,115,47,369,366,355
185,17,375,325,372,182,331,362,237,97,330
227,347,271,248,103,281,325,63,181,20,104
163,16,66,127,145,184,71,261,227,283,183
131,232,207,41,323,276,257,317,50,95,30
265,123,63,361,360,59,235,187,99,264,362
184,4,108,231,63,67,130,257,48,104,323
143,89,23,42,3,214,198,106,129,317,70
227,228,97,366,0,196,42,237,249,104,202
253,38,30,94,243,267,106,171,229,369,101
104,304,191,377,337,358,73,259,320,268,263
3,322,111,195,155,275,214,260,312,215,177
321,347,113,235,81,98,76,157,9,322,227
235,227,71,263,55,85,334,219,180,112,43
164,51,299,331,227,181,213,300,119,106,70
41,369,316,24,303,285,258,157,268,189,298
96,347,92,363,51,65,121,170,89,99,31
285,164,275,214,41,86,210,296,314,240,19
243,133,331,365,71,222,229,147,49,33,325
55,312,244,88,286,342,323,281,341,114,158
128,289,233,113,39,270,11,347,358,250,257
201,213,200,301,146,181,71,362,271,308,31
278,71,286,16,120,201,355,369,269,335,60
259,294,238,239,304,316,40,46,253,59,100
152,208,357,170,151,203,326,210,165,298,257
324,109,284,173,171,273,89,313,226,71,88
71,305,42,308,157,271,2,346,49,250,17
79,173,160,302,162,292,255,71,195,53,165
157,25,271,150,16,8,205,144,44,361,287
227,285,194,370,369,128,214,332,277,173,191
9,213,135,350,63,320,133,31,18,22,176
103,204,366,51,31,360,326,221,96,227,157
361,85,148,71,91,324,131,36,43,27,228
51,59,71,6,25,317,188,246,4,34,301
199,264,103,268,357,335,247,256,60,36,137
285,65,366,202,20,80,350,265,100,60,43
107,71,59,31,197,326,181,186,150,49,118
204,115,191,325,246,80,149,225,190,213,214
319,71,283,348,254,88,301,330,363,353,22
227,72,33,42,22,294,55,149,331,71,304
290,169,44,71,20,115,60,196,15,16,245
26,339,332,257,94,227,243,71,333,283,118
345,311,151,31,160,193,186,111,376,73,245
28,8,223,159,258,227,71,73,140,255,42
79,186,310,213,52,162,158,211,169,361,27
18,185,156,228,63,218,119,360,345,244,269
256,273,39,174,44,96,2,179,303,289,22
226,51,127,42,161,282,377,10,287,37,136
81,191,216,355,0,181,169,253,41,134,248
274,378,245,25,6,52,366,71,204,285,202
227,49,263,203,268,87,118,346,357,71,112
373,337,71,193,367,104,55,245,276,354,277
306,321,190,169,107,302,363,281,254,331,45
147,276,106,100,331,72,89,274,275,337,253
68,295,123,9,71,108,233,90,256,60,227
278,332,86,319,204,134,237,345,378,80,27
34,165,71,323,142,126,37,344,133,106,285
230,365,377,108,213,294,41,164,134,31,269
168,266,258,112,290,352,362,200,17,49,92
138,159,222,363,284,174,358,210,257,71,353
280,53,104,124,105,360,96,227,268,266,281
308,115,71,319,25,325,127,352,51,286,368
86,133,211,66,292,289,243,69,321,266,176
329,49,377,325,333,129,85,362,27,41,118
0,254,87,3,235,29,223,199,212,42,329
12,205,176,171,183,114,244,63,129,133,223
250,342,332,235,80,253,335,252,213,152,142
266,343,57,44,12,277,224,41,151,7,37
97,264,78,329,68,71,352,358,133,135,102
186,297,347,356,318,104,183,6,336,70,317
153,275,160,277,118,115,10,79,368,135,19
263,153,52,294,18,192,340,9,26,269,141
188,334,57,361,80,266,17,214,71,314,200
71,205,61,308,83,183,193,283,110,6,369
142,217,276,58,91,299,269,233,261,357,257
42,46,295,299,322,356,146,164,372,224,265
29,361,185,18,156,55,9,30,214,328,227
330,300,88,257,253,63,26,147,244,331,164
304,2,164,357,321,315,44,248,33,227,213
210,34,336,61,113,233,96,325,31,193,357
54,95,7,88,308,242,133,288,63,278,322
320,299,37,34,288,164,112,94,312,95,115
201,304,356,376,343,214,224,303,49,329,185
114,53,307,157,16,227,268,253,134,363,295
150,227,72,370,130,159,317,361,186,216,162
215,224,345,362,72,102,2,44,37,145,315
31,311,262,295,355,87,118,222,112,144,57
273,176,120,313,98,70,233,110,122,220,328
309,269,288,316,45,31,238,35,49,71,295
55,51,332,30,40,63,350,289,331,358,128
264,86,220,4,174,287,327,354,185,52,107
65,349,29,51,232,296,129,257,283,256,154
195,269,137,78,219,158,347,186,8,46,243
108,11,75,71,268,134,114,194,106,83,122
120,346,243,73,214,160,322,362,245,349,71
257,207,180,130,71,186,203,157,219,8,112
213,334,77,233,22,63,71,193,344,292,70
298,167,104,245,300,339,113,256,368,291,354
348,227,191,361,250,202,63,234,296,269,337
77,250,314,34,135,282,374,353,331,76,53
176,128,310,229,16,36,363,236,60,278,71
357,94,263,45,160,323,51,245,67,164,82
72,236,202,71,274,340,336,43,33,185,298
361,263,334,330,51,89,217,238,63,128,220
367,239,366,40,171,263,355,114,227,63,223
185,278,313,232,261,293,305,257,10,331,186
105,87,71,369,246,259,123,55,225,46,14
214,237,247,271,63,156,31,51,282,124,71
214,30,186,277,61,345,20,63,266,84,197
199,120,244,143,227,71,161,304,270,276,140
50,240,16,227,296,215,71,73,36,268,157
352,343,132,358,26,158,227,43,188,190,105
255,54,220,108,244,39,357,309,234,276,19
314,291,245,112,271,331,370,190,71,357,209
37,103,302,17,244,227,312,255,225,178,280
203,367,176,18,133,161,251,374,323,10,300
314,207,80,31,178,227,162,186,341,58,254
303,119,71,32,222,367,254,326,212,179,305
253,92,12,361,283,202,109,343,115,377,122
70,287,51,316,247,129,251,341,227,86,6
42,29,263,362,73,261,149,177,264,112,7
51,343,89,58,7,248,246,220,38,12,54
331,157,370,211,350,72,293,76,6,298,71
25,206,88,76,100,335,311,15,72,36,231
90,254,88,103,58,227,358,243,46,188,272
47,144,253,100,227,183,378,174,175,319,94
371,287,37,81,361,94,363,112,290,312,203
212,16,136,234,337,47,3,253,198,115,304
143,331,192,239,121,176,211,127,293,177,318
101,242,331,94,287,350,174,14,121,345,365
71,94,108,31,283,119,357,236,101,197,13
104,252,108,361,139,241,280,255,73,118,295
321,367,79,305,115,235,4,154,110,108,36
42,63,54,97,290,214,36,99,335,175,263
71,301,227,164,148,105,308,263,59,7,115
71,174,131,122,3,370,72,129,282,337,74
163,220,269,219,59,69,129,133,270,71,345
348,270,12,268,137,358,331,227,219,280,165
280,369,35,199,95,173,131,290,314,223,292
42,138,360,150,358,227,0,221,369,222,333
337,135,109,71,338,374,134,269,148,163,346
205,367,356,291,156,24,276,72,71,197,250
85,83,285,41,47,320,209,110,188,142,60
86,309,350,128,263,363,214,126,197,314,275
63,184,84,269,42,227,283,369,87,354,34
359,171,31,112,271,100,241,180,207,348,59
227,71,193,36,147,139,309,12,331,330,357
69,331,363,83,135,285,141,212,182,91,51
261,60,227,80,90,10,137,318,303,230,277
128,374,127,63,116,340,55,283,295,250,42
205,222,53,360,199,68,302,299,110,266,76
61,353,40,118,78,320,378,363,269,348,137
276,169,263,63,269,348,163,86,71,113,282
318,114,360,324,139,193,171,79,358,31,278
72,339,59,316,265,48,37,335,257,73,227
251,247,331,369,260,59,19,31,58,113,283
71,56,227,268,151,329,133,360,176,373,201
84,247,281,92,137,127,265,104,164,215,211
283,124,329,234,285,253,308,8,65,112,369
222,71,154,375,66,118,211,10,305,27,204
231,272,227,71,339,320,144,293,373,126,108
42,220,204,358,144,259,8,40,50,241,192
354,365,32,308,101,30,25,325,268,358,107
308,277,227,15,44,76,31,309,377,323,221
196,78,190,108,154,143,176,150,73,119,331
57,253,135,124,227,304,268,239,208,207,281
88,174,324,118,308,368,244,164,165,345,16
345,4,265,214,131,306,118,108,353,71,49
212,133,249,276,347,63,141,107,269,283,81
36,209,350,333,276,174,150,258,262,190,245
36,100,280,271,2,144,245,311,209,73,103
132,321,347,324,164,322,290,34,181,345,320
167,135,42,100,200,123,363,10,19,342,288
149,134,183,159,210,150,119,26,357,255,335
167,37,73,302,264,252,256,366,56,86,141
144,260,10,71,108,336,252,358,227,85,180
9,79,359,173,136,218,265,186,368,122,211
241,310,290,179,254,273,344,71,0,190,295
115,78,227,365,314,331,141,242,144,34,224
271,70,227,315,218,144,129,304,104,322,61
321,267,244,295,16,51,251,132,54,305,358
270,97,249,207,364,63,122,18,117,118,350
169,230,81,105,111,189,277,376,363,71,73
0,232,27,311,295,336,167,241,269,211,192
22,26,374,58,331,133,269,200,310,3,278
111,245,41,214,15,95,133,87,36,71,185
227,352,189,264,95,91,12,7,97,50,68
212,319,94,261,274,80,133,280,296,69,307
201,191,106,150,308,188,320,84,195,249,71
51,71,173,214,240,89,131,274,133,245,0
307,129,154,45,181,294,130,145,51,42,203
188,190,372,334,232,272,326,277,107,250,20
339,280,52,211,244,71,377,340,353,4,358
320,124,203,5,252,341,316,95,167,185,331
42,326,46,312,173,51,311,298,135,337,99
300,351,142,188,71,156,259,186,295,303,174
314,112,16,180,366,141,227,308,244,87,354
244,103,107,24,300,308,40,114,135,183,169
283,210,102,128,70,294,340,273,322,173,308
109,227,322,66,181,137,239,225,340,31,103
178,126,212,262,150,102,62,143,280,268,141
353,154,149,106,363,267,158,245,53,161,97
227,348,51,342,322,71,316,43,335,69,378
268,6,72,286,316,175,89,158,227,184,249
333,258,78,308,111,175,306,227,6,25,164
128,337,154,102,158,216,301,209,178,163,134
10,319,345,369,266,180,214,71,89,32,133
40,239,378,150,335,202,359,214,362,27,219
13,191,353,219,276,227,277,118,131,374,141
351,246,19,56,321,378,282,60,368,319,16
326,124,41,335,118,231,3,49,368,265,270
284,337,193,308,9,111,71,27,290,108,195
210,259,14,278,227,71,264,246,123,51,186
2,55,135,317,71,52,107,330,237,318,354
166,217,89,173,35,269,303,214,14,369,242
232,351,336,60,347,36,16,188,214,377,276
121,67,139,29,38,27,77,314,243,207,203
36,245,207,178,367,294,354,91,290,227,250
138,143,337,142,249,362,359,97,2,357,157
