278,24,45,86,142,150,189,374,71,293,146,89,145,319,340,148,61,149,363,300,227,277,361,59,16,77
55,90,50,295,320,223,243,274,32,102,129,117,296,308,12,253,375,71,315,365,135,94,63,283,205,175
190,108,350,117,357,3,88,60,81,334,241,342,156,6,210,63,113,58,356,101,142,186,148,222,332,172
365,22,79,346,347,8,204,231,178,172,296,92,29,233,352,277,191,111,63,197,310,120,6,147,183,180
202,184,71,302,196,76,371,326,319,227,305,329,138,356,115,14,29,253,192,26,238,352,214,103,101,324
358,100,134,368,190,73,38,192,347,308,170,83,121,348,215,104,229,250,97,233,30,42,360,205,231,288
34,358,154,112,309,104,175,44,6,186,77,16,135,131,85,211,108,172,10,304,350,311,325,199,84,291
236,331,16,300,70,49,227,233,253,271,242,194,11,140,323,153,157,278,73,286,254,59,248,118,310,164
354,18,343,51,138,254,332,186,172,216,287,67,158,59,335,6,9,264,378,278,178,78,233,71,10,243
92,41,103,271,55,12,143,173,45,71,214,331,83,36,176,227,43,345,256,141,20,319,357,372,329,130
135,96,314,245,63,89,27,196,346,308,138,71,51,43,377,92,32,345,203,169,118,302,73,210,324,164
195,57,94,174,2,241,280,277,213,246,177,102,111,43,256,59,122,275,71,141,245,251,128,63,58,334
318,71,102,192,18,144,112,178,360,188,315,89,105,308,121,319,124,134,283,224,63,14,256,247,109,186
254,91,235,183,133,135,120,342,31,265,112,249,302,337,95,152,201,339,369,322,127,234,188,375,218,333
7,198,63,343,73,111,134,227,241,96,254,193,234,321,239,170,338,365,295,188,259,322,99,314,367,101
343,320,325,85,192,338,84,236,302,171,212,2,377,129,141,376,131,108,209,244,133,73,306,113,326,315
205,222,214,372,228,258,207,38,192,51,307,237,34,29,71,287,96,200,174,244,370,313,16,256,261,0
369,106,361,58,283,319,268,71,322,73,354,85,323,63,190,122,172,303,31,72,210,243,201,293,148,13
333,378,102,7,152,29,186,323,6,123,11,265,49,12,173,254,79,344,327,197,319,228,278,326,332,313
19,199,171,192,174,330,95,203,132,142,367,247,36,82,71,104,334,361,8,189,377,275,305,227,108,298
290,221,309,277,268,281,89,319,85,144,71,130,55,246,83,53,232,108,234,219,259,231,180,64,42,329
181,173,159,231,115,219,211,212,232,189,218,363,279,227,128,108,134,47,33,73,203,241,91,265,135,99
118,87,115,242,221,275,132,135,103,41,205,362,223,107,124,56,371,119,123,153,206,188,37,227,71,246
267,10,120,287,58,375,42,294,314,71,131,367,33,44,80,233,227,305,246,211,283,141,37,98,36,377
339,313,312,296,243,129,284,71,192,363,227,340,207,118,113,208,36,370,34,83,43,154,55,4,167,358
138,150,58,57,26,27,349,8,345,367,46,55,81,29,240,186,227,191,230,51,363,86,346,184,122,309
281,191,247,369,283,246,252,4,5,357,71,133,100,53,373,46,112,138,57,277,214,290,225,209,269,278
260,19,279,233,193,255,74,247,175,37,94,347,352,256,70,354,49,370,46,195,75,271,20,335,40,60
107,128,12,59,280,40,124,283,279,193,98,186,171,254,244,100,122,238,251,2,374,332,356,51,88,61
19,266,36,290,44,37,143,75,85,330,200,256,122,59,321,332,73,304,156,227,34,267,269,41,331,57
164,285,42,159,27,19,29,72,87,368,69,41,71,224,129,309,363,198,176,227,104,244,96,232,175,290
171,320,67,288,331,142,264,129,285,230,212,167,178,52,83,242,317,88,268,118,216,27,246,248,112,218
144,252,245,304,78,99,142,61,31,200,42,302,118,374,117,26,352,353,157,227,278,234,60,253,357,133
301,210,22,141,320,325,228,71,254,120,17,63,131,197,95,328,70,84,357,5,169,246,170,4,115,187
227,225,76,297,251,100,221,223,104,336,265,182,61,306,290,184,71,365,208,59,86,60,55,24,129,34
365,325,135,3,250,233,128,71,189,85,6,246,20,19,347,97,86,223,137,152,304,42,314,191,244,330
210,265,301,214,137,242,341,227,71,272,153,330,329,193,293,27,273,145,298,158,52,290,378,376,291,335
162,36,280,110,234,333,286,331,164,295,245,227,171,148,321,152,141,108,341,230,377,59,138,269,44,63
302,154,44,333,125,46,92,203,202,337,211,52,115,144,10,268,263,145,334,122,278,63,220,180,48,95
15,171,28,256,204,81,279,20,272,133,276,152,367,202,71,59,332,278,175,88,80,366,176,375,268,301
50,56,76,356,245,130,259,334,209,347,92,293,60,316,329,302,114,129,7,28,59,17,350,173,227,207
236,143,154,368,196,158,85,118,312,49,201,45,176,377,133,36,12,231,353,190,283,140,134,40,29,42
173,224,11,237,139,358,253,178,137,70,356,9,58,183,256,88,330,271,309,280,257,241,345,135,3,265
245,228,169,102,137,133,128,71,69,165,343,304,44,359,227,298,317,54,16,263,312,73,42,329,259,260
46,118,363,254,290,197,196,40,92,213,73,237,229,358,119,145,227,206,106,37,173,312,16,280,17,287
322,223,227,269,185,115,372,333,209,133,158,141,222,143,25,137,219,306,0,292,128,97,365,187,249,6
115,130,7,213,299,23,16,207,370,29,36,35,219,63,62,70,171,80,53,344,311,204,72,273,121,86
25,2,108,233,56,225,173,71,217,280,259,290,334,141,376,281,371,181,101,250,158,361,178,37,339,138
108,278,150,135,307,88,212,27,308,63,224,175,133,166,164,59,298,230,56,339,269,260,128,324,46,142
276,194,31,358,264,108,55,49,197,142,247,81,9,206,137,270,44,65,71,8,227,277,90,103,212,7
222,242,15,325,152,16,347,227,202,264,71,267,22,331,374,272,230,308,346,81,31,215,301,270,41,98
106,160,2,254,350,203,98,61,220,60,14,283,158,331,287,135,130,245,176,211,31,322,337,40,184,285
273,214,3,221,12,40,229,263,71,209,34,26,108,199,96,178,377,20,2,84,171,207,249,335,182,366
24,33,83,123,57,250,164,293,303,211,85,266,71,377,227,23,142,41,44,175,269,270,290,78,374,176
21,36,85,227,291,98,355,242,220,144,290,71,133,152,185,5,377,251,116,211,284,76,207,334,47,182
64,155,256,27,81,158,71,272,58,169,95,73,11,285,4,162,366,245,98,84,40,149,326,69,170,336
281,109,278,227,71,324,209,164,214,291,335,121,196,313,119,332,368,20,233,304,67,145,312,366,260,378
313,265,18,268,337,179,135,339,53,220,372,73,26,208,298,48,227,2,301,37,25,277,202,22,193,49
271,128,185,139,262,113,144,154,71,268,48,246,137,141,149,346,223,4,366,217,135,290,232,244,126,83
353,193,127,213,269,184,305,375,312,343,164,154,322,137,212,181,294,317,100,227,233,238,374,325,144,320
11,133,263,190,131,213,243,176,71,291,244,76,265,225,172,241,269,41,34,237,309,363,128,80,329,122
78,347,195,345,278,281,245,300,61,272,0,26,158,117,274,22,196,268,129,334,154,191,354,128,227,277
332,284,275,83,189,183,79,166,85,188,71,227,253,378,162,102,241,288,164,245,334,211,271,30,154,63
280,71,42,78,151,56,237,135,325,233,204,180,73,259,27,59,298,103,91,229,313,63,190,241,84,193
290,57,232,272,361,241,27,271,371,37,178,144,58,358,263,43,149,61,6,105,95,308,259,132,94,131
63,289,204,300,71,243,198,203,223,214,73,19,324,8,275,62,278,27,369,219,51,298,68,57,37,76
220,17,278,125,117,292,227,148,143,98,370,80,124,324,185,87,94,368,71,249,266,128,284,233,160,177
227,287,16,150,331,136,8,377,239,59,201,63,171,186,104,144,101,57,215,278,252,74,211,329,42,47
166,233,341,340,376,308,299,36,335,332,23,321,96,115,109,324,227,343,133,353,88,18,71,85,186,173
228,278,148,61,111,312,56,193,344,354,275,251,19,6,242,113,2,281,62,132,106,92,304,263,179,195
366,225,369,71,238,197,239,269,281,302,242,51,283,78,81,132,251,63,343,25,205,277,284,73,243,66
304,271,91,123,231,356,61,340,190,291,25,28,71,227,211,98,341,265,336,48,358,157,284,229,323,251
339,133,242,371,201,118,144,36,362,55,39,127,238,17,229,86,51,250,100,130,34,31,280,150,202,85
356,217,285,244,74,363,48,278,239,143,227,104,118,199,250,174,89,70,347,180,331,187,71,55,51,295
145,180,78,344,318,334,263,350,95,115,101,81,163,315,251,29,227,107,230,71,143,256,206,270,56,105
358,320,321,120,277,309,47,113,157,0,330,351,13,244,26,150,354,362,236,331,342,217,142,246,7,174
286,2,19,105,115,325,49,201,51,134,224,232,287,283,203,252,246,87,154,86,212,95,0,133,229,171
55,181,340,368,28,173,36,106,319,290,363,186,95,235,237,217,297,154,323,232,91,41,114,347,18,40
275,191,322,195,296,104,114,302,370,129,71,244,237,304,28,215,227,163,378,305,20,169,103,21,150,94
63,57,80,257,374,86,331,34,313,269,7,293,98,212,211,243,214,309,194,144,220,3,123,203,47,150
164,271,209,256,239,305,370,61,135,63,363,331,346,339,95,85,244,350,3,152,145,275,166,41,230,126
42,357,71,73,229,196,100,77,143,170,152,358,286,50,54,90,57,171,89,163,247,278,125,323,4,176
79,372,142,89,329,73,53,31,268,203,241,25,4,0,148,330,99,188,300,144,277,308,210,314,232,106
115,345,17,157,71,123,296,278,187,275,313,343,227,334,118,91,77,51,28,212,73,325,44,303,105,183
159,304,173,35,133,281,318,42,54,365,86,316,244,241,200,55,100,259,95,317,156,144,2,78,108,143
122,18,187,90,140,230,321,35,331,2,155,85,340,168,112,164,121,345,157,108,31,315,106,318,45,175
10,66,78,205,378,88,29,186,83,3,103,329,360,6,356,263,20,165,358,121,304,347,366,256,59,42
99,320,339,91,129,267,291,40,261,0,369,293,196,189,352,54,93,246,25,231,236,265,204,178,186,148
341,207,71,345,15,298,83,294,262,267,238,211,98,324,164,352,86,158,367,320,227,124,157,38,87,222
370,220,250,101,245,333,361,326,192,243,367,150,180,193,71,7,147,345,310,118,318,230,36,41,269,143
280,2,344,106,361,275,333,155,71,354,202,192,225,96,204,227,10,8,47,314,358,93,98,154,119,158
271,37,221,333,86,44,69,153,36,331,292,71,135,336,278,195,332,245,304,10,70,85,275,91,360,219
301,243,133,240,251,195,71,268,294,246,215,271,342,94,298,138,362,178,163,193,257,356,128,96,203,173
133,2,157,203,147,107,196,302,306,355,185,34,331,226,318,258,321,227,200,307,343,244,88,37,317,221
294,277,227,256,230,109,249,174,272,331,114,9,196,135,71,245,121,330,321,143,138,128,164,282,152,129
87,336,258,361,354,293,278,58,79,209,154,227,234,211,72,45,41,253,246,158,240,40,78,71,236,343
358,22,25,210,274,97,299,38,249,272,293,232,55,111,30,188,62,167,367,59,322,220,268,192,363,183
245,301,329,42,204,226,341,92,123,281,37,0,34,16,211,294,241,39,23,71,242,363,214,347,364,346
304,87,358,305,108,356,45,131,10,83,57,210,243,331,277,320,214,207,43,263,157,253,217,99,115,240
221,250,27,89,71,31,124,94,146,319,55,37,12,278,287,136,95,17,152,275,203,353,253,191,102,113
196,231,344,290,5,149,133,176,84,337,309,278,281,63,303,222,91,102,100,347,266,255,218,329,299,40
178,12,340,26,358,156,274,245,2,120,71,242,39,324,187,184,146,254,174,227,31,212,143,331,138,8
210,36,139,144,183,367,274,287,377,92,322,197,171,106,2,251,245,292,130,87,143,212,363,213,326,128
71,186,42,101,17,231,307,138,299,181,100,262,155,233,275,78,285,295,180,354,84,125,182,165,241,263
357,275,300,235,224,45,71,107,42,237,301,342,302,58,22,267,180,105,70,48,3,209,37,178,355,147
258,241,219,240,181,290,269,270,179,140,48,158,55,56,215,25,87,82,206,227,52,133,339,128,36,239
71,192,135,9,86,377,144,34,10,61,7,327,173,51,238,329,4,2,241,109,343,350,20,139,282,69
273,227,340,71,290,142,195,269,294,63,337,157,306,16,198,148,285,296,221,33,70,353,102,261,233,8
139,300,71,283,227,174,340,123,240,114,266,90,219,263,220,369,91,60,183,37,142,191,185,258,269,173
65,353,150,173,59,359,344,304,92,160,156,363,244,115,224,89,171,216,282,341,295,98,154,236,11,158
372,120,2,4,210,201,79,237,316,123,180,181,258,15,331,198,108,304,71,133,284,186,227,162,60,325
139,104,61,9,315,358,232,298,282,43,261,111,133,63,27,35,272,96,370,155,150,227,109,46,263,353
367,290,200,377,40,197,149,308,305,81,228,157,70,339,110,318,369,281,5,188,321,296,29,140,316,37
284,370,51,6,128,189,67,83,36,112,73,191,311,229,186,358,9,275,245,375,22,135,363,271,71,227
250,203,127,328,85,369,273,44,205,357,358,254,234,193,143,71,221,83,347,56,73,207,227,12,304,37
240,227,83,353,7,269,167,345,316,52,256,268,186,132,38,347,238,100,2,39,34,236,118,164,71,251
266,312,142,232,177,21,277,254,304,247,253,227,136,144,214,106,316,330,70,372,71,284,59,6,154,302
154,72,206,220,219,193,310,143,331,81,308,70,230,96,283,38,1,3,363,8,236,71,122,344,372,152
6,54,100,50,42,218,106,372,227,310,320,326,117,255,230,213,7,112,269,273,66,201,219,10,67,70
164,111,133,180,362,245,42,37,89,150,79,73,154,319,226,329,278,269,61,250,281,287,137,192,141,0
191,308,221,304,330,282,120,94,73,54,314,12,263,151,302,350,111,273,34,340,31,241,278,101,236,247
277,23,154,89,67,174,158,2,165,193,191,354,213,71,238,343,79,185,184,219,192,311,145,54,363,374
265,41,211,220,189,69,26,132,258,251,42,154,68,191,344,357,295,110,334,239,324,269,244,123,361,153
66,160,29,115,363,207,31,227,203,283,211,234,40,0,366,71,299,136,3,324,78,321,150,164,128,205
170,289,16,41,309,73,80,40,260,261,314,288,156,292,88,217,279,213,377,6,28,153,12,188,71,91
79,253,63,304,41,131,262,212,280,59,204,281,197,331,22,335,112,37,198,250,147,56,192,286,236,296
332,52,70,199,159,81,237,330,246,102,336,309,127,318,227,210,175,211,319,346,121,5,87,363,216,236
51,174,86,209,227,363,10,34,150,71,319,325,357,312,33,337,241,334,38,7,58,189,85,250,171,111
345,124,56,321,193,191,290,79,122,21,160,295,134,51,206,52,195,73,76,159,91,303,361,344,369,250
295,345,47,372,128,210,331,358,304,340,181,275,341,71,357,55,16,135,333,156,196,264,120,301,7,102
234,160,297,331,342,181,37,289,139,378,308,71,205,357,12,112,25,192,79,135,70,301,313,248,173,89
212,243,256,282,37,340,248,236,267,303,113,281,132,309,337,377,34,369,160,374,92,167,230,328,269,137
109,86,361,41,87,71,217,187,174,295,122,19,326,316,31,94,338,186,265,137,259,260,57,322,100,278
245,22,5,115,2,68,187,196,227,331,71,19,350,246,55,180,109,364,73,242,178,280,32,112,98,34
60,141,334,378,152,320,211,18,349,10,233,267,317,234,322,336,274,268,309,134,304,133,264,319,70,347
5,34,360,73,313,39,111,15,25,27,263,375,35,154,322,187,324,227,230,178,330,357,130,46,321,267
102,265,69,227,71,163,63,301,12,100,144,363,288,324,206,31,261,240,133,37,45,378,3,356,275,318
42,177,34,99,176,129,245,157,159,324,257,88,47,374,71,142,80,89,334,362,275,40,282,2,206,128
351,348,312,346,36,215,234,196,69,43,111,40,112,142,363,115,330,275,177,31,210,186,240,331,136,74
274,329,156,366,73,64,71,7,250,25,318,361,299,369,162,255,296,125,157,36,351,105,189,283,341,227
276,86,277,256,295,159,325,98,20,371,51,113,156,154,224,301,223,187,227,160,70,209,237,129,116,134
71,136,19,214,158,139,358,103,244,2,115,5,363,148,123,145,254,37,131,73,259,34,165,356,0,209
250,155,109,274,3,38,158,6,356,214,203,123,67,252,133,245,63,18,312,246,55,113,135,216,295,189
370,269,190,19,112,173,316,257,252,368,327,119,348,295,358,135,44,153,204,313,216,286,289,63,308,318
227,219,71,355,118,322,114,149,135,374,177,261,348,253,311,309,129,278,38,182,42,378,154,132,354,363
53,353,128,94,249,356,332,264,251,240,130,351,103,9,336,92,161,118,227,367,32,321,55,76,135,199
85,283,228,299,183,273,71,143,317,330,360,238,63,151,95,135,340,14,112,4,16,287,362,334,178,291
59,354,273,71,233,237,220,356,156,282,99,234,312,322,127,171,150,72,363,197,175,205,326,158,210,238
232,245,225,155,210,174,114,72,58,345,329,20,115,36,25,14,346,227,118,264,187,41,22,353,80,275
13,165,263,214,9,146,310,48,333,184,227,238,31,144,299,178,247,224,36,96,336,192,363,115,221,80
61,358,56,82,18,301,222,353,177,142,122,344,128,304,49,213,133,15,129,80,135,326,115,300,151,127
304,133,143,76,158,39,175,63,108,291,311,83,221,254,258,29,330,167,54,308,374,289,343,278,240,331
325,159,235,329,312,309,119,375,2,96,84,338,198,199,347,333,351,31,15,7,188,3,141,95,246,161
164,73,137,246,122,9,233,81,367,330,241,378,58,205,316,212,133,99,90,30,318,71,64,263,174,333
101,265,150,279,126,213,338,34,42,14,49,209,149,98,235,357,363,329,353,253,99,332,22,286,374,189
137,318,95,63,113,121,330,365,188,261,191,279,248,71,127,197,138,62,358,59,133,254,367,33,31,266
125,293,6,333,239,223,346,71,186,334,170,1,174,36,290,296,190,44,9,263,335,27,73,271,172,251
345,71,286,296,104,29,233,322,212,372,164,361,319,7,305,3,314,365,313,143,37,157,186,174,81,219
329,36,282,143,80,154,367,182,56,372,76,49,37,73,238,53,15,188,71,27,101,149,60,195,334,201
240,190,250,171,325,113,42,328,269,60,174,362,45,252,246,273,0,9,63,188,340,185,164,277,321,18
62,190,282,6,327,308,354,268,79,80,299,116,262,278,378,133,49,89,104,206,0,70,43,330,97,98
296,173,193,361,122,320,146,165,26,6,63,152,230,329,131,215,142,251,40,36,261,83,5,334,291,366
73,119,335,276,324,51,321,83,221,185,37,103,333,358,252,94,141,30,89,250,121,36,58,227,261,273
61,37,265,203,60,249,316,227,378,72,148,272,358,71,206,154,155,184,271,99,268,372,353,126,212,245
268,313,335,85,30,349,22,225,305,144,174,1,97,282,156,357,214,173,309,122,123,111,204,337,80,181
361,89,129,51,329,237,85,150,188,63,65,119,115,377,87,127,106,348,249,353,293,16,271,227,20,71
327,265,94,378,133,135,308,124,319,63,115,360,31,36,354,142,196,149,12,162,199,372,16,101,93,209
363,146,276,287,273,164,144,189,210,233,106,153,277,81,269,31,261,70,161,123,368,190,370,143,230,268
134,378,51,277,11,121,211,254,233,190,248,208,55,59,71,110,288,329,203,317,227,287,173,10,311,246
113,313,78,239,83,58,308,288,39,279,238,201,80,49,141,164,253,181,155,377,218,63,186,294,317,59
308,286,76,210,227,57,236,372,34,264,333,241,329,287,275,271,103,295,158,253,268,80,212,68,190,347
11,183,145,277,27,257,274,61,144,310,246,84,300,378,219,374,0,148,149,80,225,119,94,249,88,227
34,326,109,220,317,368,270,186,126,343,298,285,223,297,53,280,69,79,102,39,378,227,287,339,336,354
188,158,136,80,154,31,241,143,340,267,79,288,71,359,85,126,51,15,27,362,73,211,275,108,16,156
334,217,214,294,223,41,203,150,308,129,343,227,144,283,171,357,350,124,164,63,264,98,136,32,122,186
37,312,57,280,329,277,335,291,301,18,59,261,63,53,92,34,331,192,171,353,247,86,85,175,113,265
157,172,120,227,215,143,67,336,109,377,357,220,1,71,282,223,68,212,348,246,298,59,70,274,159,281
35,26,218,250,189,246,34,111,112,61,247,327,377,143,71,363,325,181,160,258,9,20,304,86,353,36
88,158,245,244,304,53,144,378,123,131,105,279,183,241,54,20,59,316,98,302,99,223,263,209,86,280
173,268,203,270,256,238,328,0,118,246,122,214,37,186,208,12,223,30,141,373,192,347,335,188,27,88
55,363,89,224,59,39,316,11,238,195,180,46,276,332,78,194,372,169,292,229,341,81,20,202,298,336
290,225,357,110,241,324,102,55,0,237,115,73,34,250,65,247,131,71,89,9,332,363,11,44,16,326
18,119,281,220,299,14,190,278,193,99,128,88,250,310,42,355,206,118,181,221,230,377,231,214,96,178
358,369,378,10,173,157,96,82,352,118,71,169,347,186,377,188,63,196,370,160,214,228,308,27,376,95
276,329,111,206,88,258,127,281,343,137,259,272,263,282,153,47,239,48,370,354,186,42,191,55,233,345
363,31,249,4,83,87,247,17,229,103,204,107,272,0,242,374,333,78,88,293,256,123,142,150,227,180
144,124,229,9,70,12,356,271,258,210,363,302,362,206,276,300,252,108,211,318,370,250,133,292,164,214
160,53,331,362,319,154,219,31,310,85,106,336,36,191,112,290,68,301,239,292,138,265,321,269,361,63
196,136,318,331,96,259,35,262,336,174,36,335,363,330,122,323,263,245,37,10,49,301,57,158,183,356
374,269,303,361,227,121,369,122,265,76,205,67,319,178,292,243,112,360,103,63,36,26,77,255,270,192
212,331,192,332,329,224,40,211,4,122,57,312,357,294,182,102,61,220,283,103,246,169,181,287,313,160
356,353,145,123,106,71,215,233,312,46,187,210,348,301,31,220,266,81,285,322,62,191,100,231,97,61
220,254,57,339,131,41,177,356,71,72,141,201,269,51,146,268,311,79,313,368,250,238,3,113,181,256
58,36,31,230,128,79,70,347,156,278,341,211,315,228,177,312,34,308,169,250,214,71,7,294,227,12
240,94,172,42,103,136,183,161,358,122,252,289,10,211,71,88,30,70,54,290,219,20,176,257,137,286
233,72,304,49,85,225,156,369,322,335,296,175,59,149,195,253,104,210,227,299,319,95,144,309,176,367
327,34,113,152,302,92,230,334,181,2,275,43,256,366,119,276,268,97,221,15,70,111,118,154,197,51
51,139,261,44,145,84,300,71,227,263,173,222,244,252,171,181,233,363,41,349,70,360,320,372,302,256
180,60,366,319,151,300,278,98,272,378,124,269,354,164,73,377,47,301,169,245,247,76,122,99,293,121
169,233,31,58,117,248,227,36,47,130,214,137,284,211,143,99,60,341,268,80,278,353,350,57,40,15
367,27,54,294,8,180,353,248,259,71,334,341,350,164,250,214,192,245,251,70,26,312,22,136,320,61
55,71,112,137,21,315,87,227,9,280,58,40,183,50,12,35,177,99,198,247,335,329,156,144,29,214
376,309,120,247,368,138,122,308,60,146,214,18,85,263,2,52,110,219,44,129,19,34,277,323,205,139
71,337,153,362,63,370,46,18,235,371,224,245,45,261,278,200,206,138,88,263,55,109,260,141,363,40
79,240,313,242,361,98,87,123,183,134,211,200,144,152,283,118,344,33,44,214,241,343,194,319,155,71
177,321,371,34,111,115,155,265,2,361,133,222,7,294,41,129,206,9,131,233,5,32,61,256,286,150
196,70,313,182,144,368,12,148,31,133,320,348,296,285,319,339,71,126,303,34,173,91,228,199,98,19
204,306,357,96,56,87,19,81,196,20,107,332,350,51,2,86,280,156,71,115,128,72,376,111,48,95
63,321,324,71,223,230,207,305,366,338,69,73,246,51,195,356,83,170,333,178,359,169,286,45,227,203
154,269,261,223,273,336,245,318,316,343,147,303,73,220,103,37,324,329,249,9,87,350,165,211,276,61
109,353,261,278,31,248,355,223,294,25,289,230,184,268,206,7,150,71,340,331,178,301,175,305,42,199
115,153,308,325,5,316,71,263,344,300,271,240,356,10,158,296,124,104,193,100,290,200,58,164,275,40
287,232,133,126,10,12,205,210,82,195,138,360,348,157,354,111,319,160,307,88,377,188,241,256,289,229
246,94,291,183,287,329,4,44,22,169,254,16,124,193,258,276,251,18,198,143,314,33,178,59,82,339
223,122,281,14,351,237,280,135,44,74,376,255,71,348,310,325,233,181,89,311,329,246,259,241,312,191
71,246,262,5,282,64,352,158,237,222,343,193,281,331,257,268,114,333,214,241,49,53,106,27,95,103
294,112,300,341,47,60,331,164,71,344,173,42,235,304,160,251,157,2,129,243,320,84,136,214,227,180
63,334,98,287,102,358,4,71,275,228,2,296,202,158,353,339,372,231,218,356,73,16,143,134,317,348
32,288,264,209,219,13,16,361,37,240,321,304,249,247,227,89,282,180,148,36,339,244,49,111,303,157
133,76,319,364,71,329,92,310,227,326,166,298,106,120,57,354,58,192,130,17,267,62,262,108,186,253
351,241,119,285,244,71,49,158,8,227,104,29,126,89,169,56,94,41,92,3,85,58,101,26,181,80
71,15,116,59,141,193,227,77,85,42,27,324,276,343,367,353,73,314,214,239,118,89,78,325,268,41
309,132,213,337,80,10,36,346,92,296,124,210,40,276,160,191,232,128,332,79,63,366,22,244,323,3
305,377,309,211,190,139,276,71,214,331,134,122,148,72,242,191,374,202,227,51,325,44,26,244,126,322
171,92,79,347,282,312,190,353,256,340,271,70,211,264,329,139,322,47,88,276,76,135,346,22,281,27
109,52,318,203,10,308,102,313,291,150,44,51,170,289,349,243,55,30,227,12,375,81,5,378,180,143
123,30,290,320,95,71,274,154,227,326,78,10,132,73,3,268,350,137,190,135,76,372,5,205,20,42
161,113,131,173,192,66,227,378,56,88,103,95,202,230,164,110,121,271,18,85,339,47,314,190,62,87
80,367,109,167,227,45,135,70,213,358,268,57,19,269,55,145,32,275,188,54,362,315,86,335,296,154
80,118,63,3,278,246,68,294,202,40,144,186,31,240,27,146,242,59,306,260,349,226,312,12,122,51
353,12,224,228,107,114,71,320,335,174,227,162,175,132,31,147,42,91,112,325,105,304,49,332,345,135
278,92,196,256,212,97,170,192,131,71,318,227,164,245,186,9,49,80,134,165,102,122,175,59,166,320
308,78,207,4,212,329,23,316,287,277,128,162,95,341,97,101,290,71,196,114,330,105,242,367,278,27
309,322,214,331,90,2,251,27,41,247,275,49,23,42,271,279,196,313,191,56,143,45,71,339,133,353
208,165,237,346,178,144,78,206,148,36,71,164,6,79,272,20,163,89,320,219,109,67,277,218,283,94
331,242,358,269,118,150,71,205,146,368,103,98,299,111,94,43,173,142,122,340,349,140,227,139,363,68
0,9,63,121,74,292,55,108,197,102,28,27,153,245,360,51,88,93,272,145,283,71,178,199,30,47
245,186,227,148,196,3,173,41,333,304,185,368,71,62,360,322,97,6,313,189,195,294,143,39,42,76
239,101,227,43,70,182,6,368,345,312,152,98,292,71,19,367,31,76,261,16,256,105,102,337,133,283
71,303,287,191,320,214,9,89,358,51,147,330,278,291,329,298,348,280,70,61,105,345,92,181,154,60
346,219,36,112,142,275,335,15,296,376,134,227,266,28,244,63,373,284,7,211,374,18,257,274,91,133
115,10,109,96,229,331,355,39,299,37,101,193,167,137,233,265,189,139,188,351,98,92,28,227,260,356
58,129,275,278,362,27,11,31,212,106,165,128,113,268,227,269,36,248,72,210,220,160,203,214,208,162
71,156,109,73,190,155,227,375,279,317,169,312,158,249,256,25,94,128,320,229,263,111,211,135,377,278
101,50,289,61,68,227,37,71,301,283,265,260,36,143,238,94,255,119,11,343,345,20,329,233,29,269
291,42,20,107,173,163,41,29,92,181,242,40,372,357,122,168,358,75,335,263,69,55,254,317,49,288
17,227,193,73,229,9,63,304,46,150,354,33,244,80,231,71,341,319,59,331,133,137,12,115,86,317
376,353,7,295,121,197,81,177,112,71,232,76,345,361,359,355,183,233,37,372,60,330,88,29,305,300
183,253,275,346,365,320,345,71,121,233,56,310,185,290,165,354,260,138,306,176,252,288,118,13,325,170
177,122,304,178,142,213,227,278,87,61,211,361,320,201,71,42,343,221,26,299,131,100,182,334,242,247
278,296,308,133,355,11,36,293,345,171,341,80,298,159,327,51,250,304,301,227,121,175,66,154,19,167
118,218,143,71,66,304,233,201,186,278,345,141,331,320,277,246,59,191,251,52,164,22,283,101,122,181
262,186,191,259,142,278,78,331,173,11,10,5,123,306,139,185,30,81,269,94,55,325,196,135,374,327
89,71,356,53,329,239,347,158,113,275,201,143,308,148,198,165,248,290,18,337,26,217,298,263,79,342
72,41,284,70,230,325,52,159,79,354,78,280,306,361,126,350,115,257,104,112,23,227,334,76,152,59
104,246,249,353,152,143,41,278,100,63,10,142,295,85,354,34,244,118,345,319,128,9,2,26,251,242
92,180,223,202,35,332,340,301,209,160,337,115,133,229,50,293,361,39,149,147,123,164,331,49,15,227
302,348,312,343,46,260,126,88,71,56,346,324,102,243,249,169,101,178,181,98,301,315,8,262,310,128
180,376,18,287,298,67,156,59,338,304,208,154,165,295,71,223,16,0,99,218,138,341,326,278,146,10
94,76,332,246,211,150,256,195,37,370,300,363,45,15,268,167,206,137,263,198,71,55,225,136,6,175
60,247,321,186,110,283,178,193,324,277,195,201,80,144,181,246,276,63,341,259,176,169,18,47,76,171
367,31,71,186,107,11,229,227,41,27,94,7,42,363,165,193,122,329,12,36,361,140,323,222,312,49
80,63,223,50,158,236,370,71,26,318,113,129,362,210,240,137,65,151,275,176,358,227,128,283,178,133
242,254,257,6,345,296,183,38,370,111,301,79,343,329,106,13,212,101,115,377,80,238,246,360,327,27
76,242,363,57,287,196,201,358,180,272,377,256,351,239,317,199,343,60,209,191,245,263,205,150,157,341
333,135,163,223,330,87,165,232,67,42,358,34,25,214,324,313,71,295,120,65,201,245,63,301,278,115
204,228,328,101,333,368,293,61,84,104,133,49,310,55,199,326,200,121,45,367,312,76,331,90,150,294
108,326,58,187,15,3,286,222,197,259,353,101,351,276,318,251,232,327,314,151,111,176,17,377,227,306
113,12,228,104,120,6,346,63,94,347,353,233,46,256,345,162,71,377,171,55,87,276,16,284,100,79
290,214,294,135,19,164,257,9,79,301,352,154,100,31,32,234,71,144,26,91,362,51,211,261,37,278
354,284,283,294,154,113,140,72,287,206,49,186,123,144,160,141,295,83,71,334,246,338,120,268,238,250
334,372,281,130,227,369,28,273,326,137,366,301,85,317,71,133,126,16,236,211,106,197,347,27,46,43
53,337,367,206,249,227,331,277,9,50,210,71,278,137,145,358,22,192,330,114,36,57,149,213,247,122
71,41,81,203,55,158,86,36,296,331,354,317,207,218,66,266,325,26,316,200,230,195,138,95,80,74
362,271,293,214,168,301,261,346,305,358,6,186,354,121,314,158,355,70,323,58,7,312,199,191,149,258
344,266,106,70,16,348,36,3,355,227,160,12,294,351,378,276,367,43,177,60,114,212,44,152,89,332
213,245,276,128,318,367,248,350,234,252,72,239,60,170,189,186,18,353,244,10,101,144,116,267,133,261
91,344,347,180,188,66,239,42,16,43,266,284,160,289,11,238,143,102,362,265,71,227,211,115,317,331
43,63,183,68,89,12,58,45,165,265,36,318,71,125,331,107,268,111,217,284,272,334,219,271,294,244
277,63,232,36,157,104,349,350,162,20,358,177,0,136,111,301,70,276,73,109,292,227,123,300,19,363
368,71,326,33,61,112,36,73,141,34,225,121,100,147,205,92,234,297,207,107,164,254,177,293,4,77
234,256,197,60,101,154,362,205,113,265,178,73,291,374,312,272,134,260,69,172,59,268,195,330,37,95
227,36,240,346,84,206,72,102,347,371,150,88,196,224,6,276,300,319,358,334,42,258,89,87,256,52
219,115,269,43,173,274,119,283,67,343,71,68,331,169,149,165,133,129,281,346,10,301,282,359,142,245
31,285,343,206,98,372,106,347,115,5,227,83,211,193,242,323,276,122,290,2,176,130,241,207,4,71
135,220,71,154,109,219,146,188,294,268,83,298,34,92,345,6,105,87,142,312,374,275,160,186,301,328
130,144,70,133,240,37,2,268,31,157,180,375,139,20,279,350,71,124,113,217,286,94,210,303,17,191
367,227,106,304,173,237,19,263,79,92,286,252,42,246,160,133,329,71,278,334,372,211,180,259,336,22
25,275,329,311,68,106,171,72,265,267,317,31,9,37,351,295,123,79,330,274,341,99,183,58,304,133
377,211,71,123,350,98,137,87,257,337,240,45,164,245,309,7,227,0,70,100,182,177,219,358,203,141
71,245,362,274,42,120,151,31,56,144,211,320,287,41,253,139,353,90,17,87,361,200,14,258,38,212
257,71,107,368,335,366,128,167,156,249,318,12,79,126,130,297,331,310,86,316,38,332,33,328,326,187
287,179,266,252,186,44,63,306,36,71,246,244,334,200,4,120,318,167,51,211,342,206,331,153,192,190
134,159,191,211,241,122,108,55,71,207,112,128,63,336,227,378,138,29,334,222,275,246,238,84,186,335
235,283,71,102,308,22,277,56,303,59,1,284,96,355,81,123,253,33,258,312,365,73,195,242,294,348
31,178,181,69,236,325,331,361,218,249,71,112,180,195,353,183,295,36,12,224,211,283,91,89,76,121
111,41,357,53,148,129,269,192,353,292,211,377,354,339,128,175,298,191,267,24,188,197,212,321,190,71
261,60,363,362,178,105,126,344,377,125,335,96,322,239,84,137,123,138,143,296,354,43,27,71,73,256
297,142,276,109,349,48,158,136,169,148,80,119,197,73,63,112,187,354,331,272,71,324,42,174,361,157
98,195,80,223,293,304,202,207,306,273,201,63,295,139,128,363,105,322,251,268,353,276,191,185,132,284
71,253,155,224,78,203,56,83,174,218,144,122,62,137,111,85,80,2,12,358,212,361,227,141,357,292
374,214,375,352,332,269,101,233,180,331,128,364,141,168,71,37,283,171,211,50,227,366,111,123,62,361
94,176,295,120,378,42,71,192,184,151,372,255,349,4,180,329,253,141,106,335,9,178,276,357,13,218
70,162,49,363,272,132,63,46,188,364,251,217,304,181,264,17,358,333,209,31,341,10,313,71,278,167
310,153,142,316,313,131,333,105,173,5,55,133,294,104,31,63,91,350,72,44,367,263,348,300,121,58
233,78,358,197,80,378,319,263,328,262,376,183,278,38,71,92,108,54,176,32,241,115,331,312,207,171
241,211,113,155,375,84,252,164,304,6,72,212,355,139,213,214,227,331,159,86,242,184,322,345,229,195
158,100,225,78,128,375,213,51,341,71,185,310,10,231,127,261,332,63,272,245,72,251,73,180,306,345
316,238,318,173,102,308,185,269,44,325,115,107,152,6,293,332,30,334,71,123,362,244,172,281,129,201
197,9,163,374,118,71,245,326,259,322,80,62,169,266,295,358,277,97,33,94,335,60,128,353,112,158
25,173,131,299,240,374,10,88,11,80,227,290,295,206,40,84,245,321,250,139,296,182,196,256,269,103
310,164,7,355,52,131,294,136,232,340,254,180,152,344,302,267,36,269,363,364,202,289,41,6,227,367
26,339,71,198,27,25,290,102,132,327,369,257,187,126,63,167,372,145,173,279,331,96,229,35,10,357
281,170,242,358,4,183,46,0,98,283,293,108,347,229,280,240,112,173,73,72,336,227,304,292,53,71
227,61,378,157,86,264,311,262,36,283,28,367,50,236,77,263,136,107,62,16,43,334,27,59,314,215
138,330,115,180,367,85,101,26,106,108,135,240,206,144,92,39,332,114,27,128,313,258,290,331,281,301
310,17,36,290,121,244,143,38,277,124,31,336,69,345,112,5,328,329,76,35,351,83,102,227,263,174
85,51,46,225,186,177,81,90,344,368,156,361,316,188,54,84,152,372,149,71,76,347,308,376,145,19
63,191,42,213,358,271,362,256,287,91,237,372,317,178,60,152,325,350,132,289,310,43,104,51,300,275
333,176,102,290,181,337,301,329,229,162,59,139,121,188,355,60,268,71,73,354,178,198,332,81,115,203
357,63,358,314,174,56,205,331,112,262,339,105,345,305,80,353,57,170,212,272,256,59,285,18,71,233
344,58,195,123,181,313,225,108,331,336,185,310,304,84,233,256,8,247,369,43,205,36,337,2,22,239
114,322,121,80,172,301,320,36,233,337,269,97,367,244,368,71,278,369,152,240,361,181,212,59,219,198
128,282,129,7,227,103,267,63,71,284,81,232,348,334,90,111,175,283,186,290,98,245,255,115,374,171
305,368,358,360,369,244,277,263,207,218,237,101,108,133,298,252,297,296,309,318,206,78,246,295,131,185
39,135,342,54,286,243,184,72,220,350,207,73,44,291,244,324,129,156,127,71,183,114,106,308,150,31
176,123,158,368,193,71,344,186,181,214,341,10,283,290,99,196,284,201,108,213,322,279,157,164,70,34
361,331,298,363,163,83,345,71,70,80,47,141,224,40,112,303,88,136,328,250,283,37,79,192,2,270
236,158,336,240,31,255,75,277,251,89,115,281,144,308,185,372,324,292,160,234,219,124,276,71,282,268
374,305,20,250,5,288,218,104,227,83,361,58,242,175,308,79,3,106,363,248,72,215,251,320,335,319
17,110,134,73,158,237,71,183,173,186,198,92,196,269,307,150,227,300,298,156,281,84,53,197,31,233
304,311,89,47,258,174,165,175,149,77,224,99,188,148,44,316,318,109,38,54,112,214,176,300,227,55
246,305,356,71,37,156,30,109,158,132,313,310,3,346,180,236,273,140,131,99,77,256,164,232,106,257
264,161,173,94,133,199,60,9,208,316,279,356,178,340,70,102,89,158,197,142,282,59,38,109,278,168
287,172,367,27,74,135,304,31,32,71,227,303,10,256,6,237,63,322,220,23,313,324,109,255,37,119
109,185,140,26,58,9,181,305,233,126,2,377,100,71,157,6,72,335,103,200,37,304,94,261,280,368
341,179,308,334,244,259,212,309,174,56,176,79,229,61,115,145,30,295,180,55,228,218,358,232,27,255
232,44,22,31,281,308,265,165,113,198,370,59,202,269,71,111,84,278,47,374,91,156,104,313,180,190
36,142,96,179,363,131,5,6,108,113,164,287,71,345,150,55,336,119,318,63,9,7,152,253,133,269
314,127,31,243,43,71,246,219,67,233,137,99,361,176,368,198,189,80,70,1,277,332,3,251,212,269
341,347,257,203,178,164,283,122,119,275,128,221,242,227,98,71,150,365,19,101,362,363,308,57,34,374
18,37,227,9,299,262,22,123,177,358,203,2,267,127,157,294,312,128,112,238,71,181,46,247,374,363
183,133,278,298,139,251,266,304,314,213,262,36,180,275,289,40,285,309,294,232,135,184,71,295,56,34
251,71,335,81,308,278,193,309,327,176,207,343,317,321,332,369,354,201,41,38,213,183,211,142,167,112
198,290,52,278,113,354,202,181,227,314,325,61,104,263,366,108,112,312,141,250,281,117,330,367,377,76
136,192,80,240,145,22,189,345,88,144,183,347,282,10,268,275,149,342,327,274,292,138,340,87,254,228
314,213,191,5,130,358,111,10,49,79,159,40,259,312,2,4,310,175,253,169,214,42,219,56,336,167
345,30,328,105,97,120,290,49,133,228,127,314,23,304,92,353,136,298,71,137,38,227,37,31,358,230
369,347,259,52,284,10,71,334,91,301,181,70,345,42,148,58,227,300,41,158,133,137,2,302,288,9
160,0,315,187,7,218,220,69,241,3,357,143,183,247,244,249,89,55,367,83,232,164,115,169,310,211
304,331,200,104,3,275,266,256,249,44,59,227,113,280,352,302,164,367,184,63,79,212,16,339,192,334
317,135,253,322,204,55,85,303,316,302,18,54,28,319,108,203,143,43,119,73,6,321,368,229,332,334
108,71,332,331,278,227,203,354,2,183,22,329,92,305,53,220,18,185,245,146,326,96,247,48,97,304
147,321,278,139,96,219,203,129,232,143,225,186,92,106,39,112,116,237,351,84,28,241,304,207,86,160
190,310,187,143,51,141,340,261,78,289,38,174,181,52,31,335,378,63,188,170,71,252,2,36,171,356
193,245,290,251,275,115,143,58,268,236,281,62,32,318,71,92,227,257,55,179,96,73,287,170,79,133
0,228,331,255,160,300,84,195,227,71,150,218,135,346,254,253,144,85,344,37,72,215,275,243,269,316
54,256,210,152,14,262,11,111,206,201,325,271,20,154,295,275,168,289,227,63,8,196,95,192,137,4
275,25,150,230,114,320,331,227,246,297,298,71,238,304,157,369,69,346,92,257,237,169,160,206,345,59
86,252,31,72,170,43,281,288,246,49,344,41,19,108,9,339,254,308,314,221,34,329,158,133,272,109
280,202,230,321,28,349,351,144,122,283,285,89,304,365,347,361,55,368,176,107,213,193,240,212,377,334
216,220,89,214,241,138,41,24,272,181,37,306,6,49,31,152,354,107,257,123,171,67,8,180,3,126
18,245,334,314,7,256,361,73,336,217,211,117,216,95,137,287,242,213,164,20,188,10,4,144,347,94
140,242,186,349,85,63,304,150,112,56,231,79,158,144,71,240,73,227,263,367,25,174,347,308,108,96
19,300,25,70,115,239,144,31,66,44,256,367,184,261,186,20,343,86,227,73,139,265,158,34,69,378
97,41,331,176,229,271,227,180,337,58,281,352,128,188,251,213,282,321,280,211,102,336,275,133,3,73
310,349,321,41,71,143,347,263,136,334,265,46,300,119,272,126,85,96,203,233,255,295,202,227,313,121
238,71,152,226,374,176,101,301,335,53,106,324,26,87,274,318,25,285,65,283,78,24,190,117,256,33
63,331,201,106,15,148,189,88,108,245,212,341,287,313,230,62,167,314,156,275,236,305,335,29,232,136
10,288,180,130,279,40,71,331,2,227,136,164,100,265,22,34,137,135,377,14,158,1,308,124,204,249
268,224,115,233,162,227,133,143,280,253,96,341,347,334,178,104,309,241,4,191,173,214,3,187,238,50
262,58,241,71,197,319,161,227,16,70,96,2,176,145,144,277,249,323,45,247,87,284,110,215,52,174
268,263,94,325,100,124,37,16,238,283,327,98,206,71,252,277,152,257,227,301,58,39,120,241,280,221
349,344,9,53,95,71,370,249,14,293,63,237,102,227,175,307,272,300,315,252,309,79,134,241,182,128
33,42,0,59,304,275,147,63,131,201,271,64,8,294,43,73,60,301,259,311,318,355,119,30,326,258
288,164,365,241,36,336,19,34,51,210,183,358,301,246,31,201,43,18,13,209,67,7,103,325,347,94
349,155,165,183,322,341,212,76,118,144,148,167,368,348,151,369,311,160,313,88,71,164,104,92,278,162
309,78,155,72,265,333,247,131,15,254,354,316,48,47,29,26,245,278,282,370,277,231,195,368,295,71
271,329,157,76,169,343,263,17,356,185,143,95,103,60,268,255,71,20,43,108,227,36,19,257,171,152
38,3,214,16,57,300,293,282,66,121,71,51,8,26,18,198,136,13,192,181,63,100,55,211,45,122
195,55,23,183,89,108,278,20,98,105,129,167,355,71,178,36,238,133,245,240,180,284,126,102,100,192
333,214,139,240,122,26,249,81,358,108,96,277,340,71,324,219,35,134,190,94,95,308,294,109,4,69
41,374,369,9,5,119,104,346,218,351,71,44,2,207,229,334,243,70,260,254,191,361,109,159,84,279
62,104,86,298,220,7,245,162,323,180,63,240,83,335,181,357,356,142,288,367,37,360,270,128,172,319
241,111,139,334,45,227,73,96,211,169,179,258,71,259,94,12,353,247,305,191,120,275,137,132,180,20
331,143,261,171,238,2,112,311,290,228,256,336,221,190,189,58,356,318,106,101,191,281,211,123,117,227
262,304,141,142,38,344,190,268,71,120,230,308,133,116,127,164,227,90,80,328,123,189,156,41,128,212
113,135,300,175,54,280,252,319,227,71,59,214,107,186,173,361,192,245,142,287,298,212,76,60,230,336
341,367,262,211,291,242,12,201,144,71,244,290,358,122,227,320,13,295,126,115,108,306,63,28,22,317
283,333,199,82,174,308,256,88,58,173,344,73,361,254,228,247,53,210,105,338,317,315,299,303,147,102
374,10,340,148,219,123,172,284,144,89,203,158,29,237,245,227,343,324,28,331,71,211,150,154,141,133
70,85,333,301,354,31,96,233,174,331,330,63,111,171,289,303,227,159,245,122,258,104,71,52,118,40
303,251,228,144,308,134,377,239,178,161,358,71,49,197,283,357,182,91,76,221,343,66,231,369,60,193
279,299,167,345,89,71,344,181,282,85,9,247,31,193,219,265,123,271,225,268,36,346,27,44,355,281
78,101,189,111,323,253,245,319,316,353,25,27,71,289,73,174,250,331,143,56,238,211,1,46,11,362
278,154,106,53,187,63,229,144,120,204,44,188,173,320,66,310,158,90,83,74,277,103,115,353,39,113
371,376,106,295,25,71,164,80,204,278,368,96,178,133,305,285,94,15,233,101,265,123,104,326,273,169
325,169,70,20,312,213,279,317,239,133,271,115,73,47,233,55,378,256,238,123,18,348,314,108,114,364
85,292,311,80,363,69,139,182,151,87,245,184,63,71,229,53,290,358,42,3,294,178,165,216,15,352
29,81,311,289,227,147,201,247,305,243,16,46,51,310,239,321,10,368,76,233,318,316,250,195,186,261
193,163,133,285,364,66,345,220,60,201,123,233,115,331,62,373,98,81,234,270,4,117,68,61,173,112
66,356,95,263,118,206,79,55,218,40,275,21,69,278,92,154,62,189,1,368,327,71,361,128,308,171
324,191,365,113,255,160,57,326,346,93,71,43,120,363,18,225,319,115,178,28,187,147,141,73,220,37
309,219,328,161,358,334,80,344,357,58,188,227,370,330,86,108,230,31,165,347,136,246,7,302,160,321
33,71,137,328,16,72,239,223,142,310,144,241,284,316,114,158,331,304,295,80,7,160,86,318,164,47
61,146,88,290,320,63,151,165,233,197,241,162,324,193,34,246,229,20,2,102,31,269,180,304,235,168
192,254,352,291,74,301,369,211,245,348,103,220,150,31,258,304,26,278,109,20,100,214,283,77,200,160
293,84,327,120,131,182,246,356,71,46,320,154,199,73,243,193,257,54,186,363,290,245,185,277,92,25
324,233,277,64,175,353,376,363,133,274,227,156,251,230,114,182,241,177,344,293,63,112,53,36,372,348
320,60,276,203,28,37,118,41,25,27,114,362,122,175,70,62,150,133,267,374,113,123,99,111,334,181
88,12,101,334,11,213,3,253,278,341,20,143,357,354,264,71,92,144,331,348,52,181,227,123,198,41
220,109,71,280,128,83,207,185,73,330,350,63,134,374,242,156,268,357,235,113,345,150,274,211,272,306
357,73,334,16,280,222,25,288,310,77,42,7,138,290,204,111,70,283,81,157,100,27,210,131,80,62
104,71,302,46,154,318,172,25,3,227,288,7,218,212,313,42,311,49,63,92,80,110,188,66,263,345
46,228,128,31,192,78,121,133,20,159,138,195,89,304,13,90,369,213,357,353,257,358,250,252,53,242
45,343,55,210,62,158,354,276,177,248,42,192,233,108,302,167,295,278,29,4,20,304,124,374,109,85
36,32,108,98,281,40,250,50,128,319,95,353,134,331,230,135,79,12,254,61,70,295,345,114,178,148
269,61,37,262,213,314,378,107,334,277,153,115,181,363,9,233,128,276,331,142,224,2,121,14,91,118
240,229,220,154,164,320,5,357,362,282,19,258,21,92,29,20,175,36,290,223,87,195,52,339,130,358
271,288,158,221,357,186,120,115,129,41,227,128,60,26,325,201,178,336,212,11,123,40,134,204,256,163
79,152,169,141,112,218,175,185,308,33,193,321,109,49,378,9,220,111,344,8,224,115,329,303,356,10
304,161,163,92,254,369,27,217,121,89,287,90,71,69,80,348,36,63,3,291,247,133,231,42,324,219
50,305,347,141,51,250,173,185,256,196,108,30,89,115,212,9,227,358,245,302,303,158,258,68,332,263
227,313,325,36,71,301,133,250,336,362,365,164,42,156,77,140,289,331,258,94,96,303,7,210,322,371
341,317,105,94,8,282,246,331,373,73,374,217,14,304,62,70,186,229,57,314,278,244,218,135,321,354
155,329,102,44,374,227,107,108,169,224,186,254,330,256,206,240,197,154,99,294,46,196,369,249,333,274
183,217,141,55,88,192,48,171,337,288,318,152,147,182,366,145,205,283,345,279,42,164,71,196,263,191
65,88,241,366,262,162,256,80,353,55,5,190,139,109,157,287,131,351,318,227,331,258,237,44,151,195
229,143,367,50,158,201,37,295,100,88,290,123,135,227,165,376,302,181,34,142,220,218,36,18,234,347
56,139,233,273,340,135,245,102,244,42,251,357,320,318,365,157,170,7,341,323,185,211,324,73,295,188
34,185,198,135,268,355,229,126,42,149,236,330,141,16,179,31,274,354,304,351,192,363,265,331,239,59
302,148,51,30,354,103,312,130,228,229,115,92,180,268,329,332,46,273,129,151,245,298,322,96,361,330
83,370,2,71,304,133,203,34,217,354,208,152,63,31,367,190,358,297,70,167,100,103,330,58,178,77
151,310,255,55,369,376,133,320,176,71,180,72,67,228,241,338,216,49,230,188,96,158,269,309,223,91
350,256,83,287,361,42,227,367,358,99,52,211,224,143,230,108,87,167,80,240,44,79,53,245,302,89
36,186,38,223,37,41,92,76,358,207,325,46,147,18,83,337,11,68,286,267,107,71,281,271,184,119
210,325,340,160,233,172,101,149,236,155,190,326,316,88,329,366,40,263,275,293,195,224,183,278,304,34
123,152,45,233,312,363,219,270,193,287,318,329,6,119,100,375,20,224,177,181,245,114,135,147,369,217
165,195,104,374,186,282,283,100,71,42,145,376,329,63,89,343,92,292,147,41,304,79,38,6,314,5
97,49,135,170,31,359,314,122,34,114,311,204,87,107,187,121,90,235,284,357,190,6,325,128,61,253
118,216,245,153,33,186,203,227,266,197,209,143,263,312,141,69,108,71,275,34,190,195,293,370,73,224
247,146,290,114,356,227,347,367,150,85,296,181,218,358,52,164,158,98,345,55,328,329,197,268,109,205
94,243,26,76,63,69,71,19,118,56,227,319,92,353,115,164,107,284,267,135,318,315,375,362,42,305
157,193,299,203,129,372,111,179,233,58,89,300,171,112,246,174,7,120,221,340,283,363,229,198,154,316
90,357,59,121,243,47,180,67,209,188,22,9,42,331,356,45,71,195,370,245,241,4,355,66,326,144
27,283,235,121,63,153,17,276,277,158,259,192,221,123,309,208,193,142,270,288,159,334,150,143,41,329
72,305,94,288,53,36,346,213,246,363,318,233,156,34,128,214,11,347,71,175,193,270,254,20,241,222
179,353,76,71,366,142,287,158,153,173,296,36,369,272,337,164,20,275,292,165,40,160,91,98,300,250
304,49,0,71,36,58,331,302,361,253,327,94,284,227,357,323,98,196,18,130,270,118,242,31,243,276
160,47,195,189,369,149,376,251,24,122,361,234,355,350,71,227,319,131,277,368,141,256,41,340,229,259
370,41,112,37,291,237,283,25,49,99,59,57,174,325,330,151,227,247,219,357,44,280,128,367,311,71
67,45,173,257,186,308,348,143,368,201,316,88,362,185,236,298,353,211,206,80,301,103,198,346,269,180
278,129,51,357,58,310,251,361,339,173,27,42,253,269,159,327,69,375,290,370,378,60,121,271,160,320
89,356,20,159,304,242,121,128,331,77,186,43,140,76,80,160,299,113,41,57,323,372,319,233,231,192
195,73,308,71,374,3,225,361,305,188,231,4,290,325,191,240,156,80,318,284,95,298,248,237,304,182
112,243,192,27,348,332,230,44,240,131,53,89,191,71,31,292,239,3,227,92,204,154,60,215,300,142
191,180,368,108,11,70,227,244,174,343,178,41,330,98,271,6,316,128,264,261,142,337,179,42,63,2
20,95,42,4,263,331,71,7,295,377,202,329,180,190,154,61,36,9,107,108,288,305,110,152,327,287
139,275,133,204,104,61,366,365,227,361,137,301,363,255,0,164,115,14,154,258,331,173,146,30,306,209
158,223,80,76,265,227,308,244,320,238,326,190,329,29,360,261,225,59,39,71,160,309,188,20,282,38
152,250,139,156,233,277,290,44,303,75,227,199,89,6,211,202,241,86,160,62,37,325,4,73,222,350
60,347,148,196,362,330,71,170,235,300,89,346,141,331,12,279,304,130,237,133,307,41,131,122,92,367
137,113,186,40,364,71,25,157,326,10,164,75,227,79,7,16,73,49,233,81,262,150,168,53,163,313
229,26,311,367,96,19,71,141,358,46,89,227,76,256,31,118,246,292,57,355,183,200,16,378,363,37
282,36,319,245,183,146,249,121,44,269,181,94,55,76,320,364,103,243,298,215,265,16,69,225,355,227
31,20,339,71,219,232,76,165,294,2,66,80,271,314,289,327,97,346,30,33,195,229,254,319,65,46
357,63,102,252,100,322,226,211,289,29,118,54,262,156,316,304,62,2,219,133,26,98,314,15,178,80
324,228,205,27,323,70,68,29,45,303,245,61,212,217,113,148,340,59,31,204,22,272,348,308,227,362
184,318,51,45,118,229,296,357,345,282,313,206,256,47,57,308,46,173,262,297,253,154,363,327,202,254
146,118,129,36,161,357,134,331,332,358,181,194,26,367,356,371,205,310,103,215,305,191,246,201,2,115
118,218,68,331,227,349,151,253,182,259,378,155,144,355,309,280,162,125,40,284,352,363,136,238,358,289
71,203,53,126,40,113,283,190,73,141,378,90,146,2,109,249,220,185,42,47,334,282,253,65,115,188
73,302,71,200,188,45,17,130,165,320,155,85,183,225,297,16,214,27,62,192,101,292,358,102,92,34
268,59,259,192,277,89,150,205,68,190,323,234,227,193,16,71,164,173,289,229,11,143,318,160,37,246
0,304,145,368,211,361,376,347,16,40,218,71,136,8,36,144,273,320,44,43,14,201,331,33,85,268
0,191,293,71,104,194,323,302,10,69,20,278,131,136,134,79,219,306,113,284,277,317,331,249,316,145
77,128,281,227,68,308,118,163,331,282,332,320,58,345,351,129,0,96,312,285,277,15,42,87,211,241
143,156,162,369,120,279,301,136,25,322,219,240,192,265,211,269,258,73,51,305,227,293,31,184,309,334
144,201,318,250,325,37,263,114,354,303,137,175,107,176,261,236,77,377,121,221,113,80,367,153,225,227
5,348,80,38,222,321,134,229,330,167,36,195,150,358,60,257,130,185,8,64,46,103,26,278,143,79
180,71,280,367,98,183,3,16,70,217,10,133,87,325,97,305,33,311,205,141,296,173,59,247,114,91
286,227,341,362,284,16,211,213,214,42,301,340,147,250,367,102,334,329,121,41,7,331,51,15,158,111
155,367,203,372,164,365,304,251,266,133,6,158,36,87,99,112,321,147,227,322,303,39,71,2,297,88
159,272,304,123,45,41,6,61,133,241,299,186,58,210,167,68,298,63,158,121,85,288,56,12,261,92
275,59,137,301,311,300,126,283,87,112,29,164,105,122,334,162,252,133,253,77,150,244,115,185,95,43
125,7,121,137,234,283,271,69,362,347,314,306,118,363,71,52,51,304,27,358,333,323,329,354,42,294
269,152,211,120,285,84,89,369,63,175,317,37,5,315,55,69,137,123,154,59,18,111,241,61,276,227
112,375,106,155,9,153,227,366,88,2,264,348,7,258,239,135,334,363,191,318,107,269,345,104,174,32
305,346,245,227,234,268,308,180,80,113,100,374,31,55,211,212,91,178,57,263,53,115,108,344,15,148
34,254,98,128,348,208,59,116,324,100,278,36,342,372,146,74,154,119,355,203,44,77,177,195,174,71
286,71,361,37,338,310,233,22,343,220,305,160,115,42,243,269,127,133,11,329,88,103,378,212,34,31
71,304,54,299,182,274,171,189,227,122,109,309,372,294,99,10,243,326,73,290,191,135,36,43,32,228
227,296,143,48,10,22,183,247,109,164,118,377,245,218,290,112,28,133,106,3,95,77,378,330,158,232
144,43,348,31,346,98,289,331,119,137,341,115,314,6,272,282,16,36,37,19,211,228,276,370,122,187
153,282,133,76,187,130,192,329,318,199,271,299,307,144,320,73,12,75,334,175,23,6,164,368,154,363
375,262,236,94,73,27,133,3,139,245,275,355,122,164,319,233,19,26,258,174,298,348,316,87,141,240
283,71,264,121,88,212,193,318,122,324,169,255,301,369,188,55,180,107,202,36,245,92,316,138,340,37
164,308,24,223,268,298,354,369,71,187,16,77,93,53,18,111,254,239,227,0,325,235,206,317,80,148
135,3,366,262,50,363,321,33,210,361,332,330,376,148,371,336,209,214,99,227,273,92,213,377,237,68
181,57,207,270,286,324,71,186,250,173,284,15,164,83,95,122,170,272,111,25,198,345,211,334,192,16
367,111,348,133,147,268,181,271,71,139,216,233,151,155,212,341,145,250,116,205,290,115,255,213,322,294
321,290,71,331,126,6,304,249,246,348,203,256,9,139,59,332,151,169,94,152,70,278,89,34,86,36
330,287,132,144,188,277,191,361,312,256,332,278,227,167,7,0,61,180,71,128,16,259,219,345,137,247
84,347,109,156,20,12,366,320,287,228,183,41,282,295,343,242,256,289,71,96,196,202,312,271,144,149
283,164,252,20,74,157,186,177,41,121,180,310,264,124,296,247,179,108,88,227,323,113,12,276,50,153
295,332,350,259,143,0,329,144,335,251,241,284,224,100,57,85,296,177,157,276,115,32,77,155,331,285
12,322,27,317,254,301,192,195,73,177,256,147,71,311,164,308,247,358,240,80,257,55,148,193,13,374
145,317,71,196,89,347,334,106,340,70,219,126,174,276,200,308,212,237,246,224,369,16,177,121,210,101
29,53,162,193,264,59,133,241,166,357,41,143,316,101,106,295,121,286,2,42,323,238,358,233,88,72
100,207,214,340,127,263,121,8,144,170,164,150,259,329,106,162,331,152,268,109,258,71,55,320,59,325
71,195,163,178,103,277,3,376,274,36,247,51,112,224,356,141,200,68,333,260,160,213,76,303,31,42
233,42,52,56,375,102,215,363,99,316,87,259,8,71,214,135,266,245,241,331,68,294,133,268,293,96
211,346,96,242,256,207,70,173,14,80,79,85,282,250,278,190,183,197,49,133,194,4,71,31,27,294
311,61,103,37,319,59,284,129,324,71,72,240,254,245,332,85,268,291,377,51,41,256,246,84,135,140
71,183,113,253,160,46,43,376,58,295,305,188,227,42,102,265,192,189,231,33,249,348,353,297,133,137
348,340,175,313,193,156,190,191,98,71,152,305,121,176,149,265,123,114,167,227,169,32,18,142,166,205
169,86,71,363,316,77,101,144,68,75,193,281,1,345,246,4,145,97,319,133,100,12,203,160,278,173
218,252,308,374,331,71,340,76,55,124,227,136,337,304,276,26,240,306,36,268,84,108,37,223,117,107
108,301,372,36,126,38,308,191,43,54,356,275,63,325,175,106,97,188,71,344,369,227,331,334,31,158
345,55,331,85,40,71,351,77,309,260,197,63,16,367,289,7,152,193,72,251,148,192,261,141,269,123
68,71,333,233,310,259,245,193,241,176,290,117,40,54,219,115,320,173,203,336,378,8,322,92,77,85
123,367,94,154,28,290,257,3,222,41,133,331,268,151,177,55,77,186,370,68,368,86,117,210,175,375
353,7,328,243,63,157,68,58,219,55,193,227,218,233,62,139,261,130,31,245,164,100,337,146,368,252
277,43,340,77,363,350,58,60,214,71,293,106,92,299,246,288,298,89,36,270,45,198,211,47,130,324
53,357,105,283,91,118,112,81,88,257,6,227,321,141,370,256,263,261,376,304,314,102,313,334,216,323
8,225,92,25,272,144,377,193,202,20,37,339,268,203,211,124,84,104,115,53,295,99,210,278,357,4
144,259,250,240,260,369,256,203,36,236,227,229,376,91,25,128,168,153,60,108,71,300,358,20,34,186
60,5,331,280,112,29,254,316,59,361,314,301,90,3,68,258,142,169,188,341,41,339,348,211,158,359
332,255,361,256,316,134,236,133,60,283,251,59,77,311,156,242,43,71,81,183,234,229,44,191,230,73
53,55,51,316,211,283,325,304,309,46,285,86,186,189,56,144,295,269,367,282,139,240,263,329,153,361
115,256,225,322,227,59,91,164,14,186,363,245,80,88,345,158,305,185,344,316,131,89,271,358,26,75
353,318,102,242,182,233,68,340,3,313,36,83,323,331,161,2,69,147,187,363,335,227,59,265,103,73
314,141,273,76,33,336,71,181,252,301,119,300,197,242,110,73,178,356,121,265,3,20,19,276,111,42
273,332,4,285,319,150,286,368,291,147,71,108,58,92,219,17,281,295,366,88,212,51,16,245,114,239
251,221,89,204,6,135,317,117,341,137,19,358,258,196,313,183,169,234,103,127,314,75,71,118,309,322
136,40,71,203,182,278,269,331,253,345,352,4,211,212,102,63,34,319,60,335,112,17,189,354,282,316
211,251,131,285,349,375,36,328,113,377,78,123,302,153,256,240,215,276,61,164,155,53,367,55,289,197
83,256,286,41,245,278,267,244,227,169,372,173,55,141,126,214,130,16,98,273,192,59,4,367,108,258
286,95,108,325,71,1,281,119,132,144,121,43,272,274,347,84,288,367,104,279,177,10,294,52,169,23
356,80,294,212,160,236,372,328,158,98,35,84,334,280,105,110,133,106,200,44,227,344,378,1,153,186
329,278,36,333,130,131,257,185,43,168,162,209,216,95,164,295,247,24,129,240,102,122,40,235,154,271
25,31,47,89,110,81,293,43,154,26,121,227,255,315,286,340,247,299,108,95,219,304,148,252,268,19
242,144,34,134,236,346,309,88,123,200,336,71,204,283,362,340,212,268,2,277,84,154,89,369,120,186
249,16,83,223,51,95,115,76,316,326,108,36,325,256,71,152,84,4,31,255,220,3,274,248,240,322
174,275,243,114,108,20,190,240,276,180,140,193,357,7,5,149,245,105,99,165,218,83,26,295,312,71
182,358,286,6,198,283,2,377,361,347,145,369,306,21,287,227,191,165,353,163,340,86,273,262,104,73
313,154,278,334,123,167,310,376,83,98,372,234,258,261,36,259,41,357,71,302,201,227,193,165,317,47
293,377,111,340,348,71,3,243,292,331,303,209,210,334,26,176,271,249,241,232,83,37,180,295,264,372
2,254,46,320,346,177,141,103,332,227,356,54,73,134,334,209,263,33,42,182,344,167,316,186,366,7
177,122,360,7,16,121,325,20,185,313,314,158,17,278,195,182,66,96,292,285,247,37,30,95,111,73
55,268,224,16,309,40,141,174,278,47,81,42,95,321,115,374,114,154,248,317,163,346,128,94,313,319
265,173,66,77,37,259,137,354,290,105,258,139,31,192,3,266,165,248,334,233,56,295,277,22,213,232
88,42,139,245,241,83,31,36,372,183,333,4,71,90,362,284,205,59,133,294,154,222,248,92,81,103
365,215,317,195,118,4,330,141,316,94,20,103,280,193,203,311,144,263,10,321,318,157,304,332,89,343
85,272,148,176,325,363,302,3,337,367,344,12,286,141,270,71,346,298,128,174,240,74,133,355,378,282
34,193,220,26,0,158,218,72,144,81,247,208,368,306,138,248,165,185,147,343,282,143,283,219,71,55
145,71,62,271,115,100,102,95,201,0,3,138,311,281,261,331,64,211,301,129,59,52,227,244,315,55
331,344,167,335,368,72,367,158,196,280,295,128,71,41,194,343,220,256,377,39,245,352,278,111,217,2
57,307,200,357,17,284,353,47,143,100,55,361,250,0,63,120,148,27,329,121,242,71,95,263,336,305
137,367,363,154,41,134,70,131,173,374,291,195,28,198,227,39,129,106,105,42,191,284,52,228,319,245
315,83,344,124,184,319,32,308,61,158,246,346,197,309,73,367,245,91,94,143,353,77,183,269,178,133
335,269,229,244,142,141,123,71,320,193,251,364,253,108,291,311,220,55,304,214,149,104,44,211,358,260
287,289,283,345,227,92,298,354,71,113,115,346,261,133,155,210,361,242,230,349,307,26,128,55,0,87
309,196,96,218,38,346,63,280,352,358,180,71,152,173,158,34,287,250,150,260,257,261,15,368,0,109
143,54,89,133,142,53,203,349,164,158,255,154,106,95,71,80,212,243,366,97,165,156,15,50,368,331
246,14,358,107,290,73,137,31,153,84,11,125,310,173,285,6,200,253,377,360,71,80,221,224,55,267
346,120,167,323,325,230,282,288,374,16,55,46,12,186,284,214,243,175,277,332,41,336,68,377,18,263
237,313,199,226,10,235,268,92,80,214,302,183,131,264,29,186,106,71,241,95,133,361,261,5,52,81
91,204,60,12,138,142,280,371,86,71,232,81,143,300,80,278,102,325,177,308,144,245,59,183,290,107
73,354,138,272,174,108,55,302,227,252,261,328,362,6,299,233,191,7,192,177,280,378,66,71,320,186
34,11,248,367,254,141,262,14,87,347,246,111,7,237,163,102,363,215,176,259,266,278,134,42,362,243
213,42,174,133,123,345,318,163,360,74,197,37,141,190,223,20,225,171,161,369,62,319,269,66,277,292
149,164,188,268,4,153,40,361,42,89,69,181,215,90,229,8,310,80,171,159,343,128,125,187,122,331
218,53,164,8,227,210,155,90,275,10,263,116,128,59,17,290,79,13,156,330,187,278,65,150,40,319
19,88,193,273,220,295,300,55,150,135,172,332,108,173,319,202,92,363,233,37,105,177,103,268,123,308
97,22,358,336,361,34,197,263,112,194,290,89,259,231,4,320,252,148,357,149,337,48,184,121,347,71
299,101,70,47,42,205,305,193,40,300,26,105,133,94,288,246,335,59,100,329,332,148,22,195,237,18
130,16,252,192,309,17,73,83,23,319,238,297,295,120,258,71,214,9,283,115,343,7,248,20,320,358
254,31,73,159,278,47,89,243,113,40,51,105,84,86,38,123,6,304,96,256,182,211,234,218,293,310
78,286,67,123,359,133,195,129,192,296,357,39,330,228,11,36,343,63,337,155,184,335,59,271,151,361
210,74,195,143,20,13,67,63,34,162,156,55,189,245,119,42,326,244,276,241,40,150,203,251,47,319
250,309,237,115,78,25,275,317,340,151,362,87,137,374,186,234,193,144,71,295,230,209,176,224,345,101
150,94,246,279,241,35,171,320,29,99,261,173,54,306,298,9,275,118,227,361,162,66,245,281,126,158
358,271,206,211,112,44,78,98,161,351,175,253,244,199,309,140,377,306,85,255,3,176,157,298,133,17
314,220,362,265,246,245,26,71,102,191,161,56,318,85,74,14,131,95,335,72,164,22,312,247,316,111
71,317,25,256,344,37,378,113,85,38,160,272,33,308,106,184,148,258,133,153,51,335,214,269,21,32
122,6,36,4,189,259,67,203,97,337,144,309,343,308,168,99,69,193,305,281,285,227,264,165,10,88
304,331,269,320,290,332,71,123,104,70,120,272,21,274,182,214,249,328,126,271,94,224,165,112,37,4
375,320,76,141,41,70,244,26,109,373,306,378,94,95,17,4,128,212,331,106,81,35,38,51,186,337
222,47,341,225,282,191,109,42,308,12,122,90,128,70,106,145,361,6,286,302,170,3,334,362,185,183
311,71,307,377,47,227,195,239,212,314,329,141,365,185,51,68,126,240,148,98,351,134,31,196,9,354
216,295,224,161,309,333,104,348,16,227,257,200,7,374,243,306,109,193,139,61,2,354,113,23,91,346
112,31,6,306,299,46,212,144,378,321,240,170,18,273,175,331,94,324,73,363,163,339,198,353,30,246
132,63,323,194,9,257,54,66,285,233,355,44,232,151,270,269,71,139,324,176,319,291,336,115,12,173
208,123,101,263,256,290,355,159,158,20,292,318,273,143,85,247,71,378,42,160,98,128,200,337,7,154
265,352,171,183,342,164,35,133,113,361,16,282,41,3,19,197,377,2,212,85,257,32,132,363,90,70
349,304,239,80,38,35,73,111,295,115,178,363,47,117,12,354,254,331,44,308,99,288,7,157,241,104
141,355,49,281,338,197,17,378,88,267,296,327,71,27,100,178,19,2,333,155,138,25,325,97,366,92
42,346,319,303,71,317,83,7,63,318,23,340,214,258,128,136,55,365,356,37,295,358,283,220,84,106
115,139,299,275,339,253,291,351,157,239,164,71,326,248,199,108,171,282,358,340,159,306,214,98,10,22
17,361,176,125,9,41,57,203,293,237,128,345,354,205,175,344,331,68,27,276,269,350,291,206,227,348
337,210,52,111,276,249,61,277,282,10,339,271,377,363,316,301,163,207,256,183,321,227,99,156,5,72
34,270,3,134,87,363,247,375,107,46,192,7,31,320,171,292,16,125,221,264,178,374,209,330,144,214
212,42,297,88,216,34,87,256,350,229,347,115,124,76,304,178,257,142,122,111,374,218,366,0,96,369
322,122,157,358,65,41,109,332,88,164,263,366,185,40,144,227,71,20,15,37,100,357,198,95,223,165
59,295,202,203,5,275,100,49,12,254,200,4,268,73,265,298,134,214,87,156,353,249,6,43,241,96
319,120,227,343,87,20,129,282,326,90,211,71,53,94,257,346,228,193,147,95,123,361,355,308,6,298
375,105,374,71,175,244,20,131,63,309,199,44,354,298,330,299,316,227,257,250,40,212,271,206,253,17
305,118,162,28,68,148,234,151,106,37,346,157,205,198,77,98,156,2,292,71,19,265,107,129,334,94
320,43,190,192,29,227,123,155,366,315,329,214,222,195,235,132,151,250,137,234,221,72,238,107,178,204
250,149,362,80,177,219,130,256,263,358,16,307,303,0,41,318,133,269,71,146,287,359,211,167,20,122
71,105,277,70,17,298,297,118,269,175,81,15,44,227,93,301,233,236,280,145,89,191,251,163,196,216
332,296,80,251,20,356,161,53,111,87,281,233,234,287,203,330,106,357,331,59,156,19,212,137,319,350
123,358,133,31,84,107,278,331,241,154,72,141,238,258,378,1,89,104,338,124,362,137,204,245,158,43
263,71,121,212,282,378,366,280,130,335,122,224,343,308,227,241,214,208,244,311,93,186,3,360,173,228
186,227,157,66,361,27,123,2,174,358,195,39,152,252,170,165,96,335,7,125,285,44,263,183,318,371
304,324,87,249,302,112,335,113,90,63,167,310,153,319,51,60,233,219,159,50,58,269,133,364,255,104
358,70,88,24,227,348,105,154,55,102,308,190,19,214,257,72,13,240,283,293,270,156,268,111,341,136
361,183,63,218,8,204,20,233,55,221,313,43,106,76,80,309,175,334,16,121,265,266,277,64,95,346
55,308,345,227,21,363,182,232,59,188,155,357,245,167,41,358,354,374,243,71,128,80,63,11,271,242
80,52,219,305,16,346,133,298,311,378,220,106,7,62,10,335,197,95,103,175,73,281,152,253,55,212
96,59,0,31,165,241,87,74,173,176,214,80,45,123,218,25,246,133,49,112,27,37,108,73,308,52
270,261,358,329,101,152,274,214,278,115,72,2,174,109,243,165,12,228,60,122,302,81,46,112,245,71
317,66,11,290,313,198,268,275,188,76,10,34,140,167,191,87,71,340,293,199,296,279,190,358,341,147
67,112,142,220,156,314,32,165,65,56,95,178,6,294,233,237,121,357,356,2,323,111,96,89,144,335
333,131,174,114,140,337,35,108,25,367,319,369,359,142,73,143,283,281,135,63,31,71,0,309,302,262
377,129,290,114,257,169,295,342,100,60,71,230,6,250,3,207,143,84,280,183,336,149,269,261,102,111
102,324,51,9,6,249,71,76,323,132,235,223,38,167,284,290,61,176,138,125,175,345,27,158,264,55
71,315,349,318,377,348,167,363,133,183,227,218,230,265,144,91,241,9,279,354,112,275,193,27,162,11
42,8,7,18,157,249,227,46,62,6,203,208,347,37,345,144,169,352,114,367,58,167,234,269,215,30
142,299,12,341,101,105,364,141,281,359,374,71,227,144,180,189,131,301,287,249,76,160,60,280,36,298
157,55,128,242,227,162,363,263,115,246,42,94,175,268,33,219,72,114,274,53,154,149,165,109,121,313
85,191,232,241,366,254,133,372,348,141,45,255,233,80,130,132,219,328,265,268,283,374,199,359,18,121
157,308,9,265,363,227,222,128,40,320,207,316,281,83,154,41,299,333,347,257,159,36,283,362,31,166
300,304,171,26,135,230,76,64,289,192,176,325,266,337,71,349,100,40,137,316,361,27,120,195,276,150
228,35,201,77,302,241,324,288,289,12,365,213,25,37,354,338,91,214,30,361,353,358,298,58,113,275
283,123,252,113,354,345,7,368,24,33,230,100,205,47,326,136,152,115,271,55,0,201,133,26,184,1
227,84,173,120,213,290,354,71,109,259,127,136,68,47,105,244,372,295,266,37,92,347,328,180,106,283
304,84,46,94,227,376,245,86,280,174,173,60,332,314,16,7,138,12,49,333,233,133,209,63,83,157
109,16,61,115,123,194,71,199,273,180,186,108,227,275,80,254,183,185,79,106,105,319,312,288,158,205
87,274,238,250,126,98,80,227,325,46,108,51,202,63,102,247,103,273,334,257,230,210,60,122,137,348
28,164,214,16,283,271,71,246,7,133,122,274,268,147,158,260,83,194,348,333,252,316,298,249,305,353
209,89,179,353,99,326,210,336,10,79,364,40,201,334,337,112,256,367,195,87,369,95,378,106,200,72
231,29,89,341,217,284,147,298,251,143,26,66,186,115,76,12,164,245,210,173,59,50,46,219,254,279
305,5,167,324,314,123,109,239,307,358,111,49,143,68,125,261,311,227,71,277,248,170,35,293,304,251
158,361,269,41,213,111,283,351,165,2,13,10,325,138,353,305,198,128,367,144,15,100,340,278,295,339
298,81,135,329,243,115,346,367,43,112,265,210,301,29,97,277,335,305,9,240,50,263,353,215,218,336
317,69,286,229,133,71,167,148,256,220,263,333,244,116,318,182,357,329,261,247,87,219,251,327,3,25
293,238,297,142,138,283,17,306,256,178,71,185,374,6,171,55,98,196,78,273,353,320,358,4,134,95
335,287,211,301,298,369,56,270,59,219,27,51,54,79,227,290,324,181,244,171,98,94,113,63,214,73
227,241,254,82,355,221,131,214,344,34,36,195,231,331,87,281,46,194,139,150,175,30,346,245,71,256
120,10,185,23,305,177,72,207,277,153,319,339,129,178,218,66,155,215,309,318,240,229,161,190,96,328
280,118,227,249,331,51,114,353,36,245,286,356,120,288,334,272,305,12,315,104,105,107,248,341,303,144
24,62,191,106,100,227,52,134,254,358,146,133,320,220,346,159,355,170,243,70,121,105,60,150,278,127
372,192,260,171,164,208,181,301,46,286,71,89,36,278,42,136,354,322,279,145,117,92,219,205,271,239
250,289,78,71,227,219,89,344,357,53,81,100,316,247,31,281,29,367,55,272,51,171,134,315,27,348
90,251,277,118,377,37,335,218,363,356,282,105,347,346,328,5,172,331,35,247,289,286,41,130,214,81
191,318,123,284,358,46,63,237,190,106,206,359,42,68,176,55,367,132,113,278,47,329,362,211,114,210
325,14,202,303,307,126,136,254,251,191,194,227,50,97,149,252,357,216,88,220,144,319,272,150,41,71
256,118,355,165,189,44,175,29,173,325,79,246,211,39,128,162,62,323,369,51,196,201,115,109,63,158
295,170,5,55,187,154,121,18,40,12,367,60,309,135,51,3,290,201,119,2,271,311,104,27,174,229
163,41,161,205,378,319,372,357,93,133,278,333,85,99,36,115,326,241,361,331,314,52,249,9,337,174
366,288,243,164,279,137,63,297,253,370,154,229,71,209,51,115,222,301,312,124,118,246,360,100,173,128
108,280,304,165,40,52,332,361,37,46,83,85,239,181,358,238,259,229,308,145,12,271,102,139,68,95
106,55,254,248,282,71,167,0,358,378,35,219,227,91,249,187,329,188,251,191,253,334,295,272,103,325
323,290,273,169,224,326,227,88,134,71,132,28,60,29,144,158,63,197,9,321,366,368,346,296,180,153
246,185,377,220,53,199,308,85,34,28,5,39,205,36,183,279,211,278,236,234,94,339,17,86,227,8
27,204,42,154,32,318,270,134,331,121,217,296,276,279,347,309,283,71,149,100,118,114,75,373,70,245
135,101,374,316,71,165,185,196,95,164,62,123,72,354,370,88,192,97,119,375,108,279,100,124,13,363
371,366,229,83,160,71,367,58,130,287,191,274,272,263,37,290,196,171,233,30,138,354,343,347,327,353
268,26,313,108,177,199,173,366,60,356,41,18,284,322,287,275,144,142,208,344,31,71,254,259,256,317
160,71,106,346,3,66,315,90,115,133,369,14,266,78,231,46,352,43,50,304,288,308,56,332,8,150
282,370,68,208,113,139,328,366,361,73,234,112,300,212,45,353,70,20,4,36,179,27,271,295,106,280
10,367,205,333,90,63,217,340,112,227,177,71,323,188,141,9,318,263,368,358,234,36,330,56,370,334
71,259,100,224,304,80,152,222,277,103,188,299,55,345,4,53,81,178,2,120,258,124,305,378,335,141
107,149,251,348,16,281,129,218,173,90,308,353,259,186,371,150,334,139,357,2,363,193,231,312,366,81
69,325,74,10,272,71,241,223,220,230,113,217,115,121,227,358,141,188,360,348,197,164,304,47,317,119
377,115,83,36,31,247,268,270,149,27,71,273,239,241,370,208,94,196,227,164,207,326,327,281,351,43
29,118,100,71,246,251,81,306,227,34,6,354,274,26,225,247,128,108,89,7,372,334,183,198,52,186
290,12,376,100,72,274,167,180,128,136,378,52,283,303,308,278,219,156,357,369,54,276,238,232,193,301
177,236,9,339,233,86,112,132,365,239,217,202,227,187,164,252,76,278,311,41,106,283,186,161,103,196
115,212,110,37,36,148,223,149,195,3,132,309,345,29,306,137,144,70,211,24,341,68,213,233,294,91
27,357,299,197,276,77,31,370,318,242,173,261,331,34,42,377,375,115,317,195,10,248,279,163,71,39
212,270,76,170,138,83,313,154,39,132,276,289,278,374,363,269,358,2,142,1,97,248,305,195,265,85
134,314,141,78,59,367,138,249,290,349,170,175,16,242,102,180,133,31,84,230,229,91,188,239,25,118
150,106,71,276,119,271,142,69,115,180,238,88,361,157,121,124,6,4,306,214,158,144,356,314,370,354
112,249,304,133,359,357,202,331,141,83,115,87,303,143,129,278,245,361,174,36,306,123,243,227,367,169
236,160,271,83,357,223,89,337,94,80,51,125,317,310,348,279,295,220,227,87,53,213,244,358,294,281
217,49,337,288,87,218,143,152,212,12,27,201,244,71,211,193,230,240,186,290,62,115,170,55,6,15
202,175,171,95,193,227,181,353,222,339,71,244,22,153,336,129,216,264,10,187,350,68,233,313,164,65
71,227,296,262,283,246,98,53,154,358,175,315,368,291,198,51,314,249,129,26,156,169,115,211,108,257
193,129,16,176,304,357,265,284,80,61,133,323,5,69,94,78,96,38,249,281,227,275,13,92,236,237
351,60,251,231,209,312,275,54,320,268,301,71,98,175,96,366,56,219,140,89,173,37,19,36,129,115
183,308,227,245,118,331,214,51,334,6,310,258,5,12,283,19,376,3,164,249,350,87,73,332,113,236
212,58,71,227,45,247,269,367,134,331,88,102,77,171,6,86,271,128,228,362,335,26,214,199,334,192
341,144,339,87,262,273,52,96,141,312,34,109,61,100,171,274,329,253,25,113,334,47,357,368,374,160
42,256,269,313,144,246,220,121,47,164,105,211,251,343,283,331,320,196,36,262,241,221,169,236,362,5
145,242,71,212,340,359,241,152,149,39,329,83,318,112,123,233,281,6,137,70,136,179,317,325,147,104
358,71,49,332,85,84,144,66,100,338,119,164,36,227,10,137,165,7,331,376,29,266,13,345,313,219
133,98,2,55,10,217,227,325,326,321,337,115,255,207,369,367,88,82,280,277,139,141,44,71,287,352
121,256,363,328,343,258,285,37,227,14,71,16,76,330,30,44,147,128,143,56,224,357,229,127,241,334
222,277,169,142,121,47,269,72,358,241,155,228,159,321,245,71,356,296,94,53,357,14,254,70,148,368
113,172,51,331,205,19,206,372,131,341,105,244,287,258,268,329,253,301,128,154,227,173,322,171,346,139
316,129,123,103,75,141,269,69,55,140,370,354,94,37,97,27,256,242,360,18,80,233,322,276,318,315
310,324,26,223,172,192,330,269,347,266,63,49,73,90,48,363,111,27,276,259,275,209,66,68,133,71
47,17,315,174,106,7,171,316,366,63,282,85,121,70,51,219,376,332,277,76,87,158,292,150,331,193
81,362,271,316,258,223,212,278,186,330,31,368,71,374,138,203,319,178,20,73,137,128,101,2,356,132
281,25,279,312,94,263,63,54,105,211,146,84,148,221,160,370,185,71,10,161,104,133,246,16,325,253
44,151,71,227,27,271,43,88,367,263,150,266,39,137,278,219,40,156,295,186,70,173,265,238,353,331
288,251,203,357,269,227,7,122,244,265,252,60,183,164,89,311,3,355,31,296,61,94,80,32,220,221
202,32,236,115,282,249,134,44,277,195,337,40,132,67,141,10,129,70,71,309,346,211,99,190,252,365
4,111,368,20,160,187,320,199,225,158,313,16,41,244,358,332,44,87,110,39,357,148,71,73,361,224
232,185,71,193,153,374,250,0,32,264,298,371,115,309,210,346,59,354,63,72,304,19,335,257,139,287
71,46,42,59,218,63,237,121,30,156,101,248,312,313,85,132,288,104,43,224,370,161,348,277,154,271
79,246,321,20,331,122,334,110,330,62,12,71,186,17,139,100,242,2,340,339,123,36,230,26,263,169
108,290,212,31,181,41,310,330,271,280,20,308,146,10,345,209,304,224,156,133,374,377,114,214,220,324
306,142,106,12,17,160,144,312,175,83,296,315,5,287,204,164,115,253,59,249,81,130,283,176,258,367
353,225,377,20,64,347,206,179,283,124,329,77,31,160,112,358,334,71,55,275,221,143,249,315,9,189
245,59,22,247,235,267,344,304,60,139,345,197,143,51,282,66,211,234,5,265,71,178,269,31,7,112
276,58,275,326,178,188,2,336,357,71,106,220,195,40,252,205,135,142,300,136,268,88,85,325,20,257
15,366,32,142,213,42,36,133,51,227,123,175,34,185,147,99,176,57,112,105,299,137,256,240,268,331
169,71,19,357,49,298,239,154,218,133,142,278,10,16,120,185,356,135,359,8,38,352,270,205,305,85
347,104,307,71,267,164,261,138,212,329,106,270,31,190,218,133,222,331,285,19,256,158,94,56,372,44
278,313,10,84,71,331,48,244,206,251,283,281,88,349,378,144,261,369,368,227,63,269,129,219,329,83
275,369,204,252,31,63,270,106,337,284,108,53,256,293,4,32,71,199,116,326,149,250,227,308,279,323
147,91,366,331,299,103,291,220,190,28,305,61,225,57,348,129,273,354,123,10,88,276,157,67,235,8
50,212,325,280,229,337,213,115,112,127,32,338,157,258,245,197,71,199,359,143,366,302,345,275,219,353
135,92,246,132,138,192,329,7,124,12,36,24,30,71,47,90,209,151,239,133,10,20,254,156,252,49
295,10,372,261,211,203,171,181,94,354,174,12,36,160,147,51,153,368,323,269,306,108,84,291,245,321
205,35,75,80,22,59,36,95,331,100,102,128,133,42,15,62,81,277,45,181,217,96,323,46,349,291
249,197,206,326,114,287,263,74,41,45,113,241,102,159,58,201,123,193,310,215,210,183,269,96,37,205
243,274,358,94,105,52,227,326,367,272,290,196,217,34,10,127,299,368,219,233,322,231,192,159,58,143
114,161,241,9,94,84,220,320,70,278,45,72,308,368,169,296,3,55,109,290,61,159,178,197,36,136
325,361,350,321,254,159,356,5,257,352,212,240,138,297,130,8,182,211,237,296,71,112,314,354,188,280
164,122,167,367,71,104,160,257,215,323,345,377,229,233,175,276,300,209,101,239,66,262,247,317,334,142
361,111,318,102,5,20,72,237,63,120,317,193,181,324,34,154,53,290,54,331,50,71,112,255,17,187
280,322,22,153,203,220,123,294,181,68,42,330,87,359,122,72,213,227,349,121,210,191,212,95,217,49
164,133,177,298,37,253,370,343,160,254,121,225,220,293,86,266,59,42,211,176,114,47,346,55,243,353
280,162,71,7,118,34,345,163,310,90,86,160,144,251,171,60,174,142,370,87,131,141,55,331,246,57
71,185,368,308,27,41,277,143,322,153,11,113,331,344,341,230,239,100,378,201,329,263,180,363,60,304
217,319,2,136,214,104,5,78,354,250,141,91,278,367,208,219,275,55,39,184,227,252,298,108,353,188
227,154,135,367,316,191,361,109,363,25,294,19,80,114,83,277,71,95,358,122,27,106,103,307,342,54
263,53,159,221,158,246,71,332,302,37,42,144,16,274,357,304,312,167,164,329,176,79,247,36,318,121
353,162,15,201,358,193,229,207,366,138,362,282,268,133,160,42,256,57,60,295,354,258,368,77,198,300
196,72,61,223,21,278,4,43,204,77,219,87,108,114,176,41,84,11,203,71,110,271,193,175,98,115
82,20,170,240,291,143,122,104,71,343,201,29,186,70,40,278,280,45,337,344,112,110,249,210,55,219
309,378,90,95,64,244,365,353,363,216,120,126,265,105,143,115,227,81,104,16,43,146,203,234,36,192
71,283,304,356,111,276,227,34,183,132,236,355,365,196,54,206,223,133,326,145,131,332,295,55,38,363
128,203,80,257,107,71,244,310,311,83,113,4,227,40,133,24,27,9,225,295,204,268,256,178,183,170
177,356,357,315,210,71,335,194,136,44,95,249,185,39,158,253,10,65,345,187,104,331,243,362,84,237
320,91,334,71,213,300,347,198,30,377,73,177,68,206,272,331,305,182,176,370,180,218,53,60,247,311
127,62,5,306,150,167,68,354,164,8,9,333,81,158,99,210,329,257,188,293,321,221,59,315,14,227
36,243,23,165,71,191,280,164,73,301,158,136,275,285,197,44,66,256,229,135,295,198,124,11,345,42
57,244,334,96,60,72,347,147,197,73,362,0,131,270,212,53,160,227,335,144,247,376,58,280,285,128
220,45,139,249,5,353,337,229,158,366,202,52,241,144,71,374,227,246,372,282,237,114,115,348,308,143
133,178,218,108,161,246,353,35,314,83,377,180,24,188,71,157,36,98,256,15,53,329,37,187,93,257
193,353,254,95,58,312,99,278,10,126,71,42,323,127,229,304,84,299,211,2,249,104,161,227,212,313
156,71,137,143,34,213,368,349,300,227,196,118,83,341,357,351,310,303,135,358,214,290,260,154,192,36
345,203,227,193,71,328,278,162,263,83,321,271,344,370,210,133,275,148,189,17,242,262,358,281,367,139
237,122,196,113,86,154,112,327,339,34,67,2,71,173,346,223,315,343,242,128,220,180,55,322,247,361
250,159,251,32,40,93,363,280,155,121,210,16,7,165,361,328,58,207,237,252,65,160,295,81,325,378
164,370,73,357,237,50,248,122,182,177,55,173,128,2,233,325,320,84,158,200,57,71,193,9,334,180
90,53,194,319,7,100,362,119,292,151,258,347,145,308,153,73,213,160,278,71,42,250,207,142,376,29
8,115,358,43,121,156,335,71,306,70,24,56,111,151,298,253,73,308,96,345,126,47,225,131,83,147
31,138,334,170,80,159,185,357,229,71,139,70,227,178,55,72,362,119,150,103,193,163,276,259,44,349
220,121,59,71,92,284,98,15,8,290,314,51,259,52,353,227,135,368,312,53,129,87,361,58,90,237
249,195,83,106,321,215,129,87,169,174,43,134,71,31,187,210,239,331,365,123,15,149,4,354,367,350
295,232,100,363,372,278,132,104,315,133,223,202,329,331,321,268,327,164,16,71,310,205,309,374,9,76
251,172,89,55,22,316,255,345,70,283,359,241,257,83,133,210,164,319,199,25,254,31,110,73,211,308
144,43,253,71,261,263,83,328,293,137,72,160,27,136,141,153,231,264,34,140,369,133,196,47,265,249
236,256,268,339,157,353,71,80,124,66,327,345,146,20,242,51,147,198,292,291,331,269,186,73,185,298
18,176,183,309,192,71,171,143,271,270,300,96,368,12,79,108,242,347,304,85,358,362,316,356,378,322
258,45,176,333,10,213,147,290,249,192,78,71,133,18,261,40,60,42,313,348,50,27,127,221,273,227
162,44,63,325,71,43,217,133,111,308,291,366,31,235,230,113,302,214,22,112,356,51,268,210,368,227
183,145,64,199,297,174,291,245,242,143,243,192,227,331,222,171,187,241,165,59,210,164,3,173,265,218
370,71,353,46,101,123,280,273,70,267,288,55,42,59,227,188,49,51,53,209,4,133,73,62,363,331
120,239,331,318,348,260,283,152,245,218,61,271,192,3,195,170,84,86,358,172,269,6,191,175,367,362
290,143,36,374,302,317,214,122,163,356,172,239,91,268,203,81,357,124,157,257,205,92,195,50,316,150
153,279,299,230,233,103,232,363,109,100,296,266,225,127,12,278,135,71,73,119,84,186,326,257,263,158
65,169,240,288,278,63,332,4,244,345,129,377,304,303,51,56,42,115,357,209,192,128,130,252,285,208
183,36,127,133,17,135,170,319,16,225,91,69,107,5,343,184,227,164,147,372,359,106,86,320,207,42
238,80,32,263,71,95,177,190,276,37,369,139,84,185,227,33,225,274,246,9,165,112,55,69,62,187
320,230,37,2,279,33,358,330,92,59,201,94,61,221,47,173,63,164,72,6,71,245,227,361,84,206
308,72,187,63,351,197,230,368,4,178,118,206,94,227,80,363,364,71,147,33,62,20,53,89,73,134
137,248,178,163,227,343,53,171,265,321,361,347,253,340,59,345,31,250,64,116,172,295,167,318,108,269
41,184,69,353,337,36,9,227,76,246,256,176,377,17,130,310,135,6,274,181,304,175,114,242,142,159
216,137,349,104,214,316,133,290,115,135,57,346,42,105,295,55,29,303,24,371,336,237,220,215,353,338
294,227,69,180,86,256,126,172,321,193,233,132,318,94,135,290,71,104,329,204,250,85,231,257,367,40
28,294,363,272,7,115,173,353,228,251,168,230,122,41,47,362,250,106,347,312,124,31,290,133,274,295
214,123,246,304,30,159,121,109,31,278,16,23,122,34,249,100,36,299,145,71,344,115,262,377,372,319
158,143,106,127,267,282,278,167,345,116,123,89,84,251,358,301,209,280,163,210,122,291,29,55,34,252
101,212,114,55,253,202,302,95,270,6,111,225,51,119,42,293,242,362,71,219,278,314,227,128,100,166
60,89,253,78,298,167,334,354,191,41,164,24,92,133,183,320,156,263,267,246,212,73,161,227,124,366
122,85,211,13,171,333,308,334,10,106,5,350,229,135,237,52,317,65,142,305,241,44,59,230,56,239
211,294,106,237,323,191,272,61,317,109,214,183,368,150,240,236,152,143,112,222,160,326,192,304,361,334
329,285,252,0,361,340,4,331,256,268,134,275,227,128,27,154,364,232,258,89,283,12,293,110,301,254
164,281,58,310,241,71,332,288,284,270,146,72,272,126,242,325,174,311,317,183,145,299,135,213,17,327
157,122,282,287,87,94,178,312,240,32,147,281,135,227,191,171,339,189,363,121,70,141,105,169,368,211
309,264,79,164,291,247,160,372,106,240,227,131,241,81,242,196,101,205,204,206,69,331,289,249,94,348
280,10,115,71,351,7,320,244,12,212,156,208,16,163,51,335,70,170,167,273,67,243,31,224,62,34
178,62,230,348,59,206,169,363,280,258,269,216,369,332,6,141,288,47,289,227,281,340,71,334,14,229
31,2,252,64,358,283,77,110,36,1,367,335,167,236,133,148,8,158,222,196,341,214,363,25,344,107
61,232,306,70,20,169,265,115,141,88,205,171,136,143,262,317,252,230,133,31,308,8,325,124,161,71
57,80,99,132,195,130,240,13,243,280,294,106,94,301,149,4,150,289,22,293,370,309,87,103,48,315
139,268,233,133,25,181,365,134,240,193,249,54,302,63,320,224,50,227,10,333,356,34,68,152,151,71
228,310,133,92,56,320,167,273,22,353,11,220,329,29,134,304,122,278,31,91,290,378,71,277,257,135
44,232,177,92,246,164,154,169,183,132,258,245,71,357,326,131,353,277,278,38,345,37,31,282,36,84
51,6,155,363,326,211,290,96,267,313,31,22,367,206,8,142,112,90,269,81,143,71,78,286,332,144
176,186,20,112,59,110,339,259,71,229,3,315,294,299,7,300,368,331,295,143,62,63,25,341,64,346
212,76,280,11,264,42,92,258,358,135,120,246,89,249,343,283,173,157,37,25,227,152,251,87,331,229
94,54,92,16,280,361,168,47,71,52,246,376,151,120,282,51,87,107,304,310,43,268,181,115,186,117
134,108,244,264,98,250,351,350,71,292,232,142,305,114,252,164,367,190,245,10,17,260,218,173,227,184
108,111,101,161,247,116,270,228,125,176,282,133,42,49,232,71,352,319,104,113,22,268,220,369,110,141
111,31,34,231,275,122,182,69,320,196,24,247,94,39,147,183,49,248,150,357,295,374,108,188,227,40
278,105,276,318,344,19,337,353,333,372,243,310,4,301,252,226,86,54,156,151,112,1,233,103,71,331
367,156,205,271,304,299,290,141,251,27,81,77,188,339,51,308,357,278,228,276,281,202,227,311,160,369
114,32,310,368,244,33,196,292,349,124,104,55,325,285,160,276,242,319,318,176,195,109,39,70,103,6
255,189,284,256,299,134,42,71,328,252,111,112,86,63,341,227,313,145,94,346,195,367,263,15,258,219
211,228,177,246,128,351,58,374,83,346,21,76,285,372,361,121,111,7,73,218,78,79,15,378,68,46
59,308,200,335,193,287,79,211,36,328,164,288,68,262,274,246,343,71,99,148,112,84,243,340,245,82
112,250,151,138,209,94,372,308,347,171,45,268,331,252,123,109,147,89,115,328,249,93,40,58,16,211
147,143,4,216,249,284,250,240,356,277,109,27,196,183,71,55,120,110,106,234,312,299,222,158,123,221
337,286,94,354,100,31,363,71,170,206,48,194,339,277,140,374,19,155,317,227,115,214,344,237,273,83
193,120,34,329,363,11,316,345,211,336,25,135,237,73,298,42,263,281,96,295,95,191,35,103,183,246
308,176,358,146,304,9,118,54,167,266,41,132,149,7,59,42,307,71,221,198,223,87,86,245,253,129
34,189,180,246,48,263,115,335,33,374,122,114,107,331,157,128,378,353,92,203,354,65,149,211,194,59
348,128,147,133,314,174,258,164,255,63,302,250,38,368,81,333,91,141,121,160,301,316,14,321,71,175
314,329,277,179,309,163,278,186,236,290,105,367,362,7,268,142,296,5,167,17,299,133,154,107,347,322
328,350,241,76,88,287,143,55,304,161,78,115,134,317,353,34,227,56,211,257,372,253,100,137,46,71
40,231,233,353,69,209,71,308,244,195,73,295,215,65,309,164,316,150,44,25,42,157,339,178,109,359
303,4,256,70,331,296,302,57,143,353,278,85,204,265,205,308,251,229,166,98,246,367,164,322,115,355
310,332,190,235,251,169,206,14,53,313,241,48,110,227,269,347,336,71,129,203,36,339,43,304,290,312
131,374,214,295,377,3,71,102,286,180,79,44,283,121,281,34,263,57,48,260,234,184,16,152,134,259
71,40,270,80,261,122,210,106,2,280,188,114,148,357,69,155,101,92,100,356,301,134,12,83,291,249
244,8,343,330,331,160,125,250,220,363,246,112,156,135,73,146,374,339,377,25,71,215,140,12,222,344
259,188,48,263,227,211,171,241,59,15,87,192,46,71,294,292,278,234,73,197,244,124,25,360,112,106
220,71,30,11,362,252,319,254,83,277,214,341,160,289,250,36,294,34,0,123,39,211,5,244,70,212
374,73,308,154,330,273,144,22,99,218,321,292,94,364,371,288,358,368,204,9,63,120,367,118,71,349
96,363,272,227,230,71,128,186,173,358,371,212,282,2,211,346,193,36,123,101,136,308,162,22,214,247
64,39,149,131,57,36,234,43,62,353,208,190,277,313,284,214,111,110,0,304,51,347,191,42,242,346
361,334,295,145,235,184,176,121,60,133,28,191,180,233,259,59,51,277,72,61,287,219,325,96,366,40
246,372,76,358,132,348,354,137,44,332,196,281,304,4,48,55,257,71,280,274,23,155,27,167,276,110
123,249,214,368,297,141,331,104,220,190,212,115,191,233,121,217,362,161,345,13,374,280,14,354,78,205
158,238,144,108,266,240,71,11,211,358,216,128,155,332,227,218,284,223,185,198,213,295,112,133,186,369
190,144,193,199,94,320,4,91,142,71,367,365,68,132,128,340,115,194,206,124,223,267,159,105,293,195
221,67,120,211,164,31,103,331,323,329,197,243,182,346,70,200,368,71,275,16,378,276,118,157,227,246
164,24,337,236,304,367,353,51,223,63,80,114,256,227,0,14,73,371,45,335,358,241,140,94,265,355
285,367,47,61,198,14,158,302,192,83,70,85,156,73,37,169,378,210,164,265,228,195,134,322,319,219
7,305,301,358,88,241,271,155,294,327,70,280,200,107,27,5,2,44,39,277,58,47,0,71,311,339
147,44,199,124,276,234,247,77,26,360,375,171,121,256,265,110,83,33,70,104,282,218,308,59,322,254
195,258,103,227,192,197,287,294,130,306,229,238,285,354,263,339,368,72,344,370,366,178,335,373,128,18
254,219,352,115,122,159,275,331,63,9,51,43,92,26,139,205,137,215,250,34,233,147,70,235,143,56
240,291,120,79,374,0,38,331,341,273,137,230,192,298,80,378,100,154,363,71,115,37,254,127,218,224
86,257,73,367,106,211,155,378,227,312,250,133,218,366,251,59,39,363,141,115,144,71,148,142,14,346
153,174,102,276,251,200,261,294,371,36,176,196,160,89,239,0,141,22,147,331,182,283,235,197,314,144
193,141,347,331,369,233,244,96,23,265,252,32,44,128,136,263,140,54,157,43,79,118,255,313,271,358
144,285,223,141,288,115,357,83,275,59,14,194,276,96,328,97,377,87,48,229,190,16,61,100,142,171
10,376,159,250,71,233,358,341,269,50,160,254,142,201,110,78,318,154,34,120,127,103,36,247,246,73
8,191,282,63,79,108,131,16,133,37,71,304,100,177,51,129,227,301,303,19,277,181,83,220,208,361
27,227,220,256,287,229,374,238,273,292,88,218,211,171,41,174,40,321,19,329,322,253,231,104,34,142
220,85,212,128,318,71,170,127,36,30,317,215,167,185,291,27,324,248,160,133,153,202,289,246,262,201
79,199,70,366,123,354,71,89,334,27,301,9,164,341,282,242,125,144,240,309,208,60,182,15,84,113
351,271,231,50,123,176,137,211,240,277,358,92,268,251,49,374,319,128,43,338,250,72,143,318,227,130
367,227,361,220,60,20,331,18,104,133,283,71,326,44,356,319,19,135,316,41,270,347,120,10,358,87
69,78,214,252,128,81,229,189,71,88,22,43,62,208,40,331,258,70,320,59,227,29,137,180,175,185
90,141,55,22,56,207,358,318,183,367,278,72,211,257,39,255,144,71,333,167,115,25,52,302,69,305
256,295,223,297,131,51,250,346,151,42,22,356,30,228,247,354,329,84,227,90,108,366,308,178,10,37
310,276,222,118,159,280,233,245,71,304,308,94,62,331,263,227,293,144,196,34,365,133,169,271,11,339
111,145,71,314,3,308,292,195,31,361,207,147,261,283,346,72,377,333,271,120,150,157,204,37,269,258
119,277,66,309,112,180,228,71,51,236,159,346,316,118,224,113,18,251,47,29,214,31,226,290,93,332
176,135,66,112,297,53,111,249,305,183,336,154,259,278,205,88,19,89,167,356,84,221,62,102,258,313
212,177,251,277,71,273,275,302,256,81,252,307,282,153,60,347,367,265,288,296,37,94,67,259,12,332
268,154,351,128,99,361,123,378,103,164,189,71,217,87,186,34,223,275,56,219,366,331,327,90,102,97
61,72,374,313,126,115,271,4,245,262,51,332,214,2,129,195,277,36,304,368,160,320,253,237,293,47
26,73,283,0,193,333,243,169,342,186,331,16,304,244,106,340,81,160,9,128,198,53,262,280,319,228
144,310,80,63,157,45,374,158,217,236,306,272,12,81,188,204,263,328,152,174,85,268,71,351,76,59
51,73,299,263,44,304,98,310,6,201,181,91,238,71,111,211,81,12,291,287,359,370,366,132,36,138
208,278,301,367,227,79,29,130,235,348,97,318,83,329,286,312,252,183,308,5,263,210,177,55,225,314
214,377,320,101,36,110,133,211,301,60,71,213,43,68,265,245,257,45,137,335,88,278,55,83,183,42
280,220,331,369,227,46,2,87,173,185,195,85,106,71,325,361,92,285,42,178,214,234,61,105,217,137
37,327,96,9,321,297,28,2,186,217,375,335,25,115,144,261,240,149,133,143,245,363,263,128,331,223
256,191,112,211,290,104,353,374,197,58,241,227,266,3,340,55,124,252,78,50,52,229,65,307,154,142
50,276,36,197,118,42,148,316,41,273,214,260,361,274,308,371,366,331,346,57,175,220,207,194,297,7
239,100,69,242,213,176,229,2,10,225,6,135,328,161,206,254,245,241,109,104,58,324,108,164,61,3
361,16,332,289,102,100,365,8,358,76,211,182,71,270,206,2,247,10,349,178,170,180,96,290,124,263
227,30,71,84,350,144,63,211,378,37,113,121,191,170,281,262,210,304,188,219,282,164,319,38,361,185
240,34,254,306,346,85,181,354,257,147,111,212,262,130,150,344,227,106,26,290,127,255,295,334,214,258
327,331,39,318,210,31,178,250,51,203,246,308,311,128,10,347,25,201,345,104,270,53,281,9,186,144
159,364,348,112,170,319,72,233,121,71,344,213,42,7,10,92,51,276,89,177,312,277,341,118,242,301
242,51,377,164,32,36,142,336,245,71,9,321,272,231,154,355,155,361,374,3,74,80,152,160,223,259
366,227,143,71,339,230,237,281,278,295,142,338,107,314,74,53,133,72,211,164,289,251,263,65,351,361
95,250,318,63,266,83,254,128,46,55,258,26,37,176,323,367,34,144,180,227,332,345,348,127,214,209
122,120,6,329,178,355,42,131,343,30,293,173,243,102,313,310,353,85,106,108,312,74,19,155,209,324
265,259,256,104,6,311,198,301,266,279,199,210,263,83,120,76,351,278,219,90,115,254,5,285,157,308
251,155,165,360,368,109,118,199,180,313,31,333,133,144,247,106,71,42,255,89,181,347,227,210,37,223
6,55,286,346,367,31,310,269,1,128,144,206,247,312,27,308,276,357,126,7,250,141,173,330,33,213
41,262,189,366,3,128,328,296,45,331,103,280,277,378,354,295,47,300,81,342,118,80,332,133,271,286
362,164,275,358,299,350,71,241,301,94,133,292,15,171,158,131,30,154,332,260,283,32,233,323,96,345
92,105,6,293,243,227,363,104,183,36,186,358,322,258,174,251,368,96,259,2,148,130,351,329,342,281
113,263,268,227,135,246,123,119,285,71,275,240,138,174,127,44,60,54,357,199,37,297,283,242,171,319
283,245,126,327,265,340,312,97,259,96,133,84,261,315,353,24,43,352,193,206,336,21,94,121,208,227
163,206,353,245,121,249,25,54,79,336,253,22,309,277,6,284,345,244,180,313,159,47,317,142,173,362
127,88,335,118,164,22,48,30,126,317,315,207,318,313,366,31,343,26,332,273,245,176,291,135,171,246
101,331,312,270,188,41,89,240,305,162,317,309,191,33,358,133,92,103,353,275,256,348,77,196,241,211
280,176,10,247,85,294,254,6,197,281,217,164,44,302,346,229,18,276,80,61,200,160,282,213,154,55
4,173,331,303,316,34,72,244,133,165,211,324,30,282,216,71,359,176,84,332,76,2,294,91,44,358
6,193,115,245,98,266,53,205,190,228,327,51,3,71,220,164,263,40,188,316,229,338,248,343,241,158
350,249,71,123,4,142,367,97,112,226,243,14,265,207,326,314,117,169,95,34,271,12,242,324,36,101
218,24,129,188,42,363,36,132,43,347,88,374,89,227,245,241,55,297,290,334,139,47,233,243,299,364
265,361,12,166,70,158,173,300,335,212,198,169,278,14,330,29,5,60,41,286,150,136,16,229,325,305
270,227,265,157,10,245,94,53,308,241,321,232,328,354,175,167,238,272,87,195,181,67,109,359,322,319
340,231,36,255,246,99,290,63,224,47,287,227,115,316,356,163,155,265,144,211,272,109,134,2,29,256
71,147,164,0,345,262,266,60,157,63,74,298,25,249,171,185,118,275,152,324,319,169,133,59,145,104
351,70,321,122,151,317,37,30,48,164,348,372,22,17,363,331,71,120,63,219,193,72,224,203,175,61
310,42,362,173,83,70,277,204,273,317,355,53,104,252,177,137,5,161,211,26,287,369,31,133,226,298
376,240,37,121,223,55,33,47,157,102,243,220,39,278,53,3,281,214,374,353,133,269,183,283,208,19
246,328,262,111,173,369,139,49,315,43,258,366,60,266,250,233,115,71,160,272,296,255,214,263,227,317
128,335,249,331,253,256,51,130,233,278,348,252,262,3,265,143,275,120,313,220,131,296,301,194,282,7
256,210,357,110,36,191,106,209,237,275,229,241,223,311,182,164,73,76,133,361,129,42,193,363,200,298
32,350,59,96,37,283,253,25,63,44,140,2,60,307,35,42,71,301,18,173,70,72,227,160,370,16
164,106,323,333,183,306,159,363,209,177,249,283,163,71,262,270,185,68,214,378,254,20,217,278,8,123
228,221,108,71,73,265,51,283,167,321,83,127,88,139,241,298,37,270,334,336,188,264,196,304,362,268
193,227,133,242,137,52,229,37,212,358,248,158,362,92,183,96,230,361,104,32,58,26,132,11,251,244
368,96,63,19,275,129,57,213,71,66,353,316,160,215,106,227,79,109,177,363,141,268,290,25,228,181
271,325,268,78,104,323,220,49,32,321,213,25,128,165,231,225,86,123,317,211,164,8,144,197,79,252
333,104,154,206,61,256,220,301,4,118,282,343,100,40,103,112,56,0,227,176,329,233,294,232,229,66
192,73,127,45,141,122,257,378,71,58,310,63,303,167,61,307,216,4,245,115,354,175,238,240,147,372
255,104,374,359,145,14,18,349,316,71,248,143,133,329,37,49,301,264,246,210,144,285,147,95,220,273
183,69,155,25,122,170,291,373,346,11,280,352,377,210,283,112,127,186,343,181,344,36,73,217,335,62
46,80,2,55,89,105,192,145,35,240,358,233,106,278,309,350,124,86,34,4,51,227,190,258,292,370
171,152,59,158,67,322,144,41,183,228,3,173,375,308,343,42,348,230,125,63,51,130,307,323,227,147
357,173,203,94,312,52,289,320,83,144,249,246,159,71,149,119,148,324,343,138,322,120,25,36,18,1
123,243,3,94,331,71,124,220,335,301,128,36,143,257,208,106,245,140,227,19,332,122,21,172,241,51
70,316,331,18,71,123,30,185,154,130,206,290,22,248,60,127,244,92,268,227,48,303,19,335,346,262
152,36,157,41,45,277,331,71,233,214,227,17,335,328,271,318,72,169,246,204,186,120,261,34,78,109
330,229,163,287,210,322,221,55,358,190,218,307,22,18,323,276,350,321,67,142,367,58,1,103,324,310
277,63,173,361,225,367,372,301,252,43,214,274,254,161,331,143,112,100,256,80,76,243,11,182,155,213
378,46,110,319,148,71,96,314,304,33,230,294,258,278,332,245,70,63,7,363,143,193,59,227,162,180
97,354,313,339,91,362,305,275,316,181,157,27,272,176,295,345,377,270,16,59,210,87,353,61,254,152
11,369,28,251,186,73,104,370,59,305,48,57,364,44,268,219,8,374,278,276,206,253,132,70,63,164
106,178,114,276,331,97,345,227,113,269,71,351,37,76,36,77,372,0,205,17,230,245,196,47,3,7
132,5,367,154,7,331,219,145,90,104,120,42,275,214,71,285,84,22,195,74,297,295,92,254,171,80
186,342,71,368,13,304,289,2,210,121,227,115,358,269,329,326,107,323,308,375,214,50,363,133,61,193
283,295,214,139,369,141,71,240,225,233,261,367,50,18,108,128,354,227,176,315,33,84,358,317,154,148
211,71,262,181,68,143,69,154,231,255,70,53,139,197,173,102,141,160,6,51,298,296,47,41,36,146
214,361,277,133,118,66,71,51,147,227,10,236,331,183,123,27,173,340,252,9,110,254,67,108,279,180
92,129,105,188,86,183,245,357,332,203,108,363,283,40,204,346,310,91,321,155,104,186,190,157,48,43
89,101,292,259,307,257,114,219,113,122,249,237,102,298,258,314,319,72,229,252,274,178,133,151,134,98
144,128,210,59,159,108,46,66,322,54,270,269,241,287,87,34,304,273,55,378,193,24,189,316,283,319
300,161,62,232,254,158,110,354,156,8,284,89,269,174,223,361,216,219,207,236,145,120,77,331,118,51
0,251,206,265,223,26,245,106,348,354,213,304,324,115,57,163,283,322,358,238,359,72,111,132,331,367
240,171,55,60,341,228,36,263,123,244,367,30,152,160,378,51,212,8,13,230,317,275,178,293,276,231
277,254,71,275,284,117,227,220,30,135,55,137,142,181,2,313,268,10,131,128,29,36,31,51,144,317
332,316,121,143,123,350,10,164,330,377,249,291,170,139,136,11,293,269,63,112,227,369,241,18,214,216
94,285,153,292,154,14,82,345,366,135,358,191,244,193,20,253,36,319,206,129,294,331,128,64,303,51
158,92,293,71,96,363,6,274,107,282,247,70,120,118,137,313,63,144,316,300,309,347,3,180,145,263
245,334,211,374,84,257,282,370,298,281,71,240,227,89,346,85,287,49,247,58,60,9,318,241,347,82
369,237,80,250,319,18,310,114,144,37,228,165,332,269,130,283,257,227,32,222,73,344,291,211,185,100
32,25,278,49,157,122,227,103,61,107,70,280,119,144,78,305,350,62,367,262,50,361,71,363,204,130
142,209,265,104,133,71,233,277,58,354,347,49,108,208,121,117,109,227,286,241,0,320,278,295,355,164
72,91,210,248,325,154,164,182,306,348,68,227,249,126,202,230,214,42,239,88,160,71,55,139,144,326
255,343,143,43,45,367,183,277,357,51,12,348,290,29,41,248,341,76,216,227,145,188,269,361,37,70
153,292,224,378,190,334,128,316,45,280,179,51,141,44,299,295,73,310,154,60,253,312,197,308,119,277
73,271,126,295,303,43,173,225,315,67,338,53,179,240,172,347,301,222,232,358,115,293,278,36,10,144
214,194,129,70,71,73,91,78,345,231,249,316,305,76,344,33,171,49,196,334,219,302,372,318,102,374
6,71,203,214,227,225,73,358,213,277,173,128,265,320,230,165,43,182,278,202,36,52,329,187,317,378
113,241,258,95,287,234,70,73,158,103,283,71,143,32,343,269,63,275,352,2,161,304,347,88,374,232
192,319,357,144,156,171,115,35,281,147,269,36,243,164,230,227,351,152,20,55,96,277,249,342,361,10
296,71,276,302,253,51,89,326,233,299,199,355,192,20,42,33,263,178,316,155,119,57,148,210,357,225
314,22,26,135,369,227,213,300,190,246,164,186,37,143,59,96,131,228,86,115,173,211,276,36,92,337
128,374,239,71,108,310,112,201,336,321,45,228,309,202,277,288,50,171,33,148,127,9,57,251,3,120
323,3,101,238,315,331,103,234,113,200,80,350,311,25,50,183,219,130,71,49,32,191,77,356,189,248
274,131,43,378,151,71,80,55,240,85,60,325,254,350,268,9,275,113,358,67,170,14,375,256,202,182
200,343,9,299,278,108,344,121,49,246,107,55,375,52,4,18,277,325,139,101,12,331,300,328,192,71
133,326,378,346,374,232,357,368,302,230,154,72,80,55,170,290,240,100,142,84,211,129,156,370,16,1
139,71,336,88,135,366,110,106,367,227,105,33,188,121,275,282,331,315,353,205,63,182,73,55,83,145
25,10,214,177,5,265,195,225,363,44,4,282,41,29,210,22,175,273,82,272,126,69,67,257,164,57
51,184,313,296,367,340,345,278,256,32,251,189,185,275,311,238,173,317,276,148,328,194,214,140,71,195
295,71,33,122,346,118,372,263,127,269,160,88,241,137,87,141,148,210,249,257,133,229,85,356,41,119
294,288,158,51,247,84,57,120,245,306,374,41,102,127,354,80,187,203,159,224,6,143,144,114,316,40
122,221,100,268,351,42,193,168,214,269,50,244,76,8,85,121,176,4,310,27,272,108,63,250,43,37
363,143,343,149,72,68,128,287,234,94,139,360,106,313,36,71,169,88,309,18,361,265,298,90,147,123
71,309,249,180,164,158,2,271,352,72,195,214,173,160,188,200,196,312,219,44,298,22,47,238,348,227
233,250,101,249,306,214,353,213,36,193,248,329,298,148,346,147,167,100,343,181,87,308,171,325,71,294
168,148,227,212,276,25,225,375,42,208,304,176,308,284,288,253,305,87,195,59,355,333,123,233,121,143
144,227,278,29,319,107,77,197,280,304,372,284,223,65,232,112,237,73,358,71,101,3,326,225,94,301
71,22,195,228,119,137,326,344,29,322,31,288,255,246,176,86,295,270,187,118,178,282,122,144,44,353
163,220,283,46,248,42,331,19,236,183,152,177,310,354,169,290,219,355,217,203,107,223,358,278,260,343
260,249,268,266,333,245,228,95,156,11,71,63,313,112,10,289,73,256,303,76,250,8,134,34,208,350
376,361,58,177,332,259,31,308,317,107,330,120,41,138,130,237,267,212,229,147,366,102,109,131,83,137
103,30,123,297,305,330,284,300,141,4,238,70,26,76,233,36,25,10,142,80,190,156,63,347,73,128
133,27,323,71,229,193,135,60,362,192,364,338,170,70,63,100,111,329,7,163,122,183,72,319,24,12
247,249,291,40,159,274,304,346,296,282,123,261,300,46,248,6,90,256,257,328,15,190,155,316,71,172
227,17,33,11,69,207,272,310,309,57,293,308,36,144,209,223,8,307,204,72,283,245,34,115,14,214
104,285,37,207,72,147,256,144,325,162,58,121,178,87,135,265,260,263,240,319,227,154,276,71,204,88
245,266,76,171,144,94,164,344,269,257,272,71,254,227,325,338,129,72,22,209,69,120,67,334,259,156
104,122,372,181,199,135,316,144,304,145,57,340,377,22,11,178,177,149,315,18,183,42,357,204,227,288
348,167,34,190,243,155,64,346,234,262,26,272,178,264,268,108,349,67,25,142,170,144,219,236,4,363
282,71,296,42,331,358,76,214,97,177,316,303,276,36,289,7,227,338,107,258,224,164,211,136,133,103
309,169,374,330,25,191,83,34,237,75,141,190,36,115,164,285,299,298,101,85,50,120,238,322,19,8
