321,239,227,145,159,3,40,206
55,278,161,25,56,186,272,362
271,246,298,59,341,50,360,186
372,118,193,3,72,177,295,277
146,227,164,27,128,228,246,224
227,142,252,29,79,323,304,176
302,146,221,115,72,174,98,95
363,59,55,36,268,357,20,196
333,374,3,164,228,227,36,233
173,63,68,308,251,18,213,43
107,265,296,154,37,330,253,133
7,308,195,56,290,95,32,134
327,293,150,325,185,80,109,192
41,181,367,39,249,218,155,365
358,347,250,225,7,16,45,188
139,69,249,369,252,84,71,370
164,143,90,83,42,72,186,113
34,227,117,154,108,70,201,103
194,360,41,284,94,341,263,363
186,22,133,354,47,312,27,197
331,149,296,123,92,295,131,181
319,246,87,9,68,341,104,361
80,61,83,346,59,245,343,331
281,94,360,201,365,293,340,135
71,223,186,229,287,278,369,197
182,99,127,259,233,171,278,237
5,34,186,218,227,59,134,55
189,39,300,207,316,322,144,131
267,313,36,311,63,237,282,16
9,5,113,244,186,142,174,298
325,211,310,231,223,356,76,124
16,156,71,54,112,250,103,188
204,233,105,122,8,169,16,246
51,126,233,156,210,96,369,37
168,266,209,267,369,70,227,50
281,163,232,177,340,50,27,58
345,3,301,167,59,110,55,78
135,95,150,330,163,157,280,11
190,47,334,344,78,147,281,217
308,121,46,45,358,310,189,28
73,180,211,242,182,306,336,10
42,127,59,286,200,301,323,238
295,363,314,149,187,25,334,114
9,87,277,330,271,133,332,209
4,265,71,92,205,367,96,268
27,108,180,310,227,55,321,34
148,71,246,158,273,205,231,44
44,258,326,328,19,373,41,290
130,119,186,71,341,35,162,111
211,69,203,195,41,85,253,142
266,311,173,316,307,34,5,325
274,259,346,165,39,201,302,111
300,175,103,227,170,133,125,31
294,136,30,247,43,71,98,227
219,358,66,107,296,37,50,70
53,26,95,268,160,273,176,56
190,331,39,85,176,271,52,288
189,283,105,110,94,258,203,303
111,363,310,375,51,341,326,362
378,3,76,42,69,268,137,71
2,71,283,243,241,188,326,353
290,31,219,353,142,181,99,308
227,251,245,34,71,348,83,223
320,227,136,68,31,378,133,367
71,16,227,295,247,375,374,212
214,377,333,298,31,210,51,121
37,310,63,97,173,233,281,304
115,36,295,65,69,175,26,203
89,27,67,338,318,121,101,176
324,246,174,214,131,8,245,210
331,111,356,241,298,112,361,86
354,192,98,59,37,66,210,131
181,347,36,69,63,260,135,102
16,185,71,83,361,256,195,329
71,17,165,347,257,241,229,33
365,71,49,41,121,298,327,209
326,270,331,110,263,87,113,2
109,245,303,259,268,358,71,345
71,227,112,320,263,336,160,164
292,356,298,144,353,142,71,296
132,186,191,34,171,91,234,326
357,283,317,275,227,88,341,106
135,53,227,39,44,158,230,190
318,22,71,9,240,134,114,307
111,42,335,309,178,135,245,360
73,269,365,178,6,76,250,59
137,37,26,299,142,341,330,197
147,69,71,267,284,9,192,128
20,309,171,331,175,320,32,322
252,147,49,38,237,325,93,375
209,357,316,131,241,293,142,249
185,16,135,62,197,245,137,368
362,207,298,176,308,8,244,88
54,129,79,361,334,315,273,109
94,250,244,43,266,257,17,110
196,236,71,51,347,55,178,294
71,306,118,334,256,169,285,135
322,186,5,108,220,59,358,341
92,341,147,243,280,353,273,163
265,73,71,218,153,346,206,99
355,273,41,304,198,195,227,274
55,100,63,164,175,346,111,146
36,378,89,76,233,40,118,50
44,275,360,2,45,71,324,284
233,15,90,227,241,211,251,106
71,203,137,91,107,73,173,264
169,157,102,9,229,111,247,31
308,232,178,361,86,261,211,103
254,212,180,242,194,92,133,355
331,59,121,144,108,41,227,319
15,361,369,57,277,301,363,159
363,191,133,308,121,11,222,41
68,213,361,283,218,101,69,164
291,148,120,14,361,193,101,130
363,314,254,372,257,5,109,124
27,186,3,162,0,236,265,271
36,330,57,219,339,6,136,378
95,149,44,196,320,171,31,136
214,176,139,296,4,169,295,31
73,170,165,53,106,40,134,109
325,308,8,72,22,318,247,183
320,71,289,133,304,46,89,87
41,2,193,365,334,348,257,318
45,214,294,71,374,87,163,354
145,8,251,207,9,71,57,346
335,71,110,362,130,293,88,194
336,162,254,339,280,150,323,186
165,263,27,205,346,153,264,81
347,71,150,141,209,173,112,269
220,2,351,138,68,55,268,257
294,111,120,181,162,114,71,363
358,255,119,101,321,106,192,140
374,302,115,289,331,219,45,56
254,145,181,134,285,45,71,260
337,52,331,183,80,128,278,126
98,287,63,367,265,11,22,238
26,323,123,106,284,71,336,160
160,81,8,242,229,17,41,346
309,340,326,270,142,254,263,71
257,357,307,40,231,290,71,189
227,241,113,363,138,335,20,273
276,15,256,334,3,275,99,40
31,229,212,188,251,133,101,267
92,29,93,290,259,353,95,220
302,280,142,235,293,132,331,74
308,71,209,234,184,203,30,340
245,4,281,376,227,96,161,356
154,108,126,56,376,98,320,364
337,33,294,358,214,154,7,119
10,176,57,60,232,15,22,361
73,341,41,167,263,133,335,109
94,259,245,265,6,27,223,119
242,178,18,16,181,136,115,8
200,211,274,71,142,361,227,316
263,329,173,249,178,341,150,28
244,31,167,276,334,331,336,89
317,353,314,51,190,76,290,318
173,20,197,252,129,67,84,227
85,103,250,164,177,327,122,272
281,97,321,123,220,71,270,352
76,211,194,5,49,331,113,31
49,340,191,148,372,278,349,245
32,120,186,35,227,157,254,350
318,143,137,90,254,331,69,332
367,278,363,141,25,37,36,351
3,15,27,341,128,275,245,305
254,46,112,111,98,361,36,157
111,104,98,360,2,115,11,42
302,283,4,109,10,149,17,193
60,225,228,304,214,157,73,222
296,253,189,268,291,316,283,91
95,19,275,236,214,319,206,198
133,171,128,61,6,41,16,193
104,42,178,232,139,227,181,129
234,288,245,144,164,202,157,28
331,121,115,39,112,55,87,323
178,367,204,237,227,7,334,63
106,123,102,87,63,302,336,314
336,172,190,149,182,50,73,213
9,115,136,106,86,347,268,33
100,353,210,76,308,161,190,71
224,282,345,152,342,272,59,11
132,133,306,71,100,160,294,374
131,316,83,287,335,255,358,25
319,102,363,144,80,266,277,86
319,261,58,193,345,374,182,298
37,263,376,275,308,227,341,239
127,37,341,71,306,334,60,55
229,300,278,137,164,105,111,241
174,272,150,101,205,138,308,105
211,19,309,245,324,178,302,195
241,231,156,343,354,154,134,283
374,71,57,304,73,314,269,160
283,227,369,160,211,119,242,149
299,154,71,178,375,211,53,103
2,6,227,197,5,243,68,353
16,235,308,331,346,39,76,372
95,260,102,0,363,56,377,188
278,319,71,234,3,309,195,187
244,192,97,317,256,231,36,58
89,336,32,95,356,172,121,279
236,320,20,31,71,273,280,296
282,355,116,138,103,249,174,87
53,343,162,331,183,227,49,16
246,145,363,133,135,9,40,100
73,293,252,211,213,139,171,325
64,176,317,210,34,37,101,314
16,362,325,353,295,100,193,343
218,199,366,246,121,20,219,230
269,80,147,290,138,246,268,176
250,201,71,331,133,247,195,76
228,254,141,72,196,227,148,2
291,83,94,227,141,216,63,66
368,170,292,56,176,72,76,122
269,310,95,114,7,63,213,138
354,246,262,181,40,104,269,283
90,260,271,27,150,255,332,71
38,331,9,357,274,79,35,27
307,55,153,247,2,241,19,135
355,291,262,109,304,79,215,230
308,71,257,110,358,158,270,63
236,269,235,61,319,88,219,131
341,289,371,282,115,137,201,31
245,135,188,36,363,143,367,168
167,210,317,292,256,232,218,304
355,114,273,27,265,275,233,106
347,16,89,40,330,144,71,314
278,104,96,123,227,180,15,46
242,361,195,322,272,5,71,42
361,225,207,38,243,183,201,370
109,176,325,371,149,269,51,370
253,71,216,147,299,128,338,173
250,368,278,225,308,207,244,157
28,71,277,286,229,51,121,349
118,245,193,308,269,31,152,227
24,244,308,247,280,55,94,89
290,331,71,275,356,227,249,133
111,220,313,282,222,186,143,316
38,49,278,10,37,351,319,178
237,7,374,277,331,94,13,171
199,359,274,223,80,33,373,277
59,51,306,22,164,267,227,150
97,82,156,310,76,136,106,295
354,165,277,181,331,148,169,240
37,41,259,94,266,343,12,281
42,308,58,261,231,197,223,372
135,188,36,186,216,368,227,315
158,81,256,328,218,94,346,178
296,369,145,6,281,71,241,233
263,269,88,141,360,69,109,285
336,373,131,351,211,197,236,46
101,253,113,37,15,80,345,376
182,205,86,180,357,36,114,144
95,51,227,321,329,310,313,63
96,250,59,313,233,60,71,254
358,96,3,253,214,203,157,274
42,218,71,136,43,10,160,270
29,293,31,195,20,2,220,276
76,71,255,180,295,0,94,246
80,114,180,241,102,281,336,44
219,222,254,285,270,18,314,298
19,327,83,87,121,180,256,143
311,338,211,191,53,109,318,192
173,227,169,337,304,241,316,319
71,188,38,167,47,115,257,98
111,192,42,38,256,227,79,137
313,73,163,19,171,331,130,37
169,227,107,257,71,336,44,367
181,196,361,374,88,71,321,233
69,17,46,241,178,167,376,364
148,273,121,227,171,165,233,31
9,158,196,177,51,338,271,78
157,6,303,154,82,257,251,128
160,242,205,218,194,154,136,42
248,71,12,308,143,227,112,51
343,158,235,32,278,352,197,95
215,12,165,236,70,367,36,188
28,256,142,275,329,370,155,318
295,241,138,96,281,53,228,115
71,138,130,216,328,366,120,299
71,148,128,304,122,171,302,94
24,148,286,328,12,250,20,81
345,308,55,126,219,251,360,265
227,17,318,197,34,22,346,354
193,184,36,362,18,71,157,356
249,130,280,269,338,265,178,40
181,115,42,294,323,10,63,344
71,356,176,361,60,5,313,111
253,112,154,153,2,215,159,35
227,268,33,299,68,148,91,256
227,308,357,109,240,305,248,237
24,353,194,68,88,177,331,159
254,35,310,37,227,80,256,112
25,3,62,312,357,55,251,356
60,220,332,355,81,209,99,159
22,176,43,345,326,360,369,227
27,128,158,350,4,367,286,160
332,363,27,352,263,218,220,4
294,374,362,158,331,229,155,42
183,338,267,33,193,35,278,353
357,290,127,187,62,264,216,278
288,175,104,299,223,363,177,106
223,337,22,68,100,330,180,3
268,121,49,188,164,272,69,63
10,239,142,151,199,77,268,182
0,118,227,332,29,240,234,119
40,65,95,74,196,341,102,19
289,129,27,184,87,128,362,337
370,4,205,246,272,118,112,123
109,190,80,214,145,59,87,308
96,329,344,332,80,320,85,139
253,8,31,152,115,269,278,273
232,217,361,284,37,195,73,214
115,220,162,139,283,214,50,361
311,195,63,197,115,375,67,81
254,128,14,84,63,297,2,87
105,293,153,301,259,16,237,186
15,193,263,85,139,329,210,306
143,156,293,71,265,249,230,250
200,244,16,155,297,273,115,213
119,274,181,104,228,330,137,282
253,220,176,104,229,358,274,96
289,322,225,32,191,60,251,157
335,308,298,340,16,316,250,9
71,133,241,16,41,363,335,129
90,212,297,357,210,263,59,195
20,120,377,22,244,361,357,352
55,241,264,129,71,121,155,341
186,98,336,262,20,148,37,23
319,210,252,347,307,201,227,197
283,186,272,315,350,137,135,63
267,213,11,180,190,112,286,195
15,211,87,291,5,271,214,131
196,353,186,246,150,27,55,139
225,254,266,12,28,166,332,314
169,255,186,41,232,347,230,214
105,24,42,343,27,0,111,61
157,99,71,53,181,233,255,79
124,103,55,227,71,186,236,77
348,154,96,357,211,12,367,71
145,71,94,76,59,265,137,3
276,106,115,83,68,279,104,28
259,316,193,156,118,55,230,30
70,36,372,87,64,56,88,55
339,10,134,70,122,356,167,264
254,308,295,367,51,326,370,178
332,214,210,252,271,227,87,146
355,268,63,312,201,321,367,233
317,257,214,109,318,262,200,210
315,270,344,287,158,336,53,147
178,25,233,1,265,60,359,109
6,31,176,223,350,313,225,19
260,211,213,41,52,71,343,135
311,196,61,51,169,310,3,312
195,67,243,288,302,109,112,111
205,42,256,85,128,14,109,250
337,339,167,290,342,173,152,135
36,121,245,70,1,109,252,71
353,290,337,212,378,297,55,347
88,113,217,4,109,36,280,111
227,33,296,123,369,161,94,53
261,128,164,42,227,22,265,189
276,154,277,304,178,268,224,248
185,72,295,193,134,34,225,294
322,242,154,32,309,178,331,315
112,71,158,278,286,262,304,287
41,304,81,281,102,313,200,295
112,231,119,325,353,169,337,280
64,267,135,7,304,322,213,353
227,30,131,137,71,223,363,229
193,275,89,37,316,132,107,313
239,305,43,107,27,47,281,340
158,211,122,244,1,336,83,264
227,183,131,308,61,212,335,71
319,374,178,181,335,201,245,2
125,224,133,71,319,47,91,53
265,331,88,63,53,183,71,318
276,76,357,160,86,104,88,100
257,7,252,242,100,319,128,359
145,17,299,249,71,334,227,155
214,328,290,38,319,115,133,335
193,235,199,278,376,227,19,229
129,329,148,186,281,253,176,61
158,144,82,358,210,33,227,126
71,186,210,240,102,51,271,263
102,215,59,39,129,95,188,236
240,361,52,160,246,215,249,233
103,278,222,269,126,23,163,156
25,346,231,108,361,79,184,312
174,59,36,278,356,34,367,27
309,34,250,242,196,335,57,227
295,265,308,4,335,250,156,164
279,135,143,36,366,248,256,179
131,137,357,192,44,329,306,12
2,211,71,64,123,337,227,368
246,333,300,2,91,72,283,201
319,305,233,71,304,142,219,189
119,18,158,128,102,331,340,51
242,94,107,56,221,170,39,97
77,36,171,98,250,43,3,56
180,33,331,191,219,252,178,36
42,246,30,40,308,109,270,60
262,212,6,308,128,71,204,174
255,345,271,91,183,362,42,171
125,71,276,178,246,254,157,73
269,330,146,240,142,40,372,273
349,358,278,375,230,175,109,112
36,41,111,269,190,9,320,246
157,118,373,304,256,233,49,153
370,272,121,256,59,377,257,71
360,137,241,40,227,149,339,204
164,197,42,226,186,152,230,27
345,210,71,3,37,70,219,72
219,246,213,106,101,330,253,194
335,263,355,3,42,218,143,183
96,71,224,215,92,375,61,219
102,86,307,154,127,288,133,331
92,2,238,61,17,134,258,271
227,190,331,348,210,6,145,41
336,119,89,276,211,285,323,287
163,318,263,305,301,109,76,70
216,55,368,290,163,250,141,247
227,143,80,278,158,309,89,71
12,71,256,10,313,280,265,193
239,291,83,54,267,71,372,144
128,232,272,218,308,119,243,98
308,271,367,330,119,281,158,83
378,76,51,310,298,171,340,118
248,353,224,329,6,193,199,181
89,295,5,135,101,316,144,42
217,210,124,315,178,321,335,244
84,361,106,128,277,245,124,321
137,269,172,191,272,230,319,210
197,133,106,61,351,122,227,71
288,71,186,261,314,339,351,354
329,29,48,243,71,130,36,202
370,347,34,175,188,173,138,207
52,237,330,112,31,196,92,178
99,334,227,336,102,44,372,261
253,16,14,47,367,90,106,301
196,349,79,146,293,245,251,56
287,250,156,182,31,251,214,154
313,135,245,318,185,27,259,329
237,280,277,106,334,348,366,252
30,239,277,279,40,289,219,28
227,73,49,115,154,94,25,100
104,164,189,157,144,212,234,311
304,81,295,202,23,40,287,69
117,36,30,296,294,227,29,333
155,25,92,315,16,234,223,192
186,237,289,156,275,202,312,308
145,109,258,294,295,200,343,108
11,318,319,133,112,187,245,47
71,126,277,178,20,346,269,278
225,170,101,192,96,303,257,318
124,236,23,98,263,258,92,329
298,10,213,295,6,214,106,118
12,15,195,153,355,325,353,63
9,241,311,76,302,273,245,92
191,232,293,124,71,217,147,231
354,81,133,280,362,331,61,304
36,215,332,346,169,355,122,128
237,196,132,290,63,149,354,71
36,73,318,278,87,10,42,136
249,361,94,251,122,284,365,254
81,44,290,143,63,162,41,263
330,331,13,212,97,131,365,155
67,269,46,142,119,82,141,290
108,276,243,266,316,80,165,171
278,358,36,227,12,370,345,104
315,102,61,205,73,362,310,356
115,188,191,227,140,87,332,308
103,246,71,255,180,232,88,318
309,102,87,73,276,169,104,314
271,71,313,9,63,227,291,41
212,186,63,37,346,227,296,42
275,280,283,171,353,71,246,64
90,49,71,225,357,119,128,77
235,302,370,233,149,85,30,132
100,71,260,291,60,107,134,103
374,158,282,281,81,304,71,357
154,263,113,325,48,87,252,212
121,377,99,160,40,44,158,144
241,17,323,192,314,334,115,11
46,353,122,212,321,184,9,234
102,277,221,310,357,315,295,71
111,69,247,270,233,5,92,227
136,300,272,126,144,266,247,350
213,104,329,285,373,335,71,31
236,273,55,186,375,313,175,34
301,105,20,25,71,355,227,377
44,275,63,269,127,122,197,84
51,230,33,261,256,275,71,31
76,240,268,158,71,377,22,192
332,284,191,311,298,51,10,90
377,112,227,269,203,91,161,339
137,248,141,224,13,367,335,192
85,256,10,318,290,63,201,70
36,207,98,95,126,219,66,186
224,228,322,107,36,85,22,304
214,244,251,209,292,59,356,178
25,256,247,188,40,123,245,378
73,94,41,56,161,347,227,158
71,67,108,312,257,276,35,9
286,63,333,158,128,11,145,140
324,319,251,236,266,336,60,246
288,71,301,375,332,108,190,294
192,321,220,331,133,180,71,219
252,218,275,136,78,73,176,65
31,53,156,80,86,198,179,229
233,83,347,29,107,2,364,320
185,66,257,282,68,378,108,308
240,40,181,77,241,279,236,235
271,232,71,213,350,239,133,296
353,178,16,71,167,70,256,309
154,13,204,31,314,217,89,330
10,319,278,55,370,157,172,299
32,316,268,71,219,88,148,265
165,206,296,357,190,60,40,322
257,224,213,129,278,306,259,229
100,36,365,0,83,6,37,34
34,247,29,363,331,374,118,328
336,318,331,71,283,250,289,193
182,200,375,133,329,258,161,17
165,206,280,4,357,251,360,71
123,353,278,240,177,294,135,36
137,184,232,134,300,334,248,55
71,16,233,59,365,230,211,123
354,363,4,331,18,41,213,251
277,173,120,358,71,41,43,299
175,374,341,27,38,367,206,136
323,329,106,57,6,335,220,331
88,227,148,239,356,274,247,303
312,239,20,44,121,233,165,25
22,121,18,326,246,234,254,56
118,376,330,84,27,316,91,141
71,65,12,357,332,106,35,55
261,118,316,278,330,288,135,121
338,142,80,115,71,143,278,112
189,301,194,209,351,175,198,207
96,69,240,47,101,292,9,110
177,313,370,252,347,188,184,176
354,227,52,26,224,183,57,139
25,133,76,117,89,114,312,284
358,148,10,360,143,361,4,290
197,86,79,232,5,275,223,175
87,167,245,227,58,17,212,128
305,59,10,145,241,18,227,196
123,193,54,51,58,195,136,220
81,203,197,30,124,306,349,61
278,374,31,284,355,112,279,207
107,62,58,32,321,7,224,153
281,151,293,329,369,288,45,262
368,20,134,151,196,336,121,302
16,291,294,355,139,229,164,36
181,71,102,99,144,363,140,80
306,353,245,308,96,241,354,71
354,27,83,147,36,199,316,251
319,374,262,164,137,375,170,19
280,329,300,313,244,361,370,79
269,304,233,259,221,244,115,41
88,112,60,174,114,279,253,133
340,227,55,157,101,271,329,100
245,156,220,185,275,211,60,222
171,268,22,98,59,370,269,71
295,118,134,147,122,25,194,190
158,283,244,121,292,133,165,213
309,71,18,141,223,303,60,111
22,249,133,36,296,183,55,35
38,71,189,149,43,231,269,332
234,280,160,316,72,354,339,273
363,6,284,320,88,227,273,266
129,218,335,309,281,331,217,51
180,128,51,60,165,115,73,118
210,342,51,275,220,71,95,185
10,40,339,27,155,133,212,247
246,302,316,287,192,310,164,362
71,96,147,211,78,122,340,264
114,294,302,146,8,137,282,312
342,182,65,322,374,51,331,358
44,133,277,318,339,126,282,117
177,165,60,351,158,71,156,65
324,152,176,263,256,308,265,9
111,94,244,374,264,20,180,190
36,147,80,112,323,357,143,223
227,118,92,244,190,301,71,316
235,53,340,111,115,348,56,268
211,9,71,374,319,83,92,153
34,301,304,300,58,324,356,51
329,299,277,80,336,30,171,106
78,329,215,228,274,258,71,17
246,378,303,363,101,71,36,95
367,54,176,48,125,87,374,308
293,2,372,352,80,1,71,282
135,232,160,40,183,30,73,248
16,24,311,34,230,286,279,54
72,143,78,55,63,137,34,58
227,325,43,277,92,177,96,118
195,357,228,330,41,216,157,121
42,250,358,180,220,245,57,234
100,263,322,353,60,38,231,9
330,305,192,283,70,109,40,27
136,313,62,147,258,164,193,358
133,154,71,367,329,6,20,113
320,15,120,270,259,153,128,42
54,113,39,163,86,210,130,274
111,185,309,84,52,189,204,115
128,100,209,352,41,133,358,7
96,157,234,254,108,119,84,173
71,9,122,247,123,94,365,120
245,312,71,161,356,227,267,287
181,66,277,353,85,262,3,221
320,14,221,331,71,50,40,62
260,32,290,57,306,231,296,105
12,220,261,63,210,255,50,173
269,182,304,129,296,198,223,281
250,233,180,118,103,25,270,369
163,169,266,345,125,303,36,298
81,188,243,332,336,63,163,213
27,100,78,87,69,276,10,51
331,109,327,164,99,63,2,193
5,63,252,326,318,339,94,265
135,49,51,33,85,159,312,172
359,102,214,129,224,35,37,357
244,41,178,271,249,153,229,278
234,290,269,266,28,319,363,158
71,51,152,295,108,100,44,111
22,20,76,241,171,51,157,337
22,197,363,36,272,103,242,25
193,329,232,71,165,377,378,236
264,110,19,83,276,238,291,71
310,193,289,34,357,294,243,60
306,4,220,128,65,312,227,137
24,274,343,242,101,191,314,112
160,57,86,302,124,291,175,189
22,314,193,50,72,16,186,55
271,299,112,18,210,72,263,287
18,212,147,315,227,328,358,360
85,71,227,285,221,121,235,92
123,331,359,337,242,341,367,17
38,193,9,42,84,175,356,208
377,156,102,224,300,51,370,176
113,256,85,169,293,280,17,159
118,60,137,372,377,243,73,50
50,238,330,357,71,333,258,18
36,313,45,176,239,73,107,367
263,376,17,108,202,95,275,224
90,86,48,129,73,354,251,27
94,308,139,7,323,280,250,358
155,230,250,185,360,122,346,128
40,127,43,108,269,310,193,284
135,71,120,191,245,346,108,278
175,374,7,223,378,66,71,203
348,239,294,44,49,48,0,178
321,63,108,203,71,83,4,33
134,239,353,316,7,12,261,325
295,249,219,71,263,347,129,276
180,316,232,367,173,3,245,107
288,299,364,278,108,100,211,119
298,162,71,256,160,103,92,322
2,298,164,194,90,343,311,227
211,184,183,36,247,344,345,359
58,77,97,71,219,334,122,283
100,183,41,136,260,55,272,377
69,91,81,238,169,103,212,53
273,331,81,288,25,316,163,295
243,290,284,6,197,55,328,7
147,145,309,195,171,172,325,262
100,118,73,153,9,123,36,275
170,363,135,281,249,275,131,54
345,71,22,278,258,92,211,210
16,112,120,309,340,256,82,175
264,49,150,23,109,126,93,370
329,266,342,295,71,3,185,60
58,190,220,71,267,169,109,318
332,377,110,178,108,71,150,361
70,164,53,322,260,319,36,37
215,27,193,363,348,124,35,231
41,88,310,304,309,319,18,334
41,332,87,240,299,236,239,324
72,319,61,188,227,207,320,155
361,72,58,31,150,141,327,377
241,142,227,151,367,128,270,268
292,157,335,329,279,220,95,302
378,304,59,139,220,162,103,27
185,291,100,171,79,133,227,130
63,148,135,377,202,47,39,96
263,337,27,6,317,268,196,108
101,254,114,37,375,161,337,137
368,156,227,331,134,141,215,120
143,137,36,110,332,339,10,351
378,108,310,24,21,144,63,160
357,186,73,223,291,58,244,353
43,31,149,319,38,108,183,189
278,128,376,216,158,301,80,61
164,219,150,227,127,148,63,318
27,197,10,319,193,321,228,158
40,34,71,67,92,9,293,18
8,184,378,71,244,234,355,280
45,366,193,8,85,192,20,266
223,24,145,128,58,127,253,231
233,228,73,22,106,367,201,332
76,145,234,149,104,366,15,258
241,171,157,106,114,325,197,121
317,162,227,205,88,323,273,325
165,270,368,286,283,232,51,183
215,308,316,66,332,195,331,11
148,4,254,284,170,345,198,164
131,71,288,83,251,145,234,133
15,324,133,285,94,231,8,313
309,36,90,259,210,71,154,265
192,239,308,108,234,131,98,128
296,227,348,73,319,28,91,377
304,309,206,258,296,71,235,343
49,71,243,44,249,227,57,55
37,103,283,57,224,11,313,256
61,377,204,132,115,331,102,287
356,368,229,331,279,176,366,325
188,15,76,260,105,152,332,8
45,259,30,298,155,152,66,242
374,46,304,330,141,197,185,230
368,133,41,294,345,101,33,297
302,17,71,324,325,180,358,236
70,154,330,33,198,214,71,77
303,71,91,119,242,315,187,52
283,254,227,210,297,285,163,307
259,137,331,258,348,134,76,347
281,320,59,51,169,158,195,71
49,284,352,180,51,145,63,245
208,318,114,324,219,143,239,80
134,345,358,71,120,277,3,180
3,122,369,228,183,67,241,70
88,209,196,236,250,245,59,173
176,263,349,177,261,71,309,128
28,171,342,361,281,160,348,35
228,55,71,205,262,139,16,285
48,321,335,190,72,273,36,31
106,135,229,80,353,143,121,48
81,139,60,190,294,251,7,88
238,203,61,44,287,69,247,344
350,10,63,151,227,28,57,82
269,71,122,68,99,326,309,306
92,345,39,135,358,186,365,124
222,249,356,9,314,133,274,304
110,316,351,267,127,148,269,71
245,253,83,150,72,227,362,2
199,135,239,77,308,117,154,285
114,186,251,71,250,245,278,154
345,63,317,42,225,169,30,237
83,158,13,89,150,331,71,121
336,120,359,141,208,111,146,59
315,371,227,131,175,327,174,263
329,106,36,283,316,40,183,363
294,114,51,253,220,141,313,223
130,74,107,333,357,255,249,261
81,75,299,209,56,332,271,345
317,199,345,87,218,7,288,211
133,154,310,67,118,304,193,233
71,215,55,79,258,180,227,250
199,241,183,176,317,21,228,319
163,193,87,236,204,281,225,227
66,276,340,16,95,223,142,191
195,210,344,100,267,106,7,302
109,336,210,239,55,295,154,219
95,148,144,196,36,35,37,68
4,113,331,56,206,250,60,214
240,72,27,102,169,331,135,345
213,5,289,284,159,335,61,296
204,182,164,245,335,345,175,273
79,147,346,49,363,177,325,60
0,27,257,133,357,243,150,303
333,93,273,295,223,88,100,121
280,80,146,177,71,125,159,128
4,211,295,362,261,256,92,202
115,373,205,211,219,268,139,296
256,176,258,183,144,86,143,19
295,319,13,210,249,308,321,192
296,234,59,336,94,233,5,158
52,234,71,86,23,135,147,247
206,98,20,210,71,360,196,18
67,227,376,169,72,312,331,234
280,245,256,71,206,63,288,136
284,31,55,368,176,10,37,134
188,81,329,195,71,145,203,99
16,341,358,254,141,343,143,256
59,42,205,299,48,120,356,268
30,256,43,358,71,174,266,120
211,31,154,367,18,282,263,376
164,123,60,296,355,227,187,276
188,272,69,73,220,191,40,205
88,33,127,164,98,310,289,49
306,332,58,52,174,296,71,274
211,296,180,71,190,95,263,281
353,227,235,256,196,120,365,130
7,144,252,105,71,152,92,277
112,71,176,8,88,215,19,84
227,118,25,32,374,288,314,301
231,210,8,357,167,248,348,297
34,313,154,10,63,141,186,355
83,71,204,110,271,308,374,312
318,109,278,134,257,99,106,314
78,198,138,100,63,239,76,366
78,210,9,128,204,277,312,10
154,329,13,269,126,16,46,168
238,290,111,331,339,138,121,158
77,141,345,281,278,22,142,181
232,357,318,326,182,49,250,135
63,17,161,92,123,178,347,305
143,133,190,29,61,35,42,263
106,296,37,173,178,235,364,241
267,126,185,331,300,334,240,213
11,71,248,288,365,344,41,217
112,34,115,366,290,277,214,120
322,76,185,38,287,295,299,163
237,291,167,269,183,80,143,342
16,80,327,370,258,63,154,376
280,121,273,133,71,167,145,186
63,55,376,276,28,71,358,202
139,357,306,22,269,83,313,208
195,286,227,50,78,329,197,34
191,99,103,233,321,357,245,304
294,227,12,375,370,81,378,85
164,73,300,95,17,63,213,271
139,200,40,316,134,263,128,34
332,217,225,36,196,141,31,80
349,354,280,222,134,69,40,249
268,271,108,88,121,297,241,41
51,283,74,98,153,84,346,45
277,5,117,114,137,331,356,141
71,262,329,157,323,210,186,19
94,326,194,265,283,200,312,39
219,257,268,256,324,146,51,358
264,335,38,81,352,348,211,71
178,113,33,63,302,124,139,260
377,161,188,220,253,103,227,344
71,52,200,295,141,353,63,148
227,81,151,30,164,144,106,253
16,87,291,118,117,256,257,135
174,378,211,317,71,198,269,318
70,155,316,323,58,151,241,176
214,234,328,276,213,22,40,312
51,201,217,100,245,36,1,158
276,20,128,233,81,17,375,51
2,163,91,219,182,241,271,324
42,367,251,71,256,276,275,322
271,285,63,144,246,142,282,355
262,135,40,331,241,92,46,32
57,94,340,25,220,7,168,46
223,70,53,319,357,71,193,9
26,89,256,71,76,261,274,171
41,251,309,74,15,158,25,250
133,189,92,295,227,8,88,53
94,220,112,317,314,75,237,251
310,71,2,211,252,27,46,105
67,141,325,71,200,241,133,234
339,2,96,276,312,333,78,139
262,213,272,31,212,195,306,253
363,247,88,250,376,278,118,239
325,291,120,304,128,340,289,167
55,312,138,325,308,318,249,288
132,194,42,310,184,266,301,249
275,171,71,291,359,57,64,321
145,269,100,167,185,229,250,144
331,336,292,137,235,15,31,71
239,112,153,7,356,63,175,358
270,47,81,318,260,143,353,369
229,335,159,71,103,20,160,212
139,259,288,219,222,8,60,36
283,42,223,184,293,96,71,211
26,223,350,317,172,369,256,273
265,356,144,94,131,245,149,231
211,330,226,132,164,256,278,2
251,326,257,160,202,146,318,44
180,320,43,346,71,262,251,372
244,94,227,280,129,308,354,15
173,71,347,88,142,190,41,70
48,171,186,128,112,246,149,331
214,331,346,71,37,6,132,269
227,233,185,3,34,331,46,106
247,69,237,89,241,129,372,249
369,210,44,378,77,25,19,201
285,41,82,312,175,63,244,335
252,160,18,133,350,311,39,94
111,217,171,361,55,263,211,316
345,219,63,80,242,101,16,253
107,335,219,275,80,159,69,118
152,4,318,7,71,242,18,246
293,242,157,102,63,190,306,249
0,227,156,91,337,274,58,370
296,300,147,89,37,223,71,73
264,69,30,369,71,365,335,19
35,240,52,137,141,339,57,154
211,37,176,81,167,241,319,269
185,25,367,122,353,27,69,57
352,360,129,290,205,160,312,133
29,160,233,244,247,104,253,335
190,133,322,278,253,154,247,261
362,246,234,175,48,340,143,207
351,180,244,268,187,9,45,41
186,52,3,298,323,15,214,46
218,135,331,295,80,127,217,70
263,134,319,269,312,295,194,47
210,172,334,62,367,128,265,295
372,43,107,225,273,44,345,90
68,150,182,178,317,211,86,113
32,229,353,147,205,157,70,111
133,347,136,265,201,186,158,33
26,31,158,233,227,6,142,241
140,176,242,22,87,327,289,54
313,374,119,71,42,131,239,283
38,53,154,363,12,164,358,55
34,361,263,341,131,90,128,164
70,18,84,256,164,200,358,310
368,160,106,233,210,138,25,102
262,325,301,250,147,65,297,81
244,87,227,14,22,109,51,235
27,193,357,165,295,63,347,228
265,9,15,182,96,175,61,205
84,33,182,142,242,119,261,152
1,274,100,362,80,352,2,214
214,145,186,177,12,25,272,322
291,180,343,74,63,222,248,231
370,344,219,269,353,233,220,96
205,25,233,317,1,115,154,139
268,37,69,283,301,124,348,338
62,71,42,227,311,279,180,70
230,85,71,76,229,89,59,11
227,193,297,370,31,185,187,85
325,372,268,122,185,71,349,312
63,152,196,72,321,167,374,79
109,128,243,265,80,154,235,268
277,124,241,360,120,186,341,215
295,195,188,276,272,210,56,15
107,268,60,263,31,92,57,363
280,263,369,191,135,336,212,129
3,211,55,317,304,221,43,31
244,71,54,353,46,211,263,357
341,323,27,369,99,238,206,262
278,331,357,61,250,185,8,374
141,153,3,100,152,263,186,333
331,103,123,36,334,370,71,59
199,67,295,280,107,7,374,277
269,368,223,92,96,187,227,94
55,84,14,143,150,71,114,158
294,276,359,72,279,354,274,104
263,136,273,209,311,258,201,293
251,112,100,111,281,20,195,12
133,281,282,141,348,211,214,118
76,191,328,332,211,94,331,358
267,301,312,135,9,89,265,214
27,319,160,34,42,31,333,377
117,31,363,145,217,33,144,174
107,71,79,17,25,50,128,356
335,227,74,105,78,194,160,115
87,262,142,137,104,144,47,368
59,3,298,147,240,155,63,153
144,170,250,111,282,71,359,176
36,234,115,327,114,285,204,120
43,256,20,143,71,85,4,367
72,329,20,274,119,66,246,358
196,212,283,150,104,16,109,280
372,106,323,365,259,356,366,89
243,178,98,183,0,362,122,308
316,106,343,1,185,61,153,275
196,334,71,129,244,2,221,118
82,9,40,368,118,68,4,324
278,51,113,186,245,309,5,3
122,108,325,42,273,18,365,286
334,219,115,238,257,312,73,134
121,210,36,51,307,250,158,270
265,318,331,233,227,143,365,213
115,252,329,33,337,108,71,183
39,80,29,154,83,285,299,368
76,285,251,247,202,53,346,227
157,148,233,374,303,16,178,2
234,164,150,185,367,61,253,59
200,36,372,266,246,84,158,71
227,181,335,241,269,305,41,347
121,245,241,161,122,213,26,378
48,266,172,101,276,358,271,249
319,214,156,106,71,128,195,3
73,234,142,146,367,147,151,16
378,158,49,76,354,94,304,227
108,170,93,51,73,119,133,109
356,221,357,373,265,129,269,37
106,129,253,96,16,334,366,141
249,367,268,144,227,71,141,343
316,71,189,94,241,354,18,273
310,3,362,271,71,299,237,324
263,357,77,266,82,174,34,280
157,5,185,274,294,197,347,323
360,299,124,330,56,317,227,201
357,330,46,71,246,348,227,236
278,16,282,255,177,277,131,37
43,144,320,329,215,304,30,278
20,345,353,55,269,245,313,270
278,9,142,364,363,36,77,63
237,331,202,60,83,244,308,203
3,87,160,185,93,141,186,16
10,120,334,287,225,235,88,366
