68,262,179,46,53,271,221,91,229,128,250,251,58,129
0,163,252,102,118,111,81,217,40,43,183,31,34,16
51,124,182,30,241,112,87,104,57,118,175,170,155,206
206,64,155,26,31,131,90,228,161,235,85,96,114,33
136,211,253,226,94,187,26,229,233,181,259,243,272,247
212,274,209,57,194,6,160,218,130,126,64,32,207,102
88,8,146,103,137,244,140,50,199,31,183,7,118,115
120,220,32,189,101,63,273,178,248,161,256,190,79,202
66,256,184,272,181,71,250,214,263,106,123,77,107,76
149,26,248,61,223,170,112,18,180,179,253,102,234,241
26,205,151,236,145,112,240,171,244,227,19,160,147,120
275,267,109,37,195,71,86,268,105,150,205,232,88,128
176,278,207,106,102,161,201,156,237,130,90,17,263,194
140,148,224,139,20,96,17,250,197,63,141,252,214,150
187,272,169,152,205,223,209,75,142,84,262,194,136,237
254,196,273,114,107,177,82,216,74,224,219,90,46,154
32,96,159,68,174,199,78,66,162,6,205,190,197,123
180,178,184,201,194,92,266,78,121,129,221,11,268,23
19,51,82,112,175,190,88,50,232,271,45,130,206,73
196,117,251,151,227,112,130,155,116,218,172,215,77,140
28,255,69,162,267,268,139,81,223,247,96,209,238,141
168,80,257,228,26,175,35,166,75,154,111,205,74,182
113,235,59,23,106,271,222,95,3,45,183,76,182,16
138,272,65,160,264,24,92,268,14,220,159,198,231,172
265,267,108,225,180,86,45,112,204,53,201,3,145,28
184,172,78,257,237,108,236,16,117,245,199,82,271,277
147,16,93,267,2,48,173,103,95,194,275,46,149,17
133,259,111,30,239,116,224,185,252,34,134,272,278,77
187,176,32,97,166,61,85,261,188,183,245,254,112,110
163,180,78,207,97,236,157,32,145,90,219,86,146,105
64,69,16,277,238,255,177,48,6,258,3,91,88,13
150,42,32,271,255,68,212,198,93,145,143,45,64,252
259,93,272,211,244,164,159,182,34,57,64,0,267,90
223,13,210,88,53,3,262,176,27,114,44,97,102,103
172,169,273,135,168,207,29,181,34,64,128,235,96,161
41,67,68,275,72,211,53,168,84,221,64,91,30,237
89,16,70,61,34,52,123,86,232,155,91,224,263,45
199,113,266,132,204,51,163,108,133,157,50,54,164,220
227,272,119,14,189,177,111,238,69,34,243,133,199,250
35,176,107,258,84,235,20,248,45,66,19,63,255,91
29,219,51,94,2,166,5,12,76,107,131,111,16,112
130,63,13,149,45,182,31,207,231,266,43,93,39,169
252,273,26,276,30,54,209,201,247,119,225,211,99,207
58,186,196,106,127,129,71,23,251,221,248,87,92,6
177,272,164,24,114,106,96,111,19,117,154,161,134,168
171,278,198,131,201,53,59,19,88,90,133,219,262,172
89,183,218,109,149,31,201,97,163,187,202,257,3,45
205,88,37,192,277,267,201,69,120,241,29,231,19,64
143,97,43,63,190,221,250,6,3,116,163,23,98,255
45,92,63,65,69,277,233,26,120,228,250,231,156,154
117,197,24,172,173,6,35,227,147,115,48,277,75,274
224,117,102,48,236,87,138,164,257,247,125,18,34,123
82,149,66,110,95,123,201,187,272,87,237,80,186,255
49,65,241,69,134,34,139,272,275,146,80,131,196,125
26,5,14,186,63,48,81,17,34,179,123,130,50,194
130,145,207,24,140,161,50,16,26,260,100,71,197,131
37,34,265,31,92,24,33,134,270,185,11,148,117,253
145,46,215,135,262,12,6,211,236,263,150,270,217,244
53,166,215,108,267,149,26,63,262,56,54,124,177,93
250,97,169,267,65,40,189,46,245,227,248,64,39,180
74,34,264,202,4,80,272,27,72,168,181,176,45,131
178,8,259,185,249,140,73,111,192,0,261,23,20,113
30,223,84,110,33,273,170,63,13,67,234,190,92,81
255,117,89,226,30,74,3,20,23,211,168,84,119,271
257,205,202,131,147,172,157,247,151,189,110,80,254,240
273,68,96,10,204,45,249,164,63,130,165,206,6,224
76,243,96,102,228,151,122,238,89,1,224,19,218,48
190,20,46,179,70,3,186,37,36,196,2,112,127,119
226,245,119,1,265,50,187,180,37,254,188,69,48,262
239,52,232,45,208,157,97,190,125,272,91,120,147,247
20,245,100,139,17,219,224,199,190,195,28,69,269,249
93,229,205,83,263,160,16,180,179,53,17,26,252,61
89,116,155,29,131,225,237,51,112,227,71,139,222,258
96,28,8,187,136,131,93,78,46,17,100,265,113,112
84,201,63,219,203,111,126,134,69,85,162,3,272,148
117,148,202,64,259,272,86,164,211,114,78,25,107,192
14,17,128,275,135,38,51,213,205,146,1,94,147,3
262,15,208,38,241,201,169,101,252,108,3,2,43,240
218,155,120,102,235,237,219,192,85,168,263,123,83,180
246,56,165,2,163,73,190,255,106,243,257,57,102,272
45,95,204,244,112,272,64,15,212,162,170,238,86,253
23,164,107,197,57,91,252,131,215,37,92,212,190,171
201,266,140,187,218,275,108,90,53,223,198,161,197,229
275,71,160,246,59,198,202,169,130,252,36,28,227,15
181,247,202,112,269,74,167,8,161,227,14,71,216,223
277,45,221,209,257,268,260,185,69,253,122,145,90,40
119,180,80,102,114,23,82,191,222,179,158,10,93,107
269,71,224,165,119,149,26,271,105,264,29,223,241,61
96,108,2,71,30,212,111,120,29,106,163,15,175,118
103,248,6,77,190,122,138,90,125,272,156,76,140,11
67,221,217,203,39,263,33,225,128,58,45,38,274,249
217,119,162,66,141,277,243,43,97,186,35,250,7,128
33,42,45,34,100,25,63,240,15,269,72,197,201,5
213,69,37,110,197,183,186,134,73,34,18,33,83,205
173,212,168,97,2,114,31,125,224,106,207,36,257,28
31,267,67,8,190,139,194,202,136,102,227,248,111,269
248,101,132,106,80,34,187,215,267,107,134,263,24,68
275,156,163,44,80,27,87,224,29,149,215,211,35,269
277,247,190,72,69,4,103,154,58,199,117,136,107,257
68,186,44,97,180,226,18,80,123,212,33,257,110,203
64,146,160,17,225,149,249,89,5,261,198,30,269,182
130,76,36,149,91,18,20,131,14,245,80,81,9,128
110,94,132,216,63,73,19,146,269,218,113,107,134,192
119,109,218,182,120,35,77,147,51,92,142,88,96,220
3,71,239,257,80,97,37,112,163,28,246,146,218,197
219,145,233,10,212,119,186,244,35,162,13,249,277,71
163,234,144,64,212,69,0,38,277,1,17,169,78,213
263,111,59,71,55,215,94,127,57,7,163,178,185,80
145,147,67,125,250,63,213,223,64,136,55,257,211,90
261,157,240,116,98,189,82,63,248,16,212,75,134,182
186,111,96,224,195,275,277,69,168,219,162,152,208,153
147,48,273,214,149,236,183,196,28,87,114,272,224,209
37,11,20,187,26,224,252,156,29,81,34,244,152,139
186,207,107,263,214,119,23,93,177,237,64,215,252,126
254,186,225,74,235,227,24,172,9,61,49,265,173,189
197,22,73,151,213,113,88,157,111,201,119,6,225,180
61,139,93,267,156,74,197,162,265,238,92,271,125,214
11,65,218,149,5,131,69,220,126,184,215,232,23,147
192,3,243,143,51,38,159,77,247,206,261,134,152,182
252,147,178,198,119,162,106,207,218,19,272,170,13,113
192,275,258,135,172,86,26,166,248,189,267,43,181,83
81,84,130,38,148,239,164,95,272,20,125,205,216,182
194,88,269,215,193,31,278,71,197,231,124,205,258,260
105,232,181,23,247,86,72,263,41,107,117,182,91,173
89,75,134,26,164,144,77,162,139,125,149,195,228,131
34,72,213,85,266,125,183,273,41,6,40,250,63,161
83,259,239,82,277,42,214,229,215,60,186,114,135,70
138,130,97,260,71,107,106,8,116,208,276,211,165,45
50,277,272,20,89,73,1,164,198,154,206,113,124,223
103,196,6,201,169,227,228,166,255,79,275,219,248,2
107,78,224,112,203,3,274,249,95,119,114,146,275,66
166,164,189,75,160,63,187,81,85,122,186,146,53,71
123,16,160,128,250,113,20,199,211,138,102,202,130,275
187,112,29,99,216,34,254,244,186,169,73,228,181,149
117,130,82,186,63,14,93,114,201,200,96,227,89,168
140,149,262,2,25,267,84,197,51,92,214,155,4,113
31,75,147,255,220,198,172,184,171,83,253,226,259,202
147,219,42,270,166,16,154,14,134,33,156,165,38,87
131,156,113,219,18,157,128,54,162,271,14,112,126,37
241,55,126,246,125,35,32,139,221,252,36,233,29,73
135,244,16,249,80,151,202,20,107,257,40,98,140,197
193,2,6,237,135,34,241,156,88,276,50,20,239,147
64,187,103,189,173,134,116,69,106,177,21,245,211,3
262,221,0,237,125,24,211,159,81,73,89,275,31,257
39,272,108,208,187,277,162,147,107,20,78,204,23,180
189,24,57,202,34,277,2,91,35,112,40,114,169,190
128,15,190,66,275,216,240,214,50,197,37,154,247,264
277,86,255,148,160,66,232,212,196,269,114,177,69,165
156,83,268,257,163,19,224,68,254,198,111,32,3,113
29,181,90,211,259,254,26,163,65,110,119,72,71,114
217,189,137,174,158,92,159,5,228,20,211,119,252,124
207,255,198,259,73,159,131,35,147,185,164,183,25,86
195,93,147,199,170,114,227,76,66,277,51,55,16,194
175,134,19,71,74,244,209,254,3,121,161,249,201,219
145,154,36,260,205,164,96,80,116,183,88,265,102,5
218,48,65,114,62,228,132,154,241,107,227,85,207,262
132,202,45,66,36,273,34,265,146,124,221,90,233,205
212,257,130,24,147,192,103,34,254,37,39,249,149,64
131,201,28,85,190,237,267,114,171,149,63,46,257,119
136,271,265,24,243,31,179,154,190,134,188,277,207,40
226,45,216,120,64,87,250,30,149,148,186,146,70,151
123,130,82,266,58,169,254,224,237,92,14,110,2,118
172,52,89,168,71,62,175,35,41,220,176,66,275,74
212,7,80,128,166,205,154,45,110,225,76,231,191,119
245,86,252,209,262,43,80,95,169,273,3,181,96,71
205,265,248,228,50,123,80,23,116,192,235,264,40,32
170,202,96,30,89,16,243,244,8,214,223,82,198,270
136,26,212,84,237,50,29,166,193,71,229,88,102,267
202,158,54,123,230,95,11,45,259,249,111,199,108,48
53,219,147,145,24,163,192,106,124,93,221,259,241,68
95,20,26,45,131,161,97,138,270,77,106,76,120,181
200,35,218,252,75,221,145,123,65,160,135,181,139,117
272,117,65,220,68,169,267,254,126,241,177,16,132,269
23,37,81,27,72,63,26,14,218,86,204,118,132,34
35,133,111,64,173,120,277,166,123,23,50,74,268,86
14,61,216,222,46,122,248,207,239,238,276,189,53,201
187,201,146,159,97,239,53,238,29,126,267,133,229,114
226,227,95,13,189,267,19,243,277,56,172,187,93,258
121,266,131,204,95,197,80,218,255,83,243,186,203,214
25,46,145,147,219,137,148,45,200,248,125,139,90,247
160,38,222,42,120,249,69,205,20,219,16,201,64,10
273,181,16,172,148,277,161,227,205,90,275,156,99,218
64,195,144,31,161,148,56,146,76,2,267,151,270,196
77,180,195,15,272,149,3,112,146,220,277,128,165,205
252,95,91,197,209,124,186,201,69,20,174,218,6,115
151,136,168,196,75,140,80,119,3,21,169,23,238,259
157,44,181,45,123,166,88,225,218,64,266,241,240,126
182,206,48,107,275,147,188,65,238,142,159,88,94,216
31,238,275,241,270,143,96,231,125,212,67,68,45,39
272,207,269,224,221,201,116,199,6,33,20,187,227,206
64,135,202,46,178,89,69,164,168,45,185,48,110,237
76,143,28,218,9,134,34,44,235,89,96,164,264,205
15,119,55,113,220,263,199,261,177,277,48,260,272,51
125,159,259,22,186,166,256,190,83,55,183,59,194,15
241,251,92,57,201,272,67,171,27,71,149,34,81,247
57,165,155,91,95,128,235,66,46,228,130,12,259,171
131,172,171,100,20,245,90,64,241,97,120,224,0,170
189,90,202,224,227,80,170,264,8,40,165,127,66,33
131,113,207,215,29,116,172,122,237,201,25,69,127,164
143,210,20,63,149,77,269,80,202,82,51,53,215,124
24,223,102,6,233,110,259,125,197,187,210,86,11,270
166,46,225,135,118,235,122,192,231,237,229,159,134,59
156,181,212,252,49,92,51,117,121,255,97,23,53,190
95,160,125,189,270,58,212,51,140,78,198,225,108,176
96,144,229,120,69,85,19,105,154,112,58,13,208,241
45,249,58,223,188,13,146,111,182,37,189,22,173,24
131,180,207,147,259,143,73,168,123,31,68,214,93,187
65,198,66,8,75,116,41,78,159,131,224,80,7,277
160,118,189,108,81,270,79,272,15,218,59,31,227,57
66,237,43,78,199,33,0,51,71,180,131,118,68,259
177,255,60,189,218,132,53,260,233,143,88,121,249,108
186,156,12,110,128,194,134,98,35,245,163,7,103,198
166,250,87,170,13,50,186,7,130,58,117,156,48,106
258,135,71,72,142,164,34,241,167,205,11,157,139,181
118,39,199,75,189,12,175,110,276,32,136,37,208,161
102,226,62,69,44,96,71,250,66,39,205,73,97,272
16,202,86,149,266,269,67,124,163,32,24,66,194,142
269,90,160,235,32,215,123,81,36,206,241,252,145,116
212,231,130,111,252,277,227,249,34,118,186,208,168,116
202,96,259,237,171,125,85,175,57,51,86,123,26,91
202,178,98,51,203,182,35,23,3,70,187,122,19,189
244,190,66,198,58,145,154,118,42,270,116,77,249,11
30,3,241,168,195,266,187,186,51,89,248,251,4,58
241,139,154,25,277,260,80,107,96,250,34,49,160,14
180,107,132,36,131,40,212,11,207,97,177,124,272,116
181,276,189,149,75,137,58,218,131,34,183,163,224,226
247,11,237,239,255,39,258,27,1,162,112,106,84,194
255,51,201,143,134,147,1,66,194,29,204,89,248,38
110,206,114,202,31,275,20,40,16,228,255,199,221,186
140,135,60,69,189,109,80,58,111,226,93,75,274,33
161,172,24,221,182,30,170,240,86,114,248,82,18,235
171,214,189,97,259,10,212,251,129,252,26,225,127,63
227,66,151,184,45,103,75,165,138,262,193,122,51,201
37,262,117,143,226,205,187,179,76,149,245,77,271,31
200,214,110,205,68,82,149,241,197,27,90,112,177,52
77,207,209,84,6,166,245,261,156,265,23,269,165,111
134,136,268,233,10,189,269,197,33,108,264,32,277,181
250,19,54,187,245,23,147,108,11,246,202,78,126,211
43,262,201,154,207,146,74,243,134,193,170,139,157,267
197,225,99,259,3,11,116,200,275,12,16,45,30,168
110,171,20,216,61,208,143,272,5,3,160,46,80,255
91,66,20,48,157,59,92,77,278,24,245,64,118,198
53,145,85,191,34,114,97,177,171,187,252,212,241,194
44,278,241,43,221,32,65,81,156,223,196,237,275,240
112,259,257,251,66,253,238,151,144,152,69,149,38,147
128,228,141,278,197,59,196,189,11,173,60,71,235,69
234,140,252,24,97,118,237,34,272,33,243,255,43,19
250,57,260,45,20,77,32,164,267,183,275,161,167,160
18,213,156,20,241,108,153,96,92,197,163,237,140,100
162,237,261,108,217,70,37,38,68,212,29,92,118,175
162,219,82,252,80,110,56,224,186,4,23,88,247,32
139,117,226,155,144,266,147,207,63,67,222,111,243,26
54,270,138,41,250,236,148,231,4,34,117,212,111,187
219,275,19,53,58,189,5,180,33,211,237,116,122,183
228,26,209,226,214,56,252,202,275,179,222,111,97,89
91,277,268,165,180,24,16,240,125,114,138,149,85,211
176,74,145,274,34,103,268,13,174,187,31,209,110,20
36,31,20,179,221,64,83,143,121,241,152,54,74,205
225,229,90,121,169,141,197,23,39,257,68,45,266,38
133,197,90,32,177,128,159,173,106,195,136,34,269,97
126,3,234,1,237,165,45,208,116,86,265,16,146,70
267,106,143,135,168,224,66,102,118,245,137,147,139,76
200,181,209,175,80,194,262,50,75,97,255,252,108,106
80,244,58,27,35,106,229,75,243,34,164,88,29,207
86,117,19,237,177,130,104,114,22,28,245,123,91,118
125,18,154,276,197,114,92,247,168,4,80,56,181,77
128,214,87,211,273,163,97,109,180,247,145,148,249,205
241,34,66,120,243,165,59,122,277,207,244,168,23,249
3,15,128,257,51,45,19,66,106,181,87,276,176,88
73,128,208,35,147,228,273,145,139,80,13,256,28,105
110,218,201,90,226,194,33,255,83,257,278,184,236,134
261,63,220,274,53,219,27,37,110,192,34,36,201,16
233,187,46,179,38,71,269,182,197,244,201,63,262,275
211,117,235,37,19,266,8,144,66,205,214,199,61,133
163,258,125,218,233,46,78,265,154,186,115,268,149,97
214,115,56,183,131,114,265,102,263,80,134,168,112,247
66,111,126,186,19,123,27,162,139,175,198,270,110,252
202,66,208,43,187,231,58,267,95,275,160,276,149,36
30,277,51,270,149,71,164,31,275,45,145,157,154,202
73,202,187,21,201,159,229,254,117,123,253,112,232,212
8,56,156,207,161,146,119,125,196,100,247,57,211,94
36,250,5,162,246,50,196,179,251,201,155,267,165,233
227,145,151,126,177,63,173,250,87,219,207,43,243,259
217,267,263,78,170,121,197,91,88,212,138,96,30,257
265,103,28,228,168,46,251,202,2,75,224,217,240,49
119,262,237,224,275,125,51,212,187,34,219,252,98,65
239,91,219,244,177,25,82,166,110,237,161,90,45,88
69,92,97,218,79,180,151,39,24,78,16,197,250,123
76,142,145,243,173,60,26,236,216,257,105,204,276,248
108,83,114,67,182,59,211,145,216,58,248,68,163,169
50,255,147,265,245,93,2,23,148,172,125,145,159,83
172,200,43,240,249,273,29,265,277,114,199,68,50,227
234,97,80,127,181,263,104,212,107,88,119,183,154,129
135,205,187,122,80,241,157,224,34,102,43,142,216,170
106,179,86,186,25,250,18,51,162,118,24,29,218,88
114,266,74,41,2,80,79,277,38,84,61,139,7,113
100,263,151,154,183,66,63,145,176,207,135,59,117,8
194,202,38,276,26,102,4,237,74,32,262,275,68,243
123,161,156,257,106,122,248,244,134,157,108,185,39,35
165,130,112,216,73,147,85,218,23,109,145,240,231,46
255,111,85,227,45,43,51,19,215,186,54,270,252,118
5,40,73,154,19,272,113,205,202,121,86,106,18,181
239,219,74,201,36,163,46,39,255,110,169,244,111,107
103,20,157,172,159,154,16,214,93,269,116,109,2,229
218,193,3,229,108,263,137,233,45,12,43,164,246,39
182,248,187,98,112,23,217,89,195,210,263,37,151,277
132,116,160,186,131,39,16,3,108,252,270,201,207,117
89,19,117,267,221,25,186,201,56,164,78,68,66,75
235,240,81,96,205,107,120,71,271,128,113,122,147,8
75,29,128,235,147,218,90,208,57,209,32,102,162,51
265,93,97,131,15,53,107,248,85,151,80,34,63,163
141,252,102,177,240,2,191,130,113,170,260,117,87,51
69,235,228,88,130,97,189,166,277,261,252,2,134,45
190,252,188,168,182,51,74,205,98,207,132,134,65,199
25,252,201,249,96,255,70,218,275,108,83,253,228,82
85,46,48,32,239,238,163,212,78,277,130,100,269,228
212,170,277,134,107,235,74,1,8,108,140,45,114,126
252,2,119,20,268,202,163,217,17,164,58,112,255,186
273,52,17,190,14,186,110,8,125,152,73,123,92,251
6,264,13,181,45,178,77,202,32,220,207,240,159,225
215,68,267,235,3,57,15,154,218,277,194,181,119,130
174,116,190,94,159,163,200,215,114,156,256,224,259,37
58,216,205,100,182,98,113,71,160,69,40,106,130,186
22,265,175,267,163,180,106,236,179,275,277,261,128,69
274,95,157,134,16,13,33,200,23,278,68,219,256,74
112,164,149,140,225,67,166,216,248,265,255,252,20,211
119,112,208,64,7,14,128,255,91,248,207,254,232,95
202,252,216,247,37,189,183,102,145,119,82,264,146,3
243,224,162,85,181,245,257,69,39,154,64,81,219,4
225,267,65,245,51,277,83,16,36,71,80,273,119,85
190,166,225,176,116,244,61,181,227,112,229,147,257,19
77,252,24,3,241,250,157,194,6,270,108,67,109,180
68,57,270,139,80,71,163,135,132,3,123,130,239,40
138,265,144,163,35,19,148,73,88,185,27,189,40,66
208,136,97,147,218,86,6,65,95,125,38,228,123,103
253,16,163,226,147,34,146,121,207,235,255,112,145,111
253,24,91,159,168,94,88,143,2,200,64,137,187,202
252,82,172,273,57,235,270,192,8,87,20,178,64,31
179,224,207,174,112,178,259,107,185,64,268,201,240,248
116,222,249,66,27,87,44,51,17,81,120,121,146,119
243,247,189,226,162,228,31,42,232,200,77,256,163,154
188,179,88,114,160,172,181,87,75,58,97,53,127,23
259,86,243,252,12,50,154,181,19,266,165,155,199,104
18,29,20,2,181,145,148,210,161,16,88,91,26,199
263,96,155,205,165,72,138,202,113,33,234,277,73,31
266,268,73,242,214,224,58,235,3,144,183,136,66,189
8,103,247,133,38,216,276,88,30,121,205,75,227,267
25,274,224,169,148,235,56,189,226,20,84,185,262,277
135,67,72,224,243,221,103,156,212,252,74,223,201,85
30,250,47,207,51,33,210,226,200,206,45,233,44,120
252,179,85,29,31,233,27,202,275,272,141,120,128,45
205,44,28,217,203,159,206,224,68,48,66,212,277,107
62,214,85,161,240,163,91,50,252,180,199,173,262,0
218,161,91,263,124,176,20,143,96,252,84,136,132,78
138,214,114,201,53,51,270,119,41,148,80,189,134,207
34,85,120,269,27,226,188,64,140,214,28,259,6,201
90,245,146,45,95,162,69,172,23,263,30,73,135,136
175,179,274,33,174,217,221,55,166,235,227,225,72,211
267,73,185,94,44,58,102,156,136,202,87,97,66,89
227,66,53,179,228,211,201,134,122,189,117,161,119,238
213,166,201,119,20,250,246,171,141,224,82,198,211,275
265,145,90,168,159,273,211,45,163,77,39,154,228,106
194,271,257,117,180,26,223,272,3,212,172,45,265,259
131,27,117,229,267,109,260,114,80,156,217,269,180,9
11,209,181,134,55,223,162,51,82,118,207,227,69,54
115,80,51,162,147,196,31,176,130,179,228,123,28,135
3,232,135,265,66,73,177,235,214,85,249,274,36,68
267,16,189,163,121,257,31,248,132,196,102,77,34,255
92,245,97,111,73,238,98,162,134,80,128,23,233,176
113,66,75,89,110,39,31,18,57,206,269,85,76,134
50,229,16,207,238,122,155,67,130,11,91,205,185,137
207,225,238,57,112,277,219,165,69,237,212,236,114,3
85,26,66,248,108,20,6,88,15,183,268,135,269,186
48,82,76,255,217,131,249,271,140,275,24,204,125,59
272,43,185,66,30,276,252,170,228,249,241,268,88,201
148,64,28,147,34,146,23,31,177,14,37,160,218,254
258,60,89,16,67,77,207,61,83,200,43,81,14,59
198,78,262,83,196,181,197,69,121,272,277,134,107,132
71,231,20,267,95,15,119,207,51,261,177,18,129,3
191,203,34,122,252,65,94,144,49,214,12,171,66,265
185,257,45,162,212,118,233,178,96,153,114,206,135,123
102,24,108,248,191,70,19,216,139,83,273,259,89,48
143,57,31,226,73,252,237,118,202,199,201,126,257,116
237,143,31,225,200,139,32,106,134,188,110,276,186,202
183,147,71,198,154,163,85,22,108,34,180,171,76,106
199,187,91,75,235,38,243,157,215,107,106,46,272,13
166,32,277,129,186,16,229,274,73,31,269,270,120,214
202,20,72,219,198,163,245,190,201,189,57,253,51,123
136,277,250,58,240,118,92,187,160,2,182,223,108,96
227,0,186,57,51,48,77,26,24,96,101,255,235,45
31,85,165,202,192,161,117,30,277,45,111,106,9,99
222,39,33,25,20,214,223,243,51,96,72,249,159,91
177,199,25,82,106,265,52,170,122,257,185,97,207,37
216,269,261,113,244,3,196,72,259,127,18,229,180,43
200,69,23,88,247,180,70,139,111,185,181,34,136,6
219,54,30,6,133,262,81,110,78,276,278,202,200,125
178,118,23,85,226,78,171,39,2,220,143,172,190,149
156,240,183,92,73,149,75,12,166,189,23,48,55,16
134,148,72,181,178,77,139,164,177,207,11,225,260,223
3,80,63,64,111,43,196,5,19,228,67,274,20,106
275,146,92,118,213,43,223,86,24,202,11,190,40,117
259,8,84,210,114,260,123,32,3,107,144,226,45,146
68,249,193,190,45,114,218,233,181,272,34,117,138,252
91,189,268,132,137,239,36,97,183,272,157,240,134,248
202,81,100,25,131,89,20,48,58,93,143,35,222,36
160,46,263,172,277,59,24,189,23,168,274,106,215,159
139,87,45,80,275,144,116,72,83,227,85,29,145,20
168,14,73,193,20,224,265,225,72,106,2,240,81,223
52,50,209,134,92,161,28,147,36,151,190,237,90,166
26,118,262,74,201,63,275,247,268,102,146,66,179,234
226,151,13,196,186,176,88,202,182,29,19,76,219,107
188,5,163,251,40,170,118,88,171,273,24,247,35,155
210,26,248,155,86,103,121,146,252,117,6,175,273,166
260,275,259,45,27,159,82,133,6,221,154,163,75,88
2,80,240,262,200,257,245,211,182,232,189,72,196,154
65,112,150,57,182,137,77,162,80,97,139,79,10,178
176,18,43,194,217,224,44,108,157,21,149,223,278,213
163,197,211,175,51,263,275,32,46,26,78,201,8,226
269,129,160,209,71,206,203,189,277,176,119,83,66,191
25,96,88,207,100,250,39,204,66,48,118,248,180,5
247,95,92,271,39,70,27,83,212,204,51,97,37,118
245,222,43,186,247,140,126,267,116,120,189,26,15,259
45,137,111,29,60,110,131,74,130,168,269,277,175,224
66,69,67,248,18,136,109,134,57,231,159,53,15,250
110,130,207,215,187,275,226,132,112,64,18,245,119,90
83,29,166,268,187,275,127,73,69,34,224,170,93,37
143,265,4,129,116,212,272,122,29,252,205,102,267,195
60,75,235,237,118,26,263,192,127,215,189,125,248,179
98,23,155,76,63,167,210,151,181,99,108,40,275,49
17,23,74,175,263,172,94,45,47,264,40,211,198,227
188,277,159,170,18,177,212,248,10,99,59,52,68,96
96,45,226,80,2,128,139,27,7,113,16,107,159,93
130,179,97,139,247,181,3,24,187,273,128,93,147,26
2,275,187,24,255,157,3,224,80,233,186,248,175,148
148,248,111,237,32,121,61,69,98,224,33,273,177,212
33,252,45,190,17,194,223,199,206,39,219,119,139,189
186,48,145,125,139,46,135,130,250,257,51,75,231,226
154,119,111,218,265,80,163,23,107,83,21,162,138,250
273,189,262,180,157,272,170,163,58,216,248,218,72,156
86,224,241,211,36,74,275,131,98,60,118,266,220,75
77,209,43,96,98,189,186,215,134,16,160,273,163,250
134,85,122,255,128,195,185,233,106,8,110,207,97,80
111,57,233,241,165,33,190,64,156,185,3,181,112,229
86,250,20,123,68,82,147,115,34,26,25,241,93,223
121,182,246,125,156,231,34,88,112,65,196,48,61,102
264,224,86,170,74,252,54,163,53,123,71,255,202,183
207,156,182,173,139,26,157,220,88,45,68,186,175,211
102,186,51,277,134,157,228,146,110,182,32,57,233,97
16,277,104,97,149,176,234,1,53,106,29,276,275,178
19,43,170,260,82,185,211,146,247,11,5,31,145,45
172,254,107,220,33,19,28,16,202,157,43,227,85,70
147,46,216,26,29,64,27,206,93,134,175,254,92,10
154,182,56,135,17,236,108,244,248,254,110,155,137,9
170,164,194,72,17,217,120,163,168,62,196,106,141,177
31,189,149,131,265,157,144,182,51,97,164,103,215,37
186,103,262,149,203,191,51,147,247,55,237,195,165,126
112,145,68,29,82,212,3,139,202,45,240,226,219,190
117,64,223,96,179,254,240,11,23,4,116,196,276,97
75,57,84,261,225,207,255,125,200,43,77,149,272,257
241,172,33,145,82,140,229,197,207,120,94,213,218,30
190,263,45,27,137,57,95,203,20,208,189,81,15,64
220,223,136,131,245,14,34,221,255,204,40,97,87,24
172,181,252,45,108,15,275,224,204,16,247,244,165,237
173,122,10,152,260,107,89,35,174,268,176,219,164,119
200,33,50,116,85,223,79,262,235,29,151,89,277,51
113,272,222,183,197,277,71,247,128,212,275,72,26,181
265,266,136,234,117,263,122,64,51,151,262,161,160,34
196,276,265,46,269,120,126,111,266,177,169,202,117,92
95,221,199,249,147,53,120,185,270,63,211,48,23,168
177,166,248,163,18,75,159,257,228,41,59,65,37,44
204,43,108,17,37,88,30,116,190,134,39,96,191,206
109,39,238,72,102,149,134,57,207,273,248,196,211,3
38,227,35,265,8,188,218,96,107,34,240,145,48,45
198,57,47,275,139,169,64,27,264,0,249,190,163,172
97,107,274,85,106,164,134,187,227,82,207,263,265,225
53,2,272,113,95,177,45,135,145,211,78,134,252,156
64,32,175,254,274,148,166,68,224,130,237,168,128,103
38,148,196,186,137,53,249,65,61,89,251,277,122,69
219,62,262,227,74,250,9,235,29,73,244,21,75,5
215,34,272,119,212,12,210,136,118,237,41,97,75,275
228,90,265,154,77,181,158,95,262,240,23,112,212,177
137,271,131,72,23,96,24,32,245,200,127,83,18,77
185,20,169,203,80,189,22,34,259,10,268,108,152,239
214,72,267,110,136,18,236,75,111,155,25,17,24,192
187,146,82,267,189,257,98,93,3,168,137,276,117,86
275,267,69,218,127,92,85,130,149,214,158,199,112,125
216,227,223,146,202,99,34,125,102,139,23,248,217,204
96,149,222,73,157,248,210,16,244,3,275,168,108,29
75,37,69,2,85,164,175,97,25,52,261,66,246,207
25,183,277,29,92,165,272,8,85,77,84,9,216,190
248,128,15,221,10,57,103,169,98,37,164,119,189,140
47,180,175,123,119,198,146,258,200,70,139,238,51,142
179,32,170,143,147,97,275,186,19,67,243,161,226,64
268,233,112,86,92,17,45,71,224,227,263,121,202,241
39,148,119,93,275,176,117,147,24,149,155,21,241,269
18,128,146,163,138,110,275,261,34,182,81,195,251,202
61,65,38,74,107,143,185,197,98,130,77,116,259,186
244,200,193,24,45,71,56,207,187,241,233,254,267,224
227,63,128,68,86,30,218,97,51,117,176,67,139,46
169,145,231,233,19,86,238,215,171,18,73,153,161,17
186,26,218,144,122,36,179,128,233,13,107,91,147,257
117,8,87,29,111,51,219,265,186,268,128,203,171,97
88,216,96,22,119,102,149,74,114,190,268,187,155,51
12,25,125,182,110,227,20,82,73,66,45,278,43,64
185,35,194,219,64,275,55,212,174,37,172,226,179,3
177,112,163,269,181,182,166,102,7,111,80,239,51,189
140,48,196,180,141,86,111,157,265,30,85,189,204,67
190,34,134,120,275,132,157,32,170,182,189,259,24,267
77,218,127,20,113,245,221,29,263,197,196,223,114,220
81,233,132,119,25,251,128,198,244,32,143,95,211,145
254,182,172,185,91,173,102,106,62,125,97,157,138,161
75,186,248,121,162,157,110,171,51,91,45,275,170,181
148,140,168,181,118,82,212,259,22,66,152,51,45,19
87,24,80,51,175,37,179,252,97,67,45,88,218,211
246,13,146,139,259,165,103,120,202,122,260,125,266,75
2,164,128,205,148,247,114,219,145,241,207,224,227,10
108,213,190,80,170,19,218,119,249,169,270,26,31,252
77,231,226,246,4,205,273,222,269,183,130,33,138,48
249,218,117,13,251,73,16,250,149,181,118,160,202,123
175,20,136,53,125,36,120,137,88,35,99,190,212,7
263,20,97,111,81,170,18,69,139,252,183,58,136,53
65,222,165,116,275,39,68,249,178,102,171,1,17,182
40,199,189,204,45,261,134,33,163,180,96,17,182,36
139,165,93,205,199,208,136,126,237,170,97,77,189,142
130,19,125,30,144,118,214,11,174,47,237,34,226,3
248,180,198,186,136,17,74,190,209,202,265,50,25,32
64,31,163,211,134,102,17,190,260,29,265,170,93,164
265,57,90,146,16,96,81,67,222,86,120,207,32,49
155,274,68,201,6,119,54,231,186,45,151,212,39,149
2,26,1,56,193,248,110,24,147,194,196,190,27,157
107,6,233,161,202,175,20,28,212,92,250,265,183,130
11,61,268,229,206,18,218,36,95,151,269,108,82,69
40,233,118,132,145,217,206,20,256,41,21,212,149,159
51,96,76,238,3,45,254,237,69,148,189,214,213,180
68,217,86,195,45,194,76,182,15,232,148,55,25,89
30,227,247,228,278,89,134,275,45,202,37,51,250,245
255,197,259,145,208,45,11,156,170,68,84,186,190,9
53,146,3,110,23,20,150,245,49,178,90,45,85,268
178,269,275,149,173,83,130,186,134,26,205,135,224,124
175,200,148,259,87,34,20,14,207,63,177,247,97,69
51,114,107,65,93,37,157,277,216,80,248,64,178,185
75,51,54,198,235,206,183,127,92,119,26,196,95,91
97,268,256,43,237,245,36,108,76,125,33,262,154,50
134,23,104,110,72,164,259,257,238,149,146,176,58,216
65,180,202,46,187,263,205,149,74,229,245,31,123,159
229,77,20,28,39,120,90,196,149,78,209,219,27,3
177,143,130,210,195,122,14,190,255,254,262,38,248,164
91,152,266,97,203,275,74,59,90,210,103,163,272,269
228,161,227,44,56,166,27,45,135,164,215,77,263,72
271,239,246,156,249,267,136,20,146,270,268,186,58,174
249,223,25,239,275,66,165,252,137,226,250,159,209,241
131,58,45,134,80,76,67,270,47,175,272,128,144,160
106,181,171,35,97,272,246,157,202,121,175,19,173,177
170,15,117,164,252,135,223,209,103,64,123,239,148,267
114,110,80,269,33,216,29,88,190,245,213,1,55,248
207,260,205,160,220,80,146,163,16,20,233,114,117,60
45,3,226,278,261,271,53,238,216,147,75,270,168,151
263,247,117,275,163,270,273,86,24,31,89,56,209,85
5,192,126,204,114,252,29,22,31,156,244,264,166,98
2,212,238,160,189,223,207,187,275,4,234,96,146,273
147,248,149,182,224,96,266,118,163,8,143,32,227,210
265,8,184,130,163,43,227,0,173,178,110,161,201,102
20,202,86,165,15,226,35,9,214,16,142,159,169,249
19,202,170,114,161,180,145,194,94,277,85,123,61,32
96,110,135,120,216,225,3,189,138,2,133,207,83,265
278,89,151,74,198,141,189,10,82,257,211,228,130,166
94,107,80,239,254,95,100,161,84,266,270,113,265,183
136,265,223,16,92,13,219,211,48,66,135,202,149,74
201,16,135,148,43,63,26,3,52,268,22,108,114,119
81,43,257,136,265,229,72,85,215,82,272,245,147,161
181,143,87,142,202,23,45,3,189,16,241,224,26,72
183,41,57,71,9,67,118,119,225,240,235,174,164,234
275,87,64,156,237,65,19,29,92,119,23,233,32,197
139,215,149,196,180,56,275,119,204,172,2,80,145,253
217,85,233,215,219,39,71,203,275,140,169,116,96,36
235,69,102,68,66,143,227,214,216,107,267,194,4,265
8,96,166,53,235,269,120,224,20,12,77,168,165,108
218,163,39,201,180,251,170,212,186,69,214,89,244,194
29,152,176,218,204,211,172,235,221,145,90,34,227,259
205,178,99,84,14,130,228,182,128,49,121,229,232,272
217,82,117,142,130,160,166,100,29,252,26,146,17,73
166,106,204,148,214,175,29,250,95,240,202,227,48,40
139,113,20,147,161,227,214,259,80,27,247,224,201,114
105,209,205,46,43,249,155,201,120,278,90,85,272,175
120,121,73,20,239,156,53,276,8,15,199,277,131,194
123,20,134,29,30,212,259,178,206,267,260,145,182,68
179,13,56,26,83,202,75,121,57,45,35,214,171,190
24,217,277,112,219,229,30,57,247,163,13,225,175,155
252,49,161,195,132,96,275,5,179,45,218,114,154,123
212,29,269,274,89,86,113,40,198,117,202,130,201,254
190,183,267,144,55,133,113,238,174,180,217,122,43,58
177,104,169,106,26,75,51,69,266,135,229,108,114,113
207,228,172,255,85,86,114,20,119,26,216,157,245,202
27,166,7,270,229,56,173,70,267,114,148,277,194,198
56,212,262,24,29,34,218,2,80,23,53,45,196,149
63,85,11,112,228,161,145,201,226,275,168,207,43,140
85,140,131,34,21,223,20,15,98,141,182,103,229,216
208,183,39,265,218,269,12,197,271,262,107,263,19,182
218,67,15,28,88,16,43,256,213,45,212,248,271,40
133,92,186,229,207,194,153,123,137,257,77,241,251,222
248,142,65,218,269,202,243,77,252,163,74,6,118,151
245,191,154,93,224,229,236,31,130,8,198,204,121,179
134,155,36,266,94,34,31,119,41,201,214,112,241,226
243,48,235,269,39,208,100,16,162,117,231,120,126,45
95,162,164,125,233,244,35,201,136,48,77,105,245,57
147,189,165,200,74,84,265,121,171,134,53,86,259,45
79,36,238,147,99,110,143,16,2,130,103,216,186,39
89,25,33,265,211,240,95,257,69,134,157,214,93,77
139,119,54,135,211,212,23,262,200,214,60,151,170,117
192,65,51,215,28,275,86,149,237,134,48,31,168,194
2,177,114,133,265,224,219,134,18,56,228,37,207,85
46,260,86,194,240,276,205,139,36,26,162,137,250,168
46,267,24,109,26,119,202,164,272,57,126,116,278,194
114,180,136,252,95,216,109,14,233,51,34,225,179,239
14,272,26,108,121,277,16,83,107,126,186,209,273,212
163,230,143,206,68,96,123,69,25,13,186,35,212,31
140,225,176,61,155,20,37,205,207,245,122,91,114,186
69,87,151,23,65,102,130,111,223,181,71,26,196,254
125,254,116,134,128,82,162,219,57,194,269,131,205,155
139,77,29,86,170,228,27,66,88,157,45,37,64,187
145,117,163,168,97,189,255,207,126,83,53,157,250,269
228,159,247,102,78,118,85,250,160,205,233,148,175,275
164,257,238,171,89,187,258,211,201,165,86,1,275,64
114,204,254,3,58,269,24,67,156,50,268,128,52,124
95,84,161,177,122,176,255,241,31,223,200,24,32,106
67,193,134,152,144,175,45,259,202,205,107,257,34,155
154,75,20,171,181,52,106,45,160,144,103,14,163,30
95,47,146,122,144,119,143,267,134,148,211,12,50,16
31,234,83,169,190,29,159,106,166,63,186,204,72,200
170,32,145,194,149,21,225,227,180,37,23,172,131,160
43,3,226,265,201,20,52,99,261,191,182,179,222,195
119,165,45,260,17,19,249,65,277,232,29,75,57,26
61,184,9,85,146,214,98,277,166,268,73,51,78,6
82,3,150,111,246,157,92,211,81,26,145,239,259,2
106,32,259,81,97,19,241,275,170,2,225,90,163,198
254,262,91,223,144,163,6,255,51,59,200,55,29,271
223,250,255,180,187,73,177,30,171,272,38,80,277,226
88,123,100,233,35,2,92,207,223,194,19,87,172,255
110,180,258,186,119,165,116,173,194,153,177,269,29,108
275,3,172,125,180,18,149,207,131,245,64,240,67,2
219,212,233,263,198,244,34,207,135,164,85,145,225,103
56,144,204,29,250,165,19,20,207,190,186,69,175,255
10,95,117,198,118,103,249,114,274,0,11,179,262,207
216,268,207,186,82,16,227,117,46,233,134,219,223,255
133,268,123,265,81,26,238,257,43,211,71,147,222,70
218,43,275,226,12,13,194,25,17,149,202,61,147,64
117,263,66,38,82,183,157,40,181,239,118,33,7,215
196,254,187,106,45,25,28,242,201,212,92,97,180,225
45,164,97,200,15,270,207,73,223,227,257,63,187,67
273,53,207,75,181,45,125,32,256,55,241,20,85,172
160,190,111,224,131,255,237,51,227,62,63,246,113,83
229,189,195,73,82,122,263,206,114,130,221,74,264,110
114,277,192,82,24,189,10,113,66,127,138,121,57,70
129,160,241,168,216,178,186,57,169,258,110,182,54,68
15,90,131,112,77,233,127,177,95,235,110,45,72,56
212,73,19,33,89,275,207,165,139,152,69,171,65,251
255,3,97,275,247,45,221,38,263,133,276,23,95,252
109,222,44,149,36,226,160,65,117,130,110,236,207,154
222,120,88,39,117,178,182,83,25,23,89,92,37,80
121,37,226,165,16,29,219,120,225,32,271,259,138,194
206,256,188,156,110,74,107,186,125,83,170,275,38,201
59,20,217,221,16,24,175,252,140,218,237,209,257,222
239,91,114,95,122,120,83,107,124,267,276,219,216,134
248,197,32,140,119,6,269,127,220,66,118,120,261,132
69,70,140,19,106,214,257,147,259,29,121,82,151,189
32,91,149,252,120,197,65,169,201,217,38,156,114,222
95,20,146,170,256,18,261,137,119,36,207,86,157,45
226,266,63,57,233,3,256,43,230,16,23,209,248,271
70,45,248,251,270,86,11,29,217,36,138,243,161,187
124,186,110,38,142,217,144,37,193,36,108,204,260,156
222,106,261,36,252,201,119,29,208,33,190,28,111,260
77,256,117,171,2,253,16,63,80,8,162,180,3,107
277,177,185,97,175,197,255,195,112,183,58,155,205,245
86,30,159,238,172,152,203,199,20,209,260,143,250,265
92,252,222,175,166,245,202,225,228,265,165,93,41,45
20,217,163,236,139,201,117,58,155,151,80,212,86,60
95,234,168,163,45,267,149,96,24,215,6,255,183,214
223,7,249,50,252,170,233,245,189,177,171,134,11,32
267,45,26,144,52,33,239,203,58,217,88,121,162,13
108,66,161,92,235,194,225,154,164,143,13,85,247,145
23,112,247,113,27,186,248,200,119,222,157,107,123,39
253,74,164,138,137,169,144,172,10,95,247,189,183,178
265,73,195,89,83,134,138,108,69,66,245,233,239,194
28,190,103,262,163,88,170,119,67,271,168,243,263,16
26,79,214,20,188,199,237,90,272,257,182,209,19,51
222,163,91,29,76,109,83,182,208,46,224,80,89,63
182,89,70,202,170,228,87,3,267,139,256,92,45,236
202,71,164,151,138,218,239,19,9,180,92,216,211,119
257,103,177,76,156,209,114,157,216,141,56,69,18,8
169,93,138,163,246,11,18,84,187,269,150,168,114,134
271,55,147,234,163,255,157,85,26,96,247,16,160,73
14,58,272,200,3,66,119,170,73,72,130,43,105,245
111,181,139,219,83,29,151,213,217,209,98,123,41,202
208,259,255,130,88,125,41,265,267,154,172,262,228,146
147,65,243,113,173,225,75,37,74,78,120,5,81,207
34,51,65,127,214,119,179,115,223,194,106,110,166,250
160,106,251,96,85,39,69,151,177,254,163,71,145,190
121,159,96,252,197,268,71,20,212,218,189,115,25,235
187,251,66,164,19,169,223,24,254,108,61,20,248,181
121,227,149,252,166,3,102,55,229,190,69,199,43,17
73,63,146,227,125,91,26,194,174,212,86,242,259,15
66,165,25,23,194,107,200,4,199,116,78,156,187,257
139,31,121,59,64,171,25,219,212,249,275,192,201,272
127,93,81,97,157,68,20,28,86,211,12,41,252,0
80,31,162,43,136,207,247,183,238,46,110,228,175,235
234,135,263,201,31,21,20,35,255,145,212,38,72,121
109,139,31,99,16,6,155,71,190,277,185,92,124,203
146,40,177,75,172,85,148,136,214,199,246,207,194,45
205,141,254,39,264,249,130,95,128,255,131,190,163,252
187,246,180,222,64,140,122,131,75,252,69,70,121,82
48,239,185,45,29,255,1,106,138,252,212,120,251,187
12,162,186,214,68,217,242,45,260,272,270,79,73,61
250,205,45,277,182,270,244,97,165,117,126,63,134,265
113,21,70,171,207,240,17,178,92,107,62,275,71,2
172,277,112,268,221,247,202,271,3,218,129,148,257,119
120,139,23,57,53,88,269,270,14,90,91,101,146,207
7,118,75,259,17,80,186,119,27,212,188,218,113,106
273,179,112,109,248,178,41,157,24,95,37,186,189,187
115,10,5,34,138,123,130,112,164,221,82,139,145,119
251,77,10,271,52,29,205,140,216,134,186,122,159,223
63,149,267,17,85,249,201,162,33,43,161,247,8,170
211,67,83,64,226,84,103,85,221,53,205,144,277,82
8,116,190,227,92,137,131,235,194,248,257,218,259,210
278,199,258,157,91,186,35,120,63,215,163,185,224,80
277,71,33,235,38,165,268,188,66,89,186,19,201,111
250,71,206,147,107,198,16,20,253,85,242,181,15,84
186,276,92,124,172,118,205,105,76,36,165,122,94,31
8,16,246,273,28,252,190,241,110,125,130,207,66,3
212,59,43,147,209,89,86,267,186,259,68,233,51,173
154,216,51,168,249,108,25,268,20,263,221,181,228,96
45,199,186,224,46,231,269,14,245,212,159,95,161,118
54,165,188,68,91,143,93,47,69,56,169,219,34,149
48,119,259,111,252,158,96,222,27,97,161,188,89,81
90,71,100,72,92,13,108,149,251,78,114,66,198,238
222,212,31,271,148,194,151,29,6,277,33,141,102,186
246,114,181,267,233,189,175,196,119,201,46,207,209,254
94,172,173,110,226,207,31,74,98,163,28,271,246,95
116,20,178,14,113,80,209,98,154,176,233,54,257,59
278,53,9,54,1,126,276,102,187,20,171,228,135,91
36,224,208,5,117,43,121,172,63,228,64,26,257,241
86,119,273,254,71,58,198,207,219,259,19,103,88,256
157,87,187,55,252,189,143,186,176,245,131,218,73,270
177,108,246,26,44,97,175,119,52,8,2,63,120,189
200,147,66,248,275,160,20,208,125,267,61,224,54,154
252,78,180,228,232,2,22,12,116,86,103,190,131,120
58,26,72,227,92,53,121,127,106,249,2,190,269,122
175,66,146,80,19,169,128,109,155,270,68,37,259,16
50,245,95,166,0,34,63,262,69,247,2,37,195,54
120,187,131,166,217,2,162,18,0,176,138,38,200,66
255,80,56,275,89,82,16,143,102,247,151,106,172,186
233,183,277,177,186,41,195,197,170,203,169,20,58,112
1,175,45,127,211,135,19,89,162,227,236,91,198,6
231,111,109,113,138,15,66,78,136,118,216,277,20,33
196,83,201,8,187,48,247,253,34,136,87,213,200,30
75,147,56,52,228,70,268,21,33,26,225,139,94,83
228,175,25,64,11,34,259,10,263,45,214,189,26,207
270,278,31,81,159,73,30,205,277,216,168,218,181,143
169,75,182,170,259,95,261,241,86,117,222,156,65,83
235,201,60,135,124,50,36,102,88,148,92,70,126,20
29,272,202,96,227,139,26,108,138,246,198,147,118,192
146,111,172,26,138,264,226,198,252,181,235,120,63,5
205,263,236,212,59,228,47,211,66,230,26,145,190,61
54,257,82,110,69,97,270,145,201,190,23,122,203,56
85,161,4,219,92,15,120,247,182,44,215,80,122,100
110,106,212,128,86,146,82,135,255,267,152,43,165,117
134,269,225,221,170,37,263,125,152,202,127,252,190,261
272,63,88,263,209,159,137,96,112,36,89,83,254,248
187,257,252,53,196,261,68,277,148,132,156,32,109,152
66,239,258,34,20,123,120,85,63,68,223,240,212,108
51,105,191,3,119,235,23,224,261,123,102,241,211,174
54,273,92,191,9,84,216,102,80,97,175,131,113,86
37,244,143,108,201,277,261,129,112,233,160,148,54,226
86,217,66,255,46,155,0,241,197,207,114,80,112,198
2,80,207,132,275,191,245,183,252,149,24,267,145,225
108,95,168,255,110,36,238,5,51,198,50,182,38,132
224,31,143,111,219,239,94,72,156,137,273,75,37,104
265,19,250,116,109,164,225,134,26,180,3,66,268,262
222,134,40,170,95,154,3,19,116,74,131,61,244,26
263,200,259,10,130,97,82,88,55,95,175,162,118,275
214,200,82,135,111,86,186,172,64,130,133,29,265,154
207,147,186,278,73,26,27,204,20,66,254,85,212,197
260,197,202,30,134,70,32,267,51,216,120,182,274,187
26,16,48,111,211,59,225,220,248,131,68,202,229,81
185,73,182,43,197,181,148,11,208,89,195,97,32,273
24,246,56,35,109,32,119,16,70,265,252,250,267,214
247,152,43,88,166,201,18,56,20,226,85,187,232,73
2,212,198,249,93,148,207,275,159,145,255,190,233,72
211,41,25,258,246,172,110,61,194,273,114,38,59,11
63,36,148,29,17,25,74,163,219,224,170,161,97,147
275,181,87,71,210,155,29,219,207,182,138,118,125,57
166,236,239,25,147,167,58,198,50,224,187,66,78,54
19,266,11,80,53,90,259,198,277,87,187,102,247,190
73,272,108,175,204,71,156,66,63,257,226,157,132,85
270,51,201,149,95,97,178,85,88,77,161,208,50,89
150,190,168,216,76,194,34,103,270,181,211,205,92,131
123,162,272,48,211,84,39,45,13,128,107,76,102,95
240,65,85,86,145,11,225,40,249,123,186,234,207,78
98,7,78,189,17,86,73,117,235,27,272,191,187,202
38,68,58,46,119,145,165,34,96,272,201,207,208,216
39,85,131,15,186,87,28,112,69,215,249,151,251,252
77,159,273,74,86,31,216,146,4,80,173,154,13,249
112,8,74,189,108,275,40,114,84,165,263,198,69,234
194,70,44,93,66,149,157,29,262,26,199,205,155,201
239,45,240,141,221,262,130,85,3,96,61,67,99,29
92,226,118,216,69,113,263,61,78,34,131,67,231,142
126,186,46,131,19,204,185,278,149,275,119,243,255,15
48,40,88,16,179,162,231,80,187,189,191,194,92,265
95,140,144,2,255,75,23,97,217,8,249,156,228,85
77,168,34,36,123,17,215,275,68,225,223,75,66,202
17,43,51,175,82,186,19,262,50,67,219,129,135,89
247,199,186,11,53,182,15,3,269,127,114,206,252,274
226,207,135,268,143,84,85,65,88,26,15,146,194,45
186,17,197,98,218,204,47,222,5,93,3,92,255,147
119,219,6,13,45,86,134,66,275,220,124,36,108,255
83,46,177,130,14,186,187,86,33,51,57,214,209,255
111,246,219,119,207,84,242,20,124,143,247,34,29,120
63,218,132,177,64,159,223,37,254,263,205,161,207,174
186,147,73,33,15,265,76,252,223,31,51,119,238,244
207,121,163,216,232,226,156,254,190,57,126,1,165,166
178,194,100,197,182,165,77,206,259,266,275,170,226,87
155,146,255,208,237,188,136,206,211,0,6,267,20,33
78,99,201,145,96,31,28,180,187,186,119,227,108,273
57,54,69,117,211,157,269,120,246,202,273,162,208,142
97,145,32,53,238,112,270,131,26,8,271,255,249,231
216,166,163,223,144,87,202,189,251,26,131,275,245,142
265,228,129,172,108,146,210,23,209,18,276,212,201,159
269,214,258,88,177,235,236,202,75,34,24,52,255,130
45,270,259,189,263,20,117,143,139,146,245,83,120,80
226,32,218,27,211,133,151,58,112,68,199,66,186,106
130,131,94,107,198,134,207,224,179,61,77,145,55,135
69,264,219,76,23,61,265,37,133,175,31,211,53,197
64,277,186,272,185,124,135,177,19,233,77,6,92,205
81,211,266,197,269,190,97,120,209,264,117,205,122,102
88,237,145,118,275,120,65,85,6,176,41,62,33,27
108,137,105,270,257,39,119,204,164,68,35,226,178,264
76,86,115,90,132,207,6,221,188,205,211,151,84,212
116,110,201,57,6,247,250,86,74,164,269,162,182,147
182,58,3,145,212,194,242,106,147,200,146,92,134,270
252,126,208,114,204,4,272,78,33,166,149,17,236,183
22,211,259,224,28,165,201,273,194,247,4,40,5,235
275,205,196,20,274,61,180,139,211,187,208,216,28,245
197,137,25,112,97,240,216,160,162,110,33,192,272,269
277,278,200,252,178,210,221,272,222,16,23,205,241,199
134,257,124,154,271,277,183,223,110,248,169,45,86,119
205,159,108,232,33,271,207,223,149,196,194,102,61,249
175,57,4,233,182,247,12,190,45,39,234,200,25,148
212,207,19,227,134,202,219,262,52,241,263,55,125,27
33,226,116,74,84,28,180,16,123,271,43,233,189,161
2,45,173,125,171,202,207,182,107,201,63,187,39,251
156,187,2,254,35,46,222,266,184,181,180,277,275,20
218,110,39,106,58,67,69,154,168,270,277,163,118,75
112,109,17,82,38,181,141,216,68,252,194,201,257,20
120,25,190,252,130,219,92,210,16,68,31,194,63,257
190,34,141,227,103,44,237,15,226,168,240,94,40,243
110,77,240,8,13,235,123,97,85,222,117,268,36,89
241,65,155,19,131,189,135,71,133,85,178,117,205,203
257,64,32,69,15,147,277,145,18,233,225,149,216,176
267,225,249,189,160,107,252,16,87,80,66,116,207,71
177,69,45,81,271,108,259,121,18,252,224,35,183,218
241,144,277,160,154,38,194,26,46,66,205,135,149,35
188,53,156,116,36,29,162,215,251,81,45,120,198,33
72,123,231,24,186,260,224,62,26,58,151,155,275,168
137,207,178,179,187,32,270,258,202,134,3,34,224,31
37,25,13,58,130,177,96,175,221,207,136,106,134,83
103,40,235,176,180,268,168,156,61,29,24,37,50,171
58,9,132,73,6,199,180,20,88,120,241,209,259,201
238,53,165,4,102,160,112,131,46,189,66,36,144,122
180,231,254,233,65,174,125,277,111,248,181,47,252,199
108,163,238,190,59,97,74,193,168,63,237,37,191,272
164,247,166,117,102,234,190,269,120,196,154,237,252,188
207,199,20,231,252,13,111,177,5,55,164,132,255,198
245,218,197,77,25,251,90,183,249,141,246,266,219,200
189,163,92,49,6,148,267,228,50,85,166,145,61,191
226,174,261,194,64,224,109,88,227,207,26,116,180,131
222,244,240,186,83,245,116,262,219,48,29,155,235,112
269,170,100,19,173,190,277,138,38,22,226,181,77,241
43,97,204,229,69,271,16,33,88,77,51,272,255,244
190,5,240,89,106,63,203,160,216,187,57,131,107,249
0,248,189,249,202,210,180,277,252,146,138,118,39,132
173,217,66,194,25,245,27,148,146,59,20,97,139,92
208,211,175,172,50,225,8,222,19,210,70,32,94,92
166,63,172,223,72,204,17,140,138,106,254,15,102,128
201,110,251,179,244,13,272,270,58,165,162,177,275,129
268,45,272,116,96,12,100,2,248,164,205,221,126,22
161,134,254,154,138,63,31,121,180,265,30,219,43,195
202,64,139,209,26,263,37,151,188,8,183,169,124,29
189,102,5,40,67,229,39,273,198,181,150,130,18,249
96,5,121,182,275,84,147,175,112,205,168,48,207,259
226,2,216,162,228,149,48,50,138,29,210,172,119,263
192,175,214,26,92,71,40,204,41,221,181,9,34,16
218,45,97,187,219,269,112,221,177,165,25,209,170,148
3,260,24,111,172,202,145,251,60,219,146,185,107,255
30,162,39,72,38,85,64,233,237,180,109,199,192,32
151,272,255,212,95,186,179,244,220,46,70,24,183,58
60,272,119,120,85,13,23,125,25,200,259,77,186,203
85,183,97,80,235,31,257,139,77,137,39,268,50,129
173,86,237,43,188,90,145,177,19,241,234,154,66,247
50,129,102,269,216,125,265,134,148,87,195,121,40,104
140,64,233,53,25,217,10,148,247,132,255,158,27,162
20,57,154,121,55,71,267,67,175,218,193,190,138,28
226,34,82,198,259,40,246,216,45,136,93,189,110,119
145,271,111,165,263,20,23,226,228,8,156,224,71,157
117,202,119,145,205,210,33,190,1,108,86,102,240,120
100,110,23,201,239,251,275,121,202,212,95,58,168,43
146,214,277,170,2,47,243,43,238,269,120,267,201,31
95,27,19,83,210,72,211,154,81,192,272,250,238,255
170,222,270,131,251,267,110,85,132,139,197,106,274,269
182,20,214,195,41,259,27,26,31,97,155,190,149,226
118,97,119,259,129,58,26,170,179,69,10,227,245,152
15,138,81,97,259,134,266,19,45,240,249,269,147,57
206,264,218,133,274,16,97,125,85,183,69,277,75,259
24,107,106,202,95,114,33,2,43,52,89,116,86,156
130,40,53,92,188,139,155,37,29,91,11,163,207,214
20,98,83,38,187,25,35,264,74,272,169,43,113,135
36,134,33,230,108,263,268,135,72,139,227,157,253,11
3,237,112,86,119,151,265,37,230,180,45,268,81,147
81,12,73,63,186,163,266,20,131,195,226,164,189,86
93,66,57,31,185,214,149,224,73,238,211,241,259,119
257,74,3,136,226,212,269,19,95,268,125,266,160,86
51,125,136,208,40,68,275,145,55,169,268,194,165,223
90,139,264,195,182,231,17,108,106,196,226,102,3,109
177,136,189,227,137,83,170,200,25,123,27,202,71,66
16,221,35,231,182,97,108,128,92,34,131,68,162,41
173,180,202,98,53,78,233,108,171,16,157,80,63,237
140,262,86,11,253,95,218,20,255,133,206,113,1,84
58,194,237,33,157,63,53,106,255,99,65,46,14,114
18,85,38,257,33,3,162,203,80,112,98,116,75,50
248,199,85,272,255,68,190,77,234,53,108,245,247,159
2,211,265,75,132,70,26,20,69,51,158,231,73,52
99,102,155,185,176,15,107,16,45,114,134,36,275,112
76,171,192,103,106,218,45,89,138,189,247,234,232,149
247,217,85,182,198,131,172,79,66,117,89,126,73,71
96,36,74,190,16,263,215,216,277,243,92,100,252,53
165,186,107,157,264,205,212,20,62,235,271,143,94,45
144,26,25,277,179,156,201,163,276,175,2,278,209,44
64,129,45,96,228,267,3,179,112,73,199,155,75,50
140,199,172,257,45,110,35,63,84,246,38,180,131,74
84,117,20,275,46,159,111,219,2,41,183,264,15,269
171,119,154,122,39,54,19,249,265,146,121,267,25,203
265,207,131,75,8,5,67,63,276,100,156,102,212,35
118,26,221,68,275,277,172,24,125,207,35,272,71,237
123,128,19,134,6,252,169,202,35,218,155,248,67,21
151,248,50,45,237,212,120,187,81,47,218,139,84,265
88,89,71,237,85,74,194,110,252,87,244,211,123,77
218,169,224,275,265,64,113,269,106,118,132,8,139,78
238,261,269,75,276,92,15,31,216,131,207,33,225,117
265,119,89,45,114,132,95,274,19,246,180,61,112,206
24,138,75,3,6,120,15,130,241,163,86,197,164,77
112,212,126,45,67,215,187,151,155,199,206,232,24,208
252,212,266,51,240,165,12,166,234,94,157,272,196,159
160,82,14,8,16,117,220,269,267,68,221,26,205,149
43,246,110,108,132,90,159,234,179,77,136,276,223,267
110,189,142,190,202,154,18,188,228,78,240,26,163,97
143,216,69,43,96,77,23,114,82,205,86,275,225,64
88,212,33,92,121,2,159,181,118,219,209,134,96,223
227,196,186,145,73,262,237,267,96,37,254,14,155,30
223,2,88,78,114,132,28,189,63,61,171,186,255,155
106,221,43,269,69,163,218,190,29,227,242,30,252,16
119,20,43,92,24,207,4,86,172,146,32,23,192,8
69,262,240,72,186,26,132,201,146,269,120,227,133,181
165,26,96,20,214,223,178,107,100,131,90,143,192,236
67,37,218,97,270,175,134,178,186,248,273,33,19,214
133,106,0,226,216,177,201,237,202,66,50,31,117,146
239,149,219,201,161,147,20,265,268,244,156,131,16,95
251,219,197,177,83,186,27,180,97,247,242,74,66,112
105,29,269,181,251,77,272,161,228,140,26,189,119,80
51,275,85,84,136,228,148,35,235,149,3,272,88,178
185,28,96,239,15,48,137,181,145,14,242,218,88,56
61,6,23,203,114,51,50,241,132,213,252,248,117,69
109,36,248,72,54,241,268,180,263,199,257,67,235,68
182,51,91,252,11,131,62,74,20,212,215,32,263,157
197,190,247,132,34,103,125,186,257,202,15,104,276,94
107,195,186,118,216,66,82,201,95,211,223,96,2,136
175,107,277,163,33,110,254,2,23,106,75,63,217,270
194,250,232,275,189,82,77,24,16,121,146,69,155,145
219,95,276,169,68,211,268,25,196,86,247,212,80,92
202,13,56,208,68,74,1,78,92,271,209,148,170,187
145,36,190,102,274,62,172,222,186,231,51,34,16,74
91,3,40,140,164,169,27,230,243,146,127,218,239,83
122,93,58,147,154,276,274,43,74,2,219,277,109,73
186,115,191,100,74,225,183,222,80,120,228,67,140,136
157,90,194,25,260,275,80,119,155,149,21,143,74,183
50,239,33,145,238,197,20,155,201,41,252,233,111,166
161,82,117,80,255,39,91,128,278,13,215,48,225,57
44,206,149,187,182,15,160,6,77,134,221,163,57,80
146,152,64,51,29,7,65,149,14,37,234,239,199,205
112,30,37,75,66,76,54,114,47,202,166,144,44,201
6,118,161,197,277,3,188,57,175,78,149,278,202,181
219,207,125,170,120,172,208,226,25,32,38,265,45,211
129,36,28,164,159,4,179,269,30,1,71,190,123,247
86,175,19,72,156,53,199,63,15,110,51,271,78,96
263,121,10,102,244,240,20,266,11,247,164,120,111,193
169,13,264,163,120,45,14,85,130,59,67,233,257,69
19,239,219,11,257,252,205,271,149,130,260,96,173,69
149,170,73,207,171,147,145,112,115,91,160,241,216,169
265,224,210,120,217,178,123,134,196,71,119,53,183,114
110,26,20,123,122,245,112,155,259,214,17,44,169,131
130,19,114,244,1,3,186,184,66,194,95,229,4,200
216,194,149,107,211,90,248,27,104,252,136,189,134,182
159,112,69,175,252,97,24,273,216,192,23,249,125,76
