190,235,260,209,198,23,17,115,34,49,195,120,206,255,157,10,92,82,88,124,145,252,193,30,236,18,203
65,29,219,217,261,108,34,251,242,145,91,161,48,144,178,15,195,113,164,70,155,128,46,31,17,205,87
211,226,88,46,59,247,122,159,86,93,200,249,25,30,108,58,22,127,140,69,45,161,198,37,148,117,176
69,98,83,63,73,19,164,89,227,277,51,218,266,124,262,269,134,82,93,272,180,77,9,34,122,125,253
69,225,243,198,105,149,23,133,123,8,89,249,160,194,78,275,224,165,85,72,145,98,227,270,265,170,272
122,43,2,235,75,255,190,169,88,82,69,224,66,226,187,277,211,15,234,201,11,264,268,96,29,19,168
139,14,20,149,263,114,19,119,172,258,271,232,118,189,165,177,175,71,247,204,127,83,9,161,187,154,253
205,143,119,133,198,195,50,72,120,252,202,258,39,147,77,173,250,238,259,156,270,148,37,66,267,275,160
48,83,28,92,117,269,96,173,210,89,223,64,149,265,270,272,172,146,56,19,180,277,152,107,211,275,235
86,24,82,141,162,169,75,201,136,117,71,216,15,19,257,35,161,29,72,256,57,189,66,165,74,224,194
131,128,255,187,92,25,209,118,135,277,190,77,205,250,29,114,20,63,206,270,259,81,83,237,120,169,19
157,46,118,83,202,257,272,110,74,31,268,219,176,216,96,93,171,201,194,109,247,48,107,20,111,172,218
83,195,64,45,57,182,199,165,278,82,152,34,24,25,207,43,65,137,168,166,49,20,234,97,118,171,235
196,45,173,209,211,2,111,149,246,104,135,29,239,212,205,251,252,69,227,249,88,192,112,225,277,148,182
204,233,69,254,263,261,259,194,106,198,239,102,258,179,157,135,166,275,240,146,138,3,219,195,266,122,165
45,190,74,56,216,120,202,205,145,14,200,80,171,119,177,165,18,27,68,96,34,2,259,227,136,39,223
88,273,143,206,103,97,66,239,117,265,202,268,98,104,263,94,11,172,233,164,163,43,39,68,260,212,194
106,207,114,53,146,258,123,0,139,162,72,68,140,6,131,2,172,120,211,153,238,228,145,78,22,239,103
162,241,216,49,87,80,97,111,256,84,113,131,190,34,75,20,46,112,93,196,194,200,245,197,227,205,182
112,19,267,227,208,113,188,187,125,29,262,18,205,255,79,178,148,9,133,272,130,261,233,172,88,30,91
196,139,97,265,83,90,54,162,116,45,87,168,200,259,197,16,34,235,277,107,252,189,273,207,43,165,106
92,15,205,51,165,226,1,191,217,183,194,6,97,130,29,190,94,145,250,144,207,160,83,113,277,231,48
270,170,77,82,146,6,18,114,120,72,206,86,190,215,93,189,117,112,25,183,111,216,249,58,95,38,267
83,236,202,53,277,7,130,263,161,136,231,49,113,210,80,170,109,78,169,86,131,18,168,50,187,252,121
114,106,16,15,77,73,275,187,80,202,89,48,147,269,35,190,225,227,2,208,179,254,277,226,214,163,1
194,15,110,87,117,202,183,157,14,208,204,228,34,244,36,273,20,71,64,257,138,147,223,125,12,18,84
235,49,275,216,226,58,119,65,247,64,52,180,11,34,128,223,139,227,237,134,29,206,257,87,271,74,25
95,126,189,32,245,209,176,130,197,251,277,217,102,218,11,64,44,182,193,272,255,265,34,15,222,139,45
205,34,26,267,124,93,265,106,75,173,86,182,163,194,20,14,216,83,49,53,274,239,154,27,4,200,28
257,45,66,59,111,201,58,121,168,95,226,4,206,75,134,28,272,34,26,188,174,172,77,72,114,96,104
5,136,273,252,66,81,84,263,187,152,30,92,63,275,115,113,181,129,269,214,215,54,109,265,277,68,65
149,51,71,266,210,161,243,202,20,154,207,85,53,244,212,186,29,258,217,173,39,194,246,197,257,235,35
243,245,275,26,241,5,40,218,122,269,33,38,154,69,41,196,147,63,25,86,16,73,72,212,180,178,51
138,136,20,30,69,119,183,83,16,53,128,158,224,214,199,255,65,228,178,213,244,61,149,36,247,143,25
274,103,60,262,277,131,175,240,96,221,57,3,89,53,133,50,209,208,264,148,180,130,186,215,237,41,183
134,84,39,243,96,82,16,43,19,8,81,196,202,180,219,119,245,215,26,166,207,172,89,275,143,12,59
183,16,180,149,160,31,271,119,7,109,259,92,177,203,241,212,190,81,172,209,18,17,107,157,55,161,15
85,130,166,269,183,122,110,155,97,135,214,212,139,120,207,180,255,63,96,264,64,237,16,117,201,40,187
127,85,31,162,252,264,80,35,170,186,268,29,137,20,216,211,111,275,266,191,175,34,75,5,229,68,160
165,243,65,263,35,67,110,132,18,190,39,259,97,126,277,130,254,250,269,137,123,182,66,119,268,202,211
120,225,248,35,16,165,15,215,96,39,92,14,108,71,128,259,175,84,228,102,83,190,170,136,221,107,189
200,247,25,181,44,246,123,237,266,72,171,233,35,136,160,117,135,120,73,88,85,69,153,269,199,226,81
125,216,228,222,127,270,93,133,39,161,241,169,189,181,149,191,126,65,23,246,235,208,97,8,86,198,157
168,89,22,154,61,252,73,107,110,183,75,219,104,83,20,276,257,43,209,2,134,85,111,3,128,59,119
77,121,116,72,28,113,206,214,19,190,216,149,108,183,186,3,15,146,241,60,73,18,39,212,243,10,259
13,260,182,126,70,33,189,271,39,190,174,168,205,52,82,109,45,121,85,14,112,195,277,150,171,28,92
170,240,68,263,23,120,200,175,266,265,50,202,26,275,66,201,18,226,121,178,74,85,65,134,87,147,186
225,164,233,109,248,39,207,67,31,51,168,163,134,138,162,118,128,156,130,152,66,257,181,172,157,20,271
266,132,20,188,38,252,254,234,128,94,149,222,82,72,106,137,224,235,189,7,112,131,107,258,166,250,212
72,147,139,186,32,149,27,23,13,51,257,88,262,120,268,110,180,212,24,172,108,248,194,132,211,162,83
81,112,239,252,45,146,119,17,209,249,139,211,174,244,220,133,96,93,147,109,34,58,129,130,214,206,3
82,51,45,260,262,146,97,145,253,14,140,245,177,154,111,86,81,128,238,118,78,197,246,240,278,164,69
16,83,270,102,239,212,147,210,53,26,188,131,117,246,276,63,133,18,255,12,64,269,159,121,180,119,134
112,117,20,3,202,164,265,92,128,261,81,212,96,165,39,35,82,233,248,25,275,61,207,19,109,2,72
147,226,235,105,175,177,135,97,9,196,207,43,223,145,164,187,156,202,134,111,277,257,198,130,52,228,106
125,12,97,272,48,245,26,130,239,202,81,66,3,111,246,55,204,102,226,74,217,85,80,277,169,142,135
166,26,149,278,53,252,103,115,164,260,196,268,54,277,254,110,48,63,226,180,88,21,117,197,6,30,224
275,34,265,127,74,201,106,259,3,199,48,128,16,8,174,189,77,68,21,57,156,146,218,245,66,36,166
176,63,122,26,277,209,262,134,218,84,17,214,241,196,102,211,73,252,10,168,58,223,145,201,248,180,119
277,58,206,79,239,136,85,80,183,48,108,246,164,57,110,69,165,139,146,50,177,268,67,207,190,45,6
45,37,270,17,198,239,216,130,205,103,85,117,197,56,70,80,26,180,104,40,129,161,231,168,106,72,47
104,196,175,63,24,109,268,67,36,212,51,225,244,19,239,181,152,58,45,201,30,74,49,93,114,20,233
26,144,163,185,73,151,66,258,189,16,49,15,10,57,2,180,20,228,235,56,247,92,160,41,166,252,47
154,271,27,117,106,194,73,255,79,59,246,5,24,132,87,241,278,114,130,120,110,58,84,189,237,83,275
107,76,247,121,23,190,68,148,250,225,65,18,204,130,277,43,114,140,104,183,120,20,3,172,209,85,218
182,14,273,168,85,96,219,201,104,66,172,196,274,195,237,80,164,187,272,147,211,214,45,254,123,92,267
162,145,13,248,195,80,196,240,212,253,144,173,229,92,46,71,82,251,108,275,112,157,259,60,118,110,77
199,182,40,2,25,114,239,164,83,259,123,29,116,148,254,44,24,185,77,66,5,242,271,202,252,248,152
164,110,20,130,36,277,171,16,175,161,121,6,206,73,231,74,186,237,54,268,209,223,50,24,255,37,95
177,248,163,13,172,146,97,186,27,205,200,82,169,226,183,155,180,173,76,78,75,170,106,84,96,212,134
225,63,75,15,96,170,207,132,156,72,219,226,111,191,82,171,23,227,216,269,129,239,266,48,98,118,93
66,28,172,45,266,170,154,69,222,34,65,157,152,226,136,51,165,162,207,108,202,220,265,178,185,128,168
85,80,102,100,181,26,211,273,261,34,267,76,197,122,67,221,160,107,86,204,148,138,203,246,75,202,7
259,212,140,25,74,204,267,19,193,129,252,147,50,120,56,69,63,67,266,156,84,216,136,177,86,123,181
215,188,220,203,212,110,176,43,224,90,227,151,59,111,70,35,56,99,161,107,33,154,65,114,164,219,96
239,211,8,96,106,117,277,144,225,122,45,20,212,143,24,49,267,163,74,53,247,130,223,88,57,68,272
78,189,169,20,245,263,205,90,277,30,96,161,190,51,163,166,149,25,77,3,99,82,234,46,255,173,38
86,172,180,218,45,197,37,247,205,236,248,259,192,93,263,102,185,132,181,113,250,29,200,71,145,170,148
119,135,248,121,30,134,13,6,106,86,272,200,201,96,136,235,184,51,26,55,57,216,155,199,77,111,0
53,252,94,108,29,119,64,85,154,258,205,161,248,134,233,254,175,257,195,200,227,162,165,116,71,249,46
193,196,135,125,168,66,191,45,258,3,243,15,23,27,14,235,163,43,40,75,139,216,142,138,85,247,39
34,169,86,145,120,77,76,28,179,257,222,51,187,218,198,99,274,186,149,166,252,64,114,244,110,102,107
219,156,276,31,147,63,143,40,253,37,140,126,85,15,134,28,65,268,218,48,22,224,150,14,123,73,152
227,69,21,34,107,254,180,212,202,209,119,225,235,189,231,199,187,19,146,268,106,8,6,84,194,52,168
186,263,81,131,48,151,61,111,15,80,113,199,214,177,103,24,51,86,71,277,272,128,88,207,146,231,179
147,237,29,114,135,91,214,257,106,118,111,225,154,190,216,276,260,131,52,120,25,90,199,273,50,24,255
159,216,149,84,119,82,116,151,16,155,262,123,207,43,102,215,56,24,190,211,34,25,2,255,252,135,251
111,112,102,70,144,147,199,235,269,187,220,217,219,53,146,45,222,157,163,64,186,73,30,275,205,159,93
155,24,148,192,34,80,154,30,257,63,233,224,97,207,101,141,25,91,36,130,240,111,23,164,197,90,17
137,224,105,93,223,116,25,171,169,56,128,130,206,159,248,245,139,165,90,31,214,198,175,75,20,225,26
63,92,145,268,90,137,114,147,190,262,107,93,51,86,169,223,85,43,199,58,31,29,154,111,128,219,143
260,95,85,200,82,145,22,216,31,59,86,71,67,81,61,237,17,202,248,155,227,64,189,224,262,168,159
248,192,250,83,25,90,175,33,226,93,51,205,110,245,80,73,3,102,186,63,219,75,273,272,257,189,66
23,218,86,266,113,199,141,146,44,168,91,119,201,196,182,200,165,214,258,26,13,234,105,233,244,156,215
179,85,68,214,27,129,66,247,25,39,212,172,50,53,165,80,12,222,216,168,111,233,145,16,220,277,199
241,36,93,194,24,219,61,41,169,119,247,6,111,90,245,223,25,165,66,163,277,32,20,106,134,216,237
183,19,117,197,258,148,38,60,96,249,90,69,50,54,271,229,10,278,71,265,203,167,91,139,78,263,189
128,227,259,225,90,71,163,16,162,194,6,145,257,268,112,269,182,186,37,264,191,35,187,171,27,161,177
143,38,16,103,217,255,175,37,246,119,248,36,124,194,158,137,0,89,88,164,135,106,202,123,4,206,67
144,114,123,60,19,194,186,102,211,97,215,85,121,146,106,14,226,18,165,272,191,15,256,21,201,190,253
33,187,70,225,39,261,57,13,275,197,139,241,212,154,226,54,12,20,110,25,269,149,147,194,253,134,129
126,217,146,3,216,199,227,163,25,117,205,96,189,277,198,121,127,86,120,218,269,82,99,45,222,2,51
249,131,272,147,243,267,268,70,129,221,77,93,87,187,248,170,98,34,31,135,186,95,216,194,50,104,205
228,34,69,116,164,263,25,169,254,149,216,192,45,108,13,44,154,152,114,43,218,38,252,245,100,188,72
120,277,95,27,45,259,29,81,163,73,190,26,51,13,49,94,35,70,48,258,165,137,67,97,154,141,96
138,204,237,125,37,113,69,197,2,266,34,81,251,26,216,16,145,207,3,85,153,169,66,117,156,236,29
8,50,35,185,103,58,170,144,168,228,88,105,15,82,68,151,207,99,75,275,192,241,224,128,37,69,246
170,146,247,267,18,26,20,2,229,160,66,266,87,45,145,89,223,106,172,95,137,189,277,64,258,103,231
51,23,190,207,201,226,119,103,151,100,72,104,73,112,53,120,135,20,24,263,29,205,163,77,47,85,3
164,29,69,154,33,227,159,252,237,254,265,146,169,37,118,5,72,93,53,6,207,143,117,255,152,212,190
229,5,120,139,123,207,195,28,151,112,160,19,16,98,212,129,71,159,169,176,130,6,12,54,278,218,262
196,191,248,51,139,257,40,110,53,102,63,220,159,190,158,125,69,143,219,66,241,205,165,109,252,10,43
84,111,71,131,190,110,107,112,34,53,162,224,231,148,239,155,56,147,77,270,115,14,160,205,178,26,129
58,196,51,126,112,180,237,146,267,45,125,178,160,118,86,172,203,106,37,200,257,35,252,59,222,228,277
64,227,83,250,255,202,203,97,134,265,186,21,209,59,24,188,29,123,245,56,237,266,207,239,75,136,17
19,207,51,154,129,49,211,276,126,66,257,39,44,174,198,23,130,3,22,238,233,235,63,217,168,111,202
238,146,252,123,10,189,121,133,263,19,187,131,223,180,11,82,136,96,71,80,122,262,53,203,277,38,168
207,257,277,172,224,272,200,27,61,134,146,168,204,45,43,215,17,252,267,145,194,240,148,262,218,36,59
27,255,227,240,194,147,225,175,66,259,166,24,239,114,162,186,277,111,202,177,218,275,131,85,34,20,59
176,127,164,224,263,275,254,6,260,90,17,53,72,23,140,193,186,96,119,5,152,205,154,66,10,14,239
181,6,97,151,125,123,120,273,112,72,219,116,136,159,29,69,66,265,79,75,146,106,135,227,134,195,143
96,46,223,131,245,80,252,179,59,64,103,195,198,188,117,121,208,199,201,228,106,224,12,71,248,32,51
243,220,255,189,228,200,263,149,112,73,96,209,269,97,25,165,88,68,248,147,186,256,240,44,250,252,233
92,167,76,55,225,26,161,48,113,38,63,277,66,147,74,126,132,37,10,119,166,221,75,112,275,85,32
205,200,19,58,253,121,180,50,134,223,201,124,226,24,53,75,152,275,240,146,168,9,244,73,239,71,219
228,226,221,211,103,216,223,86,196,80,267,194,56,277,3,248,271,203,278,170,275,19,254,180,229,120,109
265,252,83,269,201,3,210,41,45,231,224,85,97,73,235,239,82,163,134,116,275,63,13,205,183,23,32
258,86,29,106,202,172,253,67,10,205,102,204,154,80,157,130,66,215,32,178,156,69,158,40,185,162,50
178,20,75,267,156,129,275,73,108,125,212,165,144,238,198,19,223,206,257,77,57,168,89,119,23,67,270
19,193,255,104,20,51,251,182,87,63,198,187,26,108,138,68,184,274,247,202,74,152,192,45,148,271,119
80,56,185,48,218,45,57,74,134,90,96,130,253,256,235,260,173,192,20,211,196,39,186,116,13,221,113
224,149,20,30,123,43,33,275,225,37,134,237,29,170,71,222,266,88,125,113,23,24,232,241,51,45,175
151,185,157,152,94,272,136,82,241,255,25,66,251,174,96,145,277,11,50,269,34,254,85,31,78,83,156
182,58,19,34,245,20,206,110,165,202,169,162,3,128,186,113,136,130,75,180,121,172,64,54,78,272,51
265,241,103,168,214,193,54,74,146,271,97,15,194,95,224,122,3,114,106,34,32,83,102,143,165,89,148
66,260,170,96,130,233,264,32,132,140,75,16,266,223,218,30,99,63,34,118,252,82,272,199,110,121,55
136,20,277,160,25,33,169,172,239,87,80,184,93,88,43,9,48,114,234,118,187,23,125,245,276,145,159
33,198,186,83,86,80,92,64,252,181,134,55,243,59,24,177,72,118,265,159,238,166,178,215,65,214,162
67,6,186,120,102,103,121,234,68,85,55,224,244,132,146,262,239,207,162,3,10,112,116,182,195,236,95
271,187,225,226,66,216,82,124,91,80,74,48,246,252,244,207,8,5,106,29,248,3,149,154,125,249,113
123,62,72,232,112,24,83,134,116,252,69,34,248,25,130,180,251,237,224,138,128,159,17,195,63,74,250
172,209,271,116,26,8,38,135,58,48,20,88,170,175,249,251,274,276,226,253,74,213,163,240,247,238,161
143,154,201,228,68,58,223,118,231,8,151,268,124,148,276,186,15,75,218,214,259,35,51,123,74,277,278
238,80,259,190,233,23,53,47,15,208,202,198,6,84,194,237,108,257,252,218,249,227,26,149,151,34,113
85,70,177,26,174,45,189,61,55,263,54,94,248,157,266,119,257,22,29,102,80,202,71,111,116,161,190
186,149,23,89,111,165,237,257,174,54,190,204,137,224,212,88,243,44,19,32,30,244,197,218,18,13,276
111,69,237,178,267,152,132,14,228,112,81,93,187,149,72,12,205,200,10,224,86,134,80,96,36,43,194
18,157,210,154,128,96,73,190,214,186,181,118,169,266,195,48,216,149,159,36,113,166,100,237,267,219,142
36,130,66,170,117,247,238,235,216,80,239,249,254,217,232,64,134,149,92,160,75,245,277,44,236,246,91
119,244,195,31,186,33,69,52,183,254,255,7,207,102,25,122,46,61,189,190,26,92,44,93,8,65,265
73,74,275,34,195,115,273,247,186,207,148,85,270,224,96,147,87,6,89,23,162,136,210,45,156,223,75
198,30,140,276,219,224,45,265,247,149,183,207,170,103,277,173,29,201,266,51,218,263,209,152,16,148,18
218,212,39,11,112,191,46,244,87,145,18,32,214,190,51,149,43,38,139,57,128,179,180,174,169,225,119
2,235,185,100,22,144,30,17,106,77,249,71,206,66,201,19,122,202,162,277,34,165,15,253,161,189,207
26,51,196,107,142,183,266,253,213,249,44,122,31,66,155,137,103,97,127,157,145,194,257,37,269,139,81
95,64,139,106,183,112,69,92,178,198,29,14,248,234,74,1,111,150,190,40,268,217,23,251,121,186,21
156,171,66,110,112,136,204,69,140,17,106,155,26,63,256,19,117,218,174,25,127,125,3,245,90,45,23
208,56,51,186,34,72,76,195,29,201,251,217,211,269,113,224,69,139,88,19,161,212,81,166,248,78,111
17,183,263,151,179,77,224,172,54,201,235,175,274,212,40,105,118,34,128,32,80,24,91,163,187,35,111
166,33,66,223,8,138,58,151,83,108,205,236,20,112,156,85,154,78,72,163,202,206,268,152,89,12,80
11,119,178,172,110,134,224,138,3,120,188,261,29,205,271,161,18,267,52,82,258,145,257,74,200,255,77
191,269,165,263,226,218,160,120,197,277,210,129,82,131,96,172,271,83,145,190,265,199,59,61,256,244,262
224,173,218,18,73,130,278,171,95,64,214,273,50,245,31,131,194,94,123,109,145,65,165,265,19,228,227
268,251,162,247,122,88,142,92,255,179,241,187,272,37,253,165,262,125,26,132,90,35,69,275,216,44,190
224,69,245,123,37,223,114,118,86,75,267,43,66,129,107,45,1,93,234,29,96,11,89,78,259,275,226
163,215,208,237,90,247,65,236,2,272,174,37,20,205,102,69,68,175,64,161,19,189,129,107,85,194,257
157,22,223,116,234,81,43,111,217,114,236,252,99,15,126,2,131,20,66,275,189,167,78,48,108,147,160
154,42,11,216,173,186,36,155,139,246,93,268,250,275,197,129,19,23,43,26,123,124,194,95,48,132,277
48,216,77,64,134,80,222,6,21,145,164,248,165,225,153,117,168,106,182,108,265,228,269,123,253,81,139
255,164,64,207,69,116,112,265,78,233,26,130,147,243,267,140,192,202,131,124,16,149,75,6,29,155,33
73,78,139,205,26,162,97,104,32,266,70,96,136,219,199,19,259,179,107,226,87,58,262,270,37,247,172
85,3,247,24,161,252,127,102,212,15,168,37,202,205,0,12,96,248,133,45,262,136,16,200,32,187,125
144,241,49,194,190,165,272,214,111,89,29,198,164,56,57,240,20,209,139,16,25,30,13,58,171,117,154
120,254,82,197,161,135,50,241,12,151,14,252,48,227,21,159,238,277,192,129,71,51,108,27,239,149,173
225,259,29,46,207,83,16,212,241,66,38,265,131,175,227,32,112,261,97,90,192,12,199,146,269,154,136
188,75,237,47,37,163,250,177,147,26,190,28,51,228,118,63,30,108,240,35,121,221,205,109,29,89,231
200,85,51,37,86,276,154,237,223,145,89,206,216,33,1,28,45,58,90,112,158,15,93,107,116,87,207
20,11,159,77,135,188,214,112,225,194,56,243,3,117,219,37,238,265,277,24,163,8,132,34,45,266,176
219,27,118,97,44,262,266,15,20,263,163,174,26,4,235,84,106,237,273,66,130,168,25,151,241,108,190
122,269,89,107,2,118,63,163,44,121,77,138,113,219,20,214,268,168,39,18,251,255,154,117,259,109,85
145,51,64,74,138,53,218,96,23,5,255,39,49,229,82,114,237,43,184,137,2,188,25,57,77,66,196
237,160,39,159,154,136,20,83,75,149,187,130,194,92,241,131,204,168,107,31,18,85,166,19,248,108,35
88,145,3,201,221,161,17,29,123,244,117,77,151,140,54,228,199,233,89,106,9,53,100,131,156,22,139
2,83,175,235,36,89,143,122,164,134,205,96,154,196,15,229,17,148,23,225,207,276,267,165,119,120,32
109,5,93,75,139,222,45,202,241,194,67,120,183,201,263,239,181,221,8,28,269,56,157,265,97,145,277
277,194,29,211,119,157,172,226,168,181,136,46,233,216,252,224,210,227,249,107,202,3,156,75,41,76,68
78,102,239,54,194,63,216,186,259,56,142,29,255,69,268,188,32,96,93,199,26,157,103,254,274,155,31
93,128,217,122,15,132,272,33,121,137,201,261,189,163,190,34,43,50,246,98,235,180,118,85,21,86,228
57,130,186,203,82,74,88,248,66,121,115,96,266,55,70,98,182,272,205,33,224,15,128,83,71,215,144
121,148,107,114,75,268,163,250,159,152,224,215,47,170,39,50,145,223,108,220,69,91,207,205,143,142,225
101,142,17,98,202,96,201,263,26,269,6,29,130,179,185,267,121,76,249,31,45,75,88,87,85,92,78
224,221,228,166,251,88,92,32,194,189,66,107,30,197,250,156,269,165,18,14,177,126,202,249,133,103,83
26,122,88,34,106,182,95,2,197,45,211,20,201,90,1,228,169,125,277,275,200,239,241,134,202,8,151
6,263,250,266,119,229,85,189,60,1,272,182,31,67,247,166,253,194,157,66,259,269,216,117,192,265,111
168,23,137,271,66,165,218,119,177,114,63,182,202,112,19,82,32,204,6,134,233,269,179,110,190,263,199
180,237,277,68,153,151,238,131,108,77,82,244,212,110,125,2,25,274,24,23,155,265,196,136,16,208,40
165,265,20,207,120,223,56,187,58,186,149,64,216,108,34,160,104,147,142,69,196,57,162,119,203,191,16
57,43,37,222,197,23,154,193,114,18,210,95,101,117,45,199,255,86,20,77,268,74,248,88,97,138,192
223,154,192,18,260,189,80,201,127,241,139,163,121,244,88,194,186,252,70,168,145,253,237,136,119,243,205
139,18,270,14,80,175,226,133,130,168,187,117,207,193,186,25,90,166,205,35,19,265,104,271,31,267,55
170,238,139,198,93,9,168,80,96,215,26,196,257,236,105,269,101,263,270,18,66,135,154,149,46,67,211
275,115,208,120,34,85,207,81,117,145,96,108,112,182,35,225,97,45,23,183,75,88,39,17,164,259,265
252,211,149,92,30,168,205,250,193,146,225,125,19,112,246,214,156,66,51,145,249,221,88,165,6,154,102
177,234,43,3,2,225,190,227,211,245,117,97,186,176,155,203,132,277,102,50,118,131,32,182,104,270,75
198,139,137,34,30,107,272,74,51,38,32,69,88,209,4,223,103,248,75,9,178,55,96,101,57,119,265
261,3,263,37,55,50,217,36,58,187,244,247,259,202,112,43,214,243,149,186,22,220,106,254,5,77,189
86,45,134,148,179,269,239,53,189,52,175,91,92,111,218,254,123,129,74,215,24,181,251,268,171,58,128
241,101,128,32,95,247,224,231,118,249,215,159,208,6,197,112,80,259,111,211,45,78,20,5,96,51,66
246,237,25,166,253,190,87,64,243,266,252,51,71,218,2,92,124,26,241,24,228,69,120,27,68,96,163
209,265,44,28,228,65,19,35,249,156,202,172,20,169,244,170,205,54,212,64,241,277,42,76,233,275,104
76,202,86,40,272,200,274,228,135,249,14,34,253,67,218,134,186,193,171,170,36,44,68,275,127,252,26
88,239,252,227,207,166,163,34,259,18,75,240,141,267,131,211,165,157,114,241,70,78,187,58,173,253,132
226,161,223,135,190,239,145,168,141,214,6,84,222,172,49,139,166,212,268,118,216,24,189,146,31,257,19
185,124,66,211,75,97,266,38,45,216,275,265,136,226,26,119,195,234,154,259,76,67,269,120,254,263,70
224,19,275,240,132,82,249,229,11,207,85,60,168,145,136,54,197,265,247,107,118,205,254,262,212,162,190
174,173,237,260,154,148,151,44,87,219,223,35,116,198,22,259,266,207,194,23,265,186,112,66,277,267,63
157,206,139,211,48,278,88,233,226,119,3,273,41,102,238,69,58,91,122,85,87,95,202,180,239,248,68
107,251,114,258,186,140,147,148,72,83,20,202,225,103,257,262,37,13,112,134,234,231,135,200,248,58,130
277,6,265,224,32,214,110,228,83,37,146,23,47,182,240,111,24,138,223,209,19,2,248,130,171,64,82
236,12,196,81,85,212,84,46,267,116,15,54,176,67,86,192,159,186,119,137,134,243,149,278,106,97,125
257,270,198,102,94,206,86,34,69,63,27,82,138,12,93,148,96,277,128,191,64,71,66,200,112,156,213
211,194,157,31,84,195,253,77,111,30,189,184,181,227,256,182,131,168,96,103,160,233,154,33,104,63,106
41,16,134,102,107,21,163,87,216,125,30,237,267,127,74,19,20,273,205,54,119,223,57,168,38,193,132
55,101,19,233,207,216,241,277,137,125,108,20,269,160,128,138,63,175,169,69,187,145,262,226,250,2,203
40,58,52,98,149,233,39,209,2,265,45,86,92,196,93,197,183,74,38,11,29,232,252,234,189,254,217
40,58,68,71,16,233,117,3,137,1,181,24,238,25,66,139,34,97,267,78,216,228,186,28,153,211,77
148,155,130,2,183,195,237,169,221,238,108,275,63,215,251,192,118,214,147,235,107,199,119,80,218,111,84
220,125,163,104,160,237,47,6,22,151,0,161,45,135,103,206,143,26,117,24,35,20,216,272,182,177,223
61,35,143,226,38,272,30,55,175,84,103,54,26,130,169,113,197,182,163,180,74,168,269,156,247,121,177
47,149,31,252,180,50,4,128,120,103,202,190,269,43,74,37,89,162,155,52,66,229,200,110,164,168,20
125,139,35,146,277,180,91,98,212,225,136,94,120,247,126,192,214,115,245,67,162,234,31,54,2,51,140
268,32,171,169,163,38,192,89,229,47,51,90,120,138,186,209,277,237,111,17,10,2,52,8,245,223,146
181,2,212,67,272,277,82,106,123,163,71,53,26,58,209,170,171,141,180,91,207,125,50,271,112,194,197
80,180,146,182,224,85,6,149,46,66,74,137,225,64,207,199,39,272,71,11,120,125,26,124,51,248,216
65,147,51,248,69,201,183,50,268,170,226,162,70,202,213,64,14,250,52,120,45,84,13,249,257,146,81
187,119,233,107,93,35,183,275,24,104,25,236,73,169,100,223,109,212,201,205,194,267,136,13,95,151,34
54,53,235,186,148,219,9,227,31,212,262,45,90,249,145,245,165,64,19,229,58,60,37,83,244,51,69
136,96,241,46,151,97,227,183,257,47,216,201,65,157,121,90,254,109,132,275,26,245,19,188,112,145,178
108,71,8,59,194,262,29,265,259,264,202,138,145,96,117,69,24,118,43,212,219,66,175,114,170,51,204
17,216,175,110,25,112,149,62,38,57,179,229,95,159,16,115,120,36,263,196,212,86,32,218,88,201,267
92,170,117,112,73,16,189,187,231,65,139,188,165,157,194,272,269,86,130,33,6,182,217,134,20,88,13
100,170,165,202,245,34,156,102,189,97,198,155,40,223,114,227,143,265,145,240,3,71,277,255,50,85,108
53,252,201,30,34,134,240,75,51,197,237,187,130,123,54,5,192,48,181,212,84,45,18,215,244,160,238
219,243,89,257,237,248,86,252,188,80,175,17,119,94,35,8,201,259,199,54,102,186,164,6,113,36,63
18,20,218,175,144,203,46,3,125,196,58,106,178,2,198,177,38,113,250,207,109,6,139,61,43,103,68
111,116,73,169,196,235,12,247,166,48,20,103,187,50,231,158,43,237,26,145,112,266,18,102,254,171,157
135,224,29,35,184,155,200,211,80,26,107,82,108,229,84,254,207,69,272,40,182,66,149,278,265,58,60
50,100,181,28,66,51,13,160,72,190,266,275,206,37,81,182,223,27,130,247,110,235,277,24,162,107,97
95,276,119,145,26,99,87,82,172,272,240,147,222,249,75,127,18,278,158,204,255,114,200,38,141,17,166
81,80,205,195,225,63,20,87,12,172,144,271,267,126,250,45,106,51,147,29,216,52,207,181,272,4,261
237,207,224,7,53,134,131,269,211,265,66,32,189,241,38,65,145,68,272,159,14,125,92,254,248,35,173
83,16,129,249,194,237,155,111,217,248,78,212,234,189,120,113,130,218,199,247,145,239,45,224,156,255,19
224,254,180,265,45,209,41,26,39,114,96,77,113,261,178,219,15,64,68,198,268,63,185,36,274,275,176
111,66,73,140,209,273,117,33,262,277,161,237,256,202,155,134,272,164,37,250,63,20,160,259,269,224,98
88,181,188,149,75,32,180,23,37,65,59,262,108,190,78,161,114,34,105,51,219,131,101,269,189,98,214
200,163,187,52,269,247,151,51,26,239,5,192,138,237,82,198,71,216,277,275,55,251,205,31,12,273,41
225,240,183,138,260,72,60,164,226,30,147,181,34,49,97,276,151,112,149,126,254,108,231,250,163,76,29
100,87,89,61,11,245,114,190,180,120,32,272,275,154,177,113,196,143,216,51,147,209,136,130,25,248,166
177,32,102,94,116,212,235,73,63,41,57,69,173,136,96,43,110,224,123,186,48,95,248,49,199,228,162
198,100,134,171,6,127,124,75,187,258,216,96,19,252,219,118,186,73,24,268,275,235,193,205,18,111,17
39,177,135,173,140,43,157,239,190,15,147,77,18,123,148,50,240,272,149,104,244,42,250,34,273,21,11
133,269,89,219,119,141,45,218,172,26,148,155,29,226,19,207,36,2,175,260,186,183,254,198,96,68,248
275,83,245,159,23,6,133,187,204,55,224,162,267,214,212,118,221,134,64,76,189,166,99,205,226,82,74
83,73,106,13,30,72,187,159,209,228,233,183,167,190,207,116,240,218,217,146,129,169,163,267,252,108,247
48,65,221,87,240,194,189,68,106,81,121,164,252,163,216,220,112,151,175,31,226,114,16,119,205,253,120
51,152,249,83,224,257,112,267,263,85,139,67,11,241,41,131,221,237,186,238,19,75,72,207,159,68,203
72,252,180,36,200,186,202,122,98,9,43,97,37,190,259,4,138,64,80,171,3,25,86,246,31,254,206
275,112,38,100,190,162,4,168,255,156,15,209,120,83,180,260,2,92,186,252,3,257,45,20,181,37,108
178,265,176,138,194,97,205,39,252,268,69,3,199,96,182,204,8,65,131,127,163,214,224,51,130,37,240
195,163,273,73,5,263,233,98,35,107,0,217,265,198,54,138,66,261,15,149,250,136,192,260,187,4,86
64,36,39,183,60,207,67,276,123,196,110,194,222,20,109,45,255,241,112,122,88,134,161,75,44,177,146
249,154,121,224,214,96,241,196,189,48,114,3,243,146,120,219,235,276,34,149,271,95,67,6,7,252,15
245,11,259,207,84,268,45,67,160,275,89,54,20,156,5,222,149,14,95,105,48,102,215,164,97,277,165
180,89,259,255,84,216,178,162,170,63,97,126,18,102,212,122,95,222,54,141,278,273,11,96,132,238,14
268,248,21,93,1,16,221,247,244,255,237,96,239,91,111,19,200,73,108,257,84,181,26,253,172,212,88
97,91,169,14,262,149,108,219,86,96,77,125,100,202,271,211,226,156,180,114,170,129,250,83,134,263,213
132,233,66,267,87,97,264,31,147,237,190,266,159,260,119,195,226,65,219,172,212,38,88,273,150,63,110
223,68,51,125,97,77,33,211,65,167,255,108,3,253,166,5,122,267,28,234,208,247,45,175,227,252,190
248,59,225,122,147,112,242,121,211,80,74,75,162,267,243,131,202,64,56,31,179,9,34,254,24,19,123
92,227,182,127,12,121,4,34,219,80,156,170,212,264,159,90,55,89,103,205,50,274,169,221,13,150,69
88,275,16,81,225,180,85,84,46,243,103,176,52,248,224,271,255,65,253,108,207,80,51,216,112,278,82
164,20,218,0,66,139,250,75,153,259,114,235,148,134,201,216,93,260,16,179,40,67,26,257,111,211,240
39,253,93,86,106,32,275,109,182,44,250,64,118,224,204,114,206,60,121,252,255,173,29,228,3,178,73
239,96,175,146,95,82,137,178,118,231,226,36,143,204,179,235,67,106,10,149,257,125,128,34,268,186,74
148,50,231,225,34,26,97,51,252,125,156,15,65,245,19,267,77,107,178,68,176,170,20,247,262,71,233
267,211,10,185,102,3,246,117,154,34,60,51,245,86,252,122,235,105,145,168,159,190,244,64,58,88,29
156,169,239,54,181,237,214,43,35,9,103,76,51,155,66,71,58,99,166,187,30,203,90,16,202,251,241
56,97,218,8,241,134,221,228,117,200,36,269,216,89,63,3,40,172,81,107,111,240,86,45,123,135,235
190,82,98,175,26,194,118,34,23,73,222,75,270,1,223,110,136,40,251,168,199,80,201,235,6,255,165
97,121,45,161,75,272,44,20,19,277,72,189,250,126,28,252,53,165,70,50,39,182,139,80,208,207,149
78,56,270,142,201,147,130,111,51,74,88,195,33,154,124,135,149,251,70,118,13,214,218,63,165,223,2
260,73,117,74,272,247,102,195,20,249,129,153,51,224,222,168,268,181,123,96,101,208,144,29,186,265,149
192,269,267,199,240,26,182,133,169,80,178,249,146,219,145,165,118,92,195,84,180,162,229,55,34,203,74
17,18,19,247,107,117,239,120,202,15,48,3,139,80,151,35,103,252,251,145,201,149,154,20,37,13,240
186,92,273,228,109,262,108,37,202,133,66,26,222,212,168,240,187,219,233,277,224,96,157,97,201,151,275
23,31,275,189,97,114,20,259,226,3,255,212,211,45,152,192,27,177,198,170,17,126,188,247,88,102,243
89,185,48,264,8,182,138,265,54,146,63,93,197,43,81,91,75,187,82,125,94,39,114,262,78,201,110
137,235,122,51,258,107,164,266,6,160,39,37,195,209,112,252,234,198,277,248,130,165,92,225,131,125,97
69,233,80,14,39,90,259,223,102,18,85,206,147,165,106,95,200,143,2,182,66,45,110,168,227,73,16
172,36,187,223,163,233,204,64,249,84,211,253,20,125,3,79,71,26,182,11,39,31,17,123,259,225,85
51,24,157,147,166,274,111,139,123,20,6,3,276,14,67,248,138,177,108,91,33,165,26,277,225,44,216
84,207,179,51,3,116,56,95,253,186,255,239,143,80,197,9,37,240,63,67,102,181,15,38,142,246,149
166,139,161,69,212,82,183,215,211,32,151,26,170,263,77,87,73,265,194,112,182,84,10,179,250,160,163
254,156,26,45,256,83,90,221,198,80,39,43,130,29,108,56,160,48,229,61,155,24,178,154,170,223,208
12,31,19,13,96,267,48,147,224,77,168,246,152,129,118,198,60,130,144,218,122,277,80,73,143,258,39
134,175,241,80,111,225,3,187,222,224,6,46,239,186,117,199,219,96,90,74,168,139,217,137,160,35,34
68,272,58,146,15,88,131,194,170,101,106,156,53,124,33,249,147,277,192,202,142,89,254,255,179,232,238
227,148,171,205,2,71,27,133,112,110,113,48,137,92,194,229,271,20,268,231,217,125,31,190,26,53,66
183,191,80,27,150,20,134,207,169,219,142,252,114,225,115,131,226,157,14,265,87,273,149,95,91,250,194
106,159,163,164,65,144,212,117,44,128,267,45,165,34,214,276,183,262,0,199,36,197,248,81,275,93,112
259,165,120,102,202,65,203,27,187,18,68,109,136,51,128,258,84,223,3,97,101,155,98,177,170,31,271
213,147,179,45,210,13,267,182,271,159,262,275,201,227,30,192,277,228,272,70,64,73,173,223,248,52,36
64,135,121,240,19,227,20,221,198,26,190,209,51,224,194,199,188,34,234,249,78,146,247,214,161,176,277
30,6,117,90,132,249,108,186,211,13,218,77,226,251,29,254,136,248,97,20,61,163,216,41,82,9,154
37,95,147,36,130,5,262,131,104,275,106,259,263,218,89,241,139,226,11,122,31,110,165,43,137,94,199
270,131,86,168,135,142,128,215,146,64,56,51,198,249,189,59,195,114,130,35,14,191,151,163,74,170,265
134,102,165,236,85,39,172,273,122,271,48,239,34,90,66,74,3,207,96,262,224,75,109,17,107,106,245
17,110,191,255,114,118,19,113,172,124,75,227,267,116,134,35,233,115,156,170,148,117,38,155,257,13,36
226,156,16,252,153,30,146,25,88,214,223,114,72,170,273,32,94,51,239,151,177,231,57,0,20,210,240
36,30,205,250,84,231,209,269,178,122,143,25,87,19,277,109,244,228,259,71,124,26,248,169,139,123,92
74,164,132,80,267,216,211,34,265,201,37,238,189,65,214,25,149,207,199,156,93,15,202,27,145,96,217
177,146,139,108,23,51,169,65,68,2,277,124,227,151,127,121,15,88,111,273,172,102,145,114,256,212,226
165,240,108,203,82,148,186,63,200,179,143,212,86,247,159,71,267,103,50,261,207,128,6,226,180,277,138
118,53,20,240,269,94,43,25,58,75,272,80,227,67,97,18,57,55,89,13,113,73,219,175,255,189,31
145,187,167,250,189,96,163,40,134,275,52,109,76,99,64,169,128,243,168,184,86,252,44,204,263,94,224
272,264,85,267,135,72,27,176,199,204,50,231,12,78,46,221,45,26,51,6,118,81,25,58,15,67,277
16,103,200,252,132,41,149,201,189,206,187,225,166,202,223,114,45,235,155,172,8,146,38,63,126,247,134
186,163,205,177,50,218,268,145,237,83,216,63,26,273,45,157,241,41,134,244,257,2,156,130,82,110,259
36,75,89,235,27,32,143,43,255,252,90,69,169,216,31,29,206,227,170,57,262,168,86,219,76,164,20
46,34,28,82,12,83,132,216,149,181,275,172,84,201,130,6,117,263,15,163,249,85,58,159,233,214,234
270,63,275,261,219,82,77,262,162,253,73,193,117,140,239,238,23,135,116,227,131,169,45,57,88,248,163
175,103,128,189,203,195,11,46,244,214,165,218,250,132,73,144,211,112,268,108,209,97,16,179,246,196,194
154,86,182,266,44,114,248,96,274,187,84,98,188,63,259,229,228,263,14,116,180,238,270,145,268,204,273
159,259,177,85,28,271,221,247,191,43,23,4,245,195,68,235,51,60,66,209,171,103,139,201,168,32,80
252,175,139,202,68,116,29,212,102,207,15,40,238,88,7,36,120,63,235,251,273,135,64,75,96,186,18
0,236,275,29,183,225,41,146,221,108,81,73,113,139,165,182,80,24,111,86,205,3,160,187,179,43,90
136,106,16,276,149,32,151,120,139,238,20,24,81,156,197,175,116,177,134,275,263,162,229,80,255,241,123
53,205,175,26,261,78,43,46,19,201,174,45,241,125,115,272,257,74,215,239,231,59,39,187,40,216,162
20,32,24,143,179,6,267,77,131,87,239,173,101,202,18,106,19,86,187,168,17,96,69,180,214,37,135
120,64,236,204,211,33,27,201,85,97,238,152,14,170,142,163,74,80,116,145,132,91,26,53,274,6,172
131,177,70,116,93,16,100,147,211,97,142,66,139,169,141,215,2,197,227,239,26,20,223,264,25,162,89
237,83,171,50,277,123,255,259,202,4,189,139,220,77,61,82,116,199,89,205,16,126,80,36,136,247,45
158,68,107,87,61,21,43,102,130,96,77,62,74,268,65,225,28,275,264,168,252,120,162,144,177,32,39
211,102,176,10,93,255,99,267,224,229,27,186,145,183,216,198,168,3,55,66,166,130,201,65,180,191,54
239,92,162,245,203,262,55,221,41,177,211,58,189,98,261,249,64,66,111,85,256,194,45,233,206,52,83
45,145,203,226,162,259,18,182,211,74,221,257,265,80,132,217,103,247,28,157,59,263,40,189,8,25,129
63,110,246,243,106,251,20,159,97,157,212,108,185,204,58,18,37,202,151,166,141,131,186,240,219,78,181
2,73,169,108,266,269,196,249,252,164,118,186,109,20,185,40,93,259,136,155,159,71,31,225,106,133,72
163,197,32,57,180,201,179,182,147,259,72,85,51,83,184,249,131,268,73,269,214,267,194,33,205,20,165
130,246,161,117,275,66,126,165,11,254,64,92,62,258,149,263,233,27,248,273,128,135,257,45,252,20,2
275,223,88,111,202,77,267,12,118,109,141,207,17,217,93,186,87,121,229,124,175,106,41,224,113,116,107
84,175,124,12,71,233,89,65,133,162,134,108,265,273,250,160,43,34,113,82,278,107,119,157,152,271,97
225,98,6,14,169,231,16,117,240,116,45,111,172,277,178,144,211,237,51,71,66,273,89,199,97,135,146
135,155,14,19,32,157,69,212,190,20,132,136,63,181,83,251,31,44,164,257,82,71,186,70,86,24,146
64,34,239,200,176,20,162,263,252,235,269,65,94,278,51,46,26,207,204,277,73,226,238,191,146,82,88
117,116,254,202,163,11,244,137,196,25,138,85,52,6,93,211,82,181,8,147,208,195,226,187,245,162,257
179,120,112,277,87,261,249,265,189,194,206,262,30,251,135,41,146,239,80,211,29,188,165,75,23,116,198
188,73,186,26,184,161,90,165,112,34,154,123,239,144,24,118,226,238,147,55,8,211,213,223,146,83,235
149,112,180,166,20,263,58,217,77,223,51,61,247,36,40,194,110,211,248,139,76,218,141,43,71,143,96
122,178,67,159,87,34,179,38,48,235,166,165,92,4,212,43,241,76,190,182,50,267,175,16,258,110,24
247,171,113,137,131,202,84,241,200,83,29,6,135,218,168,47,118,121,145,0,160,201,255,64,275,66,108
170,229,67,106,176,196,221,225,3,199,181,224,189,90,63,241,131,134,85,20,175,268,116,111,212,198,257
141,200,170,275,144,18,135,238,157,50,214,51,10,139,274,142,233,261,20,112,85,202,81,83,199,66,16
118,84,66,175,38,255,73,106,145,19,109,139,223,134,112,160,9,68,86,130,117,96,80,194,122,129,183
137,6,266,182,26,88,212,118,271,254,58,273,227,268,77,156,35,224,180,15,85,33,108,49,138,66,205
31,83,226,202,133,77,181,58,123,144,168,197,69,114,267,135,102,272,277,154,260,89,103,256,255,247,225
226,243,52,187,45,177,257,234,197,225,145,267,87,81,252,34,207,50,116,272,223,76,26,202,35,56,20
39,184,272,169,197,148,102,26,275,107,9,37,241,213,114,116,160,155,165,261,3,121,131,166,177,223,246
22,7,255,247,146,238,216,24,12,264,227,108,5,33,109,196,6,223,198,76,69,37,275,34,235,267,39
136,80,194,166,165,207,211,263,132,157,72,96,212,271,43,267,228,247,0,118,16,106,45,208,131,86,239
278,23,92,68,109,156,71,154,40,186,114,63,247,66,249,259,216,82,99,85,191,58,165,199,64,56,162
169,218,120,203,106,173,80,241,276,216,45,273,83,207,157,138,201,238,22,117,168,74,20,260,252,199,121
134,210,202,58,97,179,24,119,138,224,81,272,269,128,177,6,195,143,248,51,116,64,198,145,223,245,191
67,227,73,178,181,50,51,88,132,244,163,225,245,250,28,69,112,23,122,38,211,124,45,259,32,202,29
245,37,181,267,224,247,143,270,178,186,225,27,138,212,51,156,124,240,233,50,187,265,20,235,19,106,268
173,168,128,51,96,54,207,84,119,147,57,45,14,243,180,211,121,15,170,154,262,122,18,34,275,0,198
180,217,223,237,273,73,154,201,131,183,107,278,34,26,267,2,172,74,225,169,110,132,78,189,275,56,1
20,246,1,5,102,266,238,257,63,259,146,107,19,66,90,89,162,124,128,255,69,129,135,211,35,191,275
29,69,10,89,201,73,175,122,149,65,110,169,8,171,255,144,267,68,136,176,219,3,157,275,148,245,28
238,255,130,110,9,2,106,25,239,261,95,107,219,200,23,96,26,89,58,15,118,17,156,61,114,172,18
43,109,46,10,37,252,87,214,168,275,220,177,172,145,137,50,65,262,34,255,156,61,131,226,277,96,81
224,189,92,61,226,73,148,138,277,212,85,218,107,187,255,139,247,192,161,198,74,78,98,90,25,199,121
168,80,123,174,147,265,41,255,20,17,272,93,84,218,102,194,160,92,274,271,169,144,37,11,130,110,243
127,213,32,165,130,224,164,214,74,183,145,251,132,18,76,197,186,2,273,139,6,65,59,162,30,189,29
253,186,225,86,211,247,120,51,151,260,72,36,19,172,262,109,88,168,204,80,3,252,123,202,255,140,224
165,202,194,100,252,18,106,76,38,107,53,237,71,16,198,41,162,235,20,250,124,207,241,112,153,69,277
35,269,66,34,32,187,223,212,204,229,231,201,139,76,97,28,48,29,31,188,219,198,112,217,17,134,222
222,53,199,267,20,235,137,11,89,14,195,187,55,224,249,123,51,75,157,19,278,143,57,201,92,39,192
81,77,97,95,172,6,129,121,203,152,264,243,171,12,241,275,153,106,64,219,58,151,107,170,26,227,111
275,189,259,199,157,208,54,155,159,217,235,187,112,77,205,3,172,114,32,152,246,102,255,37,85,116,12
207,163,73,81,268,118,26,181,201,66,190,180,259,112,172,173,76,273,94,82,251,35,85,131,186,237,22
74,239,87,14,120,23,117,63,20,273,238,158,260,152,38,240,189,76,210,177,155,221,259,251,36,255,166
71,240,25,267,275,6,99,58,51,136,218,82,119,269,192,162,53,134,45,265,93,92,120,228,80,206,177
234,36,252,259,116,207,154,119,49,235,174,76,71,29,269,95,67,197,187,190,63,25,73,198,86,270,179
143,86,85,131,58,179,11,171,106,170,82,226,263,169,41,76,149,196,145,109,238,224,268,18,215,119,29
211,20,187,25,16,86,256,96,136,160,26,186,88,191,161,270,84,151,165,198,250,269,78,127,196,116,246
202,173,80,3,111,9,263,262,120,108,186,237,199,130,19,114,45,48,247,275,56,162,109,269,77,201,2
66,107,164,263,179,106,19,26,223,80,268,50,119,162,236,39,29,244,17,224,145,25,245,185,250,81,23
224,159,109,156,153,206,139,129,226,215,172,209,113,238,194,142,272,162,187,174,75,26,252,267,106,52,239
275,201,134,257,25,3,213,250,118,234,95,103,277,175,33,106,21,69,65,269,163,247,227,224,120,223,20
172,149,23,216,160,202,254,34,82,175,20,195,249,19,30,53,155,231,98,3,200,205,225,275,108,179,247
101,224,11,77,235,139,216,15,234,19,2,254,16,111,6,12,161,97,231,45,55,37,264,80,233,28,189
20,250,136,93,11,257,65,265,147,130,211,276,215,8,92,45,120,110,61,139,85,23,81,55,83,66,227
251,107,125,256,155,148,240,195,234,58,83,65,133,2,245,160,228,32,236,176,85,172,63,162,17,111,273
127,191,201,135,212,265,175,161,173,164,68,17,183,121,116,123,209,198,255,67,187,248,186,61,112,52,189
112,186,128,102,11,108,205,151,212,69,179,39,85,118,204,274,277,107,202,51,259,48,209,239,73,255,270
255,73,162,202,87,23,19,262,161,171,203,148,253,180,83,172,244,20,245,178,64,85,218,259,80,26,59
116,214,275,119,29,160,19,201,223,111,83,181,247,131,202,58,38,118,248,250,216,84,114,153,278,253,103
81,120,55,166,276,248,174,157,199,51,151,69,213,168,121,50,106,45,39,224,96,241,172,131,95,116,260
122,67,85,46,224,267,146,245,131,17,15,198,106,38,197,45,258,52,264,254,277,111,161,13,75,37,139
258,163,152,93,128,222,66,227,17,114,138,23,123,106,5,241,109,83,117,19,71,157,54,84,177,13,271
145,160,275,85,4,35,62,77,31,34,51,134,18,223,81,199,255,109,136,108,210,102,125,69,41,110,262
134,85,109,116,267,160,61,238,78,202,182,224,140,126,53,131,247,88,96,106,219,1,251,121,266,240,200
98,3,226,20,249,70,266,88,48,190,9,155,243,224,64,255,245,86,198,189,23,244,27,75,271,201,131
197,267,40,95,226,157,212,74,96,181,222,98,138,29,126,135,86,117,172,247,149,136,170,80,174,19,255
110,178,187,81,33,129,116,130,164,159,16,56,227,189,23,260,26,96,21,154,109,48,254,182,107,219,108
277,93,122,247,35,51,162,81,44,11,69,108,24,67,240,46,255,248,198,64,236,20,191,78,207,31,267
69,100,64,20,51,89,184,244,142,207,165,55,59,238,262,201,23,75,267,277,81,220,212,144,93,257,143
272,175,35,75,270,179,98,140,133,139,161,113,233,11,30,226,159,275,235,202,222,221,260,183,20,63,271
266,267,224,168,91,58,80,172,63,96,176,111,275,38,13,178,214,207,201,215,151,157,88,247,24,243,31
97,122,163,214,189,48,11,162,117,145,24,121,114,164,12,196,118,260,172,108,27,15,0,147,275,98,137
96,23,45,276,29,147,192,25,237,164,255,71,107,267,224,135,235,154,36,234,24,10,120,31,75,32,15
69,186,176,148,19,270,271,237,257,111,94,245,252,259,78,33,201,218,16,107,31,132,225,63,243,251,43
201,73,145,10,214,88,53,59,238,89,184,15,139,233,160,106,3,77,241,149,191,207,11,209,259,56,155
277,149,259,95,160,72,107,71,201,51,69,224,121,27,206,194,139,16,67,211,275,18,200,205,10,75,245
177,169,72,145,34,241,197,38,190,275,65,240,3,61,202,63,71,125,274,85,51,149,28,245,69,193,158
270,17,233,128,181,180,6,111,136,1,110,69,104,252,11,141,26,74,154,119,56,5,123,255,272,34,94
163,198,20,272,207,224,45,262,172,182,189,137,173,266,83,66,249,263,6,72,131,209,86,239,243,217,146
219,21,255,71,38,161,162,238,13,92,189,175,26,43,114,237,275,272,268,144,195,77,69,129,107,262,44
195,259,200,179,186,17,34,252,6,38,71,114,19,219,190,147,43,127,139,66,268,184,151,3,188,53,15
202,68,194,67,49,57,152,74,8,265,112,222,99,147,77,126,38,62,156,78,52,51,45,89,257,86,208
165,212,122,82,233,277,268,81,275,160,27,57,58,120,98,130,40,207,235,186,197,174,110,244,198,262,172
215,159,237,53,51,190,66,116,73,68,218,251,154,238,67,157,177,233,200,101,275,181,145,117,146,265,78
249,20,248,137,8,29,272,202,186,57,43,78,247,128,25,275,210,51,22,40,154,244,63,77,195,258,120
69,181,272,147,233,51,126,234,71,74,119,198,125,19,145,170,182,29,248,214,133,11,97,217,114,49,14
223,134,48,6,144,153,22,163,26,91,170,3,117,272,269,172,154,136,36,45,137,19,135,68,63,256,188
119,152,74,202,94,259,238,201,196,38,112,186,73,20,265,262,113,230,26,191,68,70,86,251,226,272,104
18,168,113,177,106,90,183,128,262,223,169,253,97,202,218,204,273,56,217,132,170,187,110,248,277,162,50
11,111,211,186,16,257,108,272,140,217,175,247,18,117,89,3,25,162,36,233,122,263,165,200,241,190,80
201,275,72,85,16,240,262,156,58,157,182,270,146,132,216,8,209,14,267,237,211,268,257,202,194,48,261
177,88,8,116,30,155,111,39,57,96,135,210,269,67,161,197,127,166,145,34,3,59,61,0,87,123,148
14,71,54,73,11,257,221,45,236,248,255,58,78,33,37,18,140,183,107,182,102,244,260,170,15,254,275
92,65,119,113,104,116,237,100,171,212,137,20,267,204,83,89,172,56,162,219,86,45,211,249,122,224,15
169,13,269,56,20,116,182,254,253,212,202,128,15,97,10,215,8,185,106,247,151,252,201,190,250,51,120
26,159,72,0,65,21,90,19,186,228,104,20,195,109,84,248,175,253,87,102,219,52,147,131,163,30,172
87,123,228,71,112,50,39,175,224,147,277,238,134,233,275,173,95,68,16,186,97,234,146,226,272,208,12
268,151,252,11,109,211,224,76,117,54,86,204,187,92,122,120,154,131,223,139,277,247,229,212,275,36,84
220,232,202,92,148,145,139,272,194,237,172,259,16,274,238,207,5,51,107,71,26,206,228,198,178,249,224
237,34,114,47,207,218,275,88,155,168,148,142,56,162,95,161,45,211,228,145,98,43,259,151,163,110,90
272,139,179,53,80,128,20,133,278,194,9,25,257,209,70,154,202,176,108,102,254,75,23,21,199,45,49
273,119,69,202,45,113,196,127,51,247,8,65,71,226,112,249,97,83,37,165,93,52,102,210,110,189,272
103,257,170,143,55,56,223,63,194,83,24,252,263,69,128,96,195,166,113,38,87,20,201,65,182,186,131
189,89,126,38,265,80,56,165,19,90,186,35,216,129,240,120,25,108,139,197,159,209,182,179,87,45,168
257,96,183,39,44,18,93,211,83,195,51,145,71,30,97,223,64,222,172,26,131,134,139,22,103,152,215
16,239,19,145,86,157,259,215,168,123,131,33,229,112,36,23,235,144,187,116,253,211,204,225,122,241,156
239,74,148,73,205,218,70,273,153,43,102,107,194,145,117,275,174,16,234,116,6,186,44,112,56,20,151
160,217,25,155,179,231,69,142,218,83,45,107,73,90,26,201,223,182,116,55,246,262,28,8,268,229,51
20,212,182,128,257,238,260,181,46,67,120,190,56,163,269,267,169,6,25,45,197,87,270,83,180,230,134
228,45,92,265,121,198,71,29,2,267,49,112,236,31,5,138,259,130,183,81,195,225,149,268,145,216,3
221,71,186,92,35,118,34,39,51,178,97,122,103,197,250,74,15,119,88,206,37,94,105,49,278,223,123
202,120,65,68,63,259,222,187,24,142,69,211,261,9,27,10,249,124,253,146,23,93,66,243,122,78,32
39,227,145,20,138,262,241,16,89,242,226,112,200,208,29,205,210,157,31,224,252,233,250,246,136,273,257
233,146,229,207,156,218,133,109,114,269,31,216,74,205,217,190,180,145,49,251,90,270,97,81,86,222,148
201,248,86,137,161,55,45,265,68,107,108,67,185,110,43,64,169,31,6,117,238,166,228,87,164,29,3
214,51,143,112,69,185,28,53,109,97,265,194,38,184,269,35,195,138,177,252,108,168,83,135,157,151,120
241,154,93,128,88,270,37,149,275,151,164,58,150,81,80,175,254,29,137,46,71,61,187,219,136,257,17
144,162,204,39,275,167,107,260,255,102,231,269,118,197,152,224,240,165,126,20,226,52,171,196,156,188,66
199,28,63,143,183,195,81,262,88,160,116,254,127,150,135,248,91,172,122,69,163,146,84,219,114,15,85
11,52,111,224,20,23,171,241,14,89,250,244,149,10,233,114,222,146,120,25,260,180,86,189,217,44,121
26,117,211,29,189,225,70,205,33,132,34,241,246,76,32,106,186,202,175,134,49,58,163,75,68,199,44
175,226,63,125,240,177,148,97,213,31,102,265,18,201,149,160,233,171,37,95,72,48,189,38,255,119,236
166,136,248,184,34,157,149,56,269,235,108,217,202,81,231,196,132,268,257,106,75,212,55,119,134,273,114
177,195,86,216,145,45,179,244,148,175,199,170,154,58,153,55,96,23,111,276,202,82,26,214,74,126,190
175,271,37,118,126,39,238,272,78,171,151,141,128,182,277,268,207,144,20,45,116,67,185,244,227,186,84
269,129,92,198,210,224,83,206,15,156,69,13,28,40,176,6,235,161,49,208,81,265,80,18,108,114,149
271,240,126,55,18,68,118,75,210,74,45,249,24,38,145,69,117,187,65,113,202,63,237,83,224,214,257
53,240,31,228,96,272,123,46,107,206,265,187,244,8,162,263,71,110,139,273,223,26,259,211,239,233,222
89,20,259,248,3,112,272,268,145,206,37,38,96,43,266,239,57,262,205,48,74,92,1,251,98,30,126
168,130,165,106,201,266,97,241,216,9,12,252,182,20,89,247,271,132,95,255,126,37,25,145,238,210,186
199,20,219,31,140,242,172,90,86,202,112,271,23,183,170,84,134,14,266,96,104,255,89,218,120,207,97
69,108,259,186,226,59,33,24,166,86,38,63,117,265,28,146,35,145,223,2,270,67,148,98,234,269,43
106,96,189,255,65,162,204,69,8,154,229,99,79,250,74,114,249,245,186,192,92,233,259,252,102,270,120
131,92,121,91,198,143,207,97,68,112,190,86,66,137,166,212,272,78,25,261,225,229,264,201,30,145,180
97,226,0,244,236,198,151,86,29,53,96,160,216,74,75,246,12,44,78,139,61,15,6,118,65,147,124
125,93,69,186,179,221,222,160,247,53,39,80,184,266,57,263,74,211,102,277,63,20,103,248,278,122,3
277,135,170,99,79,214,276,82,154,86,125,126,116,186,9,32,37,108,199,179,237,73,3,102,165,110,241
86,114,240,111,20,212,175,221,132,107,173,91,120,168,66,26,50,44,149,32,22,139,144,69,254,88,273
30,189,269,58,29,199,265,252,268,101,120,211,244,270,102,181,266,166,35,250,154,202,272,263,107,85,201
34,37,13,224,168,252,210,266,157,197,223,151,149,88,255,41,80,246,204,11,184,263,92,52,8,56,106
226,212,16,112,135,270,39,259,44,10,26,261,239,275,272,147,223,190,224,186,228,92,247,82,157,52,248
13,123,262,19,82,157,195,275,11,192,187,151,29,6,16,255,40,250,265,71,31,107,225,207,32,233,170
45,6,145,2,59,198,231,223,181,43,262,255,272,148,57,164,98,228,3,116,81,246,85,120,155,235,107
128,99,127,102,120,38,32,200,41,123,165,130,68,158,26,217,75,218,263,181,255,135,189,14,226,205,27
88,277,97,96,230,189,172,107,24,85,255,37,76,63,190,126,73,118,243,26,25,239,91,116,52,216,22
212,54,109,210,211,262,195,100,175,97,14,177,227,241,23,226,125,118,11,246,119,68,78,130,127,20,58
238,80,18,63,216,17,224,147,221,134,36,81,72,245,29,189,16,159,197,1,65,133,208,34,276,207,15
145,161,64,267,203,113,194,8,212,146,25,16,7,277,77,94,11,159,211,275,32,169,99,102,240,50,201
115,55,13,26,163,181,11,236,254,20,116,166,253,200,96,199,30,35,63,162,275,194,25,208,198,227,111
162,158,171,216,39,228,6,34,45,200,277,112,63,12,166,128,139,201,250,130,256,73,165,172,62,69,243
15,112,33,259,64,227,119,123,107,200,93,248,272,122,120,85,183,151,175,270,197,134,86,16,106,31,6
255,187,190,140,275,223,16,20,151,214,83,148,102,264,139,63,175,226,233,206,128,111,257,35,43,171,25
201,16,131,89,66,119,39,84,185,113,45,31,75,116,163,219,149,254,98,40,63,108,27,6,51,120,235
52,252,226,206,177,6,88,66,270,162,27,169,16,246,159,185,190,228,95,220,255,168,222,265,32,131,180
203,277,218,273,91,222,4,134,160,144,135,97,3,31,170,272,110,93,17,73,249,247,71,103,185,156,30
209,219,102,98,146,87,229,85,186,92,255,96,188,147,179,38,20,99,248,26,80,208,8,218,82,95,182
102,80,88,108,207,134,272,212,78,101,89,113,275,96,97,4,76,271,186,123,64,107,209,211,147,37,118
149,267,256,37,223,169,269,25,15,139,205,189,79,186,219,118,26,138,39,117,235,183,136,216,252,18,128
216,249,186,3,255,239,156,125,202,57,76,77,163,30,275,267,121,180,20,145,102,0,19,277,63,151,214
33,80,180,236,15,95,238,269,91,46,218,139,78,126,90,177,226,252,267,223,271,212,6,158,40,149,11
227,189,164,157,85,168,70,277,178,24,94,23,127,71,218,147,93,228,139,130,216,251,185,2,248,95,170
272,102,67,269,274,217,127,36,249,205,123,80,245,164,93,143,85,139,200,158,39,3,199,188,271,95,252
92,20,203,175,206,38,243,102,191,3,196,141,170,99,180,74,212,45,29,85,159,97,7,251,106,197,123
207,241,147,249,5,109,27,134,164,265,171,234,182,57,93,68,77,145,218,69,206,224,231,111,187,118,269
164,275,233,149,120,8,113,51,86,116,6,137,35,238,263,269,30,243,134,72,10,9,180,271,87,108,31
245,84,185,100,254,196,217,251,112,201,77,145,262,268,225,180,133,155,32,249,38,85,88,86,47,4,107
245,206,75,208,150,20,173,194,24,168,186,182,129,152,85,161,240,74,180,139,170,212,29,203,56,55,234
115,111,154,50,222,197,59,98,252,118,138,210,189,135,240,36,109,277,157,250,147,40,114,107,262,163,241
56,181,199,176,266,6,18,74,29,144,14,123,138,189,50,45,197,217,196,128,71,16,209,273,204,26,76
187,211,74,45,255,218,27,2,160,180,226,215,212,265,46,48,51,241,60,122,121,252,107,53,47,118,125
147,262,7,166,123,278,45,90,102,270,34,250,128,78,185,201,202,245,9,218,55,221,41,135,234,14,171
162,72,228,127,223,200,226,39,206,131,35,85,204,189,48,262,201,197,104,84,86,49,67,3,225,13,194
227,80,125,20,19,99,210,117,255,257,270,22,189,205,97,181,273,194,29,102,145,18,238,30,266,32,180
262,99,35,277,202,225,221,215,252,177,37,83,155,63,182,17,179,132,227,205,80,271,118,86,66,100,85
1,18,72,6,80,254,28,121,29,109,139,145,69,241,223,190,151,71,177,186,140,34,277,232,53,205,179
206,29,270,235,57,252,109,187,43,8,90,178,3,86,87,20,197,44,240,16,275,133,176,10,151,63,69
45,95,193,160,125,175,19,250,248,240,159,72,198,142,107,154,205,241,186,24,226,22,170,269,17,5,167
224,136,217,252,12,216,132,48,215,54,39,88,24,225,149,169,185,75,35,98,50,29,201,178,172,272,147
199,27,156,120,109,147,34,64,186,139,261,151,243,93,211,11,251,144,117,177,252,145,126,255,214,110,8
23,32,232,134,187,211,198,85,267,205,266,143,108,96,114,64,102,149,55,201,276,5,154,172,163,3,147
214,154,252,52,45,215,201,16,100,270,51,139,32,138,263,200,156,107,182,216,80,229,204,92,44,189,56
35,50,201,224,64,13,2,58,108,43,119,160,269,189,72,145,17,94,59,26,92,87,213,255,66,207,252
169,16,119,202,122,186,237,124,83,97,104,25,15,257,264,18,65,68,44,48,115,80,182,157,275,69,32
32,65,57,122,0,165,73,261,33,112,271,19,74,106,160,225,2,86,190,177,9,28,154,70,272,212,56
211,119,182,235,44,91,18,72,144,202,3,112,98,132,185,208,181,63,56,48,113,205,186,188,189,43,69
172,224,14,155,272,154,61,259,186,146,250,269,24,254,145,111,85,221,92,134,212,262,266,121,3,239,149
124,216,186,253,53,188,227,23,32,33,58,214,251,217,130,63,242,162,241,74,110,0,228,234,199,190,50
41,189,9,240,12,228,111,241,31,32,37,114,223,46,112,154,232,2,277,72,57,252,197,255,38,102,199
272,163,20,247,97,245,53,61,83,186,204,119,147,218,47,202,63,182,104,56,159,250,74,255,50,81,30
34,132,92,186,69,95,6,74,134,16,150,32,166,72,243,157,277,46,80,20,175,145,161,23,8,67,43
155,255,215,268,216,39,85,213,202,15,120,225,134,129,138,139,186,3,54,66,67,107,166,163,218,153,46
46,232,205,145,157,77,14,240,20,25,250,269,262,39,29,233,33,102,67,187,207,275,223,111,86,11,34
156,92,164,165,43,272,127,64,121,187,175,93,134,75,237,27,97,66,172,89,82,188,91,45,130,228,30
68,214,78,122,195,235,223,112,12,238,129,257,176,170,219,237,186,134,61,149,268,106,24,272,121,119,66
25,240,157,168,11,26,267,185,158,73,90,204,44,6,68,41,277,171,20,144,117,212,78,63,180,40,151
252,1,50,272,190,243,34,107,189,26,66,128,46,228,95,39,262,125,229,194,206,71,136,175,114,166,51
143,229,168,267,223,66,190,166,88,189,111,165,28,20,149,172,55,53,73,135,156,120,102,122,74,159,219
14,163,85,123,119,165,23,15,35,209,206,36,110,149,62,34,143,45,19,95,33,31,68,11,108,139,154
255,64,277,166,252,53,119,265,41,147,67,35,156,157,123,57,88,219,80,184,218,231,201,183,237,38,203
255,93,32,182,51,43,96,194,205,164,208,157,119,263,37,210,228,106,146,110,266,16,125,120,34,113,139
74,259,252,194,159,205,275,19,200,250,75,103,94,119,231,187,199,209,10,223,181,189,198,240,110,134,83
220,60,34,176,168,209,52,19,195,214,96,16,51,262,257,77,58,106,277,91,112,160,40,162,147,252,194
37,164,183,228,118,178,39,56,222,57,214,213,119,131,69,82,268,254,107,42,3,23,123,32,116,41,19
183,220,246,91,129,252,277,113,97,136,78,138,202,268,244,16,75,53,250,58,218,37,48,169,127,64,163
184,202,106,80,20,218,65,110,204,173,19,66,82,189,159,75,138,52,97,72,165,162,122,215,247,30,223
277,65,248,98,235,275,237,265,145,45,171,107,149,172,175,191,89,81,152,224,79,128,75,116,245,211,223
208,189,265,205,199,125,89,124,214,65,210,131,44,162,90,277,240,75,207,88,20,271,114,19,145,76,220
139,82,187,71,103,83,107,134,218,28,263,114,66,120,228,166,207,192,168,24,116,223,273,106,162,217,36
46,131,186,187,264,144,86,94,58,249,166,71,214,189,22,160,262,212,181,129,73,117,219,271,257,239,207
112,43,238,113,77,151,64,273,107,102,224,61,3,267,160,29,219,119,254,184,233,202,180,0,169,51,204
55,125,254,133,62,103,96,241,108,45,89,187,66,149,227,175,119,16,98,70,277,159,211,186,77,145,228
263,222,190,170,160,74,168,149,151,171,219,89,154,257,57,35,187,8,83,73,112,266,246,270,195,34,85
73,50,252,112,205,24,107,78,96,182,261,51,233,90,65,175,166,212,119,137,220,134,267,118,203,2,145
2,20,181,69,155,56,24,84,3,112,273,265,228,218,81,169,19,29,122,177,72,225,70,45,237,174,42
249,269,107,67,263,111,34,119,54,31,20,68,30,11,95,238,268,250,131,69,145,77,181,64,187,66,168
24,124,168,178,45,155,277,108,5,65,131,58,48,193,54,192,66,26,19,146,82,11,156,32,160,77,69
156,71,33,82,26,65,97,224,102,4,100,178,217,120,19,188,196,16,13,177,223,262,77,122,198,225,254
254,94,202,37,48,154,253,265,252,197,108,29,156,86,111,237,115,131,190,187,85,200,112,26,69,118,63
63,68,82,211,198,1,97,186,149,19,139,255,137,273,106,187,111,190,239,108,270,53,43,51,237,277,147
33,278,170,226,46,148,258,270,97,3,207,142,224,252,254,212,95,171,248,58,182,122,186,88,190,187,18
197,145,175,19,272,8,152,201,162,247,85,37,35,76,78,64,260,66,223,139,165,219,125,198,138,4,180
265,237,272,72,100,35,212,112,248,130,205,51,233,219,252,229,188,257,106,198,255,83,196,262,24,269,235
122,130,276,241,269,34,23,182,74,72,76,126,55,196,245,15,218,53,238,31,78,263,51,277,89,260,93
223,119,134,170,108,228,120,3,115,72,269,68,51,235,145,240,67,169,5,78,176,117,161,131,29,256,241
226,149,160,194,246,118,92,119,277,197,106,265,216,164,120,238,80,165,257,249,8,219,177,275,214,77,135
102,84,274,201,171,189,277,266,261,76,238,257,97,30,202,125,82,52,218,69,81,233,134,11,237,271,12
75,189,235,186,267,248,205,195,44,273,217,275,125,145,83,23,113,244,237,81,31,166,216,187,164,161,112
253,252,45,64,246,107,128,71,37,174,29,85,275,165,227,24,215,186,249,62,86,96,50,277,43,126,138
223,187,145,37,63,255,106,277,78,66,162,233,19,160,51,245,74,259,108,236,113,152,159,130,18,114,132
259,248,23,189,73,58,151,112,141,229,70,149,178,77,255,128,165,114,224,194,110,37,277,198,267,263,155
207,177,170,73,267,133,142,227,102,249,181,219,34,190,20,169,184,185,86,244,187,29,273,131,24,85,31
201,37,214,218,96,271,225,148,63,265,82,117,57,122,87,11,267,106,204,233,58,119,32,196,89,219,107
151,82,189,266,140,91,205,185,70,69,187,153,106,194,179,112,268,250,142,245,29,128,78,155,257,272,176
121,124,77,23,130,225,259,65,251,26,128,271,81,273,139,73,25,134,181,92,20,156,266,60,90,226,18
62,28,143,201,2,186,223,265,111,264,41,131,80,16,255,75,195,233,272,129,239,240,94,188,248,82,20
107,68,254,111,42,112,170,267,273,135,40,2,109,147,143,114,178,118,80,192,75,182,9,221,151,206,102
207,247,202,275,45,163,248,140,169,57,118,172,264,92,124,170,266,149,82,95,106,80,19,83,139,162,268
101,102,190,191,49,265,137,129,26,181,11,66,15,5,131,267,3,37,232,85,180,19,40,255,214,197,112
194,219,210,91,44,249,139,117,110,123,180,16,195,149,94,181,20,154,224,67,69,199,275,39,33,244,51
227,73,85,237,269,58,119,135,28,137,151,60,223,77,175,26,56,36,263,247,255,53,146,17,51,106,161
26,64,2,249,29,98,162,156,199,258,147,3,119,63,46,244,231,211,134,108,170,143,53,203,78,92,151
71,259,56,123,166,73,40,122,96,216,233,190,207,107,205,181,247,64,250,27,165,249,80,159,109,245,175
169,138,33,123,205,191,98,86,219,19,186,111,64,100,151,110,183,202,194,253,41,172,201,120,107,26,250
81,122,139,228,137,275,26,251,101,112,170,255,97,187,162,76,29,235,114,177,259,74,262,83,66,265,202
220,233,73,143,49,201,230,84,72,18,199,29,188,178,215,58,189,96,205,8,68,89,183,277,141,159,248
51,149,118,177,232,31,237,75,53,16,155,194,29,224,58,165,157,244,133,20,198,259,13,111,182,88,45
148,51,19,23,55,11,184,196,73,181,6,13,45,124,224,92,159,182,211,122,271,150,77,24,93,82,267
188,5,135,176,120,163,136,95,0,241,272,149,67,160,139,214,3,207,118,145,227,212,154,51,52,229,181
85,18,15,269,249,60,255,16,139,153,268,6,74,223,58,225,107,222,244,21,87,189,145,64,270,238,86
211,37,175,235,17,149,45,112,186,107,237,144,19,275,103,85,20,213,249,244,69,59,198,106,200,255,139
51,167,244,131,59,96,181,144,133,219,45,255,228,57,277,107,222,147,271,240,121,253,82,78,208,160,249
277,176,246,106,165,145,202,15,244,128,12,20,157,180,189,217,35,265,205,41,255,114,93,263,39,40,96
39,19,145,205,129,90,45,138,181,192,18,217,186,218,209,159,172,134,189,275,76,248,257,118,216,143,114
13,197,142,137,199,163,31,245,120,128,208,211,233,250,14,19,72,182,263,70,16,49,131,117,121,237,149
32,211,2,198,3,146,34,265,225,255,90,240,169,92,58,206,114,187,51,248,179,277,17,166,30,190,24
146,63,164,6,108,271,119,161,130,171,46,238,137,170,259,277,111,268,208,229,255,80,61,249,88,66,186
117,238,77,64,111,262,275,38,249,12,23,33,259,57,157,254,133,179,34,245,155,97,269,147,212,126,10
25,99,233,91,26,234,132,164,80,106,125,253,161,267,72,268,130,39,270,265,65,97,71,205,216,20,88
75,235,180,69,132,34,72,175,77,46,80,16,24,83,249,45,219,102,66,257,272,189,211,252,2,114,40
64,187,169,246,177,200,164,63,58,16,5,247,114,269,213,106,223,211,255,139,31,170,78,237,157,50,212
265,224,68,119,137,262,211,106,267,125,213,121,20,92,4,145,199,201,225,85,245,177,23,56,45,66,230
145,118,83,269,54,65,267,194,32,51,196,29,199,190,18,211,80,89,148,128,117,26,234,274,255,66,268
134,255,272,154,198,90,164,106,130,259,182,243,39,86,151,58,145,66,139,45,144,192,247,114,117,183,26
226,194,145,111,241,38,121,3,170,199,25,102,259,95,146,31,246,89,269,28,80,186,198,252,103,40,148
13,177,261,217,182,16,83,118,109,52,41,126,86,173,3,246,259,148,122,15,80,46,116,275,156,143,211
263,197,82,189,110,241,226,104,45,40,111,71,53,119,16,268,145,13,215,265,209,252,160,235,175,85,39
90,35,176,29,18,102,201,214,89,88,12,71,1,164,149,27,57,182,8,75,253,185,251,269,127,40,128
89,151,163,38,27,46,164,69,150,191,269,18,95,158,245,15,90,117,240,78,102,236,111,165,197,277,271
205,266,29,71,26,149,154,169,204,184,45,237,88,67,63,159,275,114,152,277,263,202,188,145,201,14,249
77,275,277,88,165,83,204,51,157,86,159,20,43,5,208,269,19,96,216,18,175,106,68,186,240,82,23
177,257,17,187,117,265,20,107,57,188,58,131,118,140,38,120,194,199,198,190,170,81,234,171,6,33,183
69,131,254,26,128,199,169,235,3,115,192,246,263,38,88,44,64,197,31,125,53,248,97,160,16,147,255
205,216,206,196,179,134,268,238,32,168,89,212,13,263,28,273,46,145,80,274,211,210,111,26,204,74,255
237,228,153,85,83,145,198,263,160,174,212,187,68,247,157,130,56,41,217,37,264,67,75,3,216,25,168
123,196,248,222,179,26,146,133,228,249,23,215,201,63,75,16,238,28,86,136,126,108,169,65,69,158,84
133,228,12,244,82,265,121,108,68,2,219,116,95,254,86,161,64,88,85,206,96,92,80,189,271,100,76
187,128,270,19,247,227,107,30,186,10,18,117,80,66,17,112,45,254,121,108,73,23,178,175,170,148,78
145,128,2,133,83,249,24,229,134,155,175,147,168,202,157,120,15,67,127,222,237,193,116,45,70,189,122
69,102,204,106,30,277,114,241,199,56,125,39,80,139,146,130,38,34,258,251,48,84,245,51,91,221,157
201,171,241,8,58,147,162,202,6,148,97,263,76,106,207,123,225,125,264,268,63,53,86,208,255,30,170
128,219,245,214,111,30,92,227,127,181,223,262,45,74,172,66,61,168,3,116,67,16,277,212,95,155,241
2,139,207,235,19,77,63,118,91,60,61,6,155,130,212,31,268,125,4,80,247,224,37,120,12,108,226
179,151,250,48,215,83,270,170,29,276,131,115,89,81,3,204,87,21,135,112,69,90,229,169,187,136,189
165,148,111,248,243,124,106,144,138,259,36,212,247,31,195,202,189,79,71,160,219,182,126,190,229,19,218
263,30,161,201,155,239,119,78,195,95,186,112,180,66,42,3,69,164,202,35,34,87,102,145,111,241,245
120,2,172,133,221,145,223,114,20,100,211,27,147,226,85,51,258,273,63,162,90,207,31,46,102,36,149
235,4,63,187,136,221,272,169,58,144,255,19,175,55,29,127,275,83,113,53,149,20,177,227,78,186,69
262,43,145,54,110,120,45,179,161,265,89,33,130,117,124,71,151,41,246,226,227,170,74,198,108,102,254
6,20,160,190,218,228,192,223,155,92,61,112,45,271,150,240,86,54,169,187,262,65,22,5,135,156,235
66,120,119,166,20,245,45,205,16,58,211,77,275,100,110,102,32,57,231,98,87,170,68,247,138,242,151
94,179,57,16,177,151,132,3,8,234,36,214,205,168,269,107,20,149,51,229,61,248,264,153,139,109,32
187,85,162,206,78,227,117,151,139,40,20,9,269,164,43,126,241,69,118,201,184,152,138,267,248,71,249
190,151,12,98,216,125,199,277,128,119,80,122,88,102,39,29,74,26,147,83,270,45,25,111,164,6,229
221,222,214,216,2,131,168,66,238,18,252,251,72,75,125,207,255,102,162,153,171,89,57,127,120,239,223
261,223,26,25,265,186,17,109,239,69,258,241,19,222,203,66,243,131,257,44,259,168,216,63,166,210,27
46,133,229,64,255,180,101,103,19,65,143,254,63,251,169,16,115,175,33,23,216,272,30,36,259,38,41
136,87,115,26,269,186,165,238,39,139,183,106,90,187,181,273,211,92,143,73,197,118,107,194,50,67,102
105,216,86,139,102,71,263,223,201,210,119,132,65,20,123,125,155,157,90,146,257,219,45,103,187,191,74
252,244,121,267,144,208,238,24,3,95,4,29,194,132,260,261,125,205,172,99,263,178,269,225,20,82,156
205,200,233,169,34,199,114,276,74,215,251,80,30,95,117,156,229,19,263,26,97,81,93,146,222,177,186
186,126,18,259,177,131,84,257,240,133,172,92,252,102,32,3,196,20,112,23,73,95,198,125,117,66,194
165,273,206,35,88,175,16,190,209,57,136,241,98,51,85,134,117,218,259,189,183,8,63,202,265,34,156
127,45,64,273,16,132,147,69,263,168,205,157,80,63,276,239,73,78,95,189,211,214,58,182,169,10,255
97,272,178,152,96,160,212,86,66,239,226,121,268,76,232,227,21,185,175,75,104,69,23,186,10,245,45
118,189,187,25,268,60,140,101,175,78,72,253,53,218,251,269,123,179,138,128,68,83,80,255,116,225,267
228,138,25,54,45,51,186,189,53,178,177,244,34,162,42,207,180,147,60,14,16,208,245,140,125,226,164
116,156,145,168,29,248,137,213,265,63,249,226,255,216,215,65,102,252,50,36,46,259,262,204,97,243,240
229,187,169,74,118,48,277,29,69,67,207,219,147,272,15,199,210,22,134,261,56,57,77,73,3,122,157
161,29,264,274,44,188,227,197,82,59,268,127,252,208,174,169,85,123,74,77,53,75,72,145,216,248,275
3,119,222,17,277,186,257,159,157,19,37,189,114,147,246,122,60,69,166,48,46,123,31,151,172,211,139
100,80,207,17,112,121,128,45,160,165,240,257,133,126,42,195,255,134,9,197,31,102,82,119,259,71,61
6,33,270,47,247,46,210,180,262,267,36,39,2,129,37,216,21,24,87,114,226,144,190,212,117,183,19
238,136,137,10,226,110,114,237,198,26,41,130,215,94,197,36,72,161,92,88,260,257,202,163,20,247,203
146,233,71,147,73,223,227,234,63,245,32,186,154,148,96,4,230,177,243,27,38,246,19,89,175,235,221
271,199,37,109,269,48,186,180,34,197,260,263,266,19,33,9,51,75,112,218,96,212,11,108,249,78,229
118,71,92,123,190,60,252,197,97,46,103,203,20,266,201,93,38,168,263,45,50,145,6,140,185,206,5
97,245,195,51,110,20,237,113,21,36,272,199,202,240,228,34,116,92,22,45,71,178,109,238,174,139,175
12,8,96,114,219,27,239,263,6,206,252,126,71,237,250,180,224,162,150,118,48,132,23,33,131,260,248
84,3,23,51,55,211,206,114,275,143,128,196,249,252,37,212,182,236,201,111,85,219,215,255,96,267,122
71,97,199,187,200,29,102,140,70,96,65,44,248,69,85,188,163,247,90,263,76,80,165,110,183,254,201
83,12,185,209,238,63,6,35,100,247,116,80,14,51,174,17,157,275,84,103,127,271,221,111,183,107,85
32,74,155,196,272,258,20,154,181,207,248,128,247,168,263,93,91,174,266,211,92,144,148,165,219,276,123
275,48,84,197,86,208,179,214,241,107,12,173,13,257,6,134,112,149,39,125,131,146,20,233,182,69,164
143,240,197,92,275,212,111,110,225,224,67,20,55,134,119,217,11,50,64,123,26,17,200,87,39,33,53
130,107,267,45,35,19,251,218,96,203,231,268,119,213,244,81,207,145,250,159,112,93,197,178,57,238,91
11,54,48,161,90,202,91,82,227,266,71,136,237,199,177,8,131,34,181,205,260,222,147,26,17,108,51
189,126,244,127,116,13,143,214,136,137,80,233,139,3,78,190,57,89,19,205,17,170,27,159,85,26,53
179,110,225,106,173,57,169,43,94,92,75,204,33,192,248,180,63,163,215,222,255,199,219,87,189,123,182
48,52,202,216,18,173,219,187,277,106,149,237,36,119,211,165,180,162,182,222,179,201,186,84,178,190,246
202,58,138,111,35,194,2,266,129,136,210,66,177,277,17,29,139,216,168,240,78,186,54,162,86,47,147
70,209,223,233,269,151,106,81,129,249,197,55,170,258,222,268,125,2,118,121,68,171,147,246,174,146,112
29,212,116,241,249,206,135,226,53,213,125,86,97,267,51,147,88,137,201,80,151,165,217,87,43,185,205
277,129,14,69,12,80,74,48,89,199,189,134,127,173,45,110,176,97,85,207,72,180,43,10,112,151,96
44,53,73,211,241,201,145,202,15,31,46,12,47,11,65,94,72,157,34,246,171,90,273,265,218,203,86
31,91,177,187,179,63,219,139,32,249,143,263,250,130,73,252,99,26,66,35,245,112,123,111,136,29,227
219,23,63,259,10,187,218,64,212,19,179,182,65,119,161,58,31,36,175,118,129,186,216,222,136,104,234
98,195,20,27,177,87,119,66,266,235,265,23,269,80,86,255,92,3,210,134,111,107,175,120,106,13,94
94,99,72,90,46,254,249,251,211,85,16,137,65,204,245,93,180,163,130,101,200,31,118,25,8,9,139
263,218,246,163,108,6,202,23,242,147,51,53,95,122,268,114,106,128,189,126,115,19,72,88,174,172,38
250,194,16,165,247,237,278,217,20,272,254,251,109,240,224,119,93,104,19,145,75,106,153,118,209,38,48
152,237,44,143,201,145,182,28,54,163,252,82,146,183,12,211,137,121,38,114,175,48,45,228,106,68,177
183,233,157,225,187,211,71,51,1,65,2,160,56,82,110,178,16,164,245,181,235,226,92,46,166,256,38
148,113,65,145,68,189,156,203,204,134,217,177,162,29,257,92,69,186,152,260,267,3,214,1,78,224,22
186,143,90,157,198,133,85,33,178,164,120,107,24,18,64,132,224,201,168,197,190,50,177,202,266,121,43
250,75,190,169,144,152,71,59,240,32,129,15,229,180,242,40,219,253,30,271,270,97,27,155,77,35,86
238,227,31,246,225,57,191,37,74,77,255,86,134,6,78,16,190,194,160,154,20,148,69,38,149,159,83
90,30,88,115,202,53,190,35,3,45,234,180,172,69,155,182,125,251,121,131,58,156,24,19,89,145,146
262,2,117,111,16,222,97,65,8,116,125,96,201,103,0,73,67,51,28,107,268,211,78,18,226,196,75
154,110,219,117,206,168,147,46,197,207,111,259,74,149,205,88,200,202,119,15,260,183,91,243,246,262,165
166,5,97,6,33,147,64,88,109,103,238,130,212,11,85,63,128,56,15,161,218,207,198,196,187,157,180
225,173,217,131,45,240,38,90,23,54,81,162,277,85,146,125,134,119,175,51,30,121,70,194,158,276,24
119,95,55,194,89,83,276,86,26,82,191,73,54,126,85,39,63,6,132,25,20,193,92,103,221,137,114
96,228,146,277,214,207,197,87,155,216,265,111,152,117,128,151,23,194,184,134,131,259,76,104,241,85,170
227,116,75,37,156,211,34,149,148,10,190,11,185,66,215,187,220,177,268,175,77,151,39,87,200,27,47
33,238,34,162,146,188,99,107,211,235,8,88,237,68,195,206,86,177,113,204,175,85,119,75,12,222,80
227,225,119,111,143,205,255,275,252,235,6,97,180,86,208,112,175,149,186,8,145,46,179,239,202,59,155
26,19,248,69,112,147,262,44,225,123,238,149,157,96,189,25,137,63,198,194,108,237,12,124,122,129,76
277,209,35,138,136,143,36,21,88,226,250,202,94,17,194,235,197,80,30,177,38,166,58,125,222,216,241
94,40,228,241,276,8,151,262,45,211,147,144,124,190,119,257,84,131,272,102,227,180,152,53,141,78,205
140,186,113,166,274,245,88,249,156,226,259,106,200,27,130,118,45,95,176,163,54,75,70,76,89,117,137
34,148,185,28,107,226,265,122,93,111,25,147,89,188,78,80,31,169,149,94,277,278,35,238,100,239,123
147,148,139,90,85,209,223,144,219,71,229,211,190,83,204,265,6,33,77,177,64,266,162,38,247,119,88
83,111,119,214,39,2,180,211,240,207,147,166,145,223,116,122,149,72,171,227,218,55,121,87,26,4,277
186,13,20,268,235,85,223,226,156,70,148,218,3,180,134,107,224,171,245,212,272,207,108,139,190,5,202
159,183,24,178,53,36,23,30,175,46,269,75,51,192,225,0,136,266,271,48,31,157,126,249,247,196,181
211,123,268,39,119,82,228,75,181,45,219,31,118,239,224,212,35,69,183,53,209,193,255,96,66,24,29
272,254,69,211,27,53,182,238,112,57,140,25,63,24,58,251,139,33,114,242,40,157,224,4,218,270,252
70,263,130,25,68,57,201,202,38,145,237,188,260,48,113,132,186,265,29,256,217,182,261,180,110,56,197
248,143,224,183,186,83,3,63,36,255,250,201,128,61,86,34,39,276,144,237,203,122,106,202,57,88,74
119,112,116,187,201,182,266,202,221,106,43,72,184,218,128,130,71,143,91,85,161,277,252,58,4,216,66
207,78,118,255,254,239,126,154,219,209,228,80,144,148,224,40,56,138,45,234,55,113,88,44,38,12,71
275,71,124,149,78,182,189,226,224,21,72,144,30,154,244,183,122,5,197,229,217,186,146,255,92,199,194
255,131,187,263,34,56,66,237,68,10,140,265,203,123,23,259,227,163,218,69,13,88,219,170,172,234,225
175,152,248,252,19,143,2,259,212,63,6,46,157,238,186,78,108,130,85,131,163,257,211,203,201,255,160
236,20,277,96,0,57,97,120,205,142,32,54,138,111,225,206,186,237,170,56,135,257,51,245,129,204,235
179,248,43,88,188,122,57,70,187,71,36,269,4,81,227,177,186,252,76,203,238,175,37,273,108,114,180
136,161,204,75,85,225,13,24,116,223,265,174,252,92,98,205,273,91,46,111,215,16,173,260,80,32,224
143,186,205,88,114,276,121,68,14,157,277,165,6,46,214,20,262,168,29,25,73,67,263,195,64,104,278
252,265,117,182,109,185,217,8,155,48,223,218,227,202,129,72,164,93,9,45,186,68,264,151,157,77,111
257,90,96,89,70,185,130,43,36,147,48,242,186,219,118,11,111,31,267,202,24,247,273,248,194,160,91
92,272,255,53,71,20,218,73,93,87,10,43,14,61,254,182,33,237,196,207,35,215,26,25,188,233,203
31,82,91,96,51,238,235,149,86,121,148,59,194,61,186,204,32,277,137,180,75,189,199,63,69,146,205
170,160,126,119,130,203,231,248,267,202,118,207,55,125,104,82,28,275,53,110,224,3,35,228,107,123,54
40,227,257,265,117,244,78,272,119,246,0,37,53,123,250,10,220,185,277,76,147,128,190,58,45,155,14
11,243,91,75,121,272,199,24,86,29,198,2,58,109,160,92,245,204,145,159,112,85,147,268,114,205,19
157,76,217,155,164,78,277,205,19,165,32,170,3,201,138,194,128,56,203,107,249,82,88,87,25,4,20
5,107,179,218,224,33,236,204,251,59,192,90,32,71,147,34,74,63,247,17,15,112,185,168,244,223,272
127,64,4,31,66,214,168,181,233,70,112,67,56,29,259,8,81,88,71,182,59,183,256,190,20,243,266
89,90,202,86,207,121,245,241,106,222,193,103,219,147,41,46,77,93,175,189,6,102,74,108,53,80,228
263,133,107,154,211,4,257,80,104,262,181,261,40,66,186,144,255,120,226,223,219,125,74,234,163,177,155
247,202,130,20,23,152,164,65,129,267,139,271,27,111,51,217,66,75,156,169,157,197,45,26,205,103,95
97,202,267,190,49,119,43,255,240,165,14,131,137,168,133,151,270,78,189,3,268,166,87,88,262,53,85
200,97,139,20,111,215,43,244,34,171,218,26,116,172,50,37,143,82,273,136,190,45,238,195,59,186,2
218,133,98,241,34,53,249,56,106,172,228,76,83,255,29,35,26,33,18,28,180,216,91,202,51,168,72
102,8,30,19,207,65,80,182,231,39,181,107,212,90,163,16,146,254,183,170,133,81,200,159,132,20,118
107,73,114,32,196,87,46,119,93,252,176,29,139,117,246,48,23,277,190,247,84,89,5,254,189,88,170
137,238,227,19,225,18,190,185,207,186,75,183,181,51,201,235,85,139,70,65,117,71,272,120,82,106,131
147,6,183,65,262,151,268,23,186,103,141,117,271,86,82,127,177,53,216,240,83,254,107,260,179,39,275
23,78,194,149,124,186,225,165,160,224,1,111,98,18,162,205,181,134,198,120,44,218,59,58,112,263,227
122,74,240,182,226,140,5,64,16,183,231,131,175,78,33,221,198,181,273,145,252,108,113,130,161,154,11
50,241,86,90,71,117,81,58,23,97,59,170,147,48,249,15,258,51,202,165,74,72,163,84,14,75,206
118,153,85,132,205,82,121,69,66,262,15,151,107,97,224,226,239,149,202,276,145,23,181,235,19,163,207
238,267,265,170,211,178,202,148,195,39,23,179,169,26,87,212,124,149,91,187,138,69,24,197,154,146,128
234,55,166,263,121,216,183,94,254,5,208,252,112,151,24,17,20,248,23,250,227,26,97,78,162,259,169
108,106,63,96,118,208,162,252,243,159,248,160,253,24,37,57,122,218,139,229,186,6,26,275,219,110,180
143,107,168,176,149,69,181,67,114,186,207,58,123,196,66,272,31,235,201,131,269,187,163,277,34,265,80
142,95,73,268,90,178,11,164,31,26,118,22,257,263,156,199,88,270,24,77,245,259,262,216,119,146,188
78,81,146,69,93,246,188,231,131,87,277,200,159,242,260,144,216,267,108,2,82,182,202,219,13,145,235
20,269,80,248,128,134,217,126,113,194,258,136,220,25,262,119,237,58,170,107,51,252,49,166,144,130,98
245,156,197,154,225,221,191,30,37,182,186,151,75,91,69,60,168,194,140,132,267,26,145,226,211,216,199
224,171,30,243,261,112,269,66,31,218,208,238,97,120,55,53,195,159,51,207,173,50,96,28,153,24,265
274,94,121,176,80,250,128,92,125,252,227,146,97,15,275,56,50,117,12,235,210,31,16,96,98,260,152
130,3,188,268,30,205,241,13,187,165,45,145,250,202,266,254,152,40,189,125,29,6,124,178,73,207,186
274,80,45,207,20,136,40,57,180,186,66,160,145,276,68,127,227,246,14,31,67,134,151,107,265,29,199
202,214,227,19,226,165,66,121,182,228,249,102,176,160,177,190,2,80,110,35,139,29,187,172,20,185,221
203,130,24,221,32,146,251,8,197,77,50,116,244,209,72,87,151,139,23,119,96,187,5,277,190,19,40
14,3,206,211,265,120,145,119,20,267,80,102,176,187,147,29,185,263,5,223,63,107,162,60,168,85,217
277,6,11,175,185,184,201,121,116,31,221,205,55,180,51,243,108,45,229,67,170,269,149,236,222,126,212
69,228,19,63,20,83,120,50,161,18,96,125,97,207,65,246,26,164,182,237,278,189,178,223,168,109,149
73,186,260,170,115,81,156,106,38,207,130,266,120,69,79,274,202,273,97,193,39,146,88,234,142,93,201
22,157,247,80,160,272,134,162,238,18,273,2,91,117,3,72,203,181,249,156,161,259,69,66,122,187,42
64,30,273,15,34,82,22,219,151,114,69,269,186,61,264,190,118,84,276,24,97,2,272,200,55,85,212
215,63,80,175,187,180,18,250,53,86,70,68,165,271,25,125,151,252,97,152,190,122,159,273,145,119,272
259,112,118,18,69,170,140,24,22,2,90,205,268,85,169,54,15,202,98,149,261,14,76,58,239,218,86
231,5,245,143,196,250,158,216,130,65,11,226,134,75,219,260,84,142,18,30,129,194,78,110,108,149,8
160,23,202,3,265,259,43,194,189,86,64,45,149,53,162,255,227,109,275,142,201,267,207,69,29,106,146
53,112,77,254,2,129,26,78,215,119,171,235,69,219,67,262,223,51,3,159,263,149,87,85,11,39,222
66,91,226,156,4,202,120,35,275,214,63,56,133,182,30,83,36,80,40,29,106,97,171,28,118,197,90
236,110,225,271,147,149,51,256,35,201,202,87,146,245,61,90,240,126,270,143,189,158,9,223,17,183,178
172,36,277,156,250,60,33,127,20,50,225,3,272,216,249,8,135,63,265,125,235,119,201,178,212,85,130
129,147,234,133,35,145,110,262,195,202,103,64,81,131,275,58,74,168,50,3,271,248,63,87,96,240,53
43,102,97,194,185,277,169,186,0,273,228,226,11,270,12,206,237,122,37,33,84,218,143,182,121,77,127
248,235,269,81,254,129,134,250,271,120,23,217,201,164,226,207,216,145,95,150,198,107,160,152,66,111,228
80,66,269,272,170,235,130,107,204,112,131,200,242,243,6,119,263,95,127,228,157,208,36,258,145,23,190
249,91,3,223,229,88,67,188,195,139,77,147,178,214,50,31,122,11,42,275,17,264,174,224,164,145,182
252,50,103,38,71,137,256,257,265,114,85,224,154,229,18,271,179,277,170,269,255,275,92,128,120,268,82
250,88,187,31,207,120,40,54,131,211,25,30,28,269,265,277,262,164,130,20,243,136,234,97,102,58,246
189,192,31,173,88,45,70,108,182,63,146,19,143,210,194,203,131,75,12,201,53,250,67,120,82,96,216
245,189,119,162,121,216,277,254,102,45,239,36,147,264,84,125,14,219,11,31,176,34,200,150,18,19,187
212,235,64,202,86,125,20,214,164,200,195,97,37,69,18,216,76,181,111,80,131,139,268,169,34,3,245
163,59,205,98,45,155,19,263,17,89,92,256,48,43,224,124,116,16,227,68,172,173,133,192,210,120,145
154,202,149,53,128,253,63,240,97,143,270,250,120,102,177,205,241,190,118,129,6,14,66,17,103,10,247
161,134,257,53,61,275,122,37,189,93,7,14,112,240,51,36,233,259,163,24,181,237,69,65,248,260,184
184,45,195,134,166,276,248,260,77,138,257,108,187,186,8,61,87,239,42,156,207,23,85,266,197,160,275
241,175,77,263,25,272,275,249,255,95,83,131,224,87,72,74,143,80,211,93,271,61,216,71,200,106,130
75,155,210,135,216,275,15,212,261,181,224,248,64,67,225,154,66,142,56,160,122,148,51,214,219,96,276
189,76,123,227,1,203,12,65,80,211,134,2,147,107,249,88,214,260,110,56,215,60,14,267,225,20,118
33,252,199,196,59,256,24,114,45,117,2,249,111,218,237,226,149,102,120,55,5,96,130,71,151,132,58
151,85,19,45,147,25,226,172,57,180,71,275,119,157,207,179,51,138,127,186,197,190,109,210,277,220,112
26,40,250,20,223,91,173,118,64,63,88,241,235,174,168,182,130,191,140,86,82,19,265,24,234,255,272
140,249,201,40,275,26,35,187,52,189,212,114,87,97,19,276,126,66,69,236,204,160,269,16,208,23,264
1,40,31,72,226,113,186,123,170,189,45,43,144,78,195,17,11,257,69,89,29,228,106,247,219,245,130
248,234,202,75,85,69,89,134,254,219,155,117,252,149,44,186,126,90,274,76,82,197,176,194,34,15,40
165,248,34,14,73,112,178,82,161,168,108,111,16,139,277,208,91,100,229,92,20,24,159,116,35,4,145
69,64,31,275,263,77,92,156,240,72,98,244,63,37,45,80,162,216,267,223,148,204,112,96,271,163,211
147,236,257,271,275,269,64,149,112,96,189,95,87,134,131,194,163,246,211,252,268,102,214,232,111,277,50
29,88,95,185,36,195,25,119,274,169,21,149,102,211,146,247,96,194,56,246,68,58,65,136,66,105,31
2,203,46,244,186,164,112,218,58,212,189,152,220,219,86,73,243,179,160,202,51,170,159,196,207,13,128
120,187,189,198,44,180,147,99,10,146,247,209,3,63,269,235,162,214,64,190,195,14,58,74,85,82,16
259,44,76,58,218,46,267,31,142,25,19,134,264,212,139,225,114,14,170,179,147,207,2,113,56,145,115
122,39,211,67,149,204,126,162,226,63,108,161,218,28,93,227,198,260,205,119,152,275,247,65,278,110,45
236,198,194,272,205,140,12,177,130,265,11,248,89,164,172,66,8,112,18,162,135,116,255,277,146,142,138
168,250,45,177,111,8,223,57,95,238,114,277,212,107,252,58,219,68,97,203,202,179,240,186,0,182,201
255,197,201,31,211,24,27,86,217,110,213,190,274,178,73,237,20,57,157,240,44,32,189,108,207,261,165
139,43,63,29,119,232,121,65,168,149,36,252,266,74,159,116,208,218,110,3,35,18,14,66,1,207,97
162,182,28,223,252,235,45,39,239,261,90,12,30,219,213,41,218,145,106,203,272,180,112,0,225,67,7
188,194,161,151,192,73,107,272,163,3,51,89,108,129,207,201,275,169,36,32,109,263,84,262,186,0,203
212,216,194,201,154,129,218,0,165,186,108,45,259,103,245,3,271,78,86,53,117,106,97,227,197,112,77
264,199,26,267,55,169,151,180,186,277,73,237,259,6,222,163,45,95,108,77,270,105,213,262,250,116,201
262,186,69,225,134,107,219,85,116,276,169,258,6,207,56,40,94,16,239,149,73,125,61,182,173,156,32
248,44,166,117,257,66,228,269,272,108,48,61,63,10,119,16,92,23,18,149,106,35,29,186,118,226,183
48,119,269,37,12,64,234,109,272,24,78,81,51,143,207,108,241,225,260,107,179,236,77,266,201,148,216
204,171,0,207,170,103,193,169,241,154,8,277,248,60,26,118,187,120,68,131,14,65,3,134,152,259,102
71,223,217,134,24,5,251,64,3,152,172,212,38,83,77,118,80,222,141,96,11,154,146,176,73,205,37
183,26,261,182,38,216,54,45,0,71,159,75,247,179,248,112,122,132,121,260,83,210,73,215,168,233,18
56,91,92,224,83,239,64,33,163,24,29,27,219,275,204,251,189,28,102,66,194,173,69,50,131,268,43
241,128,223,202,276,114,92,256,252,212,197,63,185,119,135,18,73,168,23,97,182,146,265,161,257,68,210
38,37,181,172,8,73,196,192,215,33,52,226,204,24,186,44,3,160,224,146,85,119,80,57,197,252,126
96,222,108,186,112,147,151,182,29,45,219,251,71,246,209,3,48,125,168,20,190,73,66,205,36,266,138
125,16,207,97,145,195,56,272,250,82,264,108,227,28,186,111,211,233,198,129,24,191,74,151,277,202,19
250,190,86,16,238,253,212,97,69,103,134,20,145,192,40,83,254,77,135,220,51,154,162,54,272,271,18
181,264,126,43,260,263,106,272,262,189,103,231,16,191,58,240,162,128,201,211,75,166,71,271,54,118,170
88,251,24,151,177,157,54,125,51,235,18,212,181,65,11,189,231,2,80,123,129,237,23,170,100,131,9
271,173,250,106,237,239,170,43,266,57,54,73,276,207,203,88,119,157,217,264,223,145,147,6,254,120,186
171,33,262,206,199,3,17,257,235,255,138,26,149,183,110,53,82,45,275,207,100,5,108,228,49,37,244
225,97,271,269,130,77,49,19,204,240,176,137,277,227,205,189,171,212,163,45,224,161,74,274,110,114,78
69,246,59,85,48,103,197,2,92,78,172,95,258,278,137,109,205,277,176,212,114,265,112,108,242,25,83
111,186,231,43,125,145,17,119,201,260,96,147,212,117,9,8,236,262,76,217,175,4,177,160,214,277,53
110,147,2,23,131,29,95,67,53,189,199,24,54,80,278,249,277,188,262,228,69,106,231,61,148,117,90
204,88,163,217,179,208,38,8,132,5,66,216,125,6,24,73,123,218,68,273,86,46,3,23,212,154,13
147,269,90,168,205,177,76,43,102,123,41,207,31,145,159,48,257,81,116,112,238,166,23,85,113,202,155
78,97,113,179,169,131,245,204,274,212,21,130,34,44,224,259,139,260,41,275,144,183,271,149,222,64,152
187,227,124,252,144,76,254,164,257,235,22,65,108,259,46,94,131,217,225,157,119,77,111,121,52,69,71
58,208,4,275,147,100,57,45,277,251,245,207,179,17,11,167,265,272,106,56,250,108,95,55,214,172,96
32,216,66,52,83,112,82,48,97,247,211,64,257,270,148,180,161,170,55,179,267,37,162,146,101,74,131
274,257,117,20,185,5,121,228,81,165,246,28,25,149,186,78,270,19,157,241,214,86,8,269,102,138,139
216,168,235,255,44,276,126,257,194,214,228,152,146,5,18,122,238,52,134,115,3,102,179,164,13,250,91
43,140,19,160,209,178,146,44,263,273,45,185,34,109,202,205,88,66,262,68,272,73,145,114,165,71,105
25,187,2,123,267,168,18,140,245,24,10,238,45,120,32,27,200,90,163,104,182,69,269,110,172,234,225
88,114,191,51,103,218,87,12,251,186,100,156,40,168,137,224,163,124,7,212,239,197,172,265,181,74,120
260,29,248,277,50,3,212,57,269,163,247,208,204,106,58,149,206,43,96,238,169,151,170,250,20,81,201
80,228,255,55,15,3,19,249,124,194,57,73,165,250,209,25,133,210,189,20,276,75,24,233,163,246,126
219,178,249,38,23,229,47,209,170,225,254,145,3,75,119,275,202,78,267,144,198,130,162,122,60,30,228
146,51,233,20,83,88,145,232,223,198,252,257,130,43,75,247,132,272,106,133,201,73,192,55,183,227,218
194,134,200,212,1,139,45,122,20,70,207,221,150,117,128,183,254,106,240,29,275,201,163,75,186,209,67
248,107,101,241,24,51,240,274,228,214,238,38,183,182,224,218,239,263,102,18,131,255,31,37,110,85,270
34,101,134,135,184,63,45,76,42,85,166,94,275,262,119,5,247,78,150,237,2,116,185,14,189,20,245
147,28,11,194,182,118,25,180,16,148,221,51,68,206,134,168,135,142,23,272,101,162,202,255,37,186,263
217,6,70,123,0,40,115,16,34,266,50,92,172,77,119,243,152,134,259,56,234,66,35,163,8,248,81
155,146,247,229,237,216,27,88,85,71,73,199,63,102,5,245,255,200,77,45,120,74,177,23,81,84,251
77,24,109,237,26,51,31,186,135,111,130,189,13,27,9,136,218,119,107,244,219,97,122,6,224,73,99
136,189,147,277,8,1,34,199,155,186,29,86,192,84,231,165,256,218,248,24,168,77,159,45,18,274,178
187,107,194,117,198,80,67,24,224,72,101,19,145,200,37,20,247,249,195,118,265,43,26,211,179,270,139
58,190,40,43,277,226,47,217,29,171,75,181,257,2,64,108,134,206,166,263,221,135,80,20,259,19,97
81,163,180,18,182,201,270,97,4,203,149,187,38,267,244,39,151,118,52,273,88,70,23,218,272,71,98
117,109,260,148,32,194,84,95,137,212,63,66,171,64,57,227,125,173,31,77,272,238,33,19,26,37,263
45,63,25,177,12,184,188,2,125,29,20,38,152,55,169,132,277,146,251,102,207,84,161,255,252,1,216
225,218,96,267,103,202,66,211,277,85,11,198,223,201,46,45,93,72,16,86,272,145,114,63,188,177,258
146,29,77,189,96,243,113,202,133,27,25,50,90,201,102,248,195,53,251,45,165,223,33,222,63,214,41
43,45,65,9,117,153,34,273,143,41,189,73,163,85,201,272,131,32,80,154,255,95,157,36,40,193,82
20,201,275,184,223,169,214,216,37,225,134,95,245,205,255,159,190,80,86,224,219,9,34,188,33,202,73
10,132,277,155,99,263,120,113,112,66,251,252,160,207,186,26,34,205,212,107,272,221,255,157,159,67,108
170,240,148,45,117,18,20,157,71,252,239,93,238,249,219,227,66,36,32,147,85,58,143,39,212,74,140
109,55,106,265,183,241,198,2,277,263,75,149,86,257,85,97,154,61,196,250,111,21,29,117,227,207,180
277,168,130,266,194,26,64,86,154,195,153,134,157,15,269,81,128,4,240,92,96,200,125,122,110,252,37
58,155,28,140,125,224,12,45,253,134,69,118,220,207,187,160,182,197,109,275,202,95,236,81,255,78,122
114,20,153,146,77,274,140,228,208,124,251,34,186,33,88,198,266,238,81,19,269,253,200,49,252,192,176
183,182,51,275,262,161,159,89,110,12,77,32,60,240,81,241,53,250,265,202,179,14,218,2,209,50,74
147,40,85,252,160,16,259,119,71,213,110,75,31,14,153,61,67,52,32,174,265,163,145,278,159,25,165
123,207,74,43,111,73,149,192,266,163,145,82,249,219,255,269,83,93,201,189,200,12,265,119,263,3,6
241,108,106,72,74,67,161,36,63,31,275,259,249,216,48,2,131,93,277,29,151,187,252,92,32,172,218
182,105,49,241,104,129,227,83,114,275,19,43,186,77,270,37,277,235,163,248,8,45,86,51,225,89,67
136,269,198,108,218,102,46,222,211,275,229,85,16,68,149,51,106,97,32,64,87,263,244,78,261,177,151
75,164,70,212,163,241,157,169,138,98,13,128,63,142,271,97,186,87,238,18,178,30,207,27,114,112,58
112,48,88,242,186,254,13,107,109,41,96,106,272,182,138,89,33,123,1,84,104,71,100,251,187,74,26
63,124,112,191,164,224,20,3,55,125,80,195,188,91,143,198,163,212,66,6,207,178,30,134,41,189,186
6,220,51,233,33,95,61,15,267,120,77,172,125,211,200,103,274,70,136,224,57,3,87,82,43,170,245
187,16,194,88,180,275,53,234,254,213,212,57,181,155,273,217,157,55,235,241,118,51,20,189,36,186,277
83,186,31,205,73,107,178,217,79,189,15,81,168,30,151,199,211,224,77,69,85,271,216,66,113,134,37
163,18,179,40,207,45,267,114,262,275,187,82,29,88,6,66,102,134,145,264,87,257,135,52,235,255,165
227,22,131,259,168,204,262,20,101,196,114,276,23,272,270,40,106,189,13,266,31,209,271,241,35,194,125
222,170,63,206,88,91,27,78,50,56,69,166,89,19,16,24,223,160,168,264,212,228,109,111,149,257,51
180,110,77,216,177,133,269,255,186,139,81,169,126,18,265,3,178,209,185,88,189,223,8,225,183,46,250
154,240,31,3,108,10,33,137,226,187,205,78,115,224,93,45,206,52,6,207,148,271,61,20,219,247,56
16,266,22,98,25,195,255,95,212,37,35,163,209,73,199,218,15,259,263,138,8,147,216,6,111,205,250
86,58,185,45,211,212,66,23,130,205,51,189,262,199,259,202,217,113,106,275,270,252,137,112,96,2,234
91,40,132,32,85,269,175,180,137,58,219,266,168,24,18,254,54,87,108,183,149,9,257,80,151,63,172
1,262,74,267,172,272,86,224,159,63,264,255,197,130,95,205,3,233,275,107,91,199,200,168,235,82,216
180,91,134,35,112,11,200,178,243,186,87,54,19,96,272,22,92,270,207,239,23,34,121,128,247,266,168
217,248,175,20,237,254,259,168,207,223,119,156,152,186,24,125,29,234,247,206,31,190,153,241,64,21,170
212,219,121,186,89,215,32,106,177,81,15,64,72,87,269,205,180,249,140,39,211,239,165,92,204,58,51
186,69,10,78,151,133,171,170,131,190,31,34,119,30,266,155,92,247,235,152,229,233,61,178,225,101,91
20,65,48,231,8,58,211,81,229,38,66,272,87,146,249,97,73,219,256,161,18,112,175,5,266,166,179
34,212,209,130,201,38,144,26,185,48,143,147,113,253,192,128,154,73,115,200,15,88,7,14,145,205,149
218,121,151,119,108,60,215,216,110,16,118,38,33,66,181,70,255,219,163,246,86,4,209,107,5,203,84
197,97,113,238,122,74,248,17,136,38,33,190,183,44,26,237,247,106,63,216,70,207,227,143,157,209,116
262,93,114,171,247,120,53,237,36,177,9,127,202,34,57,51,100,165,181,85,214,189,149,128,225,1,28
165,227,169,68,276,72,34,45,145,48,16,210,24,131,100,125,162,149,204,255,65,18,139,29,32,31,214
228,37,203,168,163,156,221,272,265,241,65,248,73,179,194,118,172,63,153,91,108,92,102,277,154,275,257
250,220,125,209,172,104,266,156,85,204,72,255,175,252,151,67,109,9,183,134,145,33,16,14,245,119,272
210,125,92,91,195,95,107,131,277,34,123,30,172,14,98,102,8,65,109,75,55,39,170,163,48,33,202
163,123,16,250,182,180,222,172,275,161,25,187,15,114,77,57,189,162,140,228,207,85,116,171,277,72,119
45,65,86,212,144,260,149,26,136,257,219,255,77,75,64,134,119,105,131,252,269,91,29,58,66,242,194
88,148,172,212,252,203,187,80,139,61,75,26,111,57,21,28,188,81,77,156,19,166,222,15,275,144,213
107,269,271,5,98,163,102,250,148,192,125,23,108,247,117,212,235,238,69,267,139,87,216,155,71,8,179
170,171,122,56,103,65,175,183,275,5,16,235,53,38,138,254,216,78,145,69,140,48,151,146,162,219,255
237,265,29,84,142,263,120,223,20,233,262,34,144,128,219,77,93,66,264,162,163,224,126,132,140,267,115
219,96,43,187,221,215,15,80,179,87,272,40,89,58,45,243,109,190,277,151,106,212,61,238,257,12,113
44,45,111,97,263,171,269,131,207,42,235,136,15,120,71,113,27,88,89,94,23,262,143,152,34,90,83
71,64,224,263,98,277,134,181,2,35,199,261,249,6,36,82,175,116,227,275,237,75,273,118,8,154,135
20,63,226,223,214,3,211,6,248,273,221,247,188,255,263,26,121,16,97,132,119,218,65,145,252,141,217
23,85,95,36,162,263,116,247,207,75,260,120,208,189,125,270,107,269,267,218,190,186,182,181,19,275,132
81,74,172,65,144,270,235,130,161,162,119,216,227,107,97,5,31,165,29,122,189,206,55,149,93,148,182
170,131,68,19,186,177,215,75,219,134,88,120,277,217,250,267,89,175,94,20,34,6,15,271,146,28,183
26,90,188,36,252,275,21,120,67,207,195,246,247,83,53,127,48,174,257,34,206,40,45,201,72,25,133
137,216,214,157,63,120,74,250,156,277,263,255,197,48,16,246,224,34,127,85,170,22,103,267,164,187,172
51,3,188,26,209,222,84,130,238,109,212,33,34,154,223,239,170,268,114,144,200,64,177,86,252,157,15
240,212,247,210,275,277,52,237,90,112,34,151,166,17,257,204,132,245,220,258,74,143,224,80,78,136,63
36,124,108,71,13,212,19,175,132,91,111,128,51,90,182,172,224,265,97,11,52,241,250,200,95,24,248
182,17,90,83,259,197,271,13,153,205,33,80,229,277,108,118,113,275,3,163,57,201,162,117,131,69,19
273,235,8,164,124,2,243,15,130,23,227,162,252,138,119,85,88,61,207,270,245,16,146,220,163,155,53
194,259,85,196,107,34,187,272,195,269,181,112,192,96,159,201,216,136,25,89,88,262,231,54,128,28,20
163,182,69,192,20,139,200,29,146,259,131,183,48,205,76,269,238,270,196,107,149,3,80,77,151,63,111
35,165,170,182,241,61,20,111,112,171,91,122,83,4,23,116,117,15,269,124,89,69,139,278,235,98,146
124,216,268,245,36,272,146,65,233,117,85,247,74,198,172,169,162,98,165,34,149,15,60,38,192,189,277
73,56,10,250,24,139,36,16,60,266,72,130,118,102,145,225,117,237,23,259,2,92,183,122,248,27,228
108,154,180,172,169,170,90,104,202,81,235,185,82,23,70,16,95,140,42,212,179,175,233,253,114,198,216
65,92,225,81,16,29,52,33,157,119,95,90,270,156,131,134,117,107,123,61,218,266,207,237,64,143,98
15,8,174,102,259,134,269,111,28,26,89,125,266,275,199,221,181,156,194,172,90,56,177,231,2,226,186
255,149,88,168,16,18,252,38,84,54,20,58,25,277,180,32,156,179,265,272,125,259,30,187,114,239,56
130,23,233,133,116,171,156,222,227,263,65,131,218,195,196,22,253,129,248,20,180,170,250,48,114,231,257
169,151,171,113,38,172,207,265,88,275,255,178,15,77,120,108,46,105,240,45,217,199,55,90,143,126,29
32,80,75,3,64,172,39,96,92,237,122,108,140,130,29,110,145,254,196,139,45,135,77,147,189,12,204
228,108,179,32,133,23,246,249,141,129,75,277,121,68,227,212,74,106,118,257,194,271,135,252,187,239,16
3,145,48,221,63,116,164,186,225,10,229,112,157,93,11,82,235,0,255,222,187,165,201,88,143,241,137
130,105,180,161,29,32,172,235,232,260,20,166,263,36,164,204,53,106,171,201,107,90,102,136,91,251,233
168,84,106,18,262,2,85,11,145,160,128,240,219,223,131,208,68,272,90,254,226,118,58,16,207,78,71
269,66,82,19,156,275,51,95,58,29,178,96,236,106,155,240,73,81,209,61,89,149,38,257,85,229,205
277,221,217,257,271,128,92,255,97,175,227,237,189,134,207,216,197,229,38,35,57,88,198,19,169,8,190
36,68,51,218,19,69,114,180,181,186,39,16,161,31,272,190,25,164,157,160,117,179,23,269,134,220,32
19,93,159,146,5,107,144,34,241,52,23,74,161,267,88,216,201,171,20,194,181,254,200,11,222,163,272
169,170,95,277,259,45,162,136,147,228,182,14,245,16,211,273,255,10,123,219,112,118,181,65,192,134,196
88,29,278,170,85,80,107,160,255,168,65,13,254,188,206,35,24,209,31,43,26,201,226,202,240,108,269
58,259,270,35,214,146,3,207,195,255,272,179,16,69,45,128,248,264,194,224,112,246,30,78,156,83,220
145,154,29,244,67,24,47,91,37,205,130,269,131,88,108,165,245,233,239,180,215,170,118,86,79,214,78
73,68,271,202,51,72,252,112,24,0,259,265,250,121,219,46,156,157,50,275,216,218,48,145,168,269,102
154,262,217,161,240,200,277,40,241,182,3,20,177,234,28,148,7,260,66,86,252,114,106,50,255,73,196
95,211,77,275,75,227,20,38,86,214,55,31,0,119,200,139,272,63,118,221,255,3,43,246,34,70,205
51,119,20,73,243,53,107,125,258,227,48,121,189,163,1,268,0,66,118,70,190,271,92,55,237,240,28
168,237,102,151,66,109,154,23,71,261,58,199,20,46,78,117,277,227,35,180,80,275,264,226,139,104,212
2,39,120,187,277,218,64,139,75,238,80,92,172,136,88,181,66,111,257,209,186,199,163,188,147,182,6
189,81,85,151,145,35,18,7,246,172,237,183,149,33,277,83,138,11,63,216,164,129,103,269,147,44,202
228,136,13,255,143,272,70,88,276,57,51,132,148,90,77,269,103,252,96,82,170,244,139,190,212,92,18
238,64,145,31,148,268,221,89,245,26,54,211,243,159,140,169,69,7,156,254,250,61,241,126,125,17,48
187,109,250,148,121,210,130,45,40,189,263,106,207,51,59,143,223,224,183,180,175,201,135,181,165,9,272
96,137,193,213,223,103,28,166,58,140,73,25,202,78,247,31,264,226,201,183,24,231,240,54,6,218,146
116,157,97,123,3,202,77,37,41,217,23,262,82,185,252,245,20,1,85,138,207,165,50,34,146,154,43
218,214,64,124,151,178,212,195,136,130,43,68,183,45,199,264,168,180,234,24,82,63,101,128,259,147,223
169,72,147,248,93,255,238,73,27,145,247,87,235,265,118,172,202,55,199,262,63,216,229,244,154,66,243
61,214,45,125,113,270,12,265,252,128,130,81,133,11,222,19,251,194,122,273,245,69,120,277,235,26,9
121,89,88,163,190,66,180,173,179,51,269,237,225,75,85,67,216,87,26,17,7,111,117,272,29,135,113
218,220,32,46,119,168,160,122,239,176,3,151,30,43,146,253,26,150,159,228,249,27,238,208,252,264,118
93,15,64,118,277,52,155,157,227,247,69,225,171,71,208,186,63,75,25,160,101,51,271,19,62,35,134
33,202,136,85,190,201,267,208,102,96,234,16,129,276,109,217,103,119,8,116,99,252,195,229,45,44,111
252,163,157,271,145,43,217,164,34,133,214,186,24,197,250,255,92,190,75,114,18,175,76,262,242,166,170
248,51,182,134,63,23,57,126,262,66,73,234,102,200,22,147,235,129,40,169,155,3,240,241,16,268,92
11,141,42,182,194,251,272,136,176,66,2,208,167,275,223,63,51,249,199,240,32,6,265,88,255,58,138
15,63,145,46,96,201,108,217,30,196,238,157,248,175,221,162,266,180,66,82,118,176,106,154,195,125,254
265,131,249,214,134,211,112,251,186,212,201,13,231,40,70,51,39,63,256,198,20,237,268,207,250,22,26
28,177,220,169,195,26,129,210,64,77,160,23,224,266,217,82,255,102,43,3,204,17,12,118,66,158,34
177,224,187,147,156,218,19,53,55,16,6,97,44,51,164,263,24,257,148,112,186,250,259,86,111,227,219
215,265,44,162,47,273,45,142,112,111,118,147,190,7,51,176,74,186,75,211,196,50,24,6,221,255,220
76,89,224,103,90,254,255,52,175,112,226,166,163,29,171,168,59,61,72,195,268,201,223,245,129,95,102
237,119,202,270,235,127,86,164,45,275,138,17,122,99,183,106,121,172,51,70,110,250,116,67,3,108,87
264,227,157,107,194,122,34,168,223,147,184,204,275,21,58,50,197,175,277,201,226,128,200,211,88,273,159
129,171,110,154,74,239,265,221,246,66,182,165,178,6,16,263,134,77,186,71,233,227,270,63,201,34,44
26,252,245,163,44,275,149,251,14,33,177,181,207,28,257,194,145,13,170,86,111,151,66,19,274,168,92
107,209,108,227,234,98,170,255,275,96,183,43,49,226,78,219,134,48,180,179,206,233,72,57,75,163,159
122,49,165,77,236,114,45,136,264,161,80,106,172,12,20,91,86,155,244,262,247,259,163,65,119,224,52
174,217,164,1,45,8,108,88,175,145,120,254,97,92,131,67,107,101,277,72,71,106,33,51,186,171,82
263,219,278,181,112,186,208,99,139,225,103,270,239,165,164,251,227,90,240,245,110,39,216,272,107,168,69
114,111,27,268,39,189,125,211,45,259,257,247,265,71,200,75,22,172,52,216,249,181,18,209,202,159,162
118,68,73,266,166,147,20,248,36,204,32,239,218,119,154,262,211,125,259,257,34,96,183,149,18,3,107
20,75,138,63,182,219,88,203,147,16,89,212,11,81,207,240,35,190,106,118,235,223,191,122,127,216,74
88,74,45,6,126,83,111,260,232,54,87,97,201,120,165,166,263,5,204,262,138,55,137,183,117,33,143
35,273,58,98,148,251,241,171,267,181,93,24,248,189,45,145,21,43,277,119,275,186,254,83,180,197,201
161,73,81,148,115,64,149,88,129,108,69,248,273,131,46,249,177,190,247,48,204,109,90,163,225,162,3
63,101,106,231,33,0,244,97,53,234,186,88,111,185,216,12,43,267,52,86,259,119,260,118,145,58,202
263,85,17,205,252,112,15,130,255,224,145,32,43,2,23,201,82,159,267,200,70,26,126,169,136,46,157
206,92,86,128,75,65,115,50,106,181,250,73,197,74,269,129,32,14,194,29,90,278,135,111,157,43,211
86,165,136,108,75,239,238,25,109,240,269,233,250,20,273,204,31,63,19,119,67,202,68,97,254,122,32
