161,77,234,146,242,19,186,214,153,80,232,100,253,29,277,75,169,56,265,170,114
117,58,86,161,30,74,150,120,40,138,257,123,76,265,143,82,260,52,226,197,151
14,159,27,165,92,215,265,149,218,172,125,20,201,44,53,31,78,73,267,202,261
118,254,77,87,268,43,15,247,211,257,0,74,187,264,207,63,267,45,275,111,188
246,156,64,8,5,83,204,164,108,2,66,250,266,231,226,201,35,120,122,155,233
277,69,121,125,212,38,102,28,98,224,119,265,37,247,134,207,43,116,29,80,259
143,134,161,189,35,216,16,211,126,63,225,213,273,3,32,190,268,91,67,106,251
102,13,86,265,255,28,20,272,108,85,90,96,67,11,163,112,237,189,252,214,203
55,241,264,45,193,156,216,47,43,239,16,26,130,78,113,272,80,29,250,70,162
218,237,15,73,71,206,171,67,277,56,177,186,131,254,52,19,179,123,85,269,119
211,31,9,16,264,272,44,7,69,186,190,71,208,215,80,77,223,45,198,12,82
80,94,216,25,29,241,266,143,63,36,255,122,151,225,276,66,239,69,257,214,75
111,66,250,92,170,195,277,0,276,25,46,145,19,278,102,119,83,32,199,1,183
128,201,51,45,192,224,30,20,245,216,160,166,240,78,194,25,122,226,63,4,271
111,150,132,264,179,189,271,41,45,263,265,72,272,135,92,9,102,234,29,192,123
3,148,214,43,149,143,66,276,205,212,78,63,9,177,197,269,199,138,227,123,107
187,73,139,268,118,259,119,58,64,120,208,2,34,241,233,15,66,89,17,209,202
175,28,244,180,160,8,241,66,36,55,71,104,46,143,23,155,177,195,270,20,261
121,197,201,151,218,160,235,58,245,76,74,55,143,206,182,122,123,113,2,172,146
77,207,8,146,33,215,265,2,67,53,93,262,218,14,46,168,199,64,187,71,74
252,168,86,181,0,75,233,24,175,120,200,257,68,56,147,93,163,84,212,82,78
214,194,199,95,96,12,269,111,187,163,263,176,84,238,98,135,245,17,54,29,82
20,113,23,96,161,215,152,239,172,63,262,240,159,117,274,149,103,216,189,87,88
127,130,179,258,40,52,202,265,34,44,53,129,166,135,228,155,19,72,85,146,217
199,66,122,44,157,103,107,109,54,273,189,55,58,156,108,96,90,240,158,72,171
265,54,267,82,50,19,40,237,93,57,252,138,188,146,3,48,141,122,182,39,97
45,197,139,263,194,63,34,96,223,190,73,123,19,130,120,247,108,0,237,88,227
66,31,75,25,269,119,252,19,96,89,205,218,93,202,56,275,120,65,222,38,155
237,103,71,207,69,3,33,54,194,109,268,211,134,82,20,158,67,26,91,149,13
32,165,190,85,219,18,119,258,39,96,252,172,178,70,203,249,13,235,128,216,69
277,156,93,100,140,208,259,187,66,32,5,169,189,50,274,183,167,224,111,218,120
160,233,9,186,136,176,85,138,96,249,162,48,272,157,241,212,8,18,153,225,211
66,237,25,215,81,26,80,90,236,69,82,148,173,202,205,124,108,277,259,198,41
173,233,218,208,63,65,106,237,87,168,199,263,146,147,26,25,85,154,51,116,73
165,119,186,197,57,227,199,96,63,207,16,32,267,144,265,131,20,92,55,114,240
110,51,68,80,225,5,207,16,211,55,194,259,85,43,26,190,226,224,218,116,178
201,133,214,13,216,191,233,61,108,23,24,49,106,275,152,112,69,85,41,249,205
57,0,188,272,145,45,203,186,212,128,259,156,207,234,36,75,211,136,38,84,250
109,33,95,141,8,119,147,168,187,252,40,123,121,221,135,159,68,82,77,28,126
267,64,2,31,254,237,72,73,168,243,188,106,259,247,119,266,149,245,93,78,16
155,67,263,8,43,26,211,235,86,269,152,182,110,149,74,136,209,31,108,16,85
221,39,76,97,277,20,9,209,194,29,206,88,251,63,267,226,181,225,120,204,14
69,211,159,35,63,103,20,214,45,260,11,148,34,19,136,122,228,3,85,249,107
95,83,240,162,187,261,43,259,165,269,3,204,254,207,202,2,73,248,197,182,72
119,96,235,106,137,124,149,272,123,102,259,3,224,82,43,117,30,8,253,241,36
162,276,234,180,170,109,146,34,264,54,102,28,117,243,201,72,40,88,209,130,273
97,164,265,247,26,37,210,202,163,79,144,240,24,139,190,85,51,175,216,153,80
50,226,249,278,143,233,176,37,15,123,48,260,32,212,108,56,175,165,240,225,182
235,19,123,129,195,149,53,275,158,241,166,171,95,106,103,179,140,73,246,55,262
83,20,28,29,140,165,68,45,241,207,120,214,136,168,139,225,198,73,26,151,86
146,117,132,24,244,15,152,66,113,227,8,58,63,76,202,241,87,180,26,82,17
158,277,111,179,275,80,225,16,149,48,146,10,233,214,216,150,273,9,58,263,83
123,146,151,239,96,71,45,207,187,95,68,130,183,180,206,82,26,23,31,106,20
238,11,67,241,146,38,248,128,80,56,117,46,276,4,227,77,40,172,15,83,126
117,277,241,178,121,10,215,96,220,72,228,138,186,114,151,236,146,123,177,267,255
52,255,111,90,26,248,79,0,123,134,138,202,211,261,239,78,205,184,165,254,18
16,29,43,190,121,219,187,28,194,128,40,223,80,203,249,276,239,227,113,146,77
30,247,6,211,25,34,154,220,199,249,157,266,139,161,45,113,183,217,146,82,162
199,268,117,30,6,227,114,61,270,275,19,139,74,58,191,142,187,157,182,8,180
162,185,125,29,275,36,60,54,135,104,91,259,95,14,75,263,187,53,89,87,268
186,6,201,189,231,275,34,20,96,163,33,98,13,114,259,45,267,30,173,108,24
15,252,102,90,248,37,110,43,58,63,59,206,165,71,130,197,56,33,180,54,246
224,18,156,76,155,23,244,72,217,80,189,43,3,274,221,258,57,61,262,186,192
252,11,218,216,147,247,139,133,74,44,226,207,27,137,172,25,57,35,155,277,177
19,23,197,2,24,228,277,123,67,190,168,163,207,254,192,219,142,51,229,133,255
56,33,96,72,224,31,18,177,216,75,118,57,29,165,238,223,138,9,95,255,142
29,207,149,48,44,63,217,90,72,202,110,246,134,157,128,138,10,86,201,146,168
121,181,116,13,183,266,4,51,247,17,25,124,45,248,57,211,103,131,152,214,114
225,275,29,181,26,45,139,88,190,47,108,168,164,78,67,27,226,20,92,102,125
102,275,19,155,134,205,107,32,252,157,29,137,200,242,18,225,106,119,204,128,28
2,265,82,194,80,108,159,275,40,24,1,209,85,212,248,73,74,3,23,41,237
252,188,88,52,102,118,238,116,50,147,269,219,185,111,97,215,156,257,120,121,199
172,235,116,64,111,180,20,219,188,134,27,131,237,88,92,187,97,241,77,139,24
20,135,83,169,189,245,217,251,201,32,84,3,195,267,134,162,90,255,55,33,185
272,63,112,241,214,237,16,250,249,20,19,242,255,172,40,118,271,48,108,73,177
191,57,54,190,120,125,84,128,159,145,15,269,2,34,164,88,95,243,139,178,194
53,114,145,2,34,48,60,201,252,109,214,212,210,3,90,146,33,261,32,112,260
199,121,235,216,201,8,102,211,91,23,182,33,258,187,240,73,248,252,150,270,161
247,45,28,51,9,246,144,257,169,147,53,134,33,166,160,1,112,31,278,265,69
208,129,108,238,195,34,84,28,137,218,267,23,166,212,202,63,104,24,197,144,121
242,58,21,120,117,265,108,73,57,149,139,212,186,205,112,64,122,255,20,119,78
211,17,157,80,238,186,179,92,45,93,239,143,160,233,110,108,144,226,243,81,69
124,19,168,46,61,26,140,221,143,233,155,157,218,212,277,216,186,145,6,109,127
208,253,22,143,186,164,127,246,252,218,140,224,201,138,151,35,163,77,87,205,177
5,107,87,263,20,120,63,45,217,11,159,248,85,145,114,26,66,176,259,192,79
107,218,106,151,0,196,152,108,19,155,176,254,187,261,27,245,20,110,183,140,33
189,89,244,227,164,174,85,134,8,200,48,81,175,132,247,57,65,26,129,131,91
69,53,224,265,207,66,268,172,266,84,115,86,212,146,22,74,9,183,32,3,139
161,119,102,265,83,85,125,35,219,184,14,110,30,20,211,43,68,8,175,23,212
261,115,164,152,149,212,157,35,83,240,30,177,205,140,235,91,170,266,172,211,163
235,16,243,169,39,266,270,187,43,17,195,129,157,190,20,106,191,23,180,142,179
72,119,112,79,65,160,92,223,136,247,63,64,108,109,75,262,86,249,190,29,133
215,192,178,134,227,140,64,69,254,130,241,29,239,38,149,98,113,30,23,214,8
151,98,259,247,219,103,88,12,46,86,23,208,131,139,271,268,71,257,36,31,165
24,20,187,110,97,3,81,219,194,38,121,271,254,259,66,154,111,126,225,35,80
223,227,68,43,209,273,151,277,145,166,16,163,78,243,188,152,189,66,157,169,122
195,252,262,77,78,170,272,164,232,92,49,114,31,139,37,8,51,107,240,32,167
108,170,223,31,263,249,120,277,147,112,252,239,68,208,106,71,48,3,87,189,183
98,180,71,248,216,224,145,117,165,32,255,35,45,261,270,215,8,277,50,155,58
61,89,207,74,119,16,265,252,239,228,166,206,255,30,168,69,164,6,210,160,120
53,258,77,241,137,51,52,125,131,233,86,248,45,187,161,246,228,59,107,145,207
32,243,103,22,30,64,183,122,134,218,145,86,206,225,51,20,261,268,33,249,18
37,164,124,277,20,66,187,19,227,95,212,94,273,5,269,262,103,211,168,266,252
186,20,270,17,63,114,172,216,263,251,250,266,148,132,155,18,100,28,103,36,2
183,164,255,273,18,43,160,89,259,128,112,250,26,66,149,127,248,271,97,69,163
80,82,75,265,266,197,147,18,53,225,247,209,88,212,231,277,33,37,196,250,162
236,194,77,201,5,248,176,105,168,118,125,75,228,121,246,29,256,35,34,277,92
179,97,166,110,254,147,217,47,277,139,187,195,86,79,128,16,20,218,119,225,88
198,97,170,248,171,202,96,251,264,247,231,145,27,11,118,3,252,106,20,220,183
88,14,226,273,169,89,16,70,217,134,57,201,128,23,205,238,200,163,63,166,222
211,265,245,77,197,80,33,65,69,8,269,235,121,237,272,255,117,214,40,114,82
114,115,160,177,14,183,12,219,18,92,259,269,265,43,202,103,207,211,224,260,216
165,29,164,110,223,35,196,24,204,151,220,37,263,126,275,216,45,154,121,269,265
172,254,77,132,240,53,193,37,269,225,34,191,207,173,26,224,95,223,110,36,52
78,8,156,240,108,82,123,195,151,147,19,254,74,164,249,5,112,161,91,189,247
97,131,168,149,179,28,120,83,50,58,172,166,15,220,80,123,181,146,165,223,130
114,18,257,214,14,82,93,66,99,200,207,108,165,89,216,13,88,134,91,128,182
55,18,263,140,249,165,164,155,67,275,103,19,216,186,66,201,260,179,171,195,176
237,45,207,94,155,161,3,268,34,74,87,186,83,159,43,138,204,9,162,2,67
137,259,274,24,35,272,131,268,58,195,277,111,134,19,200,157,215,103,123,238,151
73,26,25,166,2,254,164,154,272,149,130,50,97,67,28,137,123,240,202,20,90
195,225,131,15,168,122,6,22,216,205,128,149,241,140,84,123,186,177,228,224,263
96,70,26,3,240,29,37,130,161,87,143,46,79,45,266,43,65,20,178,148,168
176,214,6,80,3,205,131,48,19,43,120,235,152,251,125,102,74,165,75,8,202
126,222,147,125,175,54,260,97,58,19,109,92,144,217,263,16,120,235,34,139,251
209,16,226,85,18,102,202,130,45,73,27,157,180,187,138,183,109,275,122,176,68
82,64,90,185,45,265,240,85,229,162,183,151,6,205,50,207,228,81,256,89,177
56,233,74,218,228,145,73,207,3,81,93,147,91,117,96,125,183,11,194,266,190
20,80,45,219,92,248,71,149,275,55,256,206,56,189,137,266,262,259,212,94,104
246,262,214,112,219,14,272,255,108,155,103,269,127,35,53,120,172,253,119,265,77
186,234,12,209,75,190,168,112,173,111,20,10,147,138,240,16,92,214,211,130,275
189,88,243,102,91,270,206,95,188,238,149,223,16,93,77,112,66,70,3,51,201
127,26,68,132,24,43,144,130,129,148,116,200,192,111,248,8,198,145,97,88,190
51,48,202,140,161,187,64,239,135,94,96,272,25,219,176,107,131,183,24,30,227
103,262,175,75,98,107,271,186,1,74,165,131,66,183,125,247,219,191,185,136,9
224,95,109,62,80,226,170,223,15,108,246,197,189,140,43,63,136,20,41,25,55
227,272,18,238,236,102,22,255,224,228,234,38,58,11,251,168,40,193,188,212,120
259,107,182,41,125,21,57,124,156,270,206,81,2,20,252,45,130,51,197,58,275
86,56,209,119,46,78,9,223,110,11,122,267,205,121,190,234,139,97,277,163,243
181,120,190,275,116,163,30,200,87,211,180,274,226,204,24,234,10,192,194,269,58
240,190,11,272,181,92,118,135,76,26,192,86,189,218,275,233,247,27,205,23,222
119,225,29,107,74,135,227,129,34,207,72,259,199,180,17,88,254,163,90,36,212
259,169,119,23,212,102,18,207,121,20,108,11,94,143,159,202,257,31,54,146,221
171,136,246,20,119,277,273,63,278,19,259,129,17,166,9,247,237,203,157,103,1
80,94,270,123,254,116,20,241,15,97,225,157,250,128,130,252,178,27,72,155,145
121,57,275,33,204,272,200,197,56,136,25,216,130,231,219,187,140,128,274,164,190
239,73,2,45,149,52,133,122,180,24,51,177,186,121,238,172,277,215,219,81,50
183,267,192,110,3,249,252,20,200,74,69,221,146,164,92,49,94,177,72,118,81
200,177,83,205,264,59,130,72,82,219,135,92,218,75,95,216,30,170,259,151,32
149,247,137,85,35,169,147,89,39,202,121,249,161,56,218,66,238,252,145,179,32
156,146,64,190,247,214,108,148,263,30,267,143,31,23,53,228,44,132,245,36,11
213,273,245,182,11,181,254,83,80,58,61,100,250,73,140,272,149,206,120,86,123
146,73,20,28,218,83,23,157,182,255,175,165,135,12,5,123,24,272,80,13,265
194,132,166,180,83,73,226,148,145,29,254,240,218,92,143,272,8,128,277,20,231
195,275,276,51,189,203,224,39,255,196,262,16,122,177,233,200,245,207,172,241,24
85,39,80,270,86,250,202,38,207,272,216,114,235,134,30,183,76,66,2,35,163
96,53,119,214,82,114,113,250,37,125,159,16,216,97,29,215,136,218,268,25,19
180,193,264,148,122,170,194,207,54,51,76,172,85,23,119,2,113,144,128,26,38
134,207,48,171,71,73,188,123,87,133,248,19,78,250,121,270,24,18,218,157,38
123,31,159,272,83,189,214,182,267,9,148,207,118,51,139,36,183,117,102,65,252
88,213,128,106,32,23,186,51,44,266,251,112,159,227,228,258,74,204,142,86,2
239,160,212,96,45,21,53,95,180,170,86,130,91,112,199,134,93,178,200,149,267
177,51,207,102,273,46,151,130,238,30,9,190,122,137,135,114,169,185,45,97,48
16,80,207,269,98,65,58,202,36,145,277,40,228,81,20,33,51,136,4,142,211
277,8,235,48,244,22,51,241,136,6,143,217,245,174,0,214,91,127,123,26,248
20,59,195,148,221,55,66,117,81,63,126,30,189,77,80,241,36,219,86,264,207
114,95,182,1,66,113,272,108,110,186,276,56,277,202,216,268,139,61,92,254,223
205,122,180,267,119,20,31,183,43,22,255,64,184,143,199,96,67,171,170,224,65
38,65,118,82,218,95,87,25,54,114,110,191,119,97,68,235,238,56,272,250,13
256,101,195,189,237,84,236,182,85,272,34,110,73,77,97,240,12,200,66,35,250
120,125,221,184,214,245,69,156,194,261,259,272,202,29,186,14,155,138,166,133,132
204,198,224,147,161,229,39,21,202,112,38,267,16,216,188,189,270,119,228,95,260
176,224,226,97,155,180,78,91,57,106,248,145,8,240,148,201,108,231,6,266,136
226,71,31,119,250,64,56,69,23,85,58,83,276,259,45,160,2,253,89,82,190
180,207,146,88,6,194,97,255,114,37,29,80,183,79,217,277,64,11,119,122,31
135,180,63,231,15,205,117,77,167,192,35,212,17,144,116,30,275,81,237,218,99
24,14,240,277,209,262,51,265,237,2,1,117,168,68,225,197,90,190,123,186,8
226,209,67,203,269,45,255,98,120,222,32,49,72,188,25,168,84,90,17,113,61
18,126,206,151,163,28,41,75,175,168,223,19,24,108,140,224,241,178,147,25,249
201,36,194,59,112,238,125,2,100,40,223,261,135,219,190,147,215,56,259,149,107
35,148,128,260,259,201,168,120,249,224,218,144,123,180,110,241,50,48,264,8,214
3,201,56,120,132,37,116,2,88,228,216,118,20,241,204,22,168,212,106,43,114
201,163,33,108,120,211,129,205,255,259,122,241,166,156,111,85,264,89,190,86,238
45,38,60,48,204,135,120,278,186,116,75,170,50,171,108,272,103,58,242,125,100
104,251,85,147,93,50,66,205,23,96,260,115,88,186,156,2,112,227,211,80,222
173,194,226,86,125,212,124,170,139,201,269,207,174,136,202,200,104,178,68,92,78
73,100,226,64,186,23,67,166,218,273,240,132,112,119,161,263,127,252,25,108,157
113,188,13,152,67,183,69,135,58,247,3,165,56,26,206,226,40,179,10,119,137
30,200,82,20,174,246,159,182,146,242,211,160,11,73,245,10,206,252,180,209,137
206,164,253,26,98,277,138,166,27,212,112,214,255,248,39,229,161,198,36,241,20
178,204,110,131,51,257,36,268,242,9,53,263,177,223,29,107,240,156,43,30,150
26,157,245,118,2,265,46,247,49,119,72,159,211,45,41,154,47,23,250,126,107
88,142,183,212,76,224,252,63,80,37,235,33,24,269,131,220,160,113,201,107,255
205,258,37,19,267,16,214,250,216,140,89,247,14,207,103,235,277,97,24,123,261
106,121,134,29,190,112,66,6,247,155,108,130,227,248,169,2,34,183,111,210,257
103,252,204,183,208,122,157,139,92,66,69,216,228,277,235,86,196,78,29,64,141
277,202,82,201,69,147,81,26,71,76,74,209,63,131,238,115,231,174,85,169,120
97,66,263,108,144,166,119,131,3,269,182,226,185,149,127,32,267,104,241,26,200
196,228,89,275,259,226,118,277,182,122,39,233,166,97,136,188,168,257,73,194,169
258,6,164,169,134,239,147,37,178,11,51,156,18,85,229,154,80,133,116,95,252
66,202,130,154,205,122,20,77,245,255,156,34,0,233,75,251,147,72,207,120,180
239,51,160,187,226,268,73,10,234,182,48,216,249,85,8,264,159,241,77,50,125
151,110,211,225,259,39,239,97,47,118,40,156,55,19,274,2,146,223,169,275,216
63,16,187,259,130,107,71,29,35,247,180,186,37,11,168,216,30,69,251,45,19
208,231,265,65,160,202,240,253,206,133,19,163,97,23,246,29,165,223,4,102,98
162,89,201,250,214,94,52,271,187,142,128,79,77,26,211,8,148,241,43,85,109
24,155,170,96,110,143,29,178,263,136,146,15,248,168,259,200,112,68,16,208,37
27,226,269,139,97,235,263,181,25,123,34,156,96,199,112,120,85,59,69,277,63
172,198,69,54,248,125,140,51,80,85,211,143,259,229,45,186,212,269,160,224,223
268,108,96,117,106,64,172,22,245,261,248,51,194,8,189,72,265,262,207,204,84
159,206,165,39,246,6,48,33,107,128,29,237,101,57,267,129,153,257,43,80,208
201,3,88,25,84,125,183,41,68,45,106,111,228,130,143,40,11,7,145,234,112
136,103,111,118,39,107,186,120,35,64,154,266,185,40,102,249,113,110,105,26,56
82,29,59,137,80,74,201,43,233,211,250,166,122,255,71,125,276,98,187,138,207
12,63,261,130,59,36,69,120,118,179,201,28,211,110,146,199,223,151,29,183,89
86,74,212,39,95,147,277,106,175,97,189,119,24,16,38,30,76,195,271,173,202
114,252,96,186,211,190,71,271,214,37,103,26,218,122,7,182,88,63,159,16,257
76,211,254,132,235,146,58,255,163,278,250,218,63,171,223,249,168,257,154,275,14
128,254,157,58,275,23,214,186,31,74,224,44,96,206,246,264,219,229,6,78,160
122,23,92,202,190,207,144,239,273,121,175,8,163,88,182,57,199,225,96,82,138
228,236,24,258,21,198,186,182,202,212,175,65,219,111,225,81,57,77,249,165,92
180,29,249,265,73,78,91,66,12,259,198,239,175,81,15,8,145,36,190,128,157
166,151,186,18,125,246,126,154,188,6,227,269,94,93,64,123,92,70,190,255,73
66,211,189,269,134,265,68,214,207,38,201,272,195,139,162,194,230,262,159,259,172
202,122,237,108,171,123,43,204,53,227,248,206,35,86,135,164,24,178,201,243,207
117,273,43,251,172,135,32,24,26,248,165,155,23,224,110,275,198,20,276,106,133
34,5,218,57,2,83,151,93,207,119,75,30,26,69,186,201,71,132,51,237,120
11,146,277,5,262,71,18,78,149,177,41,274,243,53,1,69,263,75,134,215,68
123,205,166,73,59,136,212,44,23,63,45,183,192,215,172,98,159,31,78,137,28
182,20,189,32,85,247,180,204,86,74,66,270,54,31,147,65,62,199,211,202,219
239,277,243,122,95,167,198,70,196,19,60,37,116,227,73,217,51,61,189,71,214
19,245,37,180,235,181,65,55,179,151,73,265,66,267,160,34,134,63,23,209,46
26,114,272,214,40,69,233,75,23,128,45,163,27,168,120,74,277,66,206,180,243
87,209,250,76,36,85,73,148,96,156,182,101,158,221,109,206,201,3,97,117,137
162,88,78,247,48,87,65,56,151,37,199,211,239,83,50,137,18,98,234,111,255
180,94,189,200,274,110,16,13,143,209,157,78,118,194,59,15,85,166,81,221,19
222,13,31,119,159,146,247,111,237,202,63,33,123,275,233,240,227,15,180,120,53
235,97,36,3,64,33,247,31,53,179,134,264,234,262,230,223,258,51,34,119,126
12,180,191,271,186,121,149,31,211,168,229,182,22,203,128,4,194,171,196,275,62
64,163,34,0,196,48,88,56,78,147,104,201,227,117,191,37,190,159,205,21,97
24,235,127,82,202,260,208,265,236,216,97,149,111,160,165,250,66,83,19,69,164
19,200,177,172,87,228,147,169,64,29,224,260,63,59,80,145,238,181,45,6,190
188,102,80,101,202,39,235,193,36,215,170,51,110,247,33,109,234,34,13,74,45
38,165,215,147,27,160,50,259,183,129,56,80,231,93,235,29,241,182,69,245,251
147,85,90,3,196,200,128,120,265,63,108,252,149,29,112,157,5,95,33,137,168
194,275,16,215,3,27,245,212,272,98,37,172,159,58,202,211,205,182,93,138,66
110,51,215,112,178,113,55,265,19,10,251,65,185,87,20,263,166,66,227,33,226
155,6,272,157,226,177,267,196,92,259,119,80,182,31,210,143,166,36,266,112,151
207,73,274,14,134,256,118,162,244,235,187,155,196,234,219,137,120,189,58,171,186
19,152,169,136,180,258,102,220,119,216,96,24,243,212,277,266,106,273,275,64,87
111,157,137,210,29,54,169,24,14,275,34,211,165,82,244,3,85,81,182,187,74
36,96,166,136,40,97,262,88,272,182,123,249,8,181,265,43,20,111,267,54,277
170,35,134,245,118,77,102,74,163,76,267,45,231,87,162,257,84,209,114,117,259
73,72,134,45,224,11,6,8,237,121,39,254,57,156,146,246,180,183,166,16,159
51,161,160,13,252,23,168,225,188,267,275,176,187,147,77,163,112,193,192,201,173
164,5,86,29,11,125,237,220,254,216,116,252,128,114,134,226,35,3,63,122,251
238,145,106,274,235,125,77,224,82,16,19,38,186,63,66,18,243,112,165,88,202
113,250,43,170,8,235,78,32,3,151,185,271,189,227,122,104,277,272,63,10,34
175,37,260,63,40,15,168,82,134,165,133,179,247,187,67,14,224,207,70,142,123
50,28,227,81,109,203,86,88,161,119,6,11,252,69,207,145,249,80,113,89,75
122,156,85,110,245,112,61,194,139,227,154,267,143,228,169,277,201,263,26,219,120
29,46,154,219,20,252,260,63,88,55,113,218,41,215,125,117,33,156,61,163,171
90,240,232,169,163,53,119,183,125,136,208,263,198,226,200,147,212,16,84,45,25
149,159,268,89,6,93,252,225,15,75,50,182,64,69,24,194,263,218,70,55,66
118,226,88,216,211,209,91,162,123,82,151,45,96,109,132,198,277,26,107,199,27
136,273,100,278,234,119,125,207,263,103,65,33,66,37,145,95,23,48,77,87,128
219,273,73,214,136,57,20,30,255,8,112,45,252,187,272,147,63,154,245,249,88
226,50,96,274,211,34,17,140,225,118,264,267,273,51,275,134,43,137,112,80,235
17,185,112,63,197,130,180,64,212,199,108,126,29,211,156,106,268,171,40,86,255
15,241,36,95,88,252,102,219,65,96,57,53,108,154,109,175,9,225,81,149,146
131,263,29,270,16,218,233,93,154,252,42,88,269,128,9,157,149,156,244,50,75
147,58,208,34,19,20,112,159,177,31,63,265,240,48,247,56,36,18,91,163,107
149,137,121,177,26,238,115,148,224,161,263,66,64,140,227,154,73,188,75,28,119
247,190,103,234,114,76,87,268,85,71,100,217,208,118,276,41,169,277,220,212,262
219,106,108,252,248,119,186,250,111,233,200,232,87,217,205,28,168,240,63,113,243
145,275,235,64,77,6,186,218,146,169,228,78,134,117,20,221,119,68,243,153,97
203,91,52,92,151,57,83,208,19,8,144,15,177,78,53,3,214,5,71,226,196
178,277,104,182,235,98,31,106,69,189,275,112,51,34,239,79,114,144,186,207,246
89,82,48,85,125,26,109,160,247,223,147,238,102,216,93,83,117,240,106,275,159
160,149,92,244,252,145,67,153,31,37,33,90,245,188,147,175,187,212,51,177,278
218,209,197,88,112,73,164,95,86,133,75,1,235,25,3,134,56,16,92,170,227
75,8,96,102,3,238,257,29,259,240,48,125,94,199,272,91,216,25,16,197,200
93,143,235,241,204,222,270,272,29,36,252,117,112,155,190,3,186,73,233,45,94
31,179,247,151,128,66,25,189,146,44,43,259,68,148,243,97,45,264,250,23,252
118,32,81,112,210,256,169,25,199,145,19,54,201,216,103,180,265,51,214,249,177
45,54,147,102,70,256,272,108,164,48,194,173,227,26,182,16,5,170,196,169,224
182,89,166,45,197,114,219,255,71,14,172,145,143,11,164,238,233,147,180,163,35
80,47,248,218,162,194,66,189,197,185,277,69,212,91,139,266,63,183,182,255,165
252,182,219,204,161,19,3,145,123,63,278,20,208,29,248,239,45,6,202,249,155
156,151,55,103,28,11,56,250,240,92,225,19,141,34,32,199,218,70,220,15,254
38,33,46,116,169,29,37,244,53,231,151,162,21,269,198,78,254,277,191,248,18
32,127,221,241,179,164,77,154,252,206,186,266,217,0,24,45,204,265,190,123,240
128,96,166,0,103,264,63,255,101,116,74,2,3,145,90,44,176,46,113,34,20
245,72,16,201,24,28,180,142,123,183,29,157,102,61,59,39,266,165,177,214,51
85,64,97,88,145,3,139,81,218,277,56,266,269,224,98,234,182,51,34,155,6
40,20,19,223,255,6,145,245,194,163,190,243,158,239,103,166,53,2,13,202,170
83,145,266,186,254,233,41,73,102,23,176,11,223,142,129,132,121,244,37,201,104
19,162,229,106,80,161,70,55,32,83,149,237,73,221,249,117,201,252,144,277,216
109,267,104,276,162,29,30,20,277,28,81,191,207,116,68,145,186,60,86,170,249
264,165,203,245,121,11,76,82,109,57,2,271,61,135,139,212,266,91,177,200,249
66,224,113,137,161,240,107,143,250,87,54,187,135,6,128,278,154,168,53,75,71
229,28,0,69,162,273,139,123,56,168,238,250,13,147,260,106,149,4,202,108,235
44,32,104,49,85,239,39,126,53,77,222,66,254,22,65,224,73,16,211,137,114
120,169,175,27,265,30,83,131,50,188,96,116,92,73,80,262,29,266,159,130,98
146,204,117,66,172,75,171,71,188,271,18,82,175,126,197,77,257,195,65,85,112
169,266,257,8,93,265,108,37,240,201,218,75,211,77,181,15,38,97,191,225,269
114,95,68,159,67,176,255,123,102,80,82,186,26,224,214,34,90,247,151,48,21
224,238,37,163,211,198,116,8,130,45,126,12,66,202,38,212,240,23,81,189,237
83,189,147,72,172,219,68,123,81,258,272,266,190,90,214,52,275,188,31,45,110
267,223,255,19,93,96,95,224,260,145,162,235,98,152,119,31,33,26,34,48,168
275,76,66,53,96,80,247,259,4,75,194,85,204,116,189,84,144,246,186,65,243
66,79,140,31,84,80,83,113,121,146,177,189,227,182,218,63,204,45,35,6,48
96,188,36,191,231,171,143,190,182,275,57,100,22,88,204,116,273,194,261,222,128
252,125,254,20,186,65,224,218,34,129,37,239,241,169,83,181,154,243,123,92,277
227,146,194,65,255,28,117,8,77,121,231,238,159,123,136,120,108,20,55,247,261
259,272,69,237,165,100,187,13,159,39,242,57,138,90,246,247,257,24,250,269,219
196,267,130,108,89,29,202,18,8,116,34,256,86,201,239,219,74,227,265,20,39
24,248,160,211,103,119,207,175,40,272,188,43,114,216,233,71,122,58,108,271,214
96,210,171,221,218,26,114,236,217,151,20,16,37,212,113,116,211,237,273,202,34
33,159,275,95,73,130,168,63,31,76,273,96,16,187,266,194,65,3,45,219,10
234,160,188,2,119,106,243,78,190,223,65,272,20,224,145,253,247,63,49,111,24
186,246,39,144,228,106,183,24,265,114,168,226,244,271,191,155,45,182,249,261,145
214,12,185,25,206,51,151,81,180,139,107,75,248,145,165,76,18,210,29,239,112
115,98,67,162,233,232,255,217,77,95,186,275,254,102,157,66,165,28,106,56,225
199,257,117,130,111,146,176,88,252,189,45,247,84,222,276,20,108,57,201,94,211
186,254,113,227,136,169,52,160,2,239,163,168,84,46,182,35,248,273,172,99,204
186,195,83,218,37,153,233,255,277,212,187,45,224,71,118,190,181,194,95,10,145
96,241,214,65,34,201,186,118,271,111,38,202,121,32,117,148,164,190,67,163,35
207,175,12,186,93,51,58,211,110,164,138,157,139,120,66,253,95,29,40,260,240
119,107,82,136,219,199,54,147,163,169,255,249,112,209,130,81,69,63,22,229,57
97,82,216,165,4,36,181,45,242,106,163,194,26,114,259,141,112,20,93,8,92
61,263,48,182,127,199,190,238,51,11,29,169,154,177,273,85,133,104,188,225,180
53,257,181,172,244,25,89,79,46,58,108,171,106,96,11,23,29,213,10,5,131
257,207,63,142,241,224,225,193,275,227,145,194,250,146,97,74,168,151,69,191,267
33,32,248,30,148,194,70,175,78,140,188,212,119,208,265,88,186,77,217,80,28
42,140,276,159,108,187,79,259,193,117,120,148,6,24,277,263,58,68,223,240,219
168,143,131,278,253,36,18,260,96,240,149,6,97,263,229,33,118,82,214,199,3
166,69,223,180,248,162,217,199,82,84,73,125,215,160,272,277,87,214,127,71,164
91,19,6,187,263,139,159,149,173,86,147,131,32,98,258,183,74,120,145,148,172
196,165,38,268,240,171,86,134,65,106,199,107,123,89,251,159,44,112,35,204,255
175,135,216,199,82,31,155,192,259,265,136,214,204,202,28,27,44,109,198,67,146
108,183,12,128,132,5,8,30,66,267,86,149,97,120,85,251,88,78,39,19,94
85,102,59,197,265,103,108,119,39,215,272,251,147,86,97,233,171,244,26,219,20
200,2,46,31,32,71,216,34,118,155,141,97,129,82,225,57,180,144,241,23,199
168,3,199,102,123,109,270,164,45,62,117,172,8,53,277,87,225,180,212,205,269
87,233,139,152,26,77,129,128,277,249,254,274,92,212,48,202,24,189,65,196,78
147,255,189,218,250,134,216,245,209,30,67,124,69,82,61,46,145,159,204,202,43
64,43,260,36,226,26,37,24,215,17,161,34,149,85,73,66,1,63,158,272,185
3,107,159,34,40,20,12,264,48,31,171,112,204,218,227,219,229,43,187,26,131
264,205,97,270,251,219,194,80,51,157,257,41,14,66,163,183,94,182,195,226,276
67,136,261,15,162,224,254,212,31,61,215,163,211,117,252,78,30,59,39,205,272
85,147,8,251,145,70,247,265,58,107,32,229,121,71,45,26,57,19,160,16,77
214,169,151,140,69,119,166,88,172,127,110,111,33,51,192,64,275,125,34,226,53
96,269,240,228,275,10,268,5,253,90,277,148,168,35,135,117,120,26,67,247,202
222,35,223,37,67,66,86,250,149,48,119,0,96,195,49,107,225,112,97,65,194
73,139,152,252,98,86,219,110,227,258,241,80,29,120,36,277,182,222,159,225,88
128,20,241,119,87,66,89,237,221,43,253,120,74,27,216,118,257,162,228,197,77
106,272,151,256,26,30,147,219,275,277,235,134,207,194,121,178,80,51,148,205,2
185,252,214,95,67,37,91,93,138,133,20,137,55,168,117,250,157,152,186,149,207
35,197,1,34,201,97,20,233,181,69,102,186,190,151,80,152,6,126,37,53,247
131,145,57,112,276,83,63,217,95,71,235,227,58,257,262,188,164,51,205,175,139
186,20,214,255,12,247,26,82,140,261,24,240,266,94,174,146,276,252,156,189,204
2,266,212,106,239,13,198,241,20,246,56,4,166,19,82,128,23,11,193,81,123
151,229,91,140,35,106,240,177,149,159,53,88,249,202,63,130,28,277,74,118,223
168,258,164,157,251,8,187,219,170,180,194,244,211,2,185,172,252,233,53,205,44
208,20,81,43,106,160,53,26,145,218,118,259,245,34,119,130,263,185,66,2,190
158,219,229,201,123,200,112,260,131,183,53,178,156,264,32,141,179,37,164,195,247
95,43,131,220,227,31,187,134,226,259,238,5,77,109,83,120,177,35,183,211,98
85,76,238,268,190,78,5,87,252,135,102,122,262,223,25,153,73,259,278,179,40
31,149,22,85,35,225,169,244,111,190,73,152,53,120,41,97,55,253,213,224,276
19,227,161,95,239,274,6,165,103,209,125,52,267,131,201,202,235,38,182,263,69
171,130,227,268,216,262,26,218,34,146,165,97,15,10,94,98,53,215,6,67,89
175,146,169,120,247,115,165,18,35,179,43,139,255,166,137,74,240,222,62,270,218
97,31,181,84,145,113,191,128,214,175,73,45,159,2,237,96,173,69,255,183,277
245,59,48,107,133,175,112,45,69,121,123,68,201,90,212,160,76,23,106,211,214
146,40,224,20,198,201,85,254,238,271,180,190,217,260,116,172,188,96,209,72,218
170,202,27,157,32,3,228,107,134,68,275,18,272,182,86,64,223,137,84,186,97
122,165,72,85,51,111,168,162,178,234,262,142,33,202,200,226,255,68,19,181,275
112,244,155,76,160,209,81,106,6,200,254,144,111,131,147,170,129,208,89,20,195
277,27,91,220,260,221,106,134,20,190,154,87,245,16,136,35,211,178,255,207,36
275,69,171,128,211,247,120,262,228,89,175,49,9,2,134,119,264,137,122,265,77
77,87,213,146,137,157,207,5,43,128,89,241,103,37,48,25,272,214,65,20,166
260,212,29,67,194,140,161,211,199,128,19,246,31,35,122,276,189,248,57,219,146
49,216,54,235,134,73,58,1,172,201,170,167,217,225,163,200,252,207,277,236,40
32,225,102,74,45,252,92,248,60,272,146,197,201,109,218,100,213,19,160,55,246
174,195,59,11,238,172,134,55,118,128,204,33,194,86,231,158,120,77,218,76,251
134,277,128,112,145,71,57,64,181,207,121,147,241,212,198,271,185,237,156,221,161
250,206,143,241,16,216,17,75,125,260,161,18,160,145,89,39,36,267,114,223,177
249,97,235,61,51,227,19,275,36,108,64,149,39,93,226,34,166,20,168,41,126
211,172,111,209,212,106,26,164,27,149,185,177,37,30,51,170,159,214,205,118,208
121,86,61,224,23,107,102,163,19,218,8,71,123,274,134,27,54,275,217,112,238
202,117,106,26,179,263,77,80,15,178,6,255,107,194,196,180,187,210,231,272,152
186,25,102,231,85,138,179,236,96,20,164,135,207,116,127,235,121,45,113,147,26
249,131,96,222,237,275,186,37,118,112,223,3,218,233,267,29,219,83,89,49,179
61,201,157,238,134,88,69,219,151,194,26,190,189,214,81,133,258,156,215,103,145
43,103,156,236,227,182,31,118,221,124,75,245,20,252,207,273,25,161,272,134,38
58,245,51,81,238,169,272,256,118,124,46,163,11,263,68,168,80,116,134,26,24
19,20,64,81,56,2,98,254,37,161,7,122,220,171,204,134,169,172,82,233,23
18,77,146,82,236,90,123,172,222,248,2,202,69,94,20,83,227,13,197,238,35
16,36,57,89,275,249,68,248,13,194,198,186,245,235,218,107,55,84,3,111,255
269,32,211,45,176,68,106,238,265,175,93,204,149,89,108,50,209,271,186,249,74
83,257,277,34,16,168,25,134,190,207,269,205,154,51,270,186,19,218,253,161,181
247,19,211,111,254,189,184,131,73,151,249,74,95,82,267,262,174,203,67,200,58
246,245,235,275,33,63,48,162,189,60,203,187,24,118,206,114,68,46,252,113,53
6,215,202,240,268,95,33,82,132,249,108,35,169,19,85,112,125,171,29,119,89
89,12,265,139,64,237,40,249,215,23,11,15,106,51,68,190,78,178,252,21,110
82,178,226,190,146,156,197,211,130,26,3,54,154,85,277,61,120,223,100,63,6
14,149,147,237,162,257,97,83,64,189,134,194,63,89,206,221,59,157,92,77,45
112,245,259,184,255,250,122,77,36,159,93,254,165,35,186,262,51,13,204,229,37
268,207,111,29,139,224,233,180,166,122,57,217,73,241,106,53,6,39,189,78,145
149,219,42,118,199,166,252,257,102,80,163,177,162,246,66,247,32,15,119,230,106
267,75,152,133,265,69,83,153,168,207,240,89,29,43,31,255,236,162,87,204,44
24,8,269,125,130,2,179,132,189,252,184,219,253,108,274,160,135,186,185,144,223
58,255,21,63,237,76,210,205,141,136,20,228,187,235,197,240,18,101,55,117,199
104,253,172,219,45,226,74,100,13,186,120,106,231,17,228,159,71,255,194,212,176
199,180,205,86,84,51,207,89,82,6,225,269,134,20,100,208,35,95,133,170,209
20,118,212,85,177,223,211,169,195,75,202,69,42,162,61,120,128,262,238,25,188
82,43,45,241,229,149,87,212,205,210,235,21,140,135,48,221,159,124,157,20,93
139,260,187,58,269,63,228,52,85,114,149,34,250,235,13,166,265,195,29,89,20
128,196,228,9,245,83,265,258,103,175,97,266,63,165,43,95,183,262,46,272,179
181,154,98,171,260,6,223,212,54,211,103,36,48,106,74,88,105,114,255,107,15
68,96,155,169,91,224,212,252,235,0,133,13,272,72,86,259,232,226,65,110,177
189,58,122,64,88,34,5,239,19,130,190,152,201,75,145,78,180,76,86,211,17
6,213,263,249,185,41,252,271,234,71,170,159,72,26,110,11,119,237,172,64,78
61,115,225,139,75,224,96,23,264,171,165,82,63,40,182,198,9,34,218,144,2
270,212,218,57,136,199,183,144,128,48,265,35,110,107,263,249,180,252,145,188,74
107,65,216,19,97,200,29,50,278,121,85,57,233,252,138,134,33,175,78,35,249
97,102,142,111,86,256,275,270,117,20,8,108,237,171,106,125,101,155,96,177,225
34,10,38,64,224,71,106,177,234,277,272,146,94,201,109,252,11,5,182,128,163
208,70,107,227,96,134,174,240,20,56,231,244,154,161,190,214,19,28,32,255,221
97,16,152,186,45,151,247,268,73,131,259,157,134,193,196,55,5,90,120,180,240
216,277,128,16,252,147,114,164,130,43,23,226,121,154,20,251,144,145,221,80,123
27,85,161,212,117,106,273,257,209,267,14,19,93,108,146,125,268,219,18,128,71
96,193,220,180,151,250,94,13,24,80,212,149,266,130,190,200,35,123,133,197,26
202,88,185,5,205,91,69,133,215,131,191,6,145,84,175,134,179,207,252,225,104
152,247,267,63,44,203,179,5,20,6,122,204,233,117,88,223,114,50,155,119,224
236,130,75,198,218,104,34,27,19,259,39,211,254,87,241,18,201,226,160,111,117
130,122,71,34,82,51,171,95,185,235,269,215,97,265,128,65,85,273,29,181,193
187,179,67,81,177,19,190,249,134,256,64,36,149,252,123,85,59,61,128,9,178
3,109,119,86,32,224,272,185,127,226,12,170,194,69,13,201,207,273,133,214,248
231,136,88,179,155,183,208,3,180,66,212,166,53,69,23,122,241,156,63,128,112
56,175,134,23,82,161,261,30,229,222,193,26,120,86,136,88,77,147,65,198,133
237,224,149,83,67,209,112,130,110,211,183,265,119,27,227,96,155,145,181,73,256
69,87,57,244,116,106,111,104,102,94,63,124,253,14,263,181,178,73,83,139,52
2,272,63,100,80,53,217,82,251,95,206,103,198,261,7,78,237,241,214,3,271
111,44,170,259,37,96,169,116,267,263,110,168,50,209,72,3,16,32,201,257,25
11,13,95,109,277,187,107,20,207,262,23,139,44,201,175,168,58,177,254,119,162
275,110,113,29,253,127,101,181,135,112,63,254,216,156,82,195,120,175,250,168,273
268,129,191,29,74,63,47,168,151,108,252,269,131,224,201,51,186,141,45,266,209
178,50,173,226,205,277,68,200,255,170,134,122,106,18,224,3,267,34,116,211,102
180,20,112,216,269,98,114,193,45,66,238,63,273,173,78,87,179,174,186,187,23
251,273,3,235,25,80,207,227,119,248,82,51,134,9,170,65,20,40,97,120,261
265,244,163,262,69,130,202,156,74,77,204,93,252,53,220,39,118,169,238,125,35
245,252,110,183,180,6,207,201,25,109,115,171,48,229,263,146,31,149,156,128,210
163,196,274,190,102,117,211,252,3,146,206,127,6,223,95,81,96,97,25,148,201
41,85,8,263,170,1,172,36,221,145,187,20,144,142,152,273,259,217,45,55,80
186,200,6,214,237,88,115,215,77,112,14,209,55,244,207,50,162,91,272,182,32
53,228,207,34,38,118,86,116,181,272,61,208,246,125,63,148,35,218,16,219,147
50,112,82,84,240,226,107,92,86,16,143,78,117,105,198,163,180,224,248,186,33
80,110,216,137,114,269,247,132,119,19,215,165,74,130,164,157,55,183,102,66,29
247,147,204,52,226,108,254,156,93,185,220,131,20,198,157,212,109,32,267,26,134
273,164,32,45,208,25,74,23,207,257,217,238,182,233,272,163,189,168,2,9,130
136,249,1,26,135,27,157,173,246,51,8,122,91,239,34,66,144,251,170,269,82
177,200,117,114,108,273,15,250,43,65,277,198,18,32,78,168,80,20,246,68,26
76,125,1,255,275,212,103,114,207,241,258,201,159,29,208,265,86,16,91,199,182
194,232,146,180,73,190,71,207,96,163,90,23,187,143,250,111,48,256,93,265,20
207,190,58,246,162,63,277,43,255,39,261,254,35,32,214,247,249,95,211,26,18
71,277,63,155,236,73,136,248,212,120,122,253,268,32,243,80,275,110,87,40,2
120,20,96,43,16,223,69,29,269,49,140,168,275,103,129,254,97,26,246,266,238
189,6,26,196,118,35,170,131,58,123,186,224,214,116,156,92,177,45,82,109,63
259,32,186,90,151,250,242,249,73,120,208,16,53,66,108,240,19,200,81,67,182
13,207,123,257,114,211,85,51,21,118,189,65,202,272,265,93,263,82,88,136,194
268,117,58,28,221,109,94,202,66,274,189,110,71,263,168,188,252,134,267,86,128
255,69,275,259,67,183,151,112,64,202,20,45,98,272,173,216,233,258,212,32,48
269,175,73,223,214,266,110,205,15,113,147,221,174,201,140,260,28,278,168,248,106
80,211,117,88,186,236,274,265,272,159,269,149,241,34,224,208,38,121,162,172,3
16,80,270,58,119,143,219,35,123,45,214,182,127,75,194,207,120,23,186,267,140
136,84,107,207,54,187,250,227,118,119,94,106,113,155,98,2,241,275,25,102,122
249,145,163,224,114,181,197,148,251,254,216,130,245,199,26,210,83,6,92,179,166
149,45,2,139,77,6,38,72,120,92,223,20,181,145,24,192,201,114,211,189,218
84,73,146,157,72,235,23,140,125,223,144,86,210,124,3,271,272,112,259,130,66
4,73,252,105,227,275,211,190,95,130,20,178,165,3,202,203,168,18,145,245,98
150,270,238,186,209,97,94,190,273,250,106,207,149,202,252,247,25,224,138,119,240
3,111,277,89,201,38,177,29,275,235,190,107,272,25,168,221,255,77,92,196,164
87,128,25,175,227,201,89,151,157,179,120,109,207,72,94,188,34,170,254,49,136
172,147,117,24,66,241,51,214,219,223,18,167,89,229,131,55,95,139,119,146,22
32,23,245,119,80,92,240,205,228,253,56,148,209,96,77,171,43,20,63,3,67
117,266,109,265,63,58,205,206,252,2,172,168,53,139,273,24,3,67,134,214,51
272,16,255,219,149,215,243,86,134,273,106,181,122,123,96,66,183,160,163,111,76
74,246,247,265,242,170,34,198,38,15,248,72,31,235,112,6,73,207,19,139,1
223,255,207,88,154,143,213,86,241,57,106,45,137,67,113,33,119,195,227,272,69
45,119,247,141,265,217,76,92,255,249,5,164,8,274,202,219,194,211,3,165,229
17,263,157,156,100,192,260,227,276,82,103,272,248,91,160,63,219,185,3,32,111
226,119,182,138,170,195,194,107,45,123,145,35,73,135,50,89,18,253,217,71,239
228,163,180,201,20,243,133,200,199,131,112,202,250,265,276,103,117,9,266,68,185
20,151,134,252,140,19,69,210,130,45,147,131,200,91,100,201,253,97,123,6,233
157,210,50,22,276,219,98,257,34,45,58,75,262,26,108,231,202,137,8,54,155
136,53,91,3,34,17,102,204,223,166,131,78,180,120,106,50,114,149,103,49,56
134,73,242,171,43,37,218,58,132,202,216,114,145,199,143,59,186,276,5,48,9
75,183,151,194,45,163,168,102,260,252,8,198,71,82,214,63,189,42,207,166,28
38,205,220,118,180,65,22,272,74,3,240,26,85,8,165,73,135,132,86,124,18
160,129,196,189,135,223,181,6,55,51,29,201,100,216,257,71,136,199,245,275,116
130,218,35,145,274,96,86,28,111,72,271,20,196,203,107,276,171,201,244,152,106
235,145,66,138,168,121,111,195,176,180,82,116,63,209,43,46,85,255,38,60,250
171,159,214,131,83,96,125,155,257,202,137,145,72,122,218,169,182,274,163,13,65
130,87,64,238,252,3,129,206,77,105,110,5,84,123,243,225,155,73,194,161,125
39,118,228,33,34,241,212,265,126,199,97,119,107,190,278,44,269,243,43,29,24
73,91,16,222,109,68,3,219,19,161,6,35,234,133,172,162,40,124,131,84,187
231,117,88,6,175,120,51,115,250,63,81,100,77,202,272,137,20,68,13,46,144
64,86,147,203,135,31,192,224,89,239,23,67,200,204,186,277,151,111,55,160,255
205,246,227,156,85,26,45,157,235,214,179,108,23,67,88,162,46,163,92,233,194
243,274,26,234,186,125,3,30,200,91,192,77,10,265,217,108,63,259,27,182,109
211,93,15,216,137,96,208,111,99,250,241,37,218,24,197,275,45,145,201,172,180
146,125,143,246,238,34,166,182,264,248,58,127,121,243,27,237,188,205,224,45,194
249,272,226,277,48,109,151,128,3,91,97,204,180,212,168,273,70,131,216,219,104
96,207,251,134,145,3,112,204,49,258,2,267,216,26,194,184,85,120,51,164,257
68,196,20,182,241,201,34,11,202,245,188,263,77,88,170,50,189,29,248,135,253
216,51,83,237,259,16,146,268,67,183,178,224,81,267,177,198,24,57,108,25,36
36,246,75,103,43,227,167,207,149,17,41,70,200,269,270,187,157,247,245,224,39
204,140,184,1,83,24,126,277,117,50,20,48,172,144,33,156,177,19,61,75,130
212,6,186,63,19,183,46,165,209,202,83,208,26,45,219,207,95,277,118,275,81
227,103,78,157,236,122,50,234,223,229,46,250,165,238,161,45,277,189,218,64,134
170,126,106,132,78,72,182,14,237,246,229,116,197,58,128,235,122,178,166,273,113
113,136,139,244,239,174,130,272,271,153,24,116,80,4,71,89,182,68,266,82,58
189,109,18,71,132,81,254,13,36,61,163,247,146,172,91,5,151,112,200,142,125
43,132,216,143,175,71,255,203,20,77,170,96,32,73,218,110,209,237,271,245,277
137,19,90,111,82,45,67,183,273,112,97,226,206,168,116,254,96,15,213,115,20
212,179,250,277,225,218,37,136,146,272,147,68,96,130,211,86,171,185,6,118,76
123,137,41,271,110,10,242,272,23,136,182,19,266,205,273,275,166,248,69,239,58
228,95,31,207,8,250,224,16,143,204,184,179,52,3,67,33,232,252,217,241,165
65,268,126,224,237,170,73,239,6,19,168,145,66,134,78,197,186,245,23,45,161
84,216,185,200,180,60,237,66,219,90,218,17,149,238,16,169,137,31,151,240,250
3,185,96,43,255,74,27,40,18,91,110,48,16,195,204,224,23,152,274,257,102
205,78,270,58,223,252,184,16,186,69,23,88,262,103,8,177,163,229,214,125,66
20,204,241,97,28,53,26,273,252,145,185,77,227,82,71,156,39,161,78,197,131
247,26,124,137,266,28,277,272,78,128,102,121,245,159,235,92,112,154,230,188,111
16,2,3,264,172,222,25,149,123,24,186,245,139,223,239,33,209,160,216,179,261
271,69,277,145,39,57,168,103,16,154,38,90,265,241,131,35,100,223,130,86,194
249,4,162,68,260,190,265,200,106,14,149,110,172,257,212,19,187,210,6,41,231
34,38,72,163,37,235,29,75,35,112,226,272,14,97,76,247,125,238,19,244,124
102,241,168,35,157,268,108,134,74,64,125,24,112,110,25,221,202,120,88,178,233
166,56,277,272,149,168,187,34,179,23,251,250,147,43,110,39,163,218,159,108,212
201,83,134,38,234,117,214,277,225,190,175,177,217,274,166,138,72,263,34,151,255
197,89,78,145,210,245,63,162,184,229,183,55,231,250,102,117,66,74,84,226,170
119,59,90,211,86,71,190,202,147,66,11,223,114,110,38,275,149,278,96,161,78
72,33,183,134,233,204,196,244,128,61,45,257,198,130,16,76,107,191,82,252,169
0,149,186,228,25,14,191,263,219,201,242,245,172,217,39,151,66,190,237,189,224
207,247,141,166,127,208,165,169,43,138,78,75,24,228,173,221,218,81,259,178,237
45,96,112,39,204,179,163,168,147,68,3,64,245,92,109,36,122,270,255,89,157
267,99,275,142,134,257,256,37,67,217,254,277,180,88,146,69,80,106,66,190,214
237,68,151,266,33,51,202,133,112,205,111,206,12,10,35,244,176,37,216,174,166
224,34,234,169,194,202,51,136,10,81,276,214,111,118,87,20,93,128,143,57,29
148,180,214,40,106,277,18,178,2,70,190,130,77,86,275,57,111,188,248,28,56
118,268,226,60,2,96,168,229,159,35,241,90,272,161,262,39,233,276,98,119,211
103,206,188,169,212,207,102,85,269,189,18,95,242,222,265,244,64,72,157,197,118
217,91,196,180,114,87,10,3,92,113,201,120,75,50,13,130,197,78,107,151,172
254,226,30,71,97,248,179,80,140,155,18,203,113,32,163,257,29,187,43,114,119
146,205,275,35,225,162,65,272,108,9,24,10,160,39,219,120,212,248,207,116,161
216,130,240,117,251,26,275,263,277,95,86,197,144,94,273,118,128,131,98,25,43
68,18,157,172,112,15,227,30,53,166,219,202,248,269,77,216,198,119,81,121,231
135,245,168,265,3,89,8,145,223,133,269,195,32,5,80,36,172,28,207,84,121
139,218,260,204,212,188,213,224,66,184,63,248,26,122,25,168,151,73,48,198,111
159,136,66,142,74,241,16,247,131,211,97,116,245,160,14,272,29,99,67,19,151
175,237,0,215,106,43,199,233,57,235,3,29,180,69,224,51,277,200,213,39,226
48,69,109,276,255,174,87,26,200,16,63,274,208,36,91,234,31,29,32,250,116
206,159,14,225,183,194,222,165,212,186,147,174,207,68,119,52,97,263,114,134,246
233,197,213,211,111,255,189,249,143,156,10,45,133,212,185,90,263,121,226,250,6
85,97,112,29,248,270,19,89,111,207,189,125,23,204,239,265,131,139,90,55,243
137,259,71,261,160,106,16,170,215,182,24,202,27,257,2,255,13,205,69,164,50
90,51,207,226,172,25,189,188,237,58,37,103,259,265,141,66,23,16,201,245,178
45,85,275,145,187,175,177,227,66,271,88,198,201,196,172,147,37,5,216,207,263
181,259,112,202,71,81,77,126,180,18,103,267,194,182,2,33,108,165,139,252,270
32,107,130,90,170,209,269,156,19,120,27,102,136,49,15,103,97,30,9,61,46
147,189,38,29,3,84,139,197,273,154,223,20,86,262,125,245,275,240,182,91,102
212,27,252,136,71,29,248,107,172,77,134,38,253,267,222,112,119,12,240,275,64
177,63,75,48,190,88,264,119,180,235,135,175,102,225,205,71,128,125,96,109,187
43,64,160,51,249,99,6,81,194,131,77,207,144,94,152,53,103,255,111,126,222
20,207,252,276,29,203,81,128,182,111,146,144,226,251,63,174,183,261,27,199,148
107,120,71,176,147,77,55,112,97,39,111,134,96,205,51,257,144,45,220,177,214
146,145,129,272,238,252,96,221,193,186,135,223,75,177,225,45,3,65,248,188,53
14,19,93,106,53,241,148,132,277,120,273,200,50,63,145,18,257,218,168,147,223
66,204,33,144,217,267,202,259,77,152,159,254,121,26,148,86,220,269,191,272,257
147,144,252,95,179,186,69,20,85,201,128,218,160,65,121,243,112,93,107,34,119
55,147,37,269,94,227,82,15,51,44,259,180,149,26,35,39,120,114,103,198,107
149,65,106,172,203,112,36,3,107,212,145,140,67,231,125,274,142,122,127,54,31
155,223,219,187,243,136,121,248,23,47,186,234,149,69,134,5,38,168,163,139,226
154,204,224,38,65,248,255,121,110,34,207,275,103,20,265,125,30,240,85,217,113
27,252,20,154,85,239,66,106,122,233,82,273,194,28,136,182,255,146,81,276,221
211,159,138,79,214,256,86,34,274,69,95,188,270,19,92,116,130,122,4,151,212
56,129,222,97,218,109,131,36,123,196,186,41,233,197,44,45,216,120,266,225,267
39,24,116,20,165,240,59,114,201,200,96,80,164,170,144,235,276,152,267,169,68
252,225,268,110,76,88,120,240,26,101,37,69,113,149,184,160,5,227,89,123,245
266,75,95,207,107,99,124,228,201,51,2,180,224,175,157,269,186,245,214,56,146
275,221,143,265,273,86,88,246,118,234,56,37,194,92,116,207,44,181,30,154,35
59,90,72,51,209,64,56,20,195,102,67,47,191,164,224,34,85,186,111,218,202
58,48,267,272,88,123,81,160,206,165,34,166,74,98,36,136,173,200,85,174,211
266,51,108,50,219,56,267,83,183,11,272,160,139,131,260,20,114,135,211,218,36
244,9,267,77,59,25,48,123,76,17,165,110,73,177,194,3,149,130,187,51,157
267,268,12,238,269,44,215,138,122,154,48,139,3,78,102,131,117,63,18,241,116
96,192,20,219,52,18,236,123,184,126,25,157,158,107,45,101,93,194,145,275,262
273,202,103,240,201,41,269,186,52,6,215,277,245,209,58,68,248,154,212,172,34
117,181,248,202,218,46,99,259,82,180,136,278,25,163,98,96,116,162,2,93,110
10,44,45,156,231,178,20,166,84,66,96,145,143,119,183,162,238,223,125,73,184
273,224,18,128,192,168,277,47,243,170,75,5,36,270,67,135,147,23,55,144,209
269,17,111,246,225,87,205,215,217,25,183,88,48,46,212,120,151,28,112,177,202
34,29,261,93,57,38,262,189,277,159,162,134,43,228,75,125,143,112,146,169,21
251,57,248,26,8,204,25,166,6,130,15,202,224,223,12,139,85,257,92,19,83
203,238,134,67,46,51,63,214,85,169,132,200,66,80,198,103,43,207,125,95,118
16,158,82,197,223,38,64,97,93,196,116,48,113,272,209,34,75,162,46,175,194
135,173,272,68,212,169,273,264,263,89,61,162,57,227,6,96,246,5,118,26,15
266,241,107,31,80,242,212,27,85,106,205,269,38,83,219,71,148,82,119,174,56
36,66,80,253,87,85,121,75,196,61,201,97,229,24,209,19,194,199,118,39,207
151,5,138,277,38,229,45,172,110,33,149,106,64,17,39,14,248,75,95,187,223
171,106,205,16,83,277,54,5,128,75,170,139,197,228,82,207,112,19,183,74,204
186,250,211,102,267,252,24,112,194,34,240,95,249,111,212,220,154,171,227,155,58
111,97,235,56,238,87,92,80,188,227,266,151,158,214,99,74,204,243,40,29,3
40,98,146,80,245,194,172,235,271,129,157,156,66,86,197,261,239,27,107,95,275
62,97,248,273,83,31,238,13,209,271,132,96,41,277,186,127,253,274,18,85,194
62,211,233,226,107,75,53,187,16,128,57,224,134,45,249,209,121,116,265,206,112
88,233,137,63,4,262,238,10,90,78,112,125,275,110,0,183,250,195,144,82,218
107,86,228,272,108,92,270,136,259,123,227,233,204,180,266,45,20,30,9,91,145
202,50,7,51,17,154,254,135,185,139,67,183,219,16,257,175,241,96,203,65,130
212,43,240,110,84,201,10,6,64,19,186,237,16,278,166,196,225,25,190,20,0
195,214,226,31,87,201,136,49,266,240,229,157,250,238,255,77,106,50,64,232,196
186,272,122,27,188,246,199,15,207,162,222,92,46,147,23,194,88,253,234,182,82
189,205,226,6,190,75,69,277,84,88,31,51,235,38,228,128,77,32,49,219,149
2,224,252,180,76,25,189,186,23,163,269,250,255,12,77,112,203,58,18,261,245
151,80,34,12,270,29,171,227,181,17,18,32,68,259,265,186,187,19,8,54,102
170,73,164,86,151,133,113,53,204,85,104,128,88,114,82,210,203,193,147,194,188
131,51,58,207,252,26,89,132,30,29,212,177,85,112,219,259,223,35,97,106,186
109,125,93,206,238,11,38,58,52,92,113,22,34,136,66,50,17,45,252,179,32
122,251,223,85,180,112,82,217,129,134,249,38,211,198,15,13,225,192,203,202,37
23,175,247,154,193,91,12,16,198,194,121,58,155,201,93,71,237,244,98,179,6
187,78,271,130,219,166,20,106,221,238,96,95,8,212,139,186,240,202,161,119,203
118,246,187,120,270,274,233,250,145,218,30,91,90,31,85,257,111,128,208,159,18
183,229,136,64,171,217,214,137,255,145,196,30,238,239,240,170,96,173,0,83,38
222,19,175,96,202,149,102,275,255,135,242,216,157,15,201,187,218,63,136,169,223
93,207,97,145,119,266,241,30,260,218,277,114,121,31,245,82,154,12,10,41,212
104,175,123,217,223,240,179,247,124,35,197,16,130,188,111,23,196,226,98,43,205
259,53,107,168,19,25,187,45,40,88,272,116,33,85,273,277,239,24,50,119,63
139,59,244,36,155,248,110,277,156,95,187,58,50,178,239,267,71,55,89,27,75
102,199,151,0,120,29,133,125,264,201,155,226,204,247,256,265,117,146,145,35,180
77,99,265,262,131,259,70,268,224,202,250,248,55,226,46,177,91,64,71,86,269
216,194,58,199,1,207,84,214,116,124,154,161,222,257,227,75,109,189,100,35,130
76,34,58,103,221,14,207,78,75,149,171,121,208,119,35,274,146,20,186,154,245
110,229,18,78,266,84,274,4,69,260,143,201,64,134,271,215,259,122,48,54,155
240,233,187,67,46,80,11,272,110,186,102,149,170,207,252,112,53,117,78,119,203
119,202,43,41,56,40,139,267,144,189,64,143,37,209,182,217,29,73,81,61,92
197,18,189,58,128,278,183,2,107,255,205,244,228,51,136,124,127,112,266,48,53
34,33,216,147,73,249,135,262,221,96,111,75,22,186,88,45,143,30,238,63,38
94,70,97,262,67,39,276,3,65,201,131,228,219,87,51,86,227,177,130,132,224
177,25,190,152,276,275,15,163,239,70,9,92,81,111,33,125,185,45,147,221,106
185,178,238,273,257,169,122,30,251,215,224,74,194,16,151,144,78,84,232,182,119
237,164,170,81,199,85,152,30,8,48,78,15,260,113,211,97,66,224,221,265,18
19,149,157,34,268,103,154,43,75,93,77,259,55,194,184,30,255,22,117,147,199
264,265,181,180,256,131,224,263,257,200,278,186,168,5,217,20,252,85,134,55,225
190,64,71,244,239,112,146,176,216,130,250,102,240,16,205,131,107,193,48,241,213
235,185,177,252,30,276,20,31,117,111,100,58,85,237,199,207,157,186,134,219,19
144,129,112,263,128,16,39,200,152,33,17,190,239,196,29,44,94,50,120,47,96
24,121,90,128,48,32,76,221,20,168,248,164,8,81,88,112,3,120,87,240,23
80,182,145,251,98,155,233,119,43,227,26,149,6,195,166,88,25,249,268,63,85
272,214,73,34,103,117,95,78,202,125,86,114,96,85,190,175,242,204,186,246,120
144,80,120,265,18,277,60,240,11,73,261,117,204,33,210,135,45,248,148,264,136
73,254,201,275,171,187,13,182,206,252,248,242,34,154,49,66,218,235,51,168,214
77,19,217,215,190,207,133,17,174,59,235,254,137,116,89,86,125,251,186,101,11
271,96,85,189,114,68,92,212,197,58,74,75,190,170,53,226,44,199,41,31,19
219,172,162,207,74,35,65,140,202,45,18,163,128,233,40,80,159,240,200,131,99
204,224,137,59,112,157,255,170,144,48,82,55,43,186,95,169,214,216,227,118,29
225,277,154,250,260,164,108,16,88,196,133,226,248,33,165,264,40,29,20,38,85
0,92,246,81,168,65,88,212,130,206,21,96,116,186,194,160,252,189,274,198,25
120,214,209,50,125,34,224,264,96,52,4,190,142,246,149,69,87,140,58,194,136
246,73,160,69,244,24,186,107,121,202,31,70,145,201,92,180,64,88,252,225,65
21,144,202,162,54,69,123,60,185,277,39,181,153,73,85,191,119,45,102,149,107
117,241,250,134,145,221,161,252,84,38,168,131,67,17,237,22,45,208,275,25,138
139,277,151,162,80,188,122,114,224,180,209,204,39,194,19,213,240,233,255,146,217
271,130,26,207,71,121,214,85,259,277,31,250,37,45,135,254,80,164,102,216,96
272,125,211,201,57,77,248,51,68,23,34,113,2,120,255,48,118,126,138,26,18
155,80,31,19,68,97,133,75,263,202,67,45,52,181,219,51,38,252,36,89,147
112,76,116,179,242,277,138,33,202,148,0,120,160,122,252,24,245,240,140,43,87
165,250,194,277,64,92,69,140,67,139,105,116,54,19,71,147,252,151,209,33,85
169,217,3,65,95,272,222,229,224,77,111,36,75,257,76,267,262,157,173,45,35
118,75,131,80,149,194,152,87,73,209,30,214,275,27,119,180,56,4,227,252,110
130,111,169,101,227,224,217,242,237,221,92,206,190,189,15,66,68,258,123,119,120
117,125,75,249,65,258,145,88,39,58,23,8,86,259,189,144,83,229,237,206,183
11,200,194,223,235,202,172,276,199,222,85,272,43,175,189,137,147,122,77,92,6
72,128,94,32,78,218,248,115,8,238,162,278,241,183,184,146,74,245,106,36,165
97,133,118,251,66,33,119,2,96,32,226,139,165,166,190,231,272,278,172,124,72
215,134,160,210,186,177,202,56,172,162,178,100,0,74,253,37,277,34,13,103,51
143,184,217,111,242,57,123,33,93,127,77,272,170,276,147,171,162,240,25,224,84
233,241,70,45,125,33,239,28,160,112,237,117,175,43,164,261,24,182,197,27,57
207,98,145,188,259,240,159,252,40,257,250,16,255,85,27,48,96,73,209,217,196
120,31,177,18,275,189,259,142,123,270,57,128,269,30,75,117,8,23,138,205,218
19,235,169,198,101,21,26,14,67,61,92,135,20,253,121,27,232,33,270,11,95
71,194,257,244,77,175,64,246,34,36,166,277,102,73,239,131,23,38,10,94,202
199,114,180,157,177,81,227,241,97,143,121,134,3,196,131,259,76,126,181,163,171
182,88,98,190,119,128,29,277,199,20,59,104,272,78,53,162,218,24,172,243,207
3,66,182,74,248,125,20,48,75,254,116,277,71,127,123,109,97,36,168,88,275
273,168,82,132,149,237,197,248,67,276,199,98,202,106,87,144,152,205,257,54,159
276,64,18,275,126,82,95,142,187,16,219,238,254,121,186,31,268,128,181,29,204
61,211,96,104,170,125,89,164,246,130,31,63,134,95,275,45,226,58,77,110,85
90,16,148,38,34,102,12,198,4,114,245,24,74,137,8,124,187,173,72,216,190
154,142,228,80,216,43,88,167,124,71,199,236,161,163,212,68,223,111,103,148,240
208,82,209,175,251,162,96,38,34,112,106,160,243,266,157,143,275,166,15,194,55
0,149,132,53,127,176,36,165,157,123,5,241,191,219,202,84,113,134,254,227,189
172,21,251,59,171,234,143,90,5,84,36,195,194,248,198,108,128,204,133,113,2
252,224,189,272,180,2,159,45,48,71,154,124,64,136,225,120,65,177,170,199,257
267,263,97,140,45,240,24,254,218,82,252,269,223,16,236,117,103,251,83,84,122
263,74,175,11,186,182,77,129,149,36,238,224,156,240,212,107,95,60,154,83,118
260,166,272,201,72,155,151,117,221,262,275,54,202,141,112,163,129,143,6,205,120
186,120,262,207,125,163,82,201,12,97,29,6,143,141,108,78,98,2,156,224,3
109,195,144,119,107,123,58,263,165,163,80,127,1,268,92,181,183,211,251,255,34
138,124,74,277,9,172,147,16,102,262,259,109,75,235,20,116,157,135,216,27,151
168,64,259,240,136,89,226,10,205,69,166,187,265,228,51,224,149,181,137,35,199
30,205,186,202,109,187,36,80,41,139,114,51,234,245,168,229,161,38,207,134,201
245,215,81,3,247,237,29,264,186,17,45,157,225,250,46,189,129,65,202,144,192
173,275,71,76,227,211,75,252,53,206,195,96,267,39,95,160,29,135,207,25,136
223,163,14,227,141,53,198,239,135,199,40,35,29,143,209,93,267,272,184,221,131
201,197,134,238,19,254,188,252,123,89,239,76,18,194,85,247,176,74,178,250,170
89,215,157,117,242,29,211,32,10,11,31,229,36,156,235,180,268,228,83,190,194
3,276,139,207,13,227,95,272,167,194,163,16,269,18,148,34,44,246,88,275,134
162,255,211,97,45,177,68,248,190,178,127,134,99,18,250,197,163,173,38,246,179
144,98,115,48,72,32,28,254,166,45,126,33,107,190,29,202,19,143,54,261,155
29,10,135,164,72,233,90,20,214,126,145,257,273,57,216,119,168,174,80,194,185
259,201,243,267,114,207,33,147,74,206,53,12,236,218,168,36,32,34,67,21,175
237,2,141,39,119,187,228,211,192,122,48,227,151,273,224,32,97,219,162,262,264
219,146,18,51,194,250,16,26,35,118,128,29,134,275,272,202,15,124,214,71,31
237,154,228,139,133,233,95,162,170,67,226,106,89,225,191,135,11,148,83,16,132
146,67,41,136,112,87,15,134,110,252,171,278,140,88,89,58,5,64,199,93,170
157,248,96,256,23,66,265,235,241,52,69,149,211,19,166,113,144,234,207,203,277
97,53,247,200,207,270,182,180,219,201,224,111,116,196,155,175,255,125,263,186,264
171,211,84,190,30,254,145,181,75,134,186,74,136,233,158,111,243,108,240,202,32
238,224,149,228,119,172,181,123,95,139,225,48,220,168,180,233,44,6,186,237,216
209,88,28,103,121,31,20,216,6,219,152,186,205,226,277,45,142,197,278,259,183
172,244,164,34,263,182,5,256,168,267,72,195,112,56,245,121,10,149,202,9,158
221,38,224,199,66,106,65,71,201,37,100,245,241,262,168,207,140,161,122,111,252
12,186,252,246,259,73,227,66,100,208,135,64,37,170,212,181,26,136,199,126,240
126,246,68,247,213,34,178,200,167,198,194,227,273,27,241,211,123,53,175,120,106
11,134,192,225,211,218,253,161,26,138,221,122,252,81,261,166,210,265,145,234,152
155,178,248,95,236,172,72,112,20,247,278,246,228,160,8,30,88,222,1,254,71
59,15,147,110,30,198,218,238,154,223,20,212,259,265,76,108,197,269,163,45,35
201,237,103,269,277,35,194,23,97,108,10,200,95,110,106,272,207,192,191,121,72
163,24,245,159,33,57,269,191,257,187,220,256,64,48,83,60,50,218,54,85,19
134,181,114,105,43,168,6,97,263,145,204,246,234,161,255,65,219,157,237,39,60
231,165,201,127,34,277,80,83,173,200,263,162,253,185,153,142,19,63,265,273,48
254,197,263,205,200,268,201,122,233,186,226,137,119,211,248,11,18,106,50,83,170
172,109,55,124,117,119,63,212,166,73,52,224,85,216,275,201,169,61,157,2,185
111,170,255,20,248,245,240,232,78,107,254,63,15,66,145,157,34,246,186,235,202
39,130,17,3,187,216,66,30,257,45,82,190,151,135,133,112,106,48,15,113,245
214,90,238,10,38,216,14,109,20,75,68,200,162,107,43,91,5,23,73,189,226
82,12,240,8,259,271,29,263,63,199,17,139,252,134,83,218,65,79,93,38,24
197,157,57,272,38,146,116,199,191,261,2,20,202,181,168,37,97,216,92,136,91
67,251,96,31,212,208,145,26,175,186,218,267,273,194,32,272,248,278,25,23,15
222,30,234,78,160,269,40,106,236,88,186,216,147,152,81,43,270,245,96,157,224
118,68,259,72,247,228,74,14,82,171,205,96,121,183,24,29,258,173,154,261,216
240,33,71,255,58,186,221,232,68,165,252,23,20,119,11,277,18,77,231,69,191
241,96,73,3,144,128,247,131,41,24,190,276,7,139,161,79,171,125,248,170,120
182,216,65,148,238,277,131,63,164,172,160,165,93,70,233,97,194,46,201,2,25
19,51,255,123,155,117,101,182,116,54,122,181,58,126,272,45,171,56,160,66,96
207,241,96,83,154,68,118,250,2,204,125,202,224,69,33,32,18,181,66,274,238
25,17,95,112,249,71,61,93,255,13,259,114,191,87,187,145,102,244,237,211,36
277,170,186,233,16,202,58,121,34,221,107,81,210,119,2,266,172,15,26,178,25
267,28,25,204,82,211,14,18,215,147,189,67,80,57,244,94,272,195,69,194,58
110,190,126,114,18,22,83,265,82,45,64,29,176,238,134,186,274,66,113,153,98
268,29,132,88,191,17,246,227,275,45,15,156,48,46,197,168,130,187,33,145,111
202,10,80,184,30,156,46,20,260,275,2,13,167,241,36,149,118,148,273,96,51
195,57,143,74,126,226,2,35,182,198,194,168,102,88,134,154,222,189,0,29,108
225,112,24,91,238,27,111,145,249,69,45,205,96,74,107,68,139,20,18,118,223
161,181,171,204,111,252,190,131,154,69,75,187,102,186,76,119,92,143,120,63,228
226,82,179,84,17,16,101,19,111,173,160,209,186,261,75,21,237,274,51,102,125
147,122,265,95,235,176,251,57,45,82,215,83,219,197,171,164,149,203,227,278,250
212,216,163,36,193,160,24,271,116,151,231,226,84,165,3,103,241,170,257,211,149
181,206,182,28,157,114,189,50,190,96,56,173,83,214,223,8,106,248,4,137,51
70,194,210,214,85,129,178,110,241,43,37,97,228,272,186,257,16,268,4,80,123
2,182,176,135,3,221,247,139,106,105,36,129,186,157,63,23,255,267,145,256,237
163,95,258,119,175,192,71,200,196,229,18,170,46,171,116,269,16,211,134,160,255
185,221,14,202,17,106,147,73,23,205,34,75,21,66,252,28,163,191,30,58,238
109,165,122,209,215,170,266,88,276,233,251,185,19,259,0,164,45,10,107,149,248
202,82,238,106,193,217,53,207,252,166,130,128,237,136,36,250,102,105,152,187,35
246,87,278,224,95,252,23,45,2,212,188,163,245,276,8,96,267,198,199,28,61
264,123,50,260,188,226,245,111,146,271,166,206,63,114,163,207,205,22,104,16,37
263,249,41,102,125,69,8,225,31,139,175,154,190,112,213,192,133,58,250,146,26
260,210,177,80,86,235,191,252,106,196,157,213,33,183,82,263,170,193,143,34,277
34,169,95,262,223,44,275,196,183,105,18,238,64,190,205,213,82,3,85,131,252
214,166,73,162,26,24,58,125,117,219,33,132,13,245,201,190,46,252,71,257,62
241,73,223,69,177,202,275,212,40,181,180,102,26,63,23,262,166,199,17,114,16
34,3,18,136,88,110,257,85,36,206,159,196,183,223,182,77,112,275,164,151,181
85,224,39,98,61,246,266,87,165,26,218,178,43,278,216,69,262,111,4,112,195
134,46,250,218,170,13,63,249,273,203,69,4,91,245,56,77,141,277,186,272,196
200,135,84,1,38,226,33,106,32,86,34,114,16,250,256,55,3,269,254,50,90
43,272,156,45,261,40,267,98,255,277,54,96,8,77,269,151,46,193,254,166,22
19,127,143,117,252,89,16,69,257,206,227,76,130,221,163,171,239,259,88,134,255
274,197,17,146,73,35,278,191,86,265,267,212,179,155,256,77,201,3,196,116,255
254,170,146,137,65,237,218,71,197,36,85,277,195,46,124,69,30,86,31,35,120
194,96,237,1,123,212,95,221,157,156,23,132,16,100,53,25,268,241,78,86,125
166,43,130,0,33,24,46,125,95,247,75,162,174,26,200,180,113,67,207,65,147
223,125,53,33,16,162,110,76,77,181,40,29,64,20,5,202,123,277,114,246,98
190,106,5,212,177,111,55,250,54,157,252,75,140,11,186,24,56,214,205,95,238
111,97,119,156,120,171,104,95,45,265,126,23,25,216,3,254,255,207,64,112,51
269,110,23,76,4,155,137,19,94,45,127,63,243,112,273,244,252,30,219,148,72
102,65,154,113,164,259,6,12,97,149,64,17,262,57,135,131,90,179,158,26,11
106,272,196,277,243,212,119,240,18,15,76,109,148,265,149,100,251,133,160,275,6
121,226,164,16,19,23,245,196,102,211,201,45,65,72,227,182,17,266,85,219,125
14,202,5,139,78,245,63,225,183,214,182,177,58,18,143,256,233,74,83,260,269
159,256,15,73,58,111,212,121,205,93,132,146,43,75,102,120,109,207,29,170,113
192,225,216,163,85,242,91,199,211,28,2,89,176,248,185,38,102,273,3,205,143
40,2,130,160,159,182,54,76,216,63,123,273,219,139,209,113,190,238,172,239,38
114,132,91,150,82,252,14,50,89,267,19,243,112,106,134,182,29,147,223,203,105
31,270,277,108,162,80,139,175,171,160,53,36,97,186,259,87,119,132,16,190,109
30,166,26,146,130,268,141,198,212,45,41,125,123,122,260,6,114,50,40,85,37
275,38,238,277,37,278,255,187,123,16,252,163,95,131,63,17,102,107,43,21,32
94,198,194,156,177,20,97,111,32,95,23,40,231,190,234,104,151,73,84,59,159
33,102,198,228,87,86,277,11,247,249,274,37,130,31,186,260,226,64,57,148,190
214,168,199,108,19,143,40,65,123,183,147,63,186,253,125,180,127,231,170,132,110
64,99,145,202,117,16,186,147,116,34,203,97,169,189,206,213,230,152,20,190,17
36,175,67,271,106,216,218,179,257,268,272,149,250,231,238,177,198,43,213,147,261
35,72,259,154,184,95,179,205,207,223,181,247,23,172,240,214,44,69,170,78,257
265,229,20,157,252,108,26,249,118,28,212,151,185,74,3,214,276,199,84,0,63
238,182,169,187,139,149,219,6,120,207,5,178,102,176,146,251,15,23,177,248,250
138,272,155,139,2,31,112,270,165,238,151,149,235,273,19,217,7,20,3,93,187
85,154,110,275,118,107,36,163,81,121,51,26,90,168,66,187,246,140,92,108,69
117,122,0,31,160,151,199,80,1,275,147,157,64,83,272,65,165,108,170,277,267
16,252,113,57,243,254,223,259,205,86,24,48,114,186,158,160,22,136,196,261,71
131,194,187,67,113,275,8,175,257,119,57,64,88,144,85,269,169,207,277,118,222
262,57,97,2,195,82,37,146,235,38,31,240,32,184,23,149,252,51,178,17,181
19,130,201,65,125,71,21,211,47,185,50,182,249,107,17,81,252,86,146,131,205
80,88,96,19,228,54,129,245,147,43,48,120,151,194,200,33,135,154,216,207,239
216,189,250,265,128,207,252,180,119,65,177,131,64,187,116,143,106,31,17,120,162
105,120,127,85,169,226,166,63,239,228,16,201,183,193,227,187,29,95,207,27,240
159,169,112,213,40,205,96,110,247,147,121,145,6,74,107,204,242,143,69,114,38
13,134,166,3,57,178,205,71,97,117,194,34,41,19,203,21,51,103,204,195,190
127,212,248,72,210,151,15,275,3,96,247,230,18,223,80,95,82,16,254,180,7
189,73,224,18,144,32,119,78,157,37,237,126,120,132,207,112,145,154,51,155,248
25,207,98,29,224,157,71,34,83,250,260,33,134,118,266,108,199,65,87,235,89
211,265,217,71,221,39,187,160,194,233,89,170,20,123,35,113,5,145,134,43,135
108,145,201,125,131,24,181,196,122,38,98,28,139,202,275,170,150,172,212,272,16
75,51,69,211,209,50,31,112,190,120,171,263,138,123,169,139,119,210,126,224,77
91,261,198,13,57,223,114,267,43,209,275,10,196,119,183,234,65,122,37,49,82
152,85,175,246,77,170,217,226,18,43,16,252,20,134,272,33,140,263,151,186,51
31,195,88,127,214,155,179,74,232,226,252,93,51,70,113,222,109,261,45,209,97
262,23,113,240,139,107,267,69,217,132,189,106,40,177,117,77,18,124,157,22,159
224,186,20,120,96,174,143,117,84,97,99,163,145,80,66,180,272,103,1,130,73
186,272,235,120,172,208,41,116,249,91,187,33,277,20,34,23,207,173,162,225,239
271,202,95,19,205,130,216,80,107,122,110,24,68,34,237,5,120,144,161,85,186
108,221,266,18,218,202,165,113,112,219,82,139,195,154,64,45,32,215,98,86,107
227,25,186,117,183,41,212,78,202,64,240,38,6,270,28,274,196,11,77,178,40
165,250,268,192,272,265,129,73,56,50,255,34,220,225,15,239,45,185,219,202,147
238,249,277,195,177,147,45,95,163,112,59,245,257,217,202,66,255,204,46,252,219
24,163,251,200,277,211,202,68,108,217,103,264,192,143,55,128,26,269,140,66,134
176,203,29,264,190,260,189,75,138,81,149,6,86,182,129,14,209,261,85,168,96
63,122,245,237,240,178,85,214,235,64,247,96,43,119,221,136,277,262,252,27,92
163,2,29,131,274,234,237,119,221,24,201,85,171,202,143,66,172,148,164,188,248
157,96,245,233,271,212,196,130,243,216,116,32,121,35,185,29,119,31,228,33,5
1,81,29,124,88,33,123,162,102,144,24,120,66,262,265,235,271,190,10,172,154
179,50,156,123,165,104,82,120,35,96,197,216,209,72,53,178,146,237,265,66,48
81,128,45,245,189,130,139,219,67,227,206,272,37,20,73,164,63,71,169,265,16
8,224,127,229,172,204,184,23,50,86,82,71,218,56,33,90,243,230,72,20,149
103,211,131,277,86,182,146,213,31,97,176,190,99,149,226,188,264,202,69,95,77
85,233,261,275,11,40,134,149,37,237,125,53,267,120,127,187,201,77,36,20,67
107,112,87,92,278,71,110,235,195,267,165,89,96,277,77,219,37,223,196,180,52
249,158,275,138,132,166,161,90,194,34,154,131,82,22,277,95,134,183,164,76,185
248,268,77,212,241,100,51,13,243,190,187,118,104,195,198,239,131,180,196,97,201
161,69,145,191,245,168,124,38,257,172,187,226,3,201,208,261,94,23,87,103,50
114,88,34,112,240,252,20,10,124,54,28,38,25,146,209,27,145,52,212,108,183
6,169,121,226,83,39,96,238,182,114,195,117,16,152,262,240,275,189,75,87,63
273,139,272,63,32,86,255,112,263,199,223,269,232,180,275,96,207,136,69,21,145
111,226,183,51,211,187,18,134,166,190,66,63,214,252,235,42,266,24,48,141,78
218,86,265,103,131,219,154,189,242,12,272,136,126,240,58,89,46,110,180,50,249
276,46,259,277,20,266,65,84,241,64,38,104,97,62,271,68,162,54,235,185,252
261,99,136,208,207,210,237,250,88,157,45,64,229,86,197,276,149,199,239,35,176
26,264,75,259,173,131,44,127,223,139,84,218,227,275,20,46,31,106,45,66,228
95,132,175,33,138,236,239,148,231,45,120,2,181,12,238,160,212,265,40,108,22
275,106,111,266,28,130,172,233,204,120,166,147,23,247,123,34,164,119,114,121,205
93,263,219,24,196,134,41,20,195,165,98,175,170,53,92,96,156,197,112,235,108
30,85,149,40,95,68,202,207,111,241,139,238,274,75,224,275,77,189,155,26,59
65,110,45,250,233,76,37,95,252,57,188,169,31,138,111,71,278,164,20,18,84
10,198,209,108,84,202,207,249,51,137,221,177,201,181,65,8,9,18,128,35,245
265,266,36,268,97,35,85,105,136,195,203,93,139,163,275,154,243,119,147,51,18
81,207,132,252,63,214,28,78,212,36,6,241,273,236,180,251,80,240,255,263,90
11,95,207,60,213,71,275,258,36,136,53,145,16,267,249,257,214,14,19,215,132
241,80,126,78,183,51,6,29,116,155,240,16,1,93,33,252,135,130,43,179,239
267,85,84,192,250,188,248,275,186,0,235,206,165,37,160,161,68,24,176,15,257
175,169,223,269,186,129,24,103,57,32,220,191,199,204,138,211,73,101,218,97,77
183,106,165,52,244,191,151,225,239,161,200,64,65,169,82,128,164,173,277,50,109
116,82,247,202,207,179,212,107,140,125,15,51,44,272,34,205,180,64,172,113,235
18,156,4,252,85,24,122,205,38,90,96,182,149,146,168,267,216,106,61,239,218
66,23,56,123,58,194,30,269,96,188,140,78,182,68,177,26,76,27,112,54,231
162,63,29,147,17,23,13,90,275,119,67,57,215,64,140,176,253,211,217,238,254
156,172,114,197,25,217,146,66,260,120,143,45,117,261,182,212,181,68,110,179,134
117,92,247,39,120,58,256,235,134,181,219,259,35,78,81,239,102,13,199,25,207
195,238,77,30,62,162,149,15,278,102,219,38,61,117,252,82,34,104,207,185,241
189,197,37,154,223,126,139,245,147,178,218,250,68,269,186,30,97,43,225,207,266
207,76,23,162,80,6,57,208,120,113,45,252,61,43,153,48,77,16,218,64,111
120,17,92,228,237,51,164,264,201,119,261,200,159,33,163,139,166,32,29,2,199
68,179,41,186,75,46,248,191,190,187,181,58,197,30,145,15,207,120,66,182,71
51,26,194,237,269,257,239,168,49,66,24,56,254,45,227,3,277,121,109,223,108
161,275,183,135,87,126,266,74,97,107,88,23,246,89,119,51,194,116,62,185,73
233,189,18,138,97,275,91,223,162,106,155,237,7,67,270,168,84,159,246,209,57
8,212,125,204,120,216,278,205,18,217,214,143,128,191,101,117,93,46,215,223,131
268,98,107,223,52,93,190,229,234,85,176,199,184,248,275,139,252,151,228,254,186
82,118,259,235,53,215,12,272,32,265,183,277,45,203,139,153,57,43,23,258,6
228,265,74,190,16,57,233,162,15,183,263,128,156,271,238,118,121,181,224,252,221
33,132,29,231,110,32,121,247,235,48,265,82,108,189,97,149,116,233,267,46,37
186,23,160,80,249,255,236,45,179,50,33,155,226,97,265,107,267,134,152,28,194
78,205,43,259,241,85,33,148,139,203,111,18,275,260,168,86,223,212,20,277,126
83,270,123,121,201,154,241,92,207,155,163,160,64,219,54,198,194,148,146,86,65
204,190,214,112,58,2,86,120,70,122,104,85,125,45,275,235,36,71,224,10,117
138,149,16,159,273,119,197,56,178,86,144,275,267,42,52,68,136,194,20,117,40
14,168,118,277,15,110,250,255,80,77,148,224,244,61,182,40,187,272,57,149,96
102,64,85,161,3,51,16,95,114,227,246,73,57,254,247,111,198,190,116,228,96
171,20,223,26,144,195,123,160,120,116,163,275,252,148,138,48,112,202,36,161,129
194,53,45,180,179,52,18,51,259,238,204,23,224,63,101,201,6,114,13,269,144
20,127,190,1,186,209,173,144,34,159,196,35,39,54,29,118,92,69,110,203,51
5,226,168,182,197,223,113,75,71,55,19,66,225,83,124,85,68,227,73,86,45
26,123,56,216,12,183,217,36,135,182,78,71,211,77,181,63,116,273,112,259,3
225,172,231,118,37,5,154,210,202,125,90,97,159,241,131,145,31,75,217,268,126
90,151,212,172,139,117,112,206,216,186,214,55,205,183,52,74,171,224,127,189,71
226,38,277,201,84,130,218,123,122,206,197,180,33,247,34,146,110,168,252,57,5
124,154,45,103,143,214,172,216,263,165,19,13,25,24,31,126,238,111,199,116,0
16,245,110,198,147,134,76,228,146,223,175,212,95,53,106,206,277,182,51,131,152
189,267,276,28,73,238,92,78,209,166,134,8,180,71,102,277,48,248,194,69,173
274,202,176,147,245,97,145,88,15,226,45,148,28,43,84,198,219,200,205,234,31
207,253,218,11,43,67,172,255,159,54,136,187,152,214,63,32,75,266,186,276,120
177,39,127,218,16,194,122,24,32,161,204,125,28,143,85,81,76,14,131,153,257
247,238,2,216,267,178,202,196,233,84,43,211,83,245,163,214,51,120,72,34,128
77,88,235,29,245,92,254,219,250,119,115,35,23,25,19,32,204,143,2,93,263
215,190,239,167,217,69,62,68,259,17,37,241,163,244,6,26,195,43,32,171,251
224,133,57,163,159,25,197,27,8,75,156,94,209,211,53,20,106,70,217,135,229
210,218,186,277,180,68,95,45,126,226,29,160,22,187,195,148,141,107,66,176,3
199,266,184,15,118,124,4,140,159,231,112,65,34,248,2,133,229,202,24,145,33
277,236,63,107,254,16,139,104,183,97,180,32,73,46,29,55,71,200,14,178,115
124,245,93,45,252,133,181,72,271,235,135,9,183,254,174,26,198,123,6,248,13
97,25,225,198,68,117,217,275,239,8,96,141,112,91,26,53,212,235,151,131,203
191,103,186,169,211,173,29,132,120,58,44,275,223,262,236,189,269,15,109,197,32
177,143,201,117,18,234,246,80,34,126,89,99,252,202,170,98,48,69,106,32,275
179,272,132,44,123,82,165,144,130,187,56,17,186,269,13,36,70,270,265,212,154
33,275,239,134,267,35,98,81,44,19,151,201,17,69,58,67,26,253,64,117,160
43,223,183,252,175,125,94,275,148,278,236,257,118,80,107,82,235,202,16,36,149
58,123,222,11,254,131,133,169,107,112,138,80,62,211,237,239,93,114,186,30,241
250,247,178,212,109,75,183,202,71,220,216,63,93,107,131,255,13,87,137,76,103
232,69,114,31,190,73,35,23,53,75,149,263,12,177,96,18,214,39,154,137,272
186,187,259,164,110,248,18,272,173,152,149,41,81,25,212,109,119,22,3,31,125
252,128,238,208,204,40,178,205,59,107,240,24,84,168,257,261,135,182,16,29,272
7,87,198,194,139,265,108,150,180,189,149,118,201,257,134,102,35,37,212,86,218
143,181,16,175,247,122,174,162,154,114,201,265,139,187,125,151,254,148,51,18,96
240,20,53,201,223,227,45,277,254,276,16,51,92,119,56,151,116,40,196,207,218
93,71,257,134,234,20,236,187,133,107,123,148,196,156,73,65,31,28,265,247,18
194,255,216,186,137,90,80,69,116,259,96,149,273,11,128,119,265,121,15,170,238
37,36,267,74,251,224,272,67,97,39,212,45,237,236,135,165,194,111,166,73,35
58,225,169,164,180,136,120,139,195,173,66,252,181,97,154,126,227,260,267,45,257
165,86,106,205,213,64,19,24,71,73,97,211,126,278,245,181,16,55,229,103,3
88,154,3,139,227,24,25,97,2,244,177,64,77,106,189,205,43,95,55,19,183
11,29,38,257,223,271,70,186,228,269,114,64,75,3,277,146,73,26,151,45,190
223,39,213,102,211,147,77,32,207,117,250,86,53,111,30,67,139,237,214,146,257
57,30,107,14,11,66,121,137,259,175,43,23,106,69,196,147,15,74,246,160,70
116,109,35,180,259,231,255,130,254,22,118,224,45,257,44,31,271,123,127,267,275
182,82,91,61,163,120,128,48,95,28,69,145,50,24,108,218,75,267,147,223,214
97,71,172,101,118,58,248,269,147,215,20,82,6,222,87,43,17,81,108,233,246
269,202,267,26,229,161,147,217,275,80,96,183,29,10,240,101,119,33,45,46,154
220,134,112,260,208,154,72,248,149,73,38,240,170,70,20,186,29,23,106,37,110
12,142,20,205,103,114,122,134,25,238,144,17,32,137,77,88,276,198,145,243,252
45,34,239,136,58,83,146,154,277,24,93,138,30,147,117,77,186,125,12,43,265
47,189,112,226,145,198,61,151,265,102,126,108,200,122,246,181,261,252,195,9,91
224,182,170,80,228,17,15,132,135,98,81,57,23,71,26,202,143,111,219,187,22
160,15,239,259,182,178,70,208,248,95,275,84,219,108,211,20,151,190,31,140,271
122,91,99,165,9,277,262,209,197,241,198,118,265,45,132,235,182,234,74,151,252
147,224,169,197,261,211,248,63,182,100,205,199,202,151,265,134,116,106,112,208,95
188,124,267,111,196,207,34,228,157,8,190,212,214,215,183,201,54,149,120,45,83
250,134,64,120,276,119,236,164,173,252,16,17,34,51,223,162,155,260,10,151,190
8,73,148,210,131,81,97,140,209,103,54,112,189,216,156,217,187,170,168,33,145
103,66,11,36,26,187,271,29,65,163,56,63,269,135,207,125,91,169,107,3,38
185,215,95,170,82,130,199,207,63,5,278,33,111,163,250,189,183,113,175,93,134
72,113,56,119,208,157,226,170,193,176,247,25,245,251,66,135,143,28,207,123,125
163,186,147,20,175,73,187,168,8,223,51,257,170,250,265,120,33,235,176,247,216
35,249,127,20,166,189,169,146,179,252,37,108,253,126,50,222,82,98,210,51,273
267,164,177,134,197,17,214,126,207,195,24,35,98,59,272,42,4,130,221,196,255
132,233,95,86,119,156,212,201,274,251,161,24,226,237,240,260,114,171,252,245,123
51,202,88,26,116,168,107,73,241,71,30,208,118,139,106,120,100,169,128,126,161
273,211,24,77,192,57,246,218,257,238,20,101,217,221,243,64,119,76,140,170,277
90,32,222,103,238,170,23,115,149,69,203,67,272,84,122,130,124,135,250,197,187
146,82,66,130,198,183,98,53,224,119,222,243,149,51,200,277,194,43,172,69,8
246,3,66,10,139,201,111,260,85,252,107,5,18,133,199,20,31,218,98,214,225
120,18,160,82,88,8,112,274,195,257,70,140,107,220,221,117,249,87,211,156,20
145,111,126,198,187,90,20,277,122,182,95,112,139,23,45,140,70,266,11,169,209
125,227,180,22,194,140,83,204,247,87,36,116,49,26,233,222,139,268,278,154,74
102,50,54,86,246,96,123,126,110,149,77,15,99,238,205,124,218,197,13,118,98
33,222,84,49,234,117,114,257,32,30,39,271,136,40,262,82,212,263,238,113,24
139,74,57,159,20,277,106,245,113,212,157,51,170,171,93,151,270,12,78,68,203
141,69,20,194,70,128,71,116,18,277,233,147,32,183,63,125,160,75,50,5,88
24,272,164,217,208,135,149,26,224,248,38,147,34,186,255,66,51,120,166,198,271
86,212,24,157,255,54,114,103,75,29,105,178,183,250,235,31,214,73,139,51,48
163,125,155,190,165,68,252,54,233,188,212,73,48,66,147,39,263,218,184,135,14
246,26,107,20,100,117,69,90,202,29,185,214,213,273,70,23,254,93,275,132,11
208,132,28,269,69,137,155,154,209,86,245,183,243,106,185,53,201,182,43,184,3
122,85,190,124,72,222,50,224,139,123,186,197,156,207,61,148,219,2,212,154,196
67,116,33,256,45,68,247,27,273,194,65,161,219,229,269,97,72,156,179,211,265
70,103,111,155,116,211,26,11,14,226,215,202,168,89,224,212,186,240,57,266,6
266,177,165,170,264,28,8,26,204,151,248,51,14,267,50,210,64,65,126,237,246
135,245,20,65,249,187,112,114,109,277,88,126,14,146,108,119,144,138,83,13,9
135,262,270,237,37,100,16,211,19,112,147,84,88,183,161,6,212,132,198,191,121
200,209,113,48,84,145,176,234,69,272,217,181,248,278,9,146,26,119,75,115,66
