178,262,203,53,194,111,108,163
239,219,121,5,178,102,3,261
177,75,126,183,246,154,26,6
44,190,240,252,170,223,6,265
18,171,113,152,148,19,190,134
194,215,264,78,142,244,202,269
162,231,202,155,31,36,273,212
218,177,187,200,257,43,56,255
163,108,29,252,15,275,103,254
135,18,137,164,73,108,90,122
125,259,254,40,74,91,159,264
131,125,63,151,268,67,205,165
72,275,169,170,168,63,64,6
57,181,13,38,236,243,155,165
235,189,199,31,183,85,129,144
66,6,226,117,79,60,26,19
204,84,85,272,78,22,182,199
202,54,160,117,275,2,118,191
182,190,231,16,69,269,177,131
59,168,136,226,217,21,63,227
37,145,56,80,218,120,1,63
22,69,272,78,155,123,109,120
58,93,125,95,121,206,149,278
252,256,58,51,156,245,32,69
259,86,269,18,183,83,33,123
237,13,19,112,199,63,56,263
202,175,264,122,238,231,18,176
156,38,180,214,203,171,274,253
53,85,168,277,151,180,123,261
219,93,88,92,28,263,108,116
159,265,181,16,8,89,45,111
95,37,34,119,45,178,238,25
129,98,190,277,80,69,255,265
274,146,82,125,78,43,45,269
74,275,223,110,201,259,116,106
199,254,225,147,104,204,165,45
248,244,62,123,108,227,117,67
20,63,66,181,111,223,228,81
112,132,204,218,167,232,168,239
190,111,48,66,260,196,227,117
82,249,226,107,45,202,132,160
168,184,155,132,146,139,247,202
97,87,11,146,51,104,3,107
207,26,71,29,180,198,190,201
194,157,73,222,105,31,45,143
206,32,219,2,24,188,227,73
258,104,207,119,23,277,53,125
178,27,179,159,160,68,19,235
34,254,122,72,102,36,9,107
116,73,187,90,269,129,157,258
190,171,206,82,173,149,103,114
250,200,264,270,188,123,195,240
201,66,227,205,218,2,267,186
272,170,27,29,50,24,85,245
263,188,85,262,68,265,189,149
146,251,190,154,101,181,25,234
25,162,176,223,274,252,102,170
265,99,269,152,171,254,49,83
179,147,171,95,22,102,276,272
216,37,156,24,165,26,139,46
163,45,82,77,255,254,69,20
251,60,277,263,147,243,28,18
136,216,90,217,160,117,214,40
157,168,188,207,93,83,80,97
257,20,95,204,244,130,90,45
278,245,33,182,134,209,181,215
132,23,212,269,154,188,241,134
53,122,177,51,235,206,44,274
121,237,249,74,16,233,69,145
159,98,246,85,6,80,155,199
119,88,15,197,182,85,266,24
23,150,278,155,75,234,69,205
205,134,263,97,223,183,43,1
109,102,88,202,96,251,3,25
45,261,1,254,128,123,199,146
43,237,257,148,172,136,105,233
187,202,219,265,84,157,127,3
162,168,73,85,179,166,216,118
266,151,20,260,246,37,187,263
266,165,214,51,235,32,92,272
86,141,226,85,173,175,128,95
29,125,262,126,276,121,163,69
246,269,3,238,108,34,29,221
139,204,235,95,254,226,163,70
151,249,134,199,29,241,76,64
103,3,82,177,182,15,29,278
241,149,50,172,103,152,77,263
201,96,107,23,128,88,223,59
24,241,267,2,25,168,255,153
241,81,110,212,64,259,89,106
117,80,96,142,35,97,125,130
269,88,25,248,265,57,212,266
236,62,186,39,146,216,214,190
81,157,252,272,110,22,146,51
138,20,252,164,190,125,144,34
216,135,170,267,155,249,102,207
51,259,122,273,26,75,278,116
228,208,130,278,6,125,63,134
76,211,55,8,108,173,38,128
181,255,237,119,174,160,218,145
190,266,277,81,240,145,189,111
179,29,204,135,13,189,240,207
154,170,255,205,118,199,80,275
23,201,136,29,205,276,113,231
30,31,27,222,134,25,228,130
241,182,245,261,86,145,152,163
94,36,12,118,224,126,177,183
254,97,237,35,6,87,106,33
126,245,261,34,1,251,120,170
265,20,80,78,230,93,225,43
66,225,145,156,118,172,88,82
187,70,265,163,19,270,22,99
144,16,68,203,18,273,127,35
266,240,137,207,252,110,251,134
165,188,136,98,26,33,139,218
51,168,85,178,111,92,186,252
45,168,200,177,225,96,113,239
34,174,273,260,207,157,151,223
145,102,46,190,122,226,240,141
235,164,71,173,261,273,189,229
16,119,220,213,249,246,1,188
252,6,182,32,137,269,238,183
2,90,125,275,166,160,84,135
36,99,163,255,65,254,19,183
275,256,85,205,210,273,234,172
66,221,0,200,37,219,159,143
108,74,246,46,25,136,255,51
202,227,83,172,198,273,259,278
192,154,249,157,229,171,118,269
19,64,247,157,87,194,110,96
139,86,33,26,30,122,84,54
201,111,202,74,194,190,216,16
25,45,227,252,189,155,57,275
188,166,231,262,86,23,219,31
19,252,18,112,131,222,207,101
274,134,194,90,135,69,186,65
187,147,222,136,260,111,224,23
124,156,189,204,96,63,74,2
198,274,209,75,64,205,243,216
185,112,261,134,248,210,197,3
259,2,182,118,178,206,205,45
195,51,203,11,114,190,207,267
209,95,226,217,107,45,20,240
29,270,235,44,202,16,89,99
205,19,75,214,244,253,186,26
88,169,70,186,224,149,98,192
160,127,24,200,161,258,69,77
202,8,177,93,215,114,201,151
252,45,72,248,259,71,39,89
259,250,260,171,76,110,103,147
125,48,10,187,111,107,165,69
55,277,224,243,153,34,68,59
207,117,33,92,129,263,156,59
257,212,81,179,192,89,218,27
70,234,117,34,203,185,106,214
149,96,40,221,102,168,197,126
0,94,149,169,157,106,145,20
18,220,66,254,202,132,75,103
68,102,129,275,149,135,110,82
113,103,74,102,69,2,225,96
86,76,31,105,33,71,123,57
2,18,231,171,36,259,58,111
35,26,170,186,206,45,196,81
58,255,131,200,145,235,247,117
162,20,121,138,53,16,260,202
216,148,160,128,205,21,64,202
77,78,189,81,273,57,92,163
43,235,224,270,202,166,165,74
23,95,164,216,262,212,172,82
33,83,231,120,189,91,181,203
189,273,145,243,33,200,267,120
275,107,237,216,189,180,211,156
134,207,172,121,94,255,69,45
179,191,270,53,147,107,211,240
70,15,224,7,208,145,6,61
18,174,132,237,195,118,123,194
252,18,235,194,61,22,24,163
51,239,65,139,92,116,110,146
155,239,38,139,218,80,181,68
206,69,140,85,120,263,23,95
252,87,207,246,140,262,275,51
263,20,277,11,144,211,151,111
267,16,18,60,168,219,216,261
151,26,77,257,157,215,227,43
45,27,224,212,63,59,68,277
102,114,24,243,50,67,189,255
211,97,81,138,40,112,67,144
206,219,161,18,238,35,3,77
145,255,24,205,3,51,259,110
200,159,26,221,203,80,267,194
146,218,145,66,177,203,249,266
27,205,82,38,169,137,190,243
59,273,198,212,101,28,106,13
213,262,76,202,80,71,65,135
235,203,126,216,210,151,271,154
170,162,189,220,89,54,69,8
215,113,134,179,223,219,56,272
57,277,90,240,129,220,45,97
210,96,63,275,254,97,207,103
110,71,128,89,9,58,53,212
15,168,84,80,153,96,227,56
123,26,234,239,117,238,31,147
225,86,45,33,97,20,131,260
269,39,276,263,169,120,28,145
136,53,168,207,205,209,219,194
239,161,66,69,277,118,174,237
118,53,277,190,181,131,66,202
63,188,217,225,111,125,205,271
157,263,221,104,15,77,252,64
257,252,88,180,255,108,209,186
90,273,189,117,45,29,181,2
266,4,240,274,27,249,177,28
65,212,177,134,162,259,120,251
114,19,20,96,275,207,111,14
121,236,239,218,212,114,43,169
160,139,9,185,92,146,194,63
96,80,216,28,76,68,250,243
231,102,20,267,47,186,16,121
111,48,278,84,103,88,274,34
262,263,62,17,88,155,160,249
165,50,211,92,25,18,22,112
268,221,262,220,136,224,26,259
119,139,3,118,90,172,197,176
262,19,254,244,18,85,45,173
151,131,85,157,132,203,265,172
147,93,92,146,60,219,20,63
213,265,224,260,34,77,144,178
132,81,16,207,139,34,254,222
66,239,187,92,125,254,29,202
201,82,170,175,264,178,140,161
64,134,149,43,265,96,20,74
88,19,195,16,177,111,146,105
3,112,190,161,197,259,225,102
201,63,159,273,185,134,219,45
198,185,87,170,11,82,20,17
221,4,231,69,8,123,271,114
187,84,273,272,80,36,170,260
38,0,226,262,130,163,3,155
226,210,134,163,192,74,31,162
80,158,29,120,156,82,159,119
269,124,52,122,10,189,215,117
199,267,102,211,77,184,125,198
255,234,194,20,142,211,214,110
145,255,266,90,121,53,189,84
126,84,108,207,177,3,46,66
196,87,37,183,26,28,260,0
94,45,75,189,107,177,151,190
34,210,276,87,112,175,226,94
64,275,88,55,69,180,18,259
145,96,121,166,163,135,225,252
256,248,78,182,171,139,189,176
145,17,255,63,160,117,161,120
111,181,61,157,10,6,156,237
241,102,36,136,19,104,130,18
122,259,145,261,34,168,245,169
248,245,179,252,106,41,107,133
145,205,91,177,228,273,76,9
160,122,218,169,162,186,23,60
219,85,183,117,96,277,65,71
182,133,194,74,63,277,250,91
218,114,179,17,84,262,147,225
118,183,260,9,10,135,185,188
140,259,51,98,219,271,194,64
275,161,40,254,66,259,85,273
38,114,128,251,269,39,102,275
45,239,93,125,74,83,145,17
245,7,191,259,211,113,147,214
202,255,120,121,110,265,83,34
71,190,53,25,202,106,59,223
233,171,97,20,2,125,112,223
118,53,177,216,131,137,149,277
76,123,240,149,191,69,269,179
146,272,169,97,170,26,34,86
65,194,64,207,187,161,75,10
213,46,85,161,272,238,51,84
120,177,223,109,97,183,53,159
86,154,122,66,8,138,245,196
68,190,80,186,273,161,196,94
152,199,151,71,121,268,156,237
194,65,268,66,237,277,259,113
51,116,102,177,121,61,275,189
192,106,176,244,86,179,124,93
34,189,107,45,219,155,136,194
154,257,84,200,76,141,236,186
222,1,87,202,102,277,96,139
131,262,80,277,87,73,121,260
26,125,18,95,134,149,231,161
197,124,148,191,133,108,112,16
16,207,23,176,224,269,262,19
251,52,63,172,80,265,191,202
154,85,158,241,250,205,177,165
209,256,247,178,37,85,63,194
170,95,54,5,151,72,85,252
211,127,121,227,261,147,120,274
92,40,182,238,85,75,19,31
194,98,135,257,6,82,68,227
34,231,274,199,160,63,117,182
58,204,255,65,246,80,277,129
265,100,188,257,190,16,185,170
229,6,226,91,195,56,62,255
105,35,229,58,20,163,261,203
48,11,131,86,264,51,120,107
108,155,67,75,45,98,200,267
214,121,24,102,212,272,252,27
95,263,239,88,147,123,142,241
39,121,120,218,91,53,35,88
217,161,43,249,275,120,14,205
2,58,126,64,63,152,23,96
120,223,153,204,116,58,68,15
258,147,32,200,48,97,67,199
96,143,1,20,228,114,111,90
82,57,222,241,143,216,66,97
92,16,20,88,274,85,31,99
270,89,172,157,27,66,277,3
221,68,72,40,188,156,204,237
182,154,157,189,255,219,88,267
201,110,264,262,147,172,261,135
107,262,218,215,145,184,143,95
5,143,95,180,87,252,135,70
192,162,157,211,227,133,265,202
81,110,266,147,38,73,272,89
69,110,186,26,45,215,78,131
16,224,51,20,205,217,8,201
221,44,219,274,117,207,216,212
265,172,31,273,250,138,169,207
93,39,98,170,74,238,260,81
241,20,128,255,267,80,11,222
70,107,106,31,252,217,155,114
229,108,151,275,207,95,36,201
266,26,129,115,3,46,25,235
180,90,194,146,78,275,40,247
39,107,3,259,159,83,129,224
190,51,216,134,275,129,272,179
28,147,165,19,29,248,104,23
175,212,224,228,202,6,99,86
2,63,163,272,207,172,271,162
51,140,72,161,238,273,160,267
135,200,30,182,219,168,129,33
262,75,165,257,117,95,136,148
155,189,252,71,34,25,223,175
271,127,216,247,146,249,26,217
252,189,11,209,19,259,166,162
155,73,255,88,177,119,38,48
162,123,198,265,159,269,190,32
29,252,3,138,241,275,122,70
268,138,182,10,187,23,250,20
235,147,77,95,182,248,23,24
34,265,179,223,254,131,249,194
91,254,34,36,214,107,226,87
254,275,56,72,250,200,11,209
112,182,78,272,58,108,132,170
183,19,119,247,94,204,219,89
265,261,123,239,160,32,161,244
51,244,274,182,123,8,126,207
163,135,34,12,38,93,221,242
80,24,104,56,165,120,160,258
58,169,223,180,247,43,52,217
65,32,26,82,138,186,134,31
237,121,183,18,135,232,129,116
249,117,45,205,65,191,58,251
172,10,29,209,88,110,90,17
84,57,189,54,17,129,72,45
113,169,246,80,239,187,148,0
99,43,179,24,53,146,259,266
37,272,125,241,108,223,169,109
131,153,205,122,111,191,201,212
121,44,270,88,149,241,201,122
277,216,272,32,96,92,168,35
6,275,35,54,142,107,200,173
207,277,219,151,155,213,149,275
169,189,179,170,23,107,78,270
53,24,26,106,257,119,187,64
173,123,252,184,243,153,24,125
210,53,119,145,157,166,132,58
202,29,24,71,252,78,251,89
107,68,272,174,181,212,205,221
59,35,26,266,104,24,252,168
117,80,149,98,19,227,69,81
38,171,244,66,102,262,240,56
212,92,82,218,228,5,240,139
138,70,225,64,147,252,107,24
196,153,178,250,244,32,225,224
277,202,250,23,27,159,68,134
244,154,269,175,202,160,177,9
52,96,247,3,70,188,73,82
189,159,255,17,16,2,134,156
133,59,214,135,257,255,75,80
157,205,259,199,189,204,90,222
96,100,261,277,227,124,186,134
33,212,151,193,203,172,58,250
125,137,120,260,116,183,118,34
190,84,276,134,26,174,212,166
35,41,25,131,63,250,82,75
107,188,225,120,131,190,92,199
139,222,155,207,131,68,16,141
145,4,112,154,188,259,277,171
217,209,34,23,77,183,189,228
146,88,6,132,165,163,96,224
152,135,69,271,261,151,170,223
157,87,267,168,139,245,249,233
56,65,113,239,197,119,94,34
152,148,16,10,187,45,223,262
35,109,169,95,142,205,91,270
86,267,237,51,25,145,77,213
192,202,77,248,220,15,86,240
242,20,13,218,75,77,24,69
157,125,277,143,26,172,259,252
262,111,3,103,120,277,190,20
205,194,123,188,230,240,202,88
6,246,123,110,61,88,214,27
111,118,86,51,190,32,168,80
82,252,181,105,65,168,248,112
31,249,51,114,226,116,277,112
71,37,225,205,191,255,95,50
24,43,108,77,145,237,140,201
210,15,250,18,277,10,126,150
272,194,37,185,172,164,46,24
94,186,11,238,198,102,37,31
3,210,202,118,232,240,198,189
125,5,94,109,199,149,262,225
163,9,187,121,114,255,250,20
195,34,139,69,216,87,25,228
212,163,240,27,74,146,65,196
3,55,157,45,165,57,156,73
237,154,76,199,235,172,91,265
145,114,139,95,168,38,158,223
96,88,271,160,39,166,156,65
69,186,245,44,34,74,125,222
14,108,269,131,182,227,194,45
252,238,83,104,71,92,229,51
103,77,69,155,37,119,147,8
275,166,254,68,192,13,149,131
18,77,215,26,236,214,115,57
134,180,273,246,72,275,269,8
262,160,242,203,35,46,70,182
62,58,61,51,199,205,208,120
194,159,272,213,189,6,275,66
217,216,265,263,234,27,239,63
116,30,204,211,31,242,270,147
161,252,67,151,57,59,134,233
174,26,233,263,193,132,159,151
163,69,14,123,214,180,20,134
207,144,265,107,34,204,269,164
197,74,163,201,40,145,91,29
142,267,181,186,207,18,143,80
91,212,196,214,217,78,225,211
157,224,277,147,87,52,186,90
26,4,25,79,189,188,214,229
26,249,73,51,96,23,13,109
252,75,94,227,159,218,106,3
10,71,146,202,11,180,200,26
222,110,267,33,152,73,254,39
238,33,106,254,17,244,162,65
98,58,23,64,278,54,262,63
31,66,90,216,37,38,77,255
236,85,20,116,38,224,276,130
66,250,274,246,29,41,222,223
268,56,211,16,99,83,170,2
253,146,194,3,224,239,145,258
127,145,255,272,106,81,39,269
108,90,44,37,35,20,141,107
152,248,84,189,1,252,146,48
1,6,30,270,175,273,23,131
162,273,33,151,131,182,77,37
84,47,76,261,56,26,91,177
190,85,269,89,221,143,180,114
137,31,239,139,138,245,50,164
239,198,245,2,88,90,54,67
70,86,194,23,255,227,118,85
58,57,276,146,259,262,272,121
85,226,152,140,231,229,159,263
225,34,6,117,45,99,226,169
229,45,200,154,14,121,201,197
252,78,45,228,172,53,168,264
123,67,45,26,212,198,144,116
153,263,48,107,177,226,274,237
224,234,61,81,200,177,80,275
120,114,69,3,215,149,168,85
117,138,110,226,57,107,178,214
111,202,77,172,225,16,147,45
203,102,169,117,43,257,17,198
107,146,3,144,114,233,194,31
58,276,184,78,211,217,235,134
31,186,82,97,58,96,192,179
63,23,108,96,75,259,29,186
248,29,84,159,204,196,237,185
24,8,144,70,185,76,28,182
88,78,261,276,129,71,18,120
202,170,242,156,73,231,45,199
132,211,65,67,163,259,54,122
31,219,37,266,104,69,248,135
162,209,269,16,172,264,111,18
120,108,23,31,195,92,26,148
189,277,263,43,77,195,81,200
187,60,248,219,278,113,11,208
235,269,163,23,255,174,51,97
126,220,170,270,241,85,34,179
231,103,222,26,118,37,192,45
48,21,243,143,246,250,80,255
135,265,58,226,212,95,264,229
140,16,6,228,187,216,252,159
113,106,181,86,143,149,37,71
265,82,217,110,15,193,212,241
248,215,78,134,246,223,136,114
223,73,18,186,46,197,29,43
165,187,64,267,275,207,141,23
173,126,83,248,199,159,217,207
8,69,238,267,225,109,194,181
225,135,245,207,32,175,67,102
97,247,39,242,13,145,252,168
107,116,205,272,223,75,195,216
269,219,241,170,175,151,95,182
154,238,130,11,159,157,16,182
224,209,264,266,43,260,150,96
202,51,119,272,209,57,123,154
38,120,74,194,43,265,136,45
136,68,41,155,25,133,46,275
227,106,132,82,73,126,63,149
248,15,74,246,169,112,144,29
26,90,203,201,139,29,232,107
34,248,47,183,275,49,98,87
277,88,267,214,155,110,128,19
37,241,163,18,244,66,123,207
207,170,26,139,95,276,29,86
180,252,224,16,235,65,103,246
45,134,68,13,144,171,205,111
58,134,131,25,246,218,216,183
278,136,57,48,50,226,155,56
126,51,164,146,69,77,212,61
26,146,145,186,131,84,212,119
69,272,237,165,268,106,103,265
182,259,145,216,231,31,93,66
96,131,267,160,200,39,197,87
92,180,131,139,100,84,113,262
66,32,85,247,166,134,60,137
37,149,74,90,22,87,209,255
264,219,168,221,89,133,125,149
119,149,257,277,250,110,98,125
76,3,111,128,237,80,211,262
244,189,13,41,207,131,277,255
20,241,168,260,41,248,267,238
117,109,194,91,237,24,45,252
162,255,259,177,19,20,35,51
19,108,116,96,137,214,200,104
210,33,170,46,165,19,79,259
129,134,188,262,121,208,114,149
221,202,16,262,189,183,176,112
219,74,269,82,86,252,218,140
269,69,18,138,77,254,6,201
133,29,117,140,183,52,205,74
137,120,210,27,31,218,51,138
81,77,159,235,170,276,2,277
231,194,90,61,77,74,45,226
248,196,11,60,125,29,132,225
225,6,112,96,119,122,224,276
264,104,139,265,102,8,205,199
120,156,20,16,43,216,104,186
244,122,138,263,92,2,181,73
143,37,214,168,20,205,193,202
51,251,239,132,23,32,250,211
27,157,169,271,170,236,10,196
267,266,68,207,29,249,45,155
10,187,117,45,225,15,194,71
175,208,118,272,220,112,213,137
45,149,185,211,237,205,85,34
41,29,20,207,75,195,155,223
122,85,123,245,216,185,148,219
111,107,28,88,252,212,102,118
186,53,210,132,83,168,107,71
2,197,32,258,207,252,263,104
175,169,120,183,29,54,80,33
247,163,57,6,108,277,87,51
65,149,269,237,262,267,241,39
97,212,112,272,114,186,225,199
175,34,125,196,39,26,159,199
45,263,171,213,224,204,164,270
57,21,213,189,16,53,196,14
121,34,132,40,147,20,108,216
64,225,122,219,112,93,129,63
261,277,216,182,80,225,255,32
138,16,254,10,229,109,110,223
87,248,169,201,78,69,264,6
125,252,6,113,177,124,209,69
269,16,188,134,125,205,254,50
271,138,36,226,231,51,166,275
118,257,259,265,201,85,50,233
203,265,190,231,69,160,195,177
44,257,114,212,78,209,238,202
116,68,250,166,66,67,147,163
275,230,15,5,217,95,236,51
177,236,49,107,3,14,252,97
222,244,228,145,212,232,201,118
209,90,182,3,112,81,65,234
130,182,16,61,186,243,8,217
116,98,17,248,120,276,267,23
255,197,223,199,168,40,16,251
102,181,205,214,45,217,140,204
231,71,70,202,183,225,170,48
250,31,189,223,272,64,194,181
47,84,252,207,70,45,15,211
35,120,80,264,241,146,165,251
276,109,131,116,7,277,34,2
256,190,34,247,64,91,111,276
26,119,187,154,219,263,42,20
71,85,260,119,92,12,156,82
271,173,225,73,278,38,237,180
38,37,9,155,185,113,18,188
108,160,32,130,57,201,234,96
41,265,139,168,25,155,78,73
147,169,111,213,267,265,102,263
259,18,36,235,71,49,65,93
2,207,19,123,119,253,206,104
71,44,160,90,268,128,76,199
91,238,103,149,216,117,201,89
30,228,89,257,163,66,182,186
222,159,186,75,15,31,198,252
196,145,229,263,245,186,112,72
121,149,37,93,58,214,95,3
165,207,89,187,12,272,87,210
96,3,146,37,35,219,25,51
221,148,223,97,139,259,118,206
209,69,18,277,268,54,53,110
252,212,221,164,57,45,3,274
107,219,215,242,218,149,55,259
228,74,63,18,170,121,164,113
9,75,189,53,216,259,121,177
198,32,134,145,106,27,46,187
130,204,96,68,275,90,73,237
66,114,209,100,186,247,163,205
26,127,255,267,143,125,130,75
212,189,89,110,241,223,16,51
211,240,174,44,70,219,186,145
235,68,160,259,19,239,180,84
1,187,77,45,65,16,239,6
116,74,96,165,245,109,108,194
158,36,151,164,145,6,155,10
145,218,240,130,189,63,228,272
69,23,45,20,154,131,85,267
12,200,187,92,169,249,241,89
165,194,58,38,142,212,147,25
78,23,262,106,41,223,147,196
33,46,117,74,52,97,186,227
148,225,178,16,248,27,122,97
257,252,43,73,23,108,262,251
211,186,266,100,232,19,98,216
65,223,119,90,234,190,34,202
147,26,182,235,247,128,170,145
25,63,44,272,165,209,202,178
45,16,183,22,219,129,27,204
139,114,205,55,11,23,19,102
175,179,202,238,277,65,223,59
71,219,170,157,131,140,106,171
216,242,78,6,275,140,236,213
199,257,74,205,58,141,188,48
196,145,274,216,63,111,253,259
69,263,253,64,245,38,83,75
44,202,5,112,128,24,139,172
75,96,223,45,66,146,244,186
74,135,20,252,131,160,203,36
162,190,15,65,98,147,170,51
226,160,24,75,45,112,168,155
166,90,190,202,85,212,2,66
93,228,58,141,182,2,221,189
14,57,3,134,120,180,278,231
273,171,166,168,39,107,108,23
267,77,220,120,116,194,199,33
88,112,74,87,45,261,4,10
135,77,175,31,119,0,94,69
19,219,267,157,142,83,97,45
125,225,128,21,146,270,215,116
147,122,51,102,80,212,263,45
225,262,68,72,38,175,218,157
30,100,216,203,157,267,250,252
120,66,84,265,74,218,219,236
34,82,168,43,84,16,238,132
216,161,46,248,278,63,146,172
107,130,26,277,51,224,32,35
272,227,171,55,211,145,197,61
215,277,212,139,194,97,88,54
224,171,2,194,68,57,206,172
202,230,177,27,14,97,205,179
48,2,169,254,272,103,268,124
204,268,170,138,89,237,240,73
57,38,136,65,6,166,70,216
106,86,67,13,239,180,52,33
201,226,189,204,225,80,11,112
119,212,33,248,147,187,152,84
178,86,218,224,207,160,194,88
129,69,117,198,160,106,45,26
207,31,209,211,183,167,182,170
11,66,189,88,54,155,131,259
215,76,225,154,106,91,205,118
31,2,125,219,123,120,202,11
210,120,19,123,45,126,130,205
24,134,3,187,190,171,38,277
87,46,129,106,112,252,187,207
39,238,225,177,216,18,268,212
69,24,78,144,102,90,252,93
45,118,226,83,73,241,186,220
163,247,86,173,199,154,128,235
130,56,53,81,207,239,39,261
277,237,226,27,216,93,25,163
163,19,129,157,189,196,134,151
198,32,238,85,168,172,217,247
147,160,51,58,39,45,20,211
108,78,86,175,48,34,111,215
256,269,111,248,255,109,45,217
278,87,25,223,22,45,82,92
53,77,2,189,120,249,243,263
265,131,19,30,119,72,147,66
92,216,104,250,162,34,205,6
155,189,58,85,131,6,40,31
82,16,238,24,61,85,130,131
106,189,63,102,266,67,208,259
269,92,149,218,170,106,68,41
222,89,156,175,82,172,155,204
250,168,88,121,241,233,80,77
74,205,58,249,106,242,178,213
145,69,48,195,198,165,247,83
130,6,23,262,119,252,132,97
248,151,277,139,211,217,124,15
78,212,149,39,193,34,65,240
48,252,210,51,27,0,122,16
17,71,224,149,169,45,92,161
2,111,272,112,277,233,197,266
80,97,116,137,190,118,23,269
86,33,262,154,51,8,151,63
85,257,274,26,128,30,125,243
19,38,261,186,204,112,51,269
94,255,69,91,233,246,119,71
151,157,102,230,245,149,165,145
190,97,26,191,215,50,17,87
134,246,73,121,36,3,45,257
106,20,153,11,68,177,137,15
184,263,260,27,273,36,186,198
80,145,180,19,18,34,38,64
219,201,25,221,268,71,205,265
267,48,69,61,195,57,80,255
43,108,55,82,77,172,71,4
122,242,3,187,255,231,169,267
80,82,234,109,134,164,186,207
37,36,113,51,233,201,123,136
200,34,77,143,190,119,97,146
74,209,206,235,190,97,231,232
58,116,82,26,47,28,69,23
223,255,108,270,178,149,267,140
20,212,240,69,254,29,220,36
26,271,117,205,44,212,218,257
120,250,83,194,145,95,4,241
109,165,210,163,75,118,186,66
254,45,111,92,76,31,146,239
183,191,102,219,143,71,189,27
207,210,178,245,236,246,166,39
209,207,118,124,110,111,137,139
180,67,128,63,177,160,74,56
26,196,236,233,214,85,37,45
63,212,121,277,85,221,8,170
259,100,3,45,251,204,105,101
148,252,58,34,149,224,276,88
76,10,66,189,254,100,226,277
175,165,58,146,75,249,108,268
240,63,159,76,170,2,249,253
252,65,249,177,69,136,129,123
190,53,80,141,31,123,248,132
195,131,232,58,216,90,223,71
141,172,227,26,43,157,29,254
106,130,202,46,259,12,275,8
267,135,258,187,63,164,106,0
233,72,98,63,103,86,226,31
108,117,27,186,23,180,51,135
194,28,86,80,172,81,154,263
97,63,93,221,118,87,123,14
153,190,229,55,216,14,233,275
26,31,133,57,98,111,18,136
35,194,95,11,201,87,186,199
63,181,208,67,128,219,82,262
45,163,89,170,168,258,38,218
131,186,271,151,189,20,153,48
226,56,86,224,46,104,273,27
155,180,269,152,249,36,51,15
276,128,267,147,225,132,44,109
263,26,44,131,23,3,70,96
196,212,56,269,186,157,200,177
134,5,111,43,6,123,2,81
88,38,198,82,97,96,126,187
261,134,259,140,33,198,82,244
209,12,134,214,76,217,89,224
235,147,186,272,267,83,199,204
173,189,41,86,131,77,195,179
236,149,178,80,262,140,146,145
212,33,268,233,163,102,97,36
179,151,265,164,226,116,102,161
43,196,20,75,246,149,186,111
151,43,25,262,39,97,267,204
64,266,26,252,185,83,43,159
19,58,123,204,88,242,235,86
157,189,111,139,179,132,267,190
160,65,119,205,85,201,18,141
23,272,177,198,121,36,211,30
202,80,50,183,272,169,275,18
143,173,32,47,90,122,139,16
159,103,201,248,90,20,243,157
201,181,125,166,216,117,74,178
26,161,98,185,67,151,43,107
275,77,40,243,133,84,97,189
25,163,128,189,249,248,240,268
247,48,26,29,87,186,51,22
139,63,97,19,277,34,112,172
133,235,39,266,156,32,227,204
257,15,138,18,106,237,31,263
34,200,16,168,179,45,173,190
6,235,119,130,39,114,36,76
156,25,267,128,63,161,45,125
268,248,114,69,45,24,99,4
218,76,2,277,68,177,189,38
186,146,160,6,58,262,209,34
202,102,48,273,139,110,18,64
179,89,156,260,269,50,23,121
189,196,108,122,114,107,265,252
278,11,59,120,207,211,269,78
92,135,154,181,65,51,53,12
113,259,97,139,236,168,221,244
177,116,156,81,30,86,224,64
172,139,199,265,51,102,118,111
72,101,202,273,41,258,233,93
63,20,211,198,111,136,37,125
8,252,166,26,34,164,106,83
57,276,68,74,143,146,37,278
44,249,174,61,74,181,16,272
65,154,265,71,256,165,275,144
89,248,67,29,168,112,197,275
233,74,231,160,221,203,251,45
38,272,267,204,218,185,165,252
263,67,95,30,237,60,173,85
113,147,257,228,249,17,83,218
87,39,103,4,16,219,120,272
177,50,111,156,169,221,88,24
87,18,269,113,179,73,218,40
197,207,121,193,5,263,141,11
172,65,277,276,209,253,160,113
263,131,177,235,72,203,223,45
4,187,106,128,30,47,61,3
277,197,24,121,45,69,154,139
18,259,27,110,168,137,85,182
117,244,111,97,64,235,137,229
190,194,19,128,223,57,26,56
25,23,67,273,187,2,235,147
112,205,250,10,251,253,223,277
183,134,96,139,190,268,168,80
263,55,196,87,119,213,214,26
161,35,198,63,84,58,145,224
82,68,72,34,161,219,159,157
97,141,275,162,244,102,111,125
125,252,46,78,6,205,212,275
144,238,72,197,261,195,263,54
26,219,79,257,78,237,43,244
66,159,16,186,173,177,77,40
94,240,82,132,62,207,155,56
187,74,146,137,196,171,96,22
212,18,117,98,82,154,207,250
168,134,51,120,274,66,204,215
194,277,245,258,96,162,189,36
235,149,66,189,238,85,202,240
109,183,147,179,88,111,30,210
248,107,263,31,271,222,223,229
130,111,165,77,205,59,277,181
218,45,172,229,63,130,18,153
149,195,29,89,198,81,244,215
140,74,88,51,235,256,83,214
164,53,125,39,95,37,182,189
39,80,198,63,45,73,81,84
8,73,149,271,111,261,250,239
207,258,269,160,189,58,252,131
267,110,227,196,222,118,140,139
20,249,172,187,163,86,254,119
174,102,73,30,213,241,107,125
265,73,85,3,96,72,202,223
130,219,131,246,152,240,199,149
170,134,227,155,262,2,33,165
32,202,48,264,109,206,187,19
129,256,190,235,23,205,241,147
183,33,107,81,35,212,84,70
97,9,112,139,24,109,237,16
121,149,37,94,65,186,146,18
225,29,86,250,50,18,187,106
87,117,120,32,11,171,275,240
257,64,80,168,84,89,160,2
63,238,92,116,186,110,80,117
146,246,78,20,34,18,105,74
39,272,19,259,33,77,87,15
163,19,113,58,277,147,54,243
63,207,273,139,182,247,269,19
85,207,199,18,214,86,255,275
75,71,252,143,21,62,90,238
261,190,205,52,90,6,172,275
81,165,46,244,278,72,20,269
4,107,275,39,233,257,237,226
21,97,207,100,216,20,12,221
17,247,63,231,46,45,96,201
145,84,29,255,253,21,108,116
113,73,45,181,157,82,119,102
12,119,143,65,199,146,180,70
278,14,70,43,170,273,74,46
141,76,205,210,244,14,102,110
20,163,254,159,218,116,111,154
98,138,130,112,3,200,24,215
252,55,56,154,110,73,118,145
201,150,252,75,263,45,129,275
130,112,135,218,259,122,20,125
119,25,149,190,14,97,165,227
192,201,104,120,3,163,116,122
122,230,244,80,161,61,130,233
3,228,66,86,104,255,34,265
245,88,76,207,255,40,63,236
268,26,149,168,14,53,147,114
239,161,74,174,83,58,109,119
194,87,3,77,26,16,111,145
51,125,45,32,112,233,146,207
241,187,197,77,23,110,147,164
54,90,117,265,187,254,31,69
206,235,15,23,259,111,139,207
258,98,154,36,10,108,232,45
269,34,45,13,117,105,214,275
103,250,190,130,137,80,252,266
277,5,189,188,102,207,62,255
225,123,204,213,254,39,267,199
151,263,237,97,57,149,50,261
222,207,170,267,65,224,272,77
252,134,82,147,64,148,151,195
160,165,76,61,82,117,3,194
61,245,118,39,34,58,117,107
265,145,253,68,272,25,90,174
248,58,106,69,4,16,80,92
194,215,252,159,229,68,128,274
188,209,104,111,163,6,277,78
125,173,205,169,248,93,268,20
163,140,116,149,259,255,23,216
35,226,269,20,106,77,66,130
114,20,187,3,133,179,86,75
53,112,8,185,142,250,175,6
88,266,204,190,75,141,116,26
31,104,9,57,253,45,137,212
170,187,91,156,84,35,160,157
195,128,20,40,71,51,83,197
250,240,247,237,33,7,244,21
186,148,12,40,26,149,175,107
189,29,80,50,177,119,156,131
38,135,246,73,93,256,134,75
10,93,237,234,247,268,177,270
29,20,212,90,88,125,165,164
277,245,122,58,189,238,43,272
73,92,170,253,106,201,89,19
255,207,70,249,151,16,257,270
164,202,6,30,145,7,227,18
82,241,107,17,276,216,134,29
229,154,66,144,119,64,134,223
201,82,185,18,88,50,81,118
165,266,121,244,189,119,179,161
84,103,11,234,149,3,160,66
180,69,248,131,16,110,46,188
151,183,249,66,125,20,85,96
43,46,120,108,205,66,105,127
117,3,269,206,125,123,48,74
187,231,252,98,156,134,25,216
186,3,207,37,75,228,14,157
180,145,45,89,107,169,33,128
169,123,180,73,156,117,228,186
183,102,67,8,45,93,33,94
226,207,247,72,112,123,119,244
248,116,45,197,51,121,202,223
132,26,45,190,30,205,199,34
273,192,85,168,262,247,87,34
194,243,271,278,169,11,156,252
123,241,225,275,95,83,138,29
222,13,159,53,227,15,82,235
53,78,271,232,49,272,141,88
71,50,24,70,209,248,191,130
177,143,102,37,53,62,16,52
165,159,109,114,219,75,102,70
80,212,3,255,102,140,259,119
71,143,127,199,74,265,109,191
137,213,23,165,14,205,242,26
143,180,30,252,272,210,76,163
211,179,52,178,58,189,216,98
160,19,198,220,180,102,114,80
57,240,149,182,97,259,128,118
1,95,252,272,34,131,215,78
111,110,120,118,259,15,23,238
255,24,197,164,263,77,201,235
144,85,76,226,60,200,239,265
270,17,149,57,185,239,89,19
45,82,179,218,147,219,155,72
190,59,96,127,89,63,38,45
214,98,35,256,247,30,277,162
16,116,74,146,133,33,69,32
102,190,142,30,3,259,56,168
32,180,29,95,205,118,168,51
89,239,6,97,103,73,201,237
171,102,247,186,99,95,17,241
91,211,239,138,207,16,19,48
